r n_asleep n_awake n_honest_asleep n_honest_dreamy n_honest_awake n_adversary n_all party0_ledger_best_length party0_ledger_best_age party0_ledger_fast_length party0_ledger_fast_age party0_ledger_slow_length party0_ledger_slow_age party0_comms_all_size party0_comms_all_count party0_comms_proposal_size party0_comms_proposal_count party0_comms_piece_block_size party0_comms_piece_block_count party0_comms_piece_vote_size party0_comms_piece_vote_count party1_ledger_best_length party1_ledger_best_age party1_ledger_fast_length party1_ledger_fast_age party1_ledger_slow_length party1_ledger_slow_age party1_comms_all_size party1_comms_all_count party1_comms_proposal_size party1_comms_proposal_count party1_comms_piece_block_size party1_comms_piece_block_count party1_comms_piece_vote_size party1_comms_piece_vote_count party2_ledger_best_length party2_ledger_best_age party2_ledger_fast_length party2_ledger_fast_age party2_ledger_slow_length party2_ledger_slow_age party2_comms_all_size party2_comms_all_count party2_comms_proposal_size party2_comms_proposal_count party2_comms_piece_block_size party2_comms_piece_block_count party2_comms_piece_vote_size party2_comms_piece_vote_count party3_ledger_best_length party3_ledger_best_age party3_ledger_fast_length party3_ledger_fast_age party3_ledger_slow_length party3_ledger_slow_age party3_comms_all_size party3_comms_all_count party3_comms_proposal_size party3_comms_proposal_count party3_comms_piece_block_size party3_comms_piece_block_count party3_comms_piece_vote_size party3_comms_piece_vote_count party4_ledger_best_length party4_ledger_best_age party4_ledger_fast_length party4_ledger_fast_age party4_ledger_slow_length party4_ledger_slow_age party4_comms_all_size party4_comms_all_count party4_comms_proposal_size party4_comms_proposal_count party4_comms_piece_block_size party4_comms_piece_block_count party4_comms_piece_vote_size party4_comms_piece_vote_count partyALWAYSAWAKE_ledger_best_length partyALWAYSAWAKE_ledger_best_age partyALWAYSAWAKE_ledger_fast_length partyALWAYSAWAKE_ledger_fast_age partyALWAYSAWAKE_ledger_slow_length partyALWAYSAWAKE_ledger_slow_age partyALWAYSAWAKE_comms_all_size partyALWAYSAWAKE_comms_all_count partyALWAYSAWAKE_comms_proposal_size partyALWAYSAWAKE_comms_proposal_count partyALWAYSAWAKE_comms_piece_block_size partyALWAYSAWAKE_comms_piece_block_count partyALWAYSAWAKE_comms_piece_vote_size partyALWAYSAWAKE_comms_piece_vote_count
4 0 1000 0 0 1000 0 1000 0 0 0 0 0 0 0 0 0 0 0 0 0 0 0 0 0 0 0 0 0 0 0 0 0 0 0 0 0 0 0 0 0 0 0 0 0 0 0 0 0 0 0 0 0 0 0 0 0 0 0 0 0 0 0 0 0 0 0 0 0 0 0 0 0 0 0 0 0 0 0 0 0 0 0 0 0 0 0 0 0 0 0 0
5 0 1000 0 0 1000 0 1000 0 0 0 0 0 0 965255 12 965255 12 0 0 0 0 0 0 0 0 0 0 965255 12 965255 12 0 0 0 0 0 0 0 0 0 0 965255 12 965255 12 0 0 0 0 0 0 0 0 0 0 965255 12 965255 12 0 0 0 0 0 0 0 0 0 0 965255 12 965255 12 0 0 0 0 0 0 0 0 0 0 965255 12 965255 12 0 0 0 0
6 0 1000 0 0 1000 0 1000 1 1 1 1 0 0 109938 110 0 0 80290 1 29648 109 1 1 1 1 0 0 109938 110 0 0 80290 1 29648 109 1 1 1 1 0 0 109938 110 0 0 80290 1 29648 109 1 1 1 1 0 0 109938 110 0 0 80290 1 29648 109 1 1 1 1 0 0 109938 110 0 0 80290 1 29648 109 1 1 1 1 0 0 109938 110 0 0 80290 1 29648 109
7 0 1000 0 0 1000 0 1000 1 1 1 1 0 0 0 0 0 0 0 0 0 0 1 1 1 1 0 0 0 0 0 0 0 0 0 0 1 1 1 1 0 0 0 0 0 0 0 0 0 0 1 1 1 1 0 0 0 0 0 0 0 0 0 0 1 1 1 1 0 0 0 0 0 0 0 0 0 0 1 1 1 1 0 0 0 0 0 0 0 0 0 0
8 0 1000 0 0 1000 0 1000 1 1 1 1 0 0 0 0 0 0 0 0 0 0 1 1 1 1 0 0 0 0 0 0 0 0 0 0 1 1 1 1 0 0 0 0 0 0 0 0 0 0 1 1 1 1 0 0 0 0 0 0 0 0 0 0 1 1 1 1 0 0 0 0 0 0 0 0 0 0 1 1 1 1 0 0 0 0 0 0 0 0 0 0
9 0 1000 0 0 1000 0 1000 1 1 1 1 0 0 839260 10 839260 10 0 0 0 0 1 1 1 1 0 0 839260 10 839260 10 0 0 0 0 1 1 1 1 0 0 839260 10 839260 10 0 0 0 0 1 1 1 1 0 0 839260 10 839260 10 0 0 0 0 1 1 1 1 0 0 839260 10 839260 10 0 0 0 0 1 1 1 1 0 0 839260 10 839260 10 0 0 0 0
10 0 1000 0 0 1000 0 1000 2 2 2 2 0 0 106402 97 0 0 80290 1 26112 96 2 2 2 2 0 0 106402 97 0 0 80290 1 26112 96 2 2 2 2 0 0 106402 97 0 0 80290 1 26112 96 2 2 2 2 0 0 106402 97 0 0 80290 1 26112 96 2 2 2 2 0 0 106402 97 0 0 80290 1 26112 96 2 2 2 2 0 0 106402 97 0 0 80290 1 26112 96
11 0 1000 0 0 1000 0 1000 2 2 2 2 0 0 0 0 0 0 0 0 0 0 2 2 2 2 0 0 0 0 0 0 0 0 0 0 2 2 2 2 0 0 0 0 0 0 0 0 0 0 2 2 2 2 0 0 0 0 0 0 0 0 0 0 2 2 2 2 0 0 0 0 0 0 0 0 0 0 2 2 2 2 0 0 0 0 0 0 0 0 0 0
12 0 1000 0 0 1000 0 1000 2 2 2 2 0 0 0 0 0 0 0 0 0 0 2 2 2 2 0 0 0 0 0 0 0 0 0 0 2 2 2 2 0 0 0 0 0 0 0 0 0 0 2 2 2 2 0 0 0 0 0 0 0 0 0 0 2 2 2 2 0 0 0 0 0 0 0 0 0 0 2 2 2 2 0 0 0 0 0 0 0 0 0 0
13 0 1000 0 0 1000 0 1000 2 2 2 2 0 0 1002119 12 1002119 12 0 0 0 0 2 2 2 2 0 0 1002119 12 1002119 12 0 0 0 0 2 2 2 2 0 0 1002119 12 1002119 12 0 0 0 0 2 2 2 2 0 0 1002119 12 1002119 12 0 0 0 0 2 2 2 2 0 0 1002119 12 1002119 12 0 0 0 0 2 2 2 2 0 0 1002119 12 1002119 12 0 0 0 0
14 0 1000 0 0 1000 0 1000 3 3 3 3 0 0 104770 91 0 0 80290 1 24480 90 3 3 3 3 0 0 104770 91 0 0 80290 1 24480 90 3 3 3 3 0 0 104770 91 0 0 80290 1 24480 90 3 3 3 3 0 0 104770 91 0 0 80290 1 24480 90 3 3 3 3 0 0 104770 91 0 0 80290 1 24480 90 3 3 3 3 0 0 104770 91 0 0 80290 1 24480 90
15 0 1000 0 0 1000 0 1000 3 3 3 3 0 0 0 0 0 0 0 0 0 0 3 3 3 3 0 0 0 0 0 0 0 0 0 0 3 3 3 3 0 0 0 0 0 0 0 0 0 0 3 3 3 3 0 0 0 0 0 0 0 0 0 0 3 3 3 3 0 0 0 0 0 0 0 0 0 0 3 3 3 3 0 0 0 0 0 0 0 0 0 0
16 0 1000 0 0 1000 0 1000 3 3 3 3 0 0 0 0 0 0 0 0 0 0 3 3 3 3 0 0 0 0 0 0 0 0 0 0 3 3 3 3 0 0 0 0 0 0 0 0 0 0 3 3 3 3 0 0 0 0 0 0 0 0 0 0 3 3 3 3 0 0 0 0 0 0 0 0 0 0 3 3 3 3 0 0 0 0 0 0 0 0 0 0
17 0 1000 0 0 1000 0 1000 3 3 3 3 0 0 1249770 15 1249770 15 0 0 0 0 3 3 3 3 0 0 1249770 15 1249770 15 0 0 0 0 3 3 3 3 0 0 1249770 15 1249770 15 0 0 0 0 3 3 3 3 0 0 1249770 15 1249770 15 0 0 0 0 3 3 3 3 0 0 1249770 15 1249770 15 0 0 0 0 3 3 3 3 0 0 1249770 15 1249770 15 0 0 0 0
18 0 1000 0 0 1000 0 1000 4 4 4 4 0 0 102594 83 0 0 80290 1 22304 82 4 4 4 4 0 0 102594 83 0 0 80290 1 22304 82 4 4 4 4 0 0 102594 83 0 0 80290 1 22304 82 4 4 4 4 0 0 102594 83 0 0 80290 1 22304 82 4 4 4 4 0 0 102594 83 0 0 80290 1 22304 82 4 4 4 4 0 0 102594 83 0 0 80290 1 22304 82
19 0 1000 0 0 1000 0 1000 4 4 4 4 0 0 0 0 0 0 0 0 0 0 4 4 4 4 0 0 0 0 0 0 0 0 0 0 4 4 4 4 0 0 0 0 0 0 0 0 0 0 4 4 4 4 0 0 0 0 0 0 0 0 0 0 4 4 4 4 0 0 0 0 0 0 0 0 0 0 4 4 4 4 0 0 0 0 0 0 0 0 0 0
20 0 1000 0 0 1000 0 1000 4 4 4 4 0 0 0 0 0 0 0 0 0 0 4 4 4 4 0 0 0 0 0 0 0 0 0 0 4 4 4 4 0 0 0 0 0 0 0 0 0 0 4 4 4 4 0 0 0 0 0 0 0 0 0 0 4 4 4 4 0 0 0 0 0 0 0 0 0 0 4 4 4 4 0 0 0 0 0 0 0 0 0 0
21 0 1000 0 0 1000 0 1000 4 4 4 4 0 0 747557 9 747557 9 0 0 0 0 4 4 4 4 0 0 747557 9 747557 9 0 0 0 0 4 4 4 4 0 0 747557 9 747557 9 0 0 0 0 4 4 4 4 0 0 747557 9 747557 9 0 0 0 0 4 4 4 4 0 0 747557 9 747557 9 0 0 0 0 4 4 4 4 0 0 747557 9 747557 9 0 0 0 0
22 0 1000 0 0 1000 0 1000 5 5 5 5 0 0 109394 108 0 0 80290 1 29104 107 5 5 5 5 0 0 109394 108 0 0 80290 1 29104 107 5 5 5 5 0 0 109394 108 0 0 80290 1 29104 107 5 5 5 5 0 0 109394 108 0 0 80290 1 29104 107 5 5 5 5 0 0 109394 108 0 0 80290 1 29104 107 5 5 5 5 0 0 109394 108 0 0 80290 1 29104 107
23 0 1000 0 0 1000 0 1000 5 5 5 5 0 0 0 0 0 0 0 0 0 0 5 5 5 5 0 0 0 0 0 0 0 0 0 0 5 5 5 5 0 0 0 0 0 0 0 0 0 0 5 5 5 5 0 0 0 0 0 0 0 0 0 0 5 5 5 5 0 0 0 0 0 0 0 0 0 0 5 5 5 5 0 0 0 0 0 0 0 0 0 0
24 0 1000 0 0 1000 0 1000 5 5 5 5 0 0 0 0 0 0 0 0 0 0 5 5 5 5 0 0 0 0 0 0 0 0 0 0 5 5 5 5 0 0 0 0 0 0 0 0 0 0 5 5 5 5 0 0 0 0 0 0 0 0 0 0 5 5 5 5 0 0 0 0 0 0 0 0 0 0 5 5 5 5 0 0 0 0 0 0 0 0 0 0
25 0 1000 0 0 1000 0 1000 5 5 5 5 0 0 1090203 13 1090203 13 0 0 0 0 5 5 5 5 0 0 1090203 13 1090203 13 0 0 0 0 5 5 5 5 0 0 1090203 13 1090203 13 0 0 0 0 5 5 5 5 0 0 1090203 13 1090203 13 0 0 0 0 5 5 5 5 0 0 1090203 13 1090203 13 0 0 0 0 5 5 5 5 0 0 1090203 13 1090203 13 0 0 0 0
26 0 1000 0 0 1000 0 1000 6 6 6 6 0 0 108306 104 0 0 80290 1 28016 103 6 6 6 6 0 0 108306 104 0 0 80290 1 28016 103 6 6 6 6 0 0 108306 104 0 0 80290 1 28016 103 6 6 6 6 0 0 108306 104 0 0 80290 1 28016 103 6 6 6 6 0 0 108306 104 0 0 80290 1 28016 103 6 6 6 6 0 0 108306 104 0 0 80290 1 28016 103
27 0 1000 0 0 1000 0 1000 6 6 6 6 0 0 0 0 0 0 0 0 0 0 6 6 6 6 0 0 0 0 0 0 0 0 0 0 6 6 6 6 0 0 0 0 0 0 0 0 0 0 6 6 6 6 0 0 0 0 0 0 0 0 0 0 6 6 6 6 0 0 0 0 0 0 0 0 0 0 6 6 6 6 0 0 0 0 0 0 0 0 0 0
28 0 1000 0 0 1000 0 1000 6 6 6 6 0 0 0 0 0 0 0 0 0 0 6 6 6 6 0 0 0 0 0 0 0 0 0 0 6 6 6 6 0 0 0 0 0 0 0 0 0 0 6 6 6 6 0 0 0 0 0 0 0 0 0 0 6 6 6 6 0 0 0 0 0 0 0 0 0 0 6 6 6 6 0 0 0 0 0 0 0 0 0 0
29 0 1000 0 0 1000 0 1000 6 6 6 6 0 0 1004807 12 1004807 12 0 0 0 0 6 6 6 6 0 0 1004807 12 1004807 12 0 0 0 0 6 6 6 6 0 0 1004807 12 1004807 12 0 0 0 0 6 6 6 6 0 0 1004807 12 1004807 12 0 0 0 0 6 6 6 6 0 0 1004807 12 1004807 12 0 0 0 0 6 6 6 6 0 0 1004807 12 1004807 12 0 0 0 0
30 0 1000 0 0 1000 0 1000 7 7 7 7 0 0 106130 96 0 0 80290 1 25840 95 7 7 7 7 0 0 106130 96 0 0 80290 1 25840 95 7 7 7 7 0 0 106130 96 0 0 80290 1 25840 95 7 7 7 7 0 0 106130 96 0 0 80290 1 25840 95 7 7 7 7 0 0 106130 96 0 0 80290 1 25840 95 7 7 7 7 0 0 106130 96 0 0 80290 1 25840 95
31 0 1000 0 0 1000 0 1000 7 7 7 7 0 0 0 0 0 0 0 0 0 0 7 7 7 7 0 0 0 0 0 0 0 0 0 0 7 7 7 7 0 0 0 0 0 0 0 0 0 0 7 7 7 7 0 0 0 0 0 0 0 0 0 0 7 7 7 7 0 0 0 0 0 0 0 0 0 0 7 7 7 7 0 0 0 0 0 0 0 0 0 0
32 0 1000 0 0 1000 0 1000 7 7 7 7 0 0 0 0 0 0 0 0 0 0 7 7 7 7 0 0 0 0 0 0 0 0 0 0 7 7 7 7 0 0 0 0 0 0 0 0 0 0 7 7 7 7 0 0 0 0 0 0 0 0 0 0 7 7 7 7 0 0 0 0 0 0 0 0 0 0 7 7 7 7 0 0 0 0 0 0 0 0 0 0
33 0 1000 0 0 1000 0 1000 7 7 7 7 0 0 1085212 13 1085212 13 0 0 0 0 7 7 7 7 0 0 1085212 13 1085212 13 0 0 0 0 7 7 7 7 0 0 1085212 13 1085212 13 0 0 0 0 7 7 7 7 0 0 1085212 13 1085212 13 0 0 0 0 7 7 7 7 0 0 1085212 13 1085212 13 0 0 0 0 7 7 7 7 0 0 1085212 13 1085212 13 0 0 0 0
34 825 175 825 0 175 0 1000 7 7 7 7 0 0 106402 97 0 0 80290 1 26112 96 7 7 7 7 0 0 106402 97 0 0 80290 1 26112 96 7 7 7 7 0 0 106402 97 0 0 80290 1 26112 96 7 7 7 7 0 0 106402 97 0 0 80290 1 26112 96 7 7 7 7 0 0 106402 97 0 0 80290 1 26112 96 8 8 8 8 0 0 106402 97 0 0 80290 1 26112 96
35 485 515 485 0 515 0 1000 7 7 7 7 0 0 0 0 0 0 0 0 0 0 7 7 7 7 0 0 0 0 0 0 0 0 0 0 7 7 7 7 0 0 0 0 0 0 0 0 0 0 7 7 7 7 0 0 0 0 0 0 0 0 0 0 7 7 7 7 0 0 0 0 0 0 0 0 0 0 8 8 8 8 0 0 0 0 0 0 0 0 0 0
36 450 550 450 35 515 0 1000 7 7 7 7 0 0 0 0 0 0 0 0 0 0 7 7 7 7 0 0 0 0 0 0 0 0 0 0 7 7 7 7 0 0 0 0 0 0 0 0 0 0 7 7 7 7 0 0 0 0 0 0 0 0 0 0 7 7 7 7 0 0 0 0 0 0 0 0 0 0 8 8 8 8 0 0 0 0 0 0 0 0 0 0
37 144 856 144 341 515 0 1000 7 7 7 7 0 0 918609 11 918609 11 0 0 0 0 7 7 7 7 0 0 918609 11 918609 11 0 0 0 0 7 7 7 7 0 0 918609 11 918609 11 0 0 0 0 7 7 7 7 0 0 918609 11 918609 11 0 0 0 0 7 7 7 7 0 0 918609 11 918609 11 0 0 0 0 8 8 8 8 0 0 918609 11 918609 11 0 0 0 0
38 777 223 777 83 140 0 1000 7 7 7 7 0 0 93890 51 0 0 80290 1 13600 50 7 7 7 7 0 0 93890 51 0 0 80290 1 13600 50 7 7 7 7 0 0 93890 51 0 0 80290 1 13600 50 7 7 7 7 0 0 93890 51 0 0 80290 1 13600 50 7 7 7 7 0 0 93890 51 0 0 80290 1 13600 50 8 8 8 8 0 0 93890 51 0 0 80290 1 13600 50
39 786 214 786 0 214 0 1000 7 7 7 7 0 0 0 0 0 0 0 0 0 0 7 7 7 7 0 0 0 0 0 0 0 0 0 0 7 7 7 7 0 0 0 0 0 0 0 0 0 0 7 7 7 7 0 0 0 0 0 0 0 0 0 0 7 7 7 7 0 0 0 0 0 0 0 0 0 0 8 8 8 8 0 0 0 0 0 0 0 0 0 0
40 88 912 88 698 214 0 1000 7 7 7 7 0 0 0 0 0 0 0 0 0 0 7 7 7 7 0 0 0 0 0 0 0 0 0 0 7 7 7 7 0 0 0 0 0 0 0 0 0 0 7 7 7 7 0 0 0 0 0 0 0 0 0 0 7 7 7 7 0 0 0 0 0 0 0 0 0 0 8 8 8 8 0 0 0 0 0 0 0 0 0 0
41 468 532 468 403 129 0 1000 7 7 7 7 0 0 328156 4 328156 4 0 0 0 0 7 7 7 7 0 0 328156 4 328156 4 0 0 0 0 7 7 7 7 0 0 328156 4 328156 4 0 0 0 0 7 7 7 7 0 0 328156 4 328156 4 0 0 0 0 7 7 7 7 0 0 328156 4 328156 4 0 0 0 0 8 8 8 8 0 0 328156 4 328156 4 0 0 0 0
42 773 227 773 172 55 0 1000 7 7 7 7 0 0 83827 14 0 0 80291 1 3536 13 7 7 7 7 0 0 83827 14 0 0 80291 1 3536 13 7 7 7 7 0 0 83827 14 0 0 80291 1 3536 13 7 7 7 7 0 0 83827 14 0 0 80291 1 3536 13 7 7 7 7 0 0 83827 14 0 0 80291 1 3536 13 8 8 8 8 0 0 83827 14 0 0 80291 1 3536 13
43 430 570 430 0 570 0 1000 7 7 7 7 0 0 0 0 0 0 0 0 0 0 7 7 7 7 0 0 0 0 0 0 0 0 0 0 7 7 7 7 0 0 0 0 0 0 0 0 0 0 7 7 7 7 0 0 0 0 0 0 0 0 0 0 7 7 7 7 0 0 0 0 0 0 0 0 0 0 8 8 8 8 0 0 0 0 0 0 0 0 0 0
44 315 685 315 115 570 0 1000 7 7 7 7 0 0 0 0 0 0 0 0 0 0 7 7 7 7 0 0 0 0 0 0 0 0 0 0 7 7 7 7 0 0 0 0 0 0 0 0 0 0 7 7 7 7 0 0 0 0 0 0 0 0 0 0 7 7 7 7 0 0 0 0 0 0 0 0 0 0 8 8 8 8 0 0 0 0 0 0 0 0 0 0
45 628 372 628 57 315 0 1000 7 7 7 7 0 0 404275 5 404275 5 0 0 0 0 7 7 7 7 0 0 404275 5 404275 5 0 0 0 0 7 7 7 7 0 0 404275 5 404275 5 0 0 0 0 7 7 7 7 0 0 404275 5 404275 5 0 0 0 0 7 7 7 7 0 0 404275 5 404275 5 0 0 0 0 8 8 8 8 0 0 404275 5 404275 5 0 0 0 0
46 454 546 454 231 315 0 1000 7 7 7 7 0 0 88179 30 0 0 80291 1 7888 29 7 7 7 7 0 0 88179 30 0 0 80291 1 7888 29 7 7 7 7 0 0 88179 30 0 0 80291 1 7888 29 7 7 7 7 0 0 88179 30 0 0 80291 1 7888 29 7 7 7 7 0 0 88179 30 0 0 80291 1 7888 29 8 8 8 8 0 0 88179 30 0 0 80291 1 7888 29
47 124 876 124 0 876 0 1000 7 7 7 7 1 1 0 0 0 0 0 0 0 0 7 7 7 7 1 1 0 0 0 0 0 0 0 0 7 7 7 7 1 1 0 0 0 0 0 0 0 0 7 7 7 7 1 1 0 0 0 0 0 0 0 0 7 7 7 7 1 1 0 0 0 0 0 0 0 0 8 8 8 8 1 1 0 0 0 0 0 0 0 0
48 29 971 29 95 876 0 1000 7 7 7 7 1 1 0 0 0 0 0 0 0 0 7 7 7 7 1 1 0 0 0 0 0 0 0 0 7 7 7 7 1 1 0 0 0 0 0 0 0 0 7 7 7 7 1 1 0 0 0 0 0 0 0 0 7 7 7 7 1 1 0 0 0 0 0 0 0 0 8 8 8 8 1 1 0 0 0 0 0 0 0 0
49 684 316 684 28 288 0 1000 7 7 7 7 1 1 1220502 15 1220502 15 0 0 0 0 7 7 7 7 1 1 1220502 15 1220502 15 0 0 0 0 7 7 7 7 1 1 1220502 15 1220502 15 0 0 0 0 7 7 7 7 1 1 1220502 15 1220502 15 0 0 0 0 7 7 7 7 1 1 1220502 15 1220502 15 0 0 0 0 8 8 8 8 1 1 1220502 15 1220502 15 0 0 0 0
50 679 321 679 33 288 0 1000 7 7 7 7 1 1 87362 27 0 0 80290 1 7072 26 7 7 7 7 1 1 87362 27 0 0 80290 1 7072 26 7 7 7 7 1 1 87362 27 0 0 80290 1 7072 26 7 7 7 7 1 1 87362 27 0 0 80290 1 7072 26 7 7 7 7 1 1 87362 27 0 0 80290 1 7072 26 8 8 8 8 1 1 87362 27 0 0 80290 1 7072 26
51 303 697 303 0 697 0 1000 7 7 7 7 2 2 0 0 0 0 0 0 0 0 7 7 7 7 1 1 0 0 0 0 0 0 0 0 7 7 7 7 2 2 0 0 0 0 0 0 0 0 7 7 7 7 2 2 0 0 0 0 0 0 0 0 7 7 7 7 2 2 0 0 0 0 0 0 0 0 8 8 8 8 2 2 0 0 0 0 0 0 0 0
52 225 775 225 78 697 0 1000 7 7 7 7 2 2 0 0 0 0 0 0 0 0 7 7 7 7 1 1 0 0 0 0 0 0 0 0 7 7 7 7 2 2 0 0 0 0 0 0 0 0 7 7 7 7 2 2 0 0 0 0 0 0 0 0 7 7 7 7 2 2 0 0 0 0 0 0 0 0 8 8 8 8 2 2 0 0 0 0 0 0 0 0
53 392 608 392 67 541 0 1000 7 7 7 7 2 2 1300335 16 1300335 16 0 0 0 0 7 7 7 7 1 1 1300335 16 1300335 16 0 0 0 0 7 7 7 7 2 2 1300335 16 1300335 16 0 0 0 0 7 7 7 7 2 2 1300335 16 1300335 16 0 0 0 0 7 7 7 7 2 2 1300335 16 1300335 16 0 0 0 0 8 8 8 8 2 2 1300335 16 1300335 16 0 0 0 0
54 330 670 330 129 541 0 1000 7 7 7 7 2 2 94707 54 0 0 80291 1 14416 53 7 7 7 7 1 1 94707 54 0 0 80291 1 14416 53 7 7 7 7 2 2 94707 54 0 0 80291 1 14416 53 7 7 7 7 2 2 94707 54 0 0 80291 1 14416 53 7 7 7 7 2 2 94707 54 0 0 80291 1 14416 53 8 8 8 8 2 2 94707 54 0 0 80291 1 14416 53
55 648 352 648 0 352 0 1000 7 7 7 7 3 3 0 0 0 0 0 0 0 0 7 7 7 7 3 3 0 0 0 0 0 0 0 0 7 7 7 7 2 2 0 0 0 0 0 0 0 0 7 7 7 7 3 3 0 0 0 0 0 0 0 0 7 7 7 7 3 3 0 0 0 0 0 0 0 0 8 8 8 8 3 3 0 0 0 0 0 0 0 0
56 721 279 721 0 279 0 1000 7 7 7 7 3 3 0 0 0 0 0 0 0 0 7 7 7 7 3 3 0 0 0 0 0 0 0 0 7 7 7 7 2 2 0 0 0 0 0 0 0 0 7 7 7 7 3 3 0 0 0 0 0 0 0 0 7 7 7 7 3 3 0 0 0 0 0 0 0 0 8 8 8 8 3 3 0 0 0 0 0 0 0 0
57 147 853 147 574 279 0 1000 7 7 7 7 3 3 821350 10 821350 10 0 0 0 0 7 7 7 7 3 3 821350 10 821350 10 0 0 0 0 7 7 7 7 2 2 821350 10 821350 10 0 0 0 0 7 7 7 7 3 3 821350 10 821350 10 0 0 0 0 7 7 7 7 3 3 821350 10 821350 10 0 0 0 0 8 8 8 8 3 3 821350 10 821350 10 0 0 0 0
58 62 938 62 659 279 0 1000 7 7 7 7 3 3 90083 37 0 0 80291 1 9792 36 7 7 7 7 3 3 90083 37 0 0 80291 1 9792 36 7 7 7 7 2 2 90083 37 0 0 80291 1 9792 36 7 7 7 7 3 3 90083 37 0 0 80291 1 9792 36 7 7 7 7 3 3 90083 37 0 0 80291 1 9792 36 8 8 8 8 3 3 90083 37 0 0 80291 1 9792 36
59 474 526 474 0 526 0 1000 7 7 7 7 4 4 0 0 0 0 0 0 0 0 7 7 7 7 3 3 0 0 0 0 0 0 0 0 7 7 7 7 2 2 0 0 0 0 0 0 0 0 7 7 7 7 4 4 0 0 0 0 0 0 0 0 7 7 7 7 3 3 0 0 0 0 0 0 0 0 8 8 8 8 4 4 0 0 0 0 0 0 0 0
60 421 579 421 53 526 0 1000 7 7 7 7 4 4 0 0 0 0 0 0 0 0 7 7 7 7 3 3 0 0 0 0 0 0 0 0 7 7 7 7 2 2 0 0 0 0 0 0 0 0 7 7 7 7 4 4 0 0 0 0 0 0 0 0 7 7 7 7 3 3 0 0 0 0 0 0 0 0 8 8 8 8 4 4 0 0 0 0 0 0 0 0
61 866 134 866 13 121 0 1000 7 7 7 7 4 4 489546 6 489546 6 0 0 0 0 7 7 7 7 3 3 489546 6 489546 6 0 0 0 0 7 7 7 7 2 2 489546 6 489546 6 0 0 0 0 7 7 7 7 4 4 489546 6 489546 6 0 0 0 0 7 7 7 7 3 3 489546 6 489546 6 0 0 0 0 8 8 8 8 4 4 489546 6 489546 6 0 0 0 0
62 573 427 573 306 121 0 1000 7 7 7 7 4 4 83283 12 0 0 80291 1 2992 11 7 7 7 7 3 3 83283 12 0 0 80291 1 2992 11 7 7 7 7 2 2 83283 12 0 0 80291 1 2992 11 7 7 7 7 4 4 83283 12 0 0 80291 1 2992 11 7 7 7 7 3 3 83283 12 0 0 80291 1 2992 11 8 8 8 8 4 4 83283 12 0 0 80291 1 2992 11
63 109 891 109 0 891 0 1000 7 7 7 7 5 5 0 0 0 0 0 0 0 0 7 7 7 7 5 5 0 0 0 0 0 0 0 0 7 7 7 7 5 5 0 0 0 0 0 0 0 0 7 7 7 7 5 5 0 0 0 0 0 0 0 0 7 7 7 7 5 5 0 0 0 0 0 0 0 0 8 8 8 8 5 5 0 0 0 0 0 0 0 0
64 324 676 324 0 676 0 1000 7 7 7 7 5 5 0 0 0 0 0 0 0 0 7 7 7 7 5 5 0 0 0 0 0 0 0 0 7 7 7 7 5 5 0 0 0 0 0 0 0 0 7 7 7 7 5 5 0 0 0 0 0 0 0 0 7 7 7 7 5 5 0 0 0 0 0 0 0 0 8 8 8 8 5 5 0 0 0 0 0 0 0 0
65 428 572 428 0 572 0 1000 7 7 7 7 5 5 1050282 13 1050282 13 0 0 0 0 7 7 7 7 5 5 1050282 13 1050282 13 0 0 0 0 7 7 7 7 5 5 1050282 13 1050282 13 0 0 0 0 7 7 7 7 5 5 1050282 13 1050282 13 0 0 0 0 7 7 7 7 5 5 1050282 13 1050282 13 0 0 0 0 8 8 8 8 5 5 1050282 13 1050282 13 0 0 0 0
66 62 938 62 366 572 0 1000 7 7 7 7 5 5 98243 67 0 0 80291 1 17952 66 7 7 7 7 5 5 98243 67 0 0 80291 1 17952 66 7 7 7 7 5 5 98243 67 0 0 80291 1 17952 66 7 7 7 7 5 5 98243 67 0 0 80291 1 17952 66 7 7 7 7 5 5 98243 67 0 0 80291 1 17952 66 8 8 8 8 5 5 98243 67 0 0 80291 1 17952 66
67 288 712 288 0 712 0 1000 7 7 7 7 6 6 0 0 0 0 0 0 0 0 7 7 7 7 6 6 0 0 0 0 0 0 0 0 7 7 7 7 6 6 0 0 0 0 0 0 0 0 7 7 7 7 6 6 0 0 0 0 0 0 0 0 7 7 7 7 5 5 0 0 0 0 0 0 0 0 8 8 8 8 6 6 0 0 0 0 0 0 0 0
68 601 399 601 0 399 0 1000 7 7 7 7 6 6 0 0 0 0 0 0 0 0 7 7 7 7 6 6 0 0 0 0 0 0 0 0 7 7 7 7 6 6 0 0 0 0 0 0 0 0 7 7 7 7 6 6 0 0 0 0 0 0 0 0 7 7 7 7 5 5 0 0 0 0 0 0 0 0 8 8 8 8 6 6 0 0 0 0 0 0 0 0
69 515 485 515 86 399 0 1000 7 7 7 7 6 6 247653 3 247653 3 0 0 0 0 7 7 7 7 6 6 247653 3 247653 3 0 0 0 0 7 7 7 7 6 6 247653 3 247653 3 0 0 0 0 7 7 7 7 6 6 247653 3 247653 3 0 0 0 0 7 7 7 7 5 5 247653 3 247653 3 0 0 0 0 8 8 8 8 6 6 247653 3 247653 3 0 0 0 0
70 854 146 854 30 116 0 1000 7 7 7 7 6 6 90627 39 0 0 80291 1 10336 38 7 7 7 7 6 6 90627 39 0 0 80291 1 10336 38 7 7 7 7 6 6 90627 39 0 0 80291 1 10336 38 7 7 7 7 6 6 90627 39 0 0 80291 1 10336 38 7 7 7 7 5 5 90627 39 0 0 80291 1 10336 38 8 8 8 8 6 6 90627 39 0 0 80291 1 10336 38
71 281 719 281 0 719 0 1000 7 7 7 7 6 6 0 0 0 0 0 0 0 0 7 7 7 7 6 6 0 0 0 0 0 0 0 0 7 7 7 7 6 6 0 0 0 0 0 0 0 0 7 7 7 7 7 7 0 0 0 0 0 0 0 0 7 7 7 7 7 7 0 0 0 0 0 0 0 0 8 8 8 8 7 7 0 0 0 0 0 0 0 0
72 293 707 293 0 707 0 1000 7 7 7 7 6 6 0 0 0 0 0 0 0 0 7 7 7 7 6 6 0 0 0 0 0 0 0 0 7 7 7 7 6 6 0 0 0 0 0 0 0 0 7 7 7 7 7 7 0 0 0 0 0 0 0 0 7 7 7 7 7 7 0 0 0 0 0 0 0 0 8 8 8 8 7 7 0 0 0 0 0 0 0 0
73 223 777 223 70 707 0 1000 7 7 7 7 6 6 1061513 13 1061513 13 0 0 0 0 7 7 7 7 6 6 1061513 13 1061513 13 0 0 0 0 7 7 7 7 6 6 1061513 13 1061513 13 0 0 0 0 7 7 7 7 7 7 1061513 13 1061513 13 0 0 0 0 7 7 7 7 7 7 1061513 13 1061513 13 0 0 0 0 8 8 8 8 7 7 1061513 13 1061513 13 0 0 0 0
74 442 558 442 52 506 0 1000 7 7 7 7 6 6 96338 60 0 0 80290 1 16048 59 7 7 7 7 6 6 96338 60 0 0 80290 1 16048 59 7 7 7 7 6 6 96338 60 0 0 80290 1 16048 59 7 7 7 7 7 7 96338 60 0 0 80290 1 16048 59 7 7 7 7 7 7 96338 60 0 0 80290 1 16048 59 8 8 8 8 7 7 96338 60 0 0 80290 1 16048 59
75 177 823 177 0 823 0 1000 7 7 7 7 6 6 0 0 0 0 0 0 0 0 7 7 7 7 6 6 0 0 0 0 0 0 0 0 8 8 7 7 8 8 0 0 0 0 0 0 0 0 8 8 7 7 8 8 0 0 0 0 0 0 0 0 8 8 7 7 8 8 0 0 0 0 0 0 0 0 8 8 8 8 8 8 0 0 0 0 0 0 0 0
76 116 884 116 61 823 0 1000 7 7 7 7 6 6 0 0 0 0 0 0 0 0 7 7 7 7 6 6 0 0 0 0 0 0 0 0 8 8 7 7 8 8 0 0 0 0 0 0 0 0 8 8 7 7 8 8 0 0 0 0 0 0 0 0 8 8 7 7 8 8 0 0 0 0 0 0 0 0 8 8 8 8 8 8 0 0 0 0 0 0 0 0
77 755 245 755 14 231 0 1000 7 7 7 7 6 6 1152578 14 1152578 14 0 0 0 0 7 7 7 7 6 6 1152578 14 1152578 14 0 0 0 0 8 8 7 7 8 8 1152578 14 1152578 14 0 0 0 0 8 8 7 7 8 8 1152578 14 1152578 14 0 0 0 0 8 8 7 7 8 8 1152578 14 1152578 14 0 0 0 0 8 8 8 8 8 8 1152578 14 1152578 14 0 0 0 0
78 613 387 613 156 231 0 1000 7 7 7 7 6 6 87907 29 0 0 80291 1 7616 28 7 7 7 7 6 6 87907 29 0 0 80291 1 7616 28 8 8 7 7 8 8 87907 29 0 0 80291 1 7616 28 8 8 7 7 8 8 87907 29 0 0 80291 1 7616 28 8 8 7 7 8 8 87907 29 0 0 80291 1 7616 28 8 8 8 8 8 8 87907 29 0 0 80291 1 7616 28
79 230 770 230 0 770 0 1000 7 7 7 7 6 6 0 0 0 0 0 0 0 0 9 9 7 7 9 9 0 0 0 0 0 0 0 0 9 9 7 7 9 9 0 0 0 0 0 0 0 0 8 8 7 7 8 8 0 0 0 0 0 0 0 0 9 9 7 7 9 9 0 0 0 0 0 0 0 0 9 9 8 8 9 9 0 0 0 0 0 0 0 0
80 694 306 694 0 306 0 1000 7 7 7 7 6 6 0 0 0 0 0 0 0 0 9 9 7 7 9 9 0 0 0 0 0 0 0 0 9 9 7 7 9 9 0 0 0 0 0 0 0 0 8 8 7 7 8 8 0 0 0 0 0 0 0 0 9 9 7 7 9 9 0 0 0 0 0 0 0 0 9 9 8 8 9 9 0 0 0 0 0 0 0 0
81 706 294 706 0 294 0 1000 7 7 7 7 6 6 81335 1 81335 1 0 0 0 0 9 9 7 7 9 9 81335 1 81335 1 0 0 0 0 9 9 7 7 9 9 81335 1 81335 1 0 0 0 0 8 8 7 7 8 8 81335 1 81335 1 0 0 0 0 9 9 7 7 9 9 81335 1 81335 1 0 0 0 0 9 9 8 8 9 9 81335 1 81335 1 0 0 0 0
82 291 709 291 415 294 0 1000 7 7 7 7 6 6 90355 38 0 0 80291 1 10064 37 9 9 7 7 9 9 90355 38 0 0 80291 1 10064 37 9 9 7 7 9 9 90355 38 0 0 80291 1 10064 37 8 8 7 7 8 8 90355 38 0 0 80291 1 10064 37 9 9 7 7 9 9 90355 38 0 0 80291 1 10064 37 9 9 8 8 9 9 90355 38 0 0 80291 1 10064 37
83 563 437 563 0 437 0 1000 7 7 7 7 6 6 0 0 0 0 0 0 0 0 9 9 7 7 9 9 0 0 0 0 0 0 0 0 10 10 7 7 10 10 0 0 0 0 0 0 0 0 10 10 7 7 10 10 0 0 0 0 0 0 0 0 9 9 7 7 9 9 0 0 0 0 0 0 0 0 10 10 8 8 10 10 0 0 0 0 0 0 0 0
84 112 888 112 451 437 0 1000 7 7 7 7 6 6 0 0 0 0 0 0 0 0 9 9 7 7 9 9 0 0 0 0 0 0 0 0 10 10 7 7 10 10 0 0 0 0 0 0 0 0 10 10 7 7 10 10 0 0 0 0 0 0 0 0 9 9 7 7 9 9 0 0 0 0 0 0 0 0 10 10 8 8 10 10 0 0 0 0 0 0 0 0
85 23 977 23 540 437 0 1000 7 7 7 7 6 6 408115 5 408115 5 0 0 0 0 9 9 7 7 9 9 408115 5 408115 5 0 0 0 0 10 10 7 7 10 10 408115 5 408115 5 0 0 0 0 10 10 7 7 10 10 408115 5 408115 5 0 0 0 0 9 9 7 7 9 9 408115 5 408115 5 0 0 0 0 10 10 8 8 10 10 408115 5 408115 5 0 0 0 0
86 231 769 231 416 353 0 1000 7 7 7 7 6 6 92531 46 0 0 80291 1 12240 45 9 9 7 7 9 9 92531 46 0 0 80291 1 12240 45 10 10 7 7 10 10 92531 46 0 0 80291 1 12240 45 10 10 7 7 10 10 92531 46 0 0 80291 1 12240 45 9 9 7 7 9 9 92531 46 0 0 80291 1 12240 45 10 10 8 8 10 10 92531 46 0 0 80291 1 12240 45
87 322 678 322 0 678 0 1000 11 11 7 7 11 11 0 0 0 0 0 0 0 0 9 9 7 7 9 9 0 0 0 0 0 0 0 0 11 11 7 7 11 11 0 0 0 0 0 0 0 0 11 11 7 7 11 11 0 0 0 0 0 0 0 0 11 11 7 7 11 11 0 0 0 0 0 0 0 0 11 11 8 8 11 11 0 0 0 0 0 0 0 0
88 504 496 504 0 496 0 1000 11 11 7 7 11 11 0 0 0 0 0 0 0 0 9 9 7 7 9 9 0 0 0 0 0 0 0 0 11 11 7 7 11 11 0 0 0 0 0 0 0 0 11 11 7 7 11 11 0 0 0 0 0 0 0 0 11 11 7 7 11 11 0 0 0 0 0 0 0 0 11 11 8 8 11 11 0 0 0 0 0 0 0 0
89 423 577 423 81 496 0 1000 11 11 7 7 11 11 491273 6 491273 6 0 0 0 0 9 9 7 7 9 9 491273 6 491273 6 0 0 0 0 11 11 7 7 11 11 491273 6 491273 6 0 0 0 0 11 11 7 7 11 11 491273 6 491273 6 0 0 0 0 11 11 7 7 11 11 491273 6 491273 6 0 0 0 0 11 11 8 8 11 11 491273 6 491273 6 0 0 0 0
90 54 946 54 450 496 0 1000 11 11 7 7 11 11 91715 43 0 0 80291 1 11424 42 9 9 7 7 9 9 91715 43 0 0 80291 1 11424 42 11 11 7 7 11 11 91715 43 0 0 80291 1 11424 42 11 11 7 7 11 11 91715 43 0 0 80291 1 11424 42 11 11 7 7 11 11 91715 43 0 0 80291 1 11424 42 11 11 8 8 11 11 91715 43 0 0 80291 1 11424 42
91 22 978 22 0 978 0 1000 12 12 7 7 12 12 0 0 0 0 0 0 0 0 12 12 7 7 12 12 0 0 0 0 0 0 0 0 12 12 7 7 12 12 0 0 0 0 0 0 0 0 12 12 7 7 12 12 0 0 0 0 0 0 0 0 12 12 7 7 12 12 0 0 0 0 0 0 0 0 12 12 8 8 12 12 0 0 0 0 0 0 0 0
92 765 235 765 0 235 0 1000 12 12 7 7 12 12 0 0 0 0 0 0 0 0 12 12 7 7 12 12 0 0 0 0 0 0 0 0 12 12 7 7 12 12 0 0 0 0 0 0 0 0 12 12 7 7 12 12 0 0 0 0 0 0 0 0 12 12 7 7 12 12 0 0 0 0 0 0 0 0 12 12 8 8 12 12 0 0 0 0 0 0 0 0
93 370 630 370 395 235 0 1000 12 12 7 7 12 12 245349 3 245349 3 0 0 0 0 12 12 7 7 12 12 245349 3 245349 3 0 0 0 0 12 12 7 7 12 12 245349 3 245349 3 0 0 0 0 12 12 7 7 12 12 245349 3 245349 3 0 0 0 0 12 12 7 7 12 12 245349 3 245349 3 0 0 0 0 12 12 8 8 12 12 245349 3 245349 3 0 0 0 0
94 505 495 505 311 184 0 1000 12 12 7 7 12 12 87363 27 0 0 80291 1 7072 26 12 12 7 7 12 12 87363 27 0 0 80291 1 7072 26 12 12 7 7 12 12 87363 27 0 0 80291 1 7072 26 12 12 7 7 12 12 87363 27 0 0 80291 1 7072 26 12 12 7 7 12 12 87363 27 0 0 80291 1 7072 26 12 12 8 8 12 12 87363 27 0 0 80291 1 7072 26
95 176 824 176 0 824 0 1000 13 13 7 7 13 13 0 0 0 0 0 0 0 0 13 13 7 7 13 13 0 0 0 0 0 0 0 0 13 13 7 7 13 13 0 0 0 0 0 0 0 0 13 13 7 7 13 13 0 0 0 0 0 0 0 0 13 13 7 7 13 13 0 0 0 0 0 0 0 0 13 13 8 8 13 13 0 0 0 0 0 0 0 0
96 647 353 647 0 353 0 1000 13 13 7 7 13 13 0 0 0 0 0 0 0 0 13 13 7 7 13 13 0 0 0 0 0 0 0 0 13 13 7 7 13 13 0 0 0 0 0 0 0 0 13 13 7 7 13 13 0 0 0 0 0 0 0 0 13 13 7 7 13 13 0 0 0 0 0 0 0 0 13 13 8 8 13 13 0 0 0 0 0 0 0 0
97 369 631 369 278 353 0 1000 13 13 7 7 13 13 162542 2 162542 2 0 0 0 0 13 13 7 7 13 13 162542 2 162542 2 0 0 0 0 13 13 7 7 13 13 162542 2 162542 2 0 0 0 0 13 13 7 7 13 13 162542 2 162542 2 0 0 0 0 13 13 7 7 13 13 162542 2 162542 2 0 0 0 0 13 13 8 8 13 13 162542 2 162542 2 0 0 0 0
98 397 603 397 268 335 0 1000 13 13 7 7 13 13 88723 32 0 0 80291 1 8432 31 13 13 7 7 13 13 88723 32 0 0 80291 1 8432 31 13 13 7 7 13 13 88723 32 0 0 80291 1 8432 31 13 13 7 7 13 13 88723 32 0 0 80291 1 8432 31 13 13 7 7 13 13 88723 32 0 0 80291 1 8432 31 13 13 8 8 13 13 88723 32 0 0 80291 1 8432 31
99 315 685 315 0 685 0 1000 14 14 7 7 14 14 0 0 0 0 0 0 0 0 13 13 7 7 13 13 0 0 0 0 0 0 0 0 14 14 7 7 14 14 0 0 0 0 0 0 0 0 13 13 7 7 13 13 0 0 0 0 0 0 0 0 14 14 7 7 14 14 0 0 0 0 0 0 0 0 14 14 8 8 14 14 0 0 0 0 0 0 0 0
100 497 503 497 0 503 0 1000 14 14 7 7 14 14 0 0 0 0 0 0 0 0 13 13 7 7 13 13 0 0 0 0 0 0 0 0 14 14 7 7 14 14 0 0 0 0 0 0 0 0 13 13 7 7 13 13 0 0 0 0 0 0 0 0 14 14 7 7 14 14 0 0 0 0 0 0 0 0 14 14 8 8 14 14 0 0 0 0 0 0 0 0
101 624 376 624 0 376 0 1000 14 14 7 7 14 14 651448 8 651448 8 0 0 0 0 13 13 7 7 13 13 651448 8 651448 8 0 0 0 0 14 14 7 7 14 14 651448 8 651448 8 0 0 0 0 13 13 7 7 13 13 651448 8 651448 8 0 0 0 0 14 14 7 7 14 14 651448 8 651448 8 0 0 0 0 14 14 8 8 14 14 651448 8 651448 8 0 0 0 0
102 439 561 439 185 376 0 1000 14 14 7 7 14 14 91987 44 0 0 80291 1 11696 43 13 13 7 7 13 13 91987 44 0 0 80291 1 11696 43 14 14 7 7 14 14 91987 44 0 0 80291 1 11696 43 13 13 7 7 13 13 91987 44 0 0 80291 1 11696 43 14 14 7 7 14 14 91987 44 0 0 80291 1 11696 43 14 14 8 8 14 14 91987 44 0 0 80291 1 11696 43
103 800 200 800 0 200 0 1000 14 14 7 7 14 14 0 0 0 0 0 0 0 0 13 13 7 7 13 13 0 0 0 0 0 0 0 0 14 14 7 7 14 14 0 0 0 0 0 0 0 0 13 13 7 7 13 13 0 0 0 0 0 0 0 0 14 14 7 7 14 14 0 0 0 0 0 0 0 0 15 15 8 8 15 15 0 0 0 0 0 0 0 0
104 451 549 451 349 200 0 1000 14 14 7 7 14 14 0 0 0 0 0 0 0 0 13 13 7 7 13 13 0 0 0 0 0 0 0 0 14 14 7 7 14 14 0 0 0 0 0 0 0 0 13 13 7 7 13 13 0 0 0 0 0 0 0 0 14 14 7 7 14 14 0 0 0 0 0 0 0 0 15 15 8 8 15 15 0 0 0 0 0 0 0 0
105 420 580 420 380 200 0 1000 14 14 7 7 14 14 163630 2 163630 2 0 0 0 0 13 13 7 7 13 13 163630 2 163630 2 0 0 0 0 14 14 7 7 14 14 163630 2 163630 2 0 0 0 0 13 13 7 7 13 13 163630 2 163630 2 0 0 0 0 14 14 7 7 14 14 163630 2 163630 2 0 0 0 0 15 15 8 8 15 15 163630 2 163630 2 0 0 0 0
106 893 107 893 69 38 0 1000 14 14 7 7 14 14 87907 29 0 0 80291 1 7616 28 13 13 7 7 13 13 87907 29 0 0 80291 1 7616 28 14 14 7 7 14 14 87907 29 0 0 80291 1 7616 28 13 13 7 7 13 13 87907 29 0 0 80291 1 7616 28 14 14 7 7 14 14 87907 29 0 0 80291 1 7616 28 15 15 8 8 15 15 87907 29 0 0 80291 1 7616 28
107 665 335 665 0 335 0 1000 14 14 7 7 14 14 0 0 0 0 0 0 0 0 16 16 7 7 16 16 0 0 0 0 0 0 0 0 16 16 7 7 16 16 0 0 0 0 0 0 0 0 16 16 7 7 16 16 0 0 0 0 0 0 0 0 14 14 7 7 14 14 0 0 0 0 0 0 0 0 16 16 8 8 16 16 0 0 0 0 0 0 0 0
108 64 936 64 601 335 0 1000 14 14 7 7 14 14 0 0 0 0 0 0 0 0 16 16 7 7 16 16 0 0 0 0 0 0 0 0 16 16 7 7 16 16 0 0 0 0 0 0 0 0 16 16 7 7 16 16 0 0 0 0 0 0 0 0 14 14 7 7 14 14 0 0 0 0 0 0 0 0 16 16 8 8 16 16 0 0 0 0 0 0 0 0
109 338 662 338 424 238 0 1000 14 14 7 7 14 14 1057353 13 1057353 13 0 0 0 0 16 16 7 7 16 16 1057353 13 1057353 13 0 0 0 0 16 16 7 7 16 16 1057353 13 1057353 13 0 0 0 0 16 16 7 7 16 16 1057353 13 1057353 13 0 0 0 0 14 14 7 7 14 14 1057353 13 1057353 13 0 0 0 0 16 16 8 8 16 16 1057353 13 1057353 13 0 0 0 0
110 277 723 277 485 238 0 1000 14 14 7 7 14 14 90898 40 0 0 80290 1 10608 39 16 16 7 7 16 16 90898 40 0 0 80290 1 10608 39 16 16 7 7 16 16 90898 40 0 0 80290 1 10608 39 16 16 7 7 16 16 90898 40 0 0 80290 1 10608 39 14 14 7 7 14 14 90898 40 0 0 80290 1 10608 39 16 16 8 8 16 16 90898 40 0 0 80290 1 10608 39
111 34 966 34 0 966 0 1000 17 17 7 7 17 17 0 0 0 0 0 0 0 0 17 17 7 7 17 17 0 0 0 0 0 0 0 0 17 17 7 7 17 17 0 0 0 0 0 0 0 0 17 17 7 7 17 17 0 0 0 0 0 0 0 0 17 17 7 7 17 17 0 0 0 0 0 0 0 0 17 17 8 8 17 17 0 0 0 0 0 0 0 0
112 489 511 489 0 511 0 1000 17 17 7 7 17 17 0 0 0 0 0 0 0 0 17 17 7 7 17 17 0 0 0 0 0 0 0 0 17 17 7 7 17 17 0 0 0 0 0 0 0 0 17 17 7 7 17 17 0 0 0 0 0 0 0 0 17 17 7 7 17 17 0 0 0 0 0 0 0 0 17 17 8 8 17 17 0 0 0 0 0 0 0 0
113 860 140 860 0 140 0 1000 17 17 7 7 17 17 653493 8 653493 8 0 0 0 0 17 17 7 7 17 17 653493 8 653493 8 0 0 0 0 17 17 7 7 17 17 653493 8 653493 8 0 0 0 0 17 17 7 7 17 17 653493 8 653493 8 0 0 0 0 17 17 7 7 17 17 653493 8 653493 8 0 0 0 0 17 17 8 8 17 17 653493 8 653493 8 0 0 0 0
114 409 591 409 451 140 0 1000 17 17 7 7 17 17 85187 19 0 0 80291 1 4896 18 17 17 7 7 17 17 85187 19 0 0 80291 1 4896 18 17 17 7 7 17 17 85187 19 0 0 80291 1 4896 18 17 17 7 7 17 17 85187 19 0 0 80291 1 4896 18 17 17 7 7 17 17 85187 19 0 0 80291 1 4896 18 17 17 8 8 17 17 85187 19 0 0 80291 1 4896 18
115 845 155 845 0 155 0 1000 18 18 7 7 18 18 0 0 0 0 0 0 0 0 17 17 7 7 17 17 0 0 0 0 0 0 0 0 17 17 7 7 17 17 0 0 0 0 0 0 0 0 17 17 7 7 17 17 0 0 0 0 0 0 0 0 17 17 7 7 17 17 0 0 0 0 0 0 0 0 18 18 8 8 18 18 0 0 0 0 0 0 0 0
116 320 680 320 525 155 0 1000 18 18 7 7 18 18 0 0 0 0 0 0 0 0 17 17 7 7 17 17 0 0 0 0 0 0 0 0 17 17 7 7 17 17 0 0 0 0 0 0 0 0 17 17 7 7 17 17 0 0 0 0 0 0 0 0 17 17 7 7 17 17 0 0 0 0 0 0 0 0 18 18 8 8 18 18 0 0 0 0 0 0 0 0
117 290 710 290 555 155 0 1000 18 18 7 7 18 18 243044 3 243044 3 0 0 0 0 17 17 7 7 17 17 243044 3 243044 3 0 0 0 0 17 17 7 7 17 17 243044 3 243044 3 0 0 0 0 17 17 7 7 17 17 243044 3 243044 3 0 0 0 0 17 17 7 7 17 17 243044 3 243044 3 0 0 0 0 18 18 8 8 18 18 243044 3 243044 3 0 0 0 0
118 852 148 852 115 33 0 1000 18 18 7 7 18 18 83010 11 0 0 80290 1 2720 10 17 17 7 7 17 17 83010 11 0 0 80290 1 2720 10 17 17 7 7 17 17 83010 11 0 0 80290 1 2720 10 17 17 7 7 17 17 83010 11 0 0 80290 1 2720 10 17 17 7 7 17 17 83010 11 0 0 80290 1 2720 10 18 18 8 8 18 18 83010 11 0 0 80290 1 2720 10
119 98 902 98 0 902 0 1000 19 19 7 7 19 19 0 0 0 0 0 0 0 0 19 19 7 7 19 19 0 0 0 0 0 0 0 0 19 19 7 7 19 19 0 0 0 0 0 0 0 0 19 19 7 7 19 19 0 0 0 0 0 0 0 0 19 19 7 7 19 19 0 0 0 0 0 0 0 0 19 19 8 8 19 19 0 0 0 0 0 0 0 0
120 64 936 64 34 902 0 1000 19 19 7 7 19 19 0 0 0 0 0 0 0 0 19 19 7 7 19 19 0 0 0 0 0 0 0 0 19 19 7 7 19 19 0 0 0 0 0 0 0 0 19 19 7 7 19 19 0 0 0 0 0 0 0 0 19 19 7 7 19 19 0 0 0 0 0 0 0 0 19 19 8 8 19 19 0 0 0 0 0 0 0 0
121 677 323 677 10 313 0 1000 19 19 7 7 19 19 646071 8 646071 8 0 0 0 0 19 19 7 7 19 19 646071 8 646071 8 0 0 0 0 19 19 7 7 19 19 646071 8 646071 8 0 0 0 0 19 19 7 7 19 19 646071 8 646071 8 0 0 0 0 19 19 7 7 19 19 646071 8 646071 8 0 0 0 0 19 19 8 8 19 19 646071 8 646071 8 0 0 0 0
122 511 489 511 176 313 0 1000 19 19 7 7 19 19 89267 34 0 0 80291 1 8976 33 19 19 7 7 19 19 89267 34 0 0 80291 1 8976 33 19 19 7 7 19 19 89267 34 0 0 80291 1 8976 33 19 19 7 7 19 19 89267 34 0 0 80291 1 8976 33 19 19 7 7 19 19 89267 34 0 0 80291 1 8976 33 19 19 8 8 19 19 89267 34 0 0 80291 1 8976 33
123 444 556 444 0 556 0 1000 19 19 7 7 19 19 0 0 0 0 0 0 0 0 19 19 7 7 19 19 0 0 0 0 0 0 0 0 20 20 7 7 20 20 0 0 0 0 0 0 0 0 20 20 7 7 20 20 0 0 0 0 0 0 0 0 19 19 7 7 19 19 0 0 0 0 0 0 0 0 20 20 8 8 20 20 0 0 0 0 0 0 0 0
124 830 170 830 0 170 0 1000 19 19 7 7 19 19 0 0 0 0 0 0 0 0 19 19 7 7 19 19 0 0 0 0 0 0 0 0 20 20 7 7 20 20 0 0 0 0 0 0 0 0 20 20 7 7 20 20 0 0 0 0 0 0 0 0 19 19 7 7 19 19 0 0 0 0 0 0 0 0 20 20 8 8 20 20 0 0 0 0 0 0 0 0
125 373 627 373 457 170 0 1000 19 19 7 7 19 19 244485 3 244485 3 0 0 0 0 19 19 7 7 19 19 244485 3 244485 3 0 0 0 0 20 20 7 7 20 20 244485 3 244485 3 0 0 0 0 20 20 7 7 20 20 244485 3 244485 3 0 0 0 0 19 19 7 7 19 19 244485 3 244485 3 0 0 0 0 20 20 8 8 20 20 244485 3 244485 3 0 0 0 0
126 193 807 193 637 170 0 1000 19 19 7 7 19 19 85187 19 0 0 80291 1 4896 18 19 19 7 7 19 19 85187 19 0 0 80291 1 4896 18 20 20 7 7 20 20 85187 19 0 0 80291 1 4896 18 20 20 7 7 20 20 85187 19 0 0 80291 1 4896 18 19 19 7 7 19 19 85187 19 0 0 80291 1 4896 18 20 20 8 8 20 20 85187 19 0 0 80291 1 4896 18
127 172 828 172 0 828 0 1000 19 19 7 7 19 19 0 0 0 0 0 0 0 0 19 19 7 7 19 19 0 0 0 0 0 0 0 0 20 20 7 7 20 20 0 0 0 0 0 0 0 0 21 21 7 7 21 21 0 0 0 0 0 0 0 0 19 19 7 7 19 19 0 0 0 0 0 0 0 0 21 21 8 8 21 21 0 0 0 0 0 0 0 0
128 84 916 84 88 828 0 1000 19 19 7 7 19 19 0 0 0 0 0 0 0 0 19 19 7 7 19 19 0 0 0 0 0 0 0 0 20 20 7 7 20 20 0 0 0 0 0 0 0 0 21 21 7 7 21 21 0 0 0 0 0 0 0 0 19 19 7 7 19 19 0 0 0 0 0 0 0 0 21 21 8 8 21 21 0 0 0 0 0 0 0 0
129 758 242 758 32 210 0 1000 19 19 7 7 19 19 972179 12 972179 12 0 0 0 0 19 19 7 7 19 19 972179 12 972179 12 0 0 0 0 20 20 7 7 20 20 972179 12 972179 12 0 0 0 0 21 21 7 7 21 21 972179 12 972179 12 0 0 0 0 19 19 7 7 19 19 972179 12 972179 12 0 0 0 0 21 21 8 8 21 21 972179 12 972179 12 0 0 0 0
130 537 463 537 253 210 0 1000 19 19 7 7 19 19 86819 25 0 0 80291 1 6528 24 19 19 7 7 19 19 86819 25 0 0 80291 1 6528 24 20 20 7 7 20 20 86819 25 0 0 80291 1 6528 24 21 21 7 7 21 21 86819 25 0 0 80291 1 6528 24 19 19 7 7 19 19 86819 25 0 0 80291 1 6528 24 21 21 8 8 21 21 86819 25 0 0 80291 1 6528 24
131 240 760 240 0 760 0 1000 22 22 7 7 22 22 0 0 0 0 0 0 0 0 22 22 7 7 22 22 0 0 0 0 0 0 0 0 22 22 7 7 22 22 0 0 0 0 0 0 0 0 22 22 7 7 22 22 0 0 0 0 0 0 0 0 22 22 7 7 22 22 0 0 0 0 0 0 0 0 22 22 8 8 22 22 0 0 0 0 0 0 0 0
132 129 871 129 111 760 0 1000 22 22 7 7 22 22 0 0 0 0 0 0 0 0 22 22 7 7 22 22 0 0 0 0 0 0 0 0 22 22 7 7 22 22 0 0 0 0 0 0 0 0 22 22 7 7 22 22 0 0 0 0 0 0 0 0 22 22 7 7 22 22 0 0 0 0 0 0 0 0 22 22 8 8 22 22 0 0 0 0 0 0 0 0
133 582 418 582 59 359 0 1000 22 22 7 7 22 22 568447 7 568447 7 0 0 0 0 22 22 7 7 22 22 568447 7 568447 7 0 0 0 0 22 22 7 7 22 22 568447 7 568447 7 0 0 0 0 22 22 7 7 22 22 568447 7 568447 7 0 0 0 0 22 22 7 7 22 22 568447 7 568447 7 0 0 0 0 22 22 8 8 22 22 568447 7 568447 7 0 0 0 0
134 566 434 566 75 359 0 1000 22 22 7 7 22 22 88993 33 0 0 80289 1 8704 32 22 22 7 7 22 22 88993 33 0 0 80289 1 8704 32 22 22 7 7 22 22 88993 33 0 0 80289 1 8704 32 22 22 7 7 22 22 88993 33 0 0 80289 1 8704 32 22 22 7 7 22 22 88993 33 0 0 80289 1 8704 32 22 22 8 8 22 22 88993 33 0 0 80289 1 8704 32
135 667 333 667 0 333 0 1000 23 23 7 7 23 23 0 0 0 0 0 0 0 0 23 23 7 7 23 23 0 0 0 0 0 0 0 0 22 22 7 7 22 22 0 0 0 0 0 0 0 0 22 22 7 7 22 22 0 0 0 0 0 0 0 0 22 22 7 7 22 22 0 0 0 0 0 0 0 0 23 23 8 8 23 23 0 0 0 0 0 0 0 0
136 573 427 573 94 333 0 1000 23 23 7 7 23 23 0 0 0 0 0 0 0 0 23 23 7 7 23 23 0 0 0 0 0 0 0 0 22 22 7 7 22 22 0 0 0 0 0 0 0 0 22 22 7 7 22 22 0 0 0 0 0 0 0 0 22 22 7 7 22 22 0 0 0 0 0 0 0 0 23 23 8 8 23 23 0 0 0 0 0 0 0 0
137 745 255 745 67 188 0 1000 23 23 7 7 23 23 325851 4 325851 4 0 0 0 0 23 23 7 7 23 23 325851 4 325851 4 0 0 0 0 22 22 7 7 22 22 325851 4 325851 4 0 0 0 0 22 22 7 7 22 22 325851 4 325851 4 0 0 0 0 22 22 7 7 22 22 325851 4 325851 4 0 0 0 0 23 23 8 8 23 23 325851 4 325851 4 0 0 0 0
138 97 903 97 715 188 0 1000 23 23 7 7 23 23 84643 17 0 0 80291 1 4352 16 23 23 7 7 23 23 84643 17 0 0 80291 1 4352 16 22 22 7 7 22 22 84643 17 0 0 80291 1 4352 16 22 22 7 7 22 22 84643 17 0 0 80291 1 4352 16 22 22 7 7 22 22 84643 17 0 0 80291 1 4352 16 23 23 8 8 23 23 84643 17 0 0 80291 1 4352 16
139 811 189 811 0 189 0 1000 24 24 7 7 24 24 0 0 0 0 0 0 0 0 23 23 7 7 23 23 0 0 0 0 0 0 0 0 22 22 7 7 22 22 0 0 0 0 0 0 0 0 22 22 7 7 22 22 0 0 0 0 0 0 0 0 22 22 7 7 22 22 0 0 0 0 0 0 0 0 24 24 8 8 24 24 0 0 0 0 0 0 0 0
140 359 641 359 452 189 0 1000 24 24 7 7 24 24 0 0 0 0 0 0 0 0 23 23 7 7 23 23 0 0 0 0 0 0 0 0 22 22 7 7 22 22 0 0 0 0 0 0 0 0 22 22 7 7 22 22 0 0 0 0 0 0 0 0 22 22 7 7 22 22 0 0 0 0 0 0 0 0 24 24 8 8 24 24 0 0 0 0 0 0 0 0
141 526 474 526 343 131 0 1000 24 24 7 7 24 24 323804 4 323804 4 0 0 0 0 23 23 7 7 23 23 323804 4 323804 4 0 0 0 0 22 22 7 7 22 22 323804 4 323804 4 0 0 0 0 22 22 7 7 22 22 323804 4 323804 4 0 0 0 0 22 22 7 7 22 22 323804 4 323804 4 0 0 0 0 24 24 8 8 24 24 323804 4 323804 4 0 0 0 0
142 578 422 578 303 119 0 1000 24 24 7 7 24 24 84643 17 0 0 80291 1 4352 16 23 23 7 7 23 23 84643 17 0 0 80291 1 4352 16 22 22 7 7 22 22 84643 17 0 0 80291 1 4352 16 22 22 7 7 22 22 84643 17 0 0 80291 1 4352 16 22 22 7 7 22 22 84643 17 0 0 80291 1 4352 16 24 24 8 8 24 24 84643 17 0 0 80291 1 4352 16
143 808 192 808 0 192 0 1000 24 24 7 7 24 24 0 0 0 0 0 0 0 0 25 25 7 7 25 25 0 0 0 0 0 0 0 0 22 22 7 7 22 22 0 0 0 0 0 0 0 0 22 22 7 7 22 22 0 0 0 0 0 0 0 0 22 22 7 7 22 22 0 0 0 0 0 0 0 0 25 25 8 8 25 25 0 0 0 0 0 0 0 0
144 828 172 828 0 172 0 1000 24 24 7 7 24 24 0 0 0 0 0 0 0 0 25 25 7 7 25 25 0 0 0 0 0 0 0 0 22 22 7 7 22 22 0 0 0 0 0 0 0 0 22 22 7 7 22 22 0 0 0 0 0 0 0 0 22 22 7 7 22 22 0 0 0 0 0 0 0 0 25 25 8 8 25 25 0 0 0 0 0 0 0 0
145 557 443 557 271 172 0 1000 24 24 7 7 24 24 161902 2 161902 2 0 0 0 0 25 25 7 7 25 25 161902 2 161902 2 0 0 0 0 22 22 7 7 22 22 161902 2 161902 2 0 0 0 0 22 22 7 7 22 22 161902 2 161902 2 0 0 0 0 22 22 7 7 22 22 161902 2 161902 2 0 0 0 0 25 25 8 8 25 25 161902 2 161902 2 0 0 0 0
146 707 293 707 187 106 0 1000 24 24 7 7 24 24 86819 25 0 0 80291 1 6528 24 25 25 7 7 25 25 86819 25 0 0 80291 1 6528 24 22 22 7 7 22 22 86819 25 0 0 80291 1 6528 24 22 22 7 7 22 22 86819 25 0 0 80291 1 6528 24 22 22 7 7 22 22 86819 25 0 0 80291 1 6528 24 25 25 8 8 25 25 86819 25 0 0 80291 1 6528 24
147 433 567 433 0 567 0 1000 24 24 7 7 24 24 0 0 0 0 0 0 0 0 26 26 7 7 26 26 0 0 0 0 0 0 0 0 26 26 7 7 26 26 0 0 0 0 0 0 0 0 22 22 7 7 22 22 0 0 0 0 0 0 0 0 26 26 7 7 26 26 0 0 0 0 0 0 0 0 26 26 8 8 26 26 0 0 0 0 0 0 0 0
148 349 651 349 84 567 0 1000 24 24 7 7 24 24 0 0 0 0 0 0 0 0 26 26 7 7 26 26 0 0 0 0 0 0 0 0 26 26 7 7 26 26 0 0 0 0 0 0 0 0 22 22 7 7 22 22 0 0 0 0 0 0 0 0 26 26 7 7 26 26 0 0 0 0 0 0 0 0 26 26 8 8 26 26 0 0 0 0 0 0 0 0
149 896 104 896 10 94 0 1000 24 24 7 7 24 24 812070 10 812070 10 0 0 0 0 26 26 7 7 26 26 812070 10 812070 10 0 0 0 0 26 26 7 7 26 26 812070 10 812070 10 0 0 0 0 22 22 7 7 22 22 812070 10 812070 10 0 0 0 0 26 26 7 7 26 26 812070 10 812070 10 0 0 0 0 26 26 8 8 26 26 812070 10 812070 10 0 0 0 0
150 311 689 311 595 94 0 1000 24 24 7 7 24 24 81923 7 0 0 80291 1 1632 6 26 26 7 7 26 26 81923 7 0 0 80291 1 1632 6 26 26 7 7 26 26 81923 7 0 0 80291 1 1632 6 22 22 7 7 22 22 81923 7 0 0 80291 1 1632 6 26 26 7 7 26 26 81923 7 0 0 80291 1 1632 6 26 26 8 8 26 26 81923 7 0 0 80291 1 1632 6
151 539 461 539 0 461 0 1000 27 27 7 7 27 27 0 0 0 0 0 0 0 0 26 26 7 7 26 26 0 0 0 0 0 0 0 0 26 26 7 7 26 26 0 0 0 0 0 0 0 0 27 27 7 7 27 27 0 0 0 0 0 0 0 0 27 27 7 7 27 27 0 0 0 0 0 0 0 0 27 27 8 8 27 27 0 0 0 0 0 0 0 0
152 849 151 849 0 151 0 1000 27 27 7 7 27 27 0 0 0 0 0 0 0 0 26 26 7 7 26 26 0 0 0 0 0 0 0 0 26 26 7 7 26 26 0 0 0 0 0 0 0 0 27 27 7 7 27 27 0 0 0 0 0 0 0 0 27 27 7 7 27 27 0 0 0 0 0 0 0 0 27 27 8 8 27 27 0 0 0 0 0 0 0 0
153 502 498 502 347 151 0 1000 27 27 7 7 27 27 161262 2 161262 2 0 0 0 0 26 26 7 7 26 26 161262 2 161262 2 0 0 0 0 26 26 7 7 26 26 161262 2 161262 2 0 0 0 0 27 27 7 7 27 27 161262 2 161262 2 0 0 0 0 27 27 7 7 27 27 161262 2 161262 2 0 0 0 0 27 27 8 8 27 27 161262 2 161262 2 0 0 0 0
154 664 336 664 243 93 0 1000 27 27 7 7 27 27 84915 18 0 0 80291 1 4624 17 26 26 7 7 26 26 84915 18 0 0 80291 1 4624 17 26 26 7 7 26 26 84915 18 0 0 80291 1 4624 17 27 27 7 7 27 27 84915 18 0 0 80291 1 4624 17 27 27 7 7 27 27 84915 18 0 0 80291 1 4624 17 27 27 8 8 27 27 84915 18 0 0 80291 1 4624 17
155 378 622 378 0 622 0 1000 28 28 7 7 28 28 0 0 0 0 0 0 0 0 28 28 7 7 28 28 0 0 0 0 0 0 0 0 26 26 7 7 26 26 0 0 0 0 0 0 0 0 28 28 7 7 28 28 0 0 0 0 0 0 0 0 28 28 7 7 28 28 0 0 0 0 0 0 0 0 28 28 8 8 28 28 0 0 0 0 0 0 0 0
156 523 477 523 0 477 0 1000 28 28 7 7 28 28 0 0 0 0 0 0 0 0 28 28 7 7 28 28 0 0 0 0 0 0 0 0 26 26 7 7 26 26 0 0 0 0 0 0 0 0 28 28 7 7 28 28 0 0 0 0 0 0 0 0 28 28 7 7 28 28 0 0 0 0 0 0 0 0 28 28 8 8 28 28 0 0 0 0 0 0 0 0
157 651 349 651 0 349 0 1000 28 28 7 7 28 28 485898 6 485898 6 0 0 0 0 28 28 7 7 28 28 485898 6 485898 6 0 0 0 0 26 26 7 7 26 26 485898 6 485898 6 0 0 0 0 28 28 7 7 28 28 485898 6 485898 6 0 0 0 0 28 28 7 7 28 28 485898 6 485898 6 0 0 0 0 28 28 8 8 28 28 485898 6 485898 6 0 0 0 0
158 816 184 816 0 184 0 1000 28 28 7 7 28 28 90355 38 0 0 80291 1 10064 37 28 28 7 7 28 28 90355 38 0 0 80291 1 10064 37 26 26 7 7 26 26 90355 38 0 0 80291 1 10064 37 28 28 7 7 28 28 90355 38 0 0 80291 1 10064 37 28 28 7 7 28 28 90355 38 0 0 80291 1 10064 37 28 28 8 8 28 28 90355 38 0 0 80291 1 10064 37
159 865 135 865 0 135 0 1000 28 28 7 7 28 28 0 0 0 0 0 0 0 0 28 28 7 7 28 28 0 0 0 0 0 0 0 0 26 26 7 7 26 26 0 0 0 0 0 0 0 0 28 28 7 7 28 28 0 0 0 0 0 0 0 0 28 28 7 7 28 28 0 0 0 0 0 0 0 0 29 29 8 8 29 29 0 0 0 0 0 0 0 0
160 718 282 718 147 135 0 1000 28 28 7 7 28 28 0 0 0 0 0 0 0 0 28 28 7 7 28 28 0 0 0 0 0 0 0 0 26 26 7 7 26 26 0 0 0 0 0 0 0 0 28 28 7 7 28 28 0 0 0 0 0 0 0 0 28 28 7 7 28 28 0 0 0 0 0 0 0 0 29 29 8 8 29 29 0 0 0 0 0 0 0 0
161 75 925 75 790 135 0 1000 28 28 7 7 28 28 81623 1 81623 1 0 0 0 0 28 28 7 7 28 28 81623 1 81623 1 0 0 0 0 26 26 7 7 26 26 81623 1 81623 1 0 0 0 0 28 28 7 7 28 28 81623 1 81623 1 0 0 0 0 28 28 7 7 28 28 81623 1 81623 1 0 0 0 0 29 29 8 8 29 29 81623 1 81623 1 0 0 0 0
162 229 771 229 656 115 0 1000 28 28 7 7 28 28 83827 14 0 0 80291 1 3536 13 28 28 7 7 28 28 83827 14 0 0 80291 1 3536 13 26 26 7 7 26 26 83827 14 0 0 80291 1 3536 13 28 28 7 7 28 28 83827 14 0 0 80291 1 3536 13 28 28 7 7 28 28 83827 14 0 0 80291 1 3536 13 29 29 8 8 29 29 83827 14 0 0 80291 1 3536 13
163 694 306 694 0 306 0 1000 28 28 7 7 28 28 0 0 0 0 0 0 0 0 28 28 7 7 28 28 0 0 0 0 0 0 0 0 26 26 7 7 26 26 0 0 0 0 0 0 0 0 28 28 7 7 28 28 0 0 0 0 0 0 0 0 28 28 7 7 28 28 0 0 0 0 0 0 0 0 30 30 8 8 30 30 0 0 0 0 0 0 0 0
164 78 922 78 616 306 0 1000 28 28 7 7 28 28 0 0 0 0 0 0 0 0 28 28 7 7 28 28 0 0 0 0 0 0 0 0 26 26 7 7 26 26 0 0 0 0 0 0 0 0 28 28 7 7 28 28 0 0 0 0 0 0 0 0 28 28 7 7 28 28 0 0 0 0 0 0 0 0 30 30 8 8 30 30 0 0 0 0 0 0 0 0
165 793 207 793 147 60 0 1000 28 28 7 7 28 28 161710 2 161710 2 0 0 0 0 28 28 7 7 28 28 161710 2 161710 2 0 0 0 0 26 26 7 7 26 26 161710 2 161710 2 0 0 0 0 28 28 7 7 28 28 161710 2 161710 2 0 0 0 0 28 28 7 7 28 28 161710 2 161710 2 0 0 0 0 30 30 8 8 30 30 161710 2 161710 2 0 0 0 0
166 331 669 331 609 60 0 1000 28 28 7 7 28 28 82467 9 0 0 80291 1 2176 8 28 28 7 7 28 28 82467 9 0 0 80291 1 2176 8 26 26 7 7 26 26 82467 9 0 0 80291 1 2176 8 28 28 7 7 28 28 82467 9 0 0 80291 1 2176 8 28 28 7 7 28 28 82467 9 0 0 80291 1 2176 8 30 30 8 8 30 30 82467 9 0 0 80291 1 2176 8
167 522 478 522 0 478 0 1000 28 28 7 7 28 28 0 0 0 0 0 0 0 0 28 28 7 7 28 28 0 0 0 0 0 0 0 0 31 31 7 7 31 31 0 0 0 0 0 0 0 0 28 28 7 7 28 28 0 0 0 0 0 0 0 0 31 31 7 7 31 31 0 0 0 0 0 0 0 0 31 31 8 8 31 31 0 0 0 0 0 0 0 0
168 528 472 528 0 472 0 1000 28 28 7 7 28 28 0 0 0 0 0 0 0 0 28 28 7 7 28 28 0 0 0 0 0 0 0 0 31 31 7 7 31 31 0 0 0 0 0 0 0 0 28 28 7 7 28 28 0 0 0 0 0 0 0 0 31 31 7 7 31 31 0 0 0 0 0 0 0 0 31 31 8 8 31 31 0 0 0 0 0 0 0 0
169 564 436 564 0 436 0 1000 28 28 7 7 28 28 484169 6 484169 6 0 0 0 0 28 28 7 7 28 28 484169 6 484169 6 0 0 0 0 31 31 7 7 31 31 484169 6 484169 6 0 0 0 0 28 28 7 7 28 28 484169 6 484169 6 0 0 0 0 31 31 7 7 31 31 484169 6 484169 6 0 0 0 0 31 31 8 8 31 31 484169 6 484169 6 0 0 0 0
170 481 519 481 83 436 0 1000 28 28 7 7 28 28 93619 50 0 0 80291 1 13328 49 28 28 7 7 28 28 93619 50 0 0 80291 1 13328 49 31 31 7 7 31 31 93619 50 0 0 80291 1 13328 49 28 28 7 7 28 28 93619 50 0 0 80291 1 13328 49 31 31 7 7 31 31 93619 50 0 0 80291 1 13328 49 31 31 8 8 31 31 93619 50 0 0 80291 1 13328 49
171 112 888 112 0 888 0 1000 32 32 7 7 32 32 0 0 0 0 0 0 0 0 28 28 7 7 28 28 0 0 0 0 0 0 0 0 32 32 7 7 32 32 0 0 0 0 0 0 0 0 32 32 7 7 32 32 0 0 0 0 0 0 0 0 32 32 7 7 32 32 0 0 0 0 0 0 0 0 32 32 8 8 32 32 0 0 0 0 0 0 0 0
172 310 690 310 0 690 0 1000 32 32 7 7 32 32 0 0 0 0 0 0 0 0 28 28 7 7 28 28 0 0 0 0 0 0 0 0 32 32 7 7 32 32 0 0 0 0 0 0 0 0 32 32 7 7 32 32 0 0 0 0 0 0 0 0 32 32 7 7 32 32 0 0 0 0 0 0 0 0 32 32 8 8 32 32 0 0 0 0 0 0 0 0
173 471 529 471 0 529 0 1000 32 32 7 7 32 32 984080 12 984080 12 0 0 0 0 28 28 7 7 28 28 984080 12 984080 12 0 0 0 0 32 32 7 7 32 32 984080 12 984080 12 0 0 0 0 32 32 7 7 32 32 984080 12 984080 12 0 0 0 0 32 32 7 7 32 32 984080 12 984080 12 0 0 0 0 32 32 8 8 32 32 984080 12 984080 12 0 0 0 0
174 406 594 406 65 529 0 1000 32 32 7 7 32 32 91171 41 0 0 80291 1 10880 40 28 28 7 7 28 28 91171 41 0 0 80291 1 10880 40 32 32 7 7 32 32 91171 41 0 0 80291 1 10880 40 32 32 7 7 32 32 91171 41 0 0 80291 1 10880 40 32 32 7 7 32 32 91171 41 0 0 80291 1 10880 40 32 32 8 8 32 32 91171 41 0 0 80291 1 10880 40
175 392 608 392 0 608 0 1000 33 33 7 7 33 33 0 0 0 0 0 0 0 0 33 33 7 7 33 33 0 0 0 0 0 0 0 0 32 32 7 7 32 32 0 0 0 0 0 0 0 0 33 33 7 7 33 33 0 0 0 0 0 0 0 0 33 33 7 7 33 33 0 0 0 0 0 0 0 0 33 33 8 8 33 33 0 0 0 0 0 0 0 0
176 739 261 739 0 261 0 1000 33 33 7 7 33 33 0 0 0 0 0 0 0 0 33 33 7 7 33 33 0 0 0 0 0 0 0 0 32 32 7 7 32 32 0 0 0 0 0 0 0 0 33 33 7 7 33 33 0 0 0 0 0 0 0 0 33 33 7 7 33 33 0 0 0 0 0 0 0 0 33 33 8 8 33 33 0 0 0 0 0 0 0 0
177 672 328 672 67 261 0 1000 33 33 7 7 33 33 245157 3 245157 3 0 0 0 0 33 33 7 7 33 33 245157 3 245157 3 0 0 0 0 32 32 7 7 32 32 245157 3 245157 3 0 0 0 0 33 33 7 7 33 33 245157 3 245157 3 0 0 0 0 33 33 7 7 33 33 245157 3 245157 3 0 0 0 0 33 33 8 8 33 33 245157 3 245157 3 0 0 0 0
178 540 460 540 199 261 0 1000 33 33 7 7 33 33 87363 27 0 0 80291 1 7072 26 33 33 7 7 33 33 87363 27 0 0 80291 1 7072 26 32 32 7 7 32 32 87363 27 0 0 80291 1 7072 26 33 33 7 7 33 33 87363 27 0 0 80291 1 7072 26 33 33 7 7 33 33 87363 27 0 0 80291 1 7072 26 33 33 8 8 33 33 87363 27 0 0 80291 1 7072 26
179 595 405 595 0 405 0 1000 33 33 7 7 33 33 0 0 0 0 0 0 0 0 34 34 7 7 34 34 0 0 0 0 0 0 0 0 32 32 7 7 32 32 0 0 0 0 0 0 0 0 34 34 7 7 34 34 0 0 0 0 0 0 0 0 33 33 7 7 33 33 0 0 0 0 0 0 0 0 34 34 8 8 34 34 0 0 0 0 0 0 0 0
180 861 139 861 0 139 0 1000 33 33 7 7 33 33 0 0 0 0 0 0 0 0 34 34 7 7 34 34 0 0 0 0 0 0 0 0 32 32 7 7 32 32 0 0 0 0 0 0 0 0 34 34 7 7 34 34 0 0 0 0 0 0 0 0 33 33 7 7 33 33 0 0 0 0 0 0 0 0 34 34 8 8 34 34 0 0 0 0 0 0 0 0
181 147 853 147 714 139 0 1000 33 33 7 7 33 33 325084 4 325084 4 0 0 0 0 34 34 7 7 34 34 325084 4 325084 4 0 0 0 0 32 32 7 7 32 32 325084 4 325084 4 0 0 0 0 34 34 7 7 34 34 325084 4 325084 4 0 0 0 0 33 33 7 7 33 33 325084 4 325084 4 0 0 0 0 34 34 8 8 34 34 325084 4 325084 4 0 0 0 0
182 72 928 72 789 139 0 1000 33 33 7 7 33 33 83827 14 0 0 80291 1 3536 13 34 34 7 7 34 34 83827 14 0 0 80291 1 3536 13 32 32 7 7 32 32 83827 14 0 0 80291 1 3536 13 34 34 7 7 34 34 83827 14 0 0 80291 1 3536 13 33 33 7 7 33 33 83827 14 0 0 80291 1 3536 13 34 34 8 8 34 34 83827 14 0 0 80291 1 3536 13
183 398 602 398 0 602 0 1000 33 33 7 7 33 33 0 0 0 0 0 0 0 0 35 35 7 7 35 35 0 0 0 0 0 0 0 0 32 32 7 7 32 32 0 0 0 0 0 0 0 0 35 35 7 7 35 35 0 0 0 0 0 0 0 0 33 33 7 7 33 33 0 0 0 0 0 0 0 0 35 35 8 8 35 35 0 0 0 0 0 0 0 0
184 262 738 262 136 602 0 1000 33 33 7 7 33 33 0 0 0 0 0 0 0 0 35 35 7 7 35 35 0 0 0 0 0 0 0 0 32 32 7 7 32 32 0 0 0 0 0 0 0 0 35 35 7 7 35 35 0 0 0 0 0 0 0 0 33 33 7 7 33 33 0 0 0 0 0 0 0 0 35 35 8 8 35 35 0 0 0 0 0 0 0 0
185 532 468 532 91 377 0 1000 33 33 7 7 33 33 646840 8 646840 8 0 0 0 0 35 35 7 7 35 35 646840 8 646840 8 0 0 0 0 32 32 7 7 32 32 646840 8 646840 8 0 0 0 0 35 35 7 7 35 35 646840 8 646840 8 0 0 0 0 33 33 7 7 33 33 646840 8 646840 8 0 0 0 0 35 35 8 8 35 35 646840 8 646840 8 0 0 0 0
186 746 254 746 39 215 0 1000 33 33 7 7 33 33 90627 39 0 0 80291 1 10336 38 35 35 7 7 35 35 90627 39 0 0 80291 1 10336 38 32 32 7 7 32 32 90627 39 0 0 80291 1 10336 38 35 35 7 7 35 35 90627 39 0 0 80291 1 10336 38 33 33 7 7 33 33 90627 39 0 0 80291 1 10336 38 35 35 8 8 35 35 90627 39 0 0 80291 1 10336 38
187 737 263 737 0 263 0 1000 33 33 7 7 33 33 0 0 0 0 0 0 0 0 36 36 7 7 36 36 0 0 0 0 0 0 0 0 32 32 7 7 32 32 0 0 0 0 0 0 0 0 35 35 7 7 35 35 0 0 0 0 0 0 0 0 33 33 7 7 33 33 0 0 0 0 0 0 0 0 36 36 8 8 36 36 0 0 0 0 0 0 0 0
188 465 535 465 272 263 0 1000 33 33 7 7 33 33 0 0 0 0 0 0 0 0 36 36 7 7 36 36 0 0 0 0 0 0 0 0 32 32 7 7 32 32 0 0 0 0 0 0 0 0 35 35 7 7 35 35 0 0 0 0 0 0 0 0 33 33 7 7 33 33 0 0 0 0 0 0 0 0 36 36 8 8 36 36 0 0 0 0 0 0 0 0
189 93 907 93 644 263 0 1000 33 33 7 7 33 33 326618 4 326618 4 0 0 0 0 36 36 7 7 36 36 326618 4 326618 4 0 0 0 0 32 32 7 7 32 32 326618 4 326618 4 0 0 0 0 35 35 7 7 35 35 326618 4 326618 4 0 0 0 0 33 33 7 7 33 33 326618 4 326618 4 0 0 0 0 36 36 8 8 36 36 326618 4 326618 4 0 0 0 0
190 307 693 307 496 197 0 1000 33 33 7 7 33 33 86547 24 0 0 80291 1 6256 23 36 36 7 7 36 36 86547 24 0 0 80291 1 6256 23 32 32 7 7 32 32 86547 24 0 0 80291 1 6256 23 35 35 7 7 35 35 86547 24 0 0 80291 1 6256 23 33 33 7 7 33 33 86547 24 0 0 80291 1 6256 23 36 36 8 8 36 36 86547 24 0 0 80291 1 6256 23
191 587 413 587 0 413 0 1000 33 33 7 7 33 33 0 0 0 0 0 0 0 0 37 37 7 7 37 37 0 0 0 0 0 0 0 0 32 32 7 7 32 32 0 0 0 0 0 0 0 0 37 37 7 7 37 37 0 0 0 0 0 0 0 0 33 33 7 7 33 33 0 0 0 0 0 0 0 0 37 37 8 8 37 37 0 0 0 0 0 0 0 0
192 557 443 557 30 413 0 1000 33 33 7 7 33 33 0 0 0 0 0 0 0 0 37 37 7 7 37 37 0 0 0 0 0 0 0 0 32 32 7 7 32 32 0 0 0 0 0 0 0 0 37 37 7 7 37 37 0 0 0 0 0 0 0 0 33 33 7 7 33 33 0 0 0 0 0 0 0 0 37 37 8 8 37 37 0 0 0 0 0 0 0 0
193 610 390 610 26 364 0 1000 33 33 7 7 33 33 405875 5 405875 5 0 0 0 0 37 37 7 7 37 37 405875 5 405875 5 0 0 0 0 32 32 7 7 32 32 405875 5 405875 5 0 0 0 0 37 37 7 7 37 37 405875 5 405875 5 0 0 0 0 33 33 7 7 33 33 405875 5 405875 5 0 0 0 0 37 37 8 8 37 37 405875 5 405875 5 0 0 0 0
194 127 873 127 509 364 0 1000 33 33 7 7 33 33 91443 42 0 0 80291 1 11152 41 37 37 7 7 37 37 91443 42 0 0 80291 1 11152 41 32 32 7 7 32 32 91443 42 0 0 80291 1 11152 41 37 37 7 7 37 37 91443 42 0 0 80291 1 11152 41 33 33 7 7 33 33 91443 42 0 0 80291 1 11152 41 37 37 8 8 37 37 91443 42 0 0 80291 1 11152 41
195 201 799 201 0 799 0 1000 38 38 7 7 38 38 0 0 0 0 0 0 0 0 38 38 7 7 38 38 0 0 0 0 0 0 0 0 38 38 7 7 38 38 0 0 0 0 0 0 0 0 38 38 7 7 38 38 0 0 0 0 0 0 0 0 38 38 7 7 38 38 0 0 0 0 0 0 0 0 38 38 8 8 38 38 0 0 0 0 0 0 0 0
196 329 671 329 0 671 0 1000 38 38 7 7 38 38 0 0 0 0 0 0 0 0 38 38 7 7 38 38 0 0 0 0 0 0 0 0 38 38 7 7 38 38 0 0 0 0 0 0 0 0 38 38 7 7 38 38 0 0 0 0 0 0 0 0 38 38 7 7 38 38 0 0 0 0 0 0 0 0 38 38 8 8 38 38 0 0 0 0 0 0 0 0
197 858 142 858 0 142 0 1000 38 38 7 7 38 38 735758 9 735758 9 0 0 0 0 38 38 7 7 38 38 735758 9 735758 9 0 0 0 0 38 38 7 7 38 38 735758 9 735758 9 0 0 0 0 38 38 7 7 38 38 735758 9 735758 9 0 0 0 0 38 38 7 7 38 38 735758 9 735758 9 0 0 0 0 38 38 8 8 38 38 735758 9 735758 9 0 0 0 0
198 628 372 628 230 142 0 1000 38 38 7 7 38 38 86002 22 0 0 80290 1 5712 21 38 38 7 7 38 38 86002 22 0 0 80290 1 5712 21 38 38 7 7 38 38 86002 22 0 0 80290 1 5712 21 38 38 7 7 38 38 86002 22 0 0 80290 1 5712 21 38 38 7 7 38 38 86002 22 0 0 80290 1 5712 21 38 38 8 8 38 38 86002 22 0 0 80290 1 5712 21
199 248 752 248 0 752 0 1000 39 39 7 7 39 39 0 0 0 0 0 0 0 0 39 39 7 7 39 39 0 0 0 0 0 0 0 0 38 38 7 7 38 38 0 0 0 0 0 0 0 0 38 38 7 7 38 38 0 0 0 0 0 0 0 0 39 39 7 7 39 39 0 0 0 0 0 0 0 0 39 39 8 8 39 39 0 0 0 0 0 0 0 0
200 463 537 463 0 537 0 1000 39 39 7 7 39 39 0 0 0 0 0 0 0 0 39 39 7 7 39 39 0 0 0 0 0 0 0 0 38 38 7 7 38 38 0 0 0 0 0 0 0 0 38 38 7 7 38 38 0 0 0 0 0 0 0 0 39 39 7 7 39 39 0 0 0 0 0 0 0 0 39 39 8 8 39 39 0 0 0 0 0 0 0 0
201 362 638 362 101 537 0 1000 39 39 7 7 39 39 648888 8 648888 8 0 0 0 0 39 39 7 7 39 39 648888 8 648888 8 0 0 0 0 38 38 7 7 38 38 648888 8 648888 8 0 0 0 0 38 38 7 7 38 38 648888 8 648888 8 0 0 0 0 39 39 7 7 39 39 648888 8 648888 8 0 0 0 0 39 39 8 8 39 39 648888 8 648888 8 0 0 0 0
202 698 302 698 43 259 0 1000 39 39 7 7 39 39 94979 55 0 0 80291 1 14688 54 39 39 7 7 39 39 94979 55 0 0 80291 1 14688 54 38 38 7 7 38 38 94979 55 0 0 80291 1 14688 54 38 38 7 7 38 38 94979 55 0 0 80291 1 14688 54 39 39 7 7 39 39 94979 55 0 0 80291 1 14688 54 39 39 8 8 39 39 94979 55 0 0 80291 1 14688 54
203 485 515 485 0 515 0 1000 40 40 7 7 40 40 0 0 0 0 0 0 0 0 40 40 7 7 40 40 0 0 0 0 0 0 0 0 40 40 7 7 40 40 0 0 0 0 0 0 0 0 40 40 7 7 40 40 0 0 0 0 0 0 0 0 40 40 7 7 40 40 0 0 0 0 0 0 0 0 40 40 8 8 40 40 0 0 0 0 0 0 0 0
204 635 365 635 0 365 0 1000 40 40 7 7 40 40 0 0 0 0 0 0 0 0 40 40 7 7 40 40 0 0 0 0 0 0 0 0 40 40 7 7 40 40 0 0 0 0 0 0 0 0 40 40 7 7 40 40 0 0 0 0 0 0 0 0 40 40 7 7 40 40 0 0 0 0 0 0 0 0 40 40 8 8 40 40 0 0 0 0 0 0 0 0
205 866 134 866 0 134 0 1000 40 40 7 7 40 40 410834 5 410834 5 0 0 0 0 40 40 7 7 40 40 410834 5 410834 5 0 0 0 0 40 40 7 7 40 40 410834 5 410834 5 0 0 0 0 40 40 7 7 40 40 410834 5 410834 5 0 0 0 0 40 40 7 7 40 40 410834 5 410834 5 0 0 0 0 40 40 8 8 40 40 410834 5 410834 5 0 0 0 0
206 280 720 280 586 134 0 1000 40 40 7 7 40 40 83827 14 0 0 80291 1 3536 13 40 40 7 7 40 40 83827 14 0 0 80291 1 3536 13 40 40 7 7 40 40 83827 14 0 0 80291 1 3536 13 40 40 7 7 40 40 83827 14 0 0 80291 1 3536 13 40 40 7 7 40 40 83827 14 0 0 80291 1 3536 13 40 40 8 8 40 40 83827 14 0 0 80291 1 3536 13
207 66 934 66 0 934 0 1000 41 41 7 7 41 41 0 0 0 0 0 0 0 0 41 41 7 7 41 41 0 0 0 0 0 0 0 0 41 41 7 7 41 41 0 0 0 0 0 0 0 0 41 41 7 7 41 41 0 0 0 0 0 0 0 0 41 41 7 7 41 41 0 0 0 0 0 0 0 0 41 41 8 8 41 41 0 0 0 0 0 0 0 0
208 291 709 291 0 709 0 1000 41 41 7 7 41 41 0 0 0 0 0 0 0 0 41 41 7 7 41 41 0 0 0 0 0 0 0 0 41 41 7 7 41 41 0 0 0 0 0 0 0 0 41 41 7 7 41 41 0 0 0 0 0 0 0 0 41 41 7 7 41 41 0 0 0 0 0 0 0 0 41 41 8 8 41 41 0 0 0 0 0 0 0 0
209 856 144 856 0 144 0 1000 41 41 7 7 41 41 1051111 13 1051111 13 0 0 0 0 41 41 7 7 41 41 1051111 13 1051111 13 0 0 0 0 41 41 7 7 41 41 1051111 13 1051111 13 0 0 0 0 41 41 7 7 41 41 1051111 13 1051111 13 0 0 0 0 41 41 7 7 41 41 1051111 13 1051111 13 0 0 0 0 41 41 8 8 41 41 1051111 13 1051111 13 0 0 0 0
210 694 306 694 162 144 0 1000 41 41 7 7 41 41 85730 21 0 0 80290 1 5440 20 41 41 7 7 41 41 85730 21 0 0 80290 1 5440 20 41 41 7 7 41 41 85730 21 0 0 80290 1 5440 20 41 41 7 7 41 41 85730 21 0 0 80290 1 5440 20 41 41 7 7 41 41 85730 21 0 0 80290 1 5440 20 41 41 8 8 41 41 85730 21 0 0 80290 1 5440 20
211 249 751 249 0 751 0 1000 42 42 7 7 42 42 0 0 0 0 0 0 0 0 41 41 7 7 41 41 0 0 0 0 0 0 0 0 42 42 7 7 42 42 0 0 0 0 0 0 0 0 42 42 7 7 42 42 0 0 0 0 0 0 0 0 42 42 7 7 42 42 0 0 0 0 0 0 0 0 42 42 8 8 42 42 0 0 0 0 0 0 0 0
212 654 346 654 0 346 0 1000 42 42 7 7 42 42 0 0 0 0 0 0 0 0 41 41 7 7 41 41 0 0 0 0 0 0 0 0 42 42 7 7 42 42 0 0 0 0 0 0 0 0 42 42 7 7 42 42 0 0 0 0 0 0 0 0 42 42 7 7 42 42 0 0 0 0 0 0 0 0 42 42 8 8 42 42 0 0 0 0 0 0 0 0
213 192 808 192 462 346 0 1000 42 42 7 7 42 42 324315 4 324315 4 0 0 0 0 41 41 7 7 41 41 324315 4 324315 4 0 0 0 0 42 42 7 7 42 42 324315 4 324315 4 0 0 0 0 42 42 7 7 42 42 324315 4 324315 4 0 0 0 0 42 42 7 7 42 42 324315 4 324315 4 0 0 0 0 42 42 8 8 42 42 324315 4 324315 4 0 0 0 0
214 607 393 607 221 172 0 1000 42 42 7 7 42 42 90627 39 0 0 80291 1 10336 38 41 41 7 7 41 41 90627 39 0 0 80291 1 10336 38 42 42 7 7 42 42 90627 39 0 0 80291 1 10336 38 42 42 7 7 42 42 90627 39 0 0 80291 1 10336 38 42 42 7 7 42 42 90627 39 0 0 80291 1 10336 38 42 42 8 8 42 42 90627 39 0 0 80291 1 10336 38
215 317 683 317 0 683 0 1000 43 43 7 7 43 43 0 0 0 0 0 0 0 0 43 43 7 7 43 43 0 0 0 0 0 0 0 0 43 43 7 7 43 43 0 0 0 0 0 0 0 0 43 43 7 7 43 43 0 0 0 0 0 0 0 0 43 43 7 7 43 43 0 0 0 0 0 0 0 0 43 43 8 8 43 43 0 0 0 0 0 0 0 0
216 576 424 576 0 424 0 1000 43 43 7 7 43 43 0 0 0 0 0 0 0 0 43 43 7 7 43 43 0 0 0 0 0 0 0 0 43 43 7 7 43 43 0 0 0 0 0 0 0 0 43 43 7 7 43 43 0 0 0 0 0 0 0 0 43 43 7 7 43 43 0 0 0 0 0 0 0 0 43 43 8 8 43 43 0 0 0 0 0 0 0 0
217 155 845 155 421 424 0 1000 43 43 7 7 43 43 653238 8 653238 8 0 0 0 0 43 43 7 7 43 43 653238 8 653238 8 0 0 0 0 43 43 7 7 43 43 653238 8 653238 8 0 0 0 0 43 43 7 7 43 43 653238 8 653238 8 0 0 0 0 43 43 7 7 43 43 653238 8 653238 8 0 0 0 0 43 43 8 8 43 43 653238 8 653238 8 0 0 0 0
218 756 244 756 112 132 0 1000 43 43 7 7 43 43 89267 34 0 0 80291 1 8976 33 43 43 7 7 43 43 89267 34 0 0 80291 1 8976 33 43 43 7 7 43 43 89267 34 0 0 80291 1 8976 33 43 43 7 7 43 43 89267 34 0 0 80291 1 8976 33 43 43 7 7 43 43 89267 34 0 0 80291 1 8976 33 43 43 8 8 43 43 89267 34 0 0 80291 1 8976 33
219 57 943 57 0 943 0 1000 44 44 7 7 44 44 0 0 0 0 0 0 0 0 44 44 7 7 44 44 0 0 0 0 0 0 0 0 44 44 7 7 44 44 0 0 0 0 0 0 0 0 44 44 7 7 44 44 0 0 0 0 0 0 0 0 44 44 7 7 44 44 0 0 0 0 0 0 0 0 44 44 8 8 44 44 0 0 0 0 0 0 0 0
220 13 987 13 44 943 0 1000 44 44 7 7 44 44 0 0 0 0 0 0 0 0 44 44 7 7 44 44 0 0 0 0 0 0 0 0 44 44 7 7 44 44 0 0 0 0 0 0 0 0 44 44 7 7 44 44 0 0 0 0 0 0 0 0 44 44 7 7 44 44 0 0 0 0 0 0 0 0 44 44 8 8 44 44 0 0 0 0 0 0 0 0
221 7 993 7 50 943 0 1000 44 44 7 7 44 44 1303918 16 1303918 16 0 0 0 0 44 44 7 7 44 44 1303918 16 1303918 16 0 0 0 0 44 44 7 7 44 44 1303918 16 1303918 16 0 0 0 0 44 44 7 7 44 44 1303918 16 1303918 16 0 0 0 0 44 44 7 7 44 44 1303918 16 1303918 16 0 0 0 0 44 44 8 8 44 44 1303918 16 1303918 16 0 0 0 0
222 286 714 286 33 681 0 1000 44 44 7 7 44 44 100691 76 0 0 80291 1 20400 75 44 44 7 7 44 44 100691 76 0 0 80291 1 20400 75 44 44 7 7 44 44 100691 76 0 0 80291 1 20400 75 44 44 7 7 44 44 100691 76 0 0 80291 1 20400 75 44 44 7 7 44 44 100691 76 0 0 80291 1 20400 75 44 44 8 8 44 44 100691 76 0 0 80291 1 20400 75
223 16 984 16 0 984 0 1000 45 45 7 7 45 45 0 0 0 0 0 0 0 0 45 45 7 7 45 45 0 0 0 0 0 0 0 0 45 45 7 7 45 45 0 0 0 0 0 0 0 0 44 44 7 7 44 44 0 0 0 0 0 0 0 0 45 45 7 7 45 45 0 0 0 0 0 0 0 0 45 45 8 8 45 45 0 0 0 0 0 0 0 0
224 43 957 43 0 957 0 1000 45 45 7 7 45 45 0 0 0 0 0 0 0 0 45 45 7 7 45 45 0 0 0 0 0 0 0 0 45 45 7 7 45 45 0 0 0 0 0 0 0 0 44 44 7 7 44 44 0 0 0 0 0 0 0 0 45 45 7 7 45 45 0 0 0 0 0 0 0 0 45 45 8 8 45 45 0 0 0 0 0 0 0 0
225 396 604 396 0 604 0 1000 45 45 7 7 45 45 1242583 15 1242583 15 0 0 0 0 45 45 7 7 45 45 1242583 15 1242583 15 0 0 0 0 45 45 7 7 45 45 1242583 15 1242583 15 0 0 0 0 44 44 7 7 44 44 1242583 15 1242583 15 0 0 0 0 45 45 7 7 45 45 1242583 15 1242583 15 0 0 0 0 45 45 8 8 45 45 1242583 15 1242583 15 0 0 0 0
226 98 902 98 298 604 0 1000 45 45 7 7 45 45 96339 60 0 0 80291 1 16048 59 45 45 7 7 45 45 96339 60 0 0 80291 1 16048 59 45 45 7 7 45 45 96339 60 0 0 80291 1 16048 59 44 44 7 7 44 44 96339 60 0 0 80291 1 16048 59 45 45 7 7 45 45 96339 60 0 0 80291 1 16048 59 45 45 8 8 45 45 96339 60 0 0 80291 1 16048 59
227 235 765 235 0 765 0 1000 45 45 7 7 45 45 0 0 0 0 0 0 0 0 46 46 7 7 46 46 0 0 0 0 0 0 0 0 46 46 7 7 46 46 0 0 0 0 0 0 0 0 46 46 7 7 46 46 0 0 0 0 0 0 0 0 45 45 7 7 45 45 0 0 0 0 0 0 0 0 46 46 8 8 46 46 0 0 0 0 0 0 0 0
228 240 760 240 0 760 0 1000 45 45 7 7 45 45 0 0 0 0 0 0 0 0 46 46 7 7 46 46 0 0 0 0 0 0 0 0 46 46 7 7 46 46 0 0 0 0 0 0 0 0 46 46 7 7 46 46 0 0 0 0 0 0 0 0 45 45 7 7 45 45 0 0 0 0 0 0 0 0 46 46 8 8 46 46 0 0 0 0 0 0 0 0
229 174 826 174 66 760 0 1000 45 45 7 7 45 45 1481886 18 1481886 18 0 0 0 0 46 46 7 7 46 46 1481886 18 1481886 18 0 0 0 0 46 46 7 7 46 46 1481886 18 1481886 18 0 0 0 0 46 46 7 7 46 46 1481886 18 1481886 18 0 0 0 0 45 45 7 7 45 45 1481886 18 1481886 18 0 0 0 0 46 46 8 8 46 46 1481886 18 1481886 18 0 0 0 0
230 562 438 562 31 407 0 1000 45 45 7 7 45 45 100691 76 0 0 80291 1 20400 75 46 46 7 7 46 46 100691 76 0 0 80291 1 20400 75 46 46 7 7 46 46 100691 76 0 0 80291 1 20400 75 46 46 7 7 46 46 100691 76 0 0 80291 1 20400 75 45 45 7 7 45 45 100691 76 0 0 80291 1 20400 75 46 46 8 8 46 46 100691 76 0 0 80291 1 20400 75
231 797 203 797 0 203 0 1000 45 45 7 7 45 45 0 0 0 0 0 0 0 0 47 47 7 7 47 47 0 0 0 0 0 0 0 0 46 46 7 7 46 46 0 0 0 0 0 0 0 0 46 46 7 7 46 46 0 0 0 0 0 0 0 0 45 45 7 7 45 45 0 0 0 0 0 0 0 0 47 47 8 8 47 47 0 0 0 0 0 0 0 0
232 274 726 274 523 203 0 1000 45 45 7 7 45 45 0 0 0 0 0 0 0 0 47 47 7 7 47 47 0 0 0 0 0 0 0 0 46 46 7 7 46 46 0 0 0 0 0 0 0 0 46 46 7 7 46 46 0 0 0 0 0 0 0 0 45 45 7 7 45 45 0 0 0 0 0 0 0 0 47 47 8 8 47 47 0 0 0 0 0 0 0 0
233 446 554 446 401 153 0 1000 45 45 7 7 45 45 82839 1 82839 1 0 0 0 0 47 47 7 7 47 47 82839 1 82839 1 0 0 0 0 46 46 7 7 46 46 82839 1 82839 1 0 0 0 0 46 46 7 7 46 46 82839 1 82839 1 0 0 0 0 45 45 7 7 45 45 82839 1 82839 1 0 0 0 0 47 47 8 8 47 47 82839 1 82839 1 0 0 0 0
234 90 910 90 757 153 0 1000 45 45 7 7 45 45 84099 15 0 0 80291 1 3808 14 47 47 7 7 47 47 84099 15 0 0 80291 1 3808 14 46 46 7 7 46 46 84099 15 0 0 80291 1 3808 14 46 46 7 7 46 46 84099 15 0 0 80291 1 3808 14 45 45 7 7 45 45 84099 15 0 0 80291 1 3808 14 47 47 8 8 47 47 84099 15 0 0 80291 1 3808 14
235 363 637 363 0 637 0 1000 45 45 7 7 45 45 0 0 0 0 0 0 0 0 48 48 7 7 48 48 0 0 0 0 0 0 0 0 46 46 7 7 46 46 0 0 0 0 0 0 0 0 46 46 7 7 46 46 0 0 0 0 0 0 0 0 48 48 7 7 48 48 0 0 0 0 0 0 0 0 48 48 8 8 48 48 0 0 0 0 0 0 0 0
236 706 294 706 0 294 0 1000 45 45 7 7 45 45 0 0 0 0 0 0 0 0 48 48 7 7 48 48 0 0 0 0 0 0 0 0 46 46 7 7 46 46 0 0 0 0 0 0 0 0 46 46 7 7 46 46 0 0 0 0 0 0 0 0 48 48 7 7 48 48 0 0 0 0 0 0 0 0 48 48 8 8 48 48 0 0 0 0 0 0 0 0
237 219 781 219 487 294 0 1000 45 45 7 7 45 45 323548 4 323548 4 0 0 0 0 48 48 7 7 48 48 323548 4 323548 4 0 0 0 0 46 46 7 7 46 46 323548 4 323548 4 0 0 0 0 46 46 7 7 46 46 323548 4 323548 4 0 0 0 0 48 48 7 7 48 48 323548 4 323548 4 0 0 0 0 48 48 8 8 48 48 323548 4 323548 4 0 0 0 0
238 75 925 75 631 294 0 1000 45 45 7 7 45 45 86547 24 0 0 80291 1 6256 23 48 48 7 7 48 48 86547 24 0 0 80291 1 6256 23 46 46 7 7 46 46 86547 24 0 0 80291 1 6256 23 46 46 7 7 46 46 86547 24 0 0 80291 1 6256 23 48 48 7 7 48 48 86547 24 0 0 80291 1 6256 23 48 48 8 8 48 48 86547 24 0 0 80291 1 6256 23
239 613 387 613 0 387 0 1000 45 45 7 7 45 45 0 0 0 0 0 0 0 0 49 49 7 7 49 49 0 0 0 0 0 0 0 0 49 49 7 7 49 49 0 0 0 0 0 0 0 0 49 49 7 7 49 49 0 0 0 0 0 0 0 0 49 49 7 7 49 49 0 0 0 0 0 0 0 0 49 49 8 8 49 49 0 0 0 0 0 0 0 0
240 126 874 126 487 387 0 1000 45 45 7 7 45 45 0 0 0 0 0 0 0 0 49 49 7 7 49 49 0 0 0 0 0 0 0 0 49 49 7 7 49 49 0 0 0 0 0 0 0 0 49 49 7 7 49 49 0 0 0 0 0 0 0 0 49 49 7 7 49 49 0 0 0 0 0 0 0 0 49 49 8 8 49 49 0 0 0 0 0 0 0 0
241 214 786 214 431 355 0 1000 45 45 7 7 45 45 243523 3 243523 3 0 0 0 0 49 49 7 7 49 49 243523 3 243523 3 0 0 0 0 49 49 7 7 49 49 243523 3 243523 3 0 0 0 0 49 49 7 7 49 49 243523 3 243523 3 0 0 0 0 49 49 7 7 49 49 243523 3 243523 3 0 0 0 0 49 49 8 8 49 49 243523 3 243523 3 0 0 0 0
242 256 744 256 407 337 0 1000 45 45 7 7 45 45 90626 39 0 0 80290 1 10336 38 49 49 7 7 49 49 90626 39 0 0 80290 1 10336 38 49 49 7 7 49 49 90626 39 0 0 80290 1 10336 38 49 49 7 7 49 49 90626 39 0 0 80290 1 10336 38 49 49 7 7 49 49 90626 39 0 0 80290 1 10336 38 49 49 8 8 49 49 90626 39 0 0 80290 1 10336 38
243 382 618 382 0 618 0 1000 50 50 7 7 50 50 0 0 0 0 0 0 0 0 49 49 7 7 49 49 0 0 0 0 0 0 0 0 49 49 7 7 49 49 0 0 0 0 0 0 0 0 50 50 7 7 50 50 0 0 0 0 0 0 0 0 50 50 7 7 50 50 0 0 0 0 0 0 0 0 50 50 8 8 50 50 0 0 0 0 0 0 0 0
244 399 601 399 0 601 0 1000 50 50 7 7 50 50 0 0 0 0 0 0 0 0 49 49 7 7 49 49 0 0 0 0 0 0 0 0 49 49 7 7 49 49 0 0 0 0 0 0 0 0 50 50 7 7 50 50 0 0 0 0 0 0 0 0 50 50 7 7 50 50 0 0 0 0 0 0 0 0 50 50 8 8 50 50 0 0 0 0 0 0 0 0
245 526 474 526 0 474 0 1000 50 50 7 7 50 50 816550 10 816550 10 0 0 0 0 49 49 7 7 49 49 816550 10 816550 10 0 0 0 0 49 49 7 7 49 49 816550 10 816550 10 0 0 0 0 50 50 7 7 50 50 816550 10 816550 10 0 0 0 0 50 50 7 7 50 50 816550 10 816550 10 0 0 0 0 50 50 8 8 50 50 816550 10 816550 10 0 0 0 0
246 52 948 52 474 474 0 1000 50 50 7 7 50 50 94163 52 0 0 80291 1 13872 51 49 49 7 7 49 49 94163 52 0 0 80291 1 13872 51 49 49 7 7 49 49 94163 52 0 0 80291 1 13872 51 50 50 7 7 50 50 94163 52 0 0 80291 1 13872 51 50 50 7 7 50 50 94163 52 0 0 80291 1 13872 51 50 50 8 8 50 50 94163 52 0 0 80291 1 13872 51
247 662 338 662 0 338 0 1000 50 50 7 7 50 50 0 0 0 0 0 0 0 0 51 51 7 7 51 51 0 0 0 0 0 0 0 0 51 51 7 7 51 51 0 0 0 0 0 0 0 0 51 51 7 7 51 51 0 0 0 0 0 0 0 0 51 51 7 7 51 51 0 0 0 0 0 0 0 0 51 51 8 8 51 51 0 0 0 0 0 0 0 0
248 558 442 558 104 338 0 1000 50 50 7 7 50 50 0 0 0 0 0 0 0 0 51 51 7 7 51 51 0 0 0 0 0 0 0 0 51 51 7 7 51 51 0 0 0 0 0 0 0 0 51 51 7 7 51 51 0 0 0 0 0 0 0 0 51 51 7 7 51 51 0 0 0 0 0 0 0 0 51 51 8 8 51 51 0 0 0 0 0 0 0 0
249 435 565 435 227 338 0 1000 50 50 7 7 50 50 328284 4 328284 4 0 0 0 0 51 51 7 7 51 51 328284 4 328284 4 0 0 0 0 51 51 7 7 51 51 328284 4 328284 4 0 0 0 0 51 51 7 7 51 51 328284 4 328284 4 0 0 0 0 51 51 7 7 51 51 328284 4 328284 4 0 0 0 0 51 51 8 8 51 51 328284 4 328284 4 0 0 0 0
250 549 451 549 184 267 0 1000 50 50 7 7 50 50 88995 33 0 0 80291 1 8704 32 51 51 7 7 51 51 88995 33 0 0 80291 1 8704 32 51 51 7 7 51 51 88995 33 0 0 80291 1 8704 32 51 51 7 7 51 51 88995 33 0 0 80291 1 8704 32 51 51 7 7 51 51 88995 33 0 0 80291 1 8704 32 51 51 8 8 51 51 88995 33 0 0 80291 1 8704 32
251 657 343 657 0 343 0 1000 50 50 7 7 50 50 0 0 0 0 0 0 0 0 52 52 7 7 52 52 0 0 0 0 0 0 0 0 52 52 7 7 52 52 0 0 0 0 0 0 0 0 51 51 7 7 51 51 0 0 0 0 0 0 0 0 52 52 7 7 52 52 0 0 0 0 0 0 0 0 52 52 8 8 52 52 0 0 0 0 0 0 0 0
252 264 736 264 393 343 0 1000 50 50 7 7 50 50 0 0 0 0 0 0 0 0 52 52 7 7 52 52 0 0 0 0 0 0 0 0 52 52 7 7 52 52 0 0 0 0 0 0 0 0 51 51 7 7 51 51 0 0 0 0 0 0 0 0 52 52 7 7 52 52 0 0 0 0 0 0 0 0 52 52 8 8 52 52 0 0 0 0 0 0 0 0
253 51 949 51 606 343 0 1000 50 50 7 7 50 50 407315 5 407315 5 0 0 0 0 52 52 7 7 52 52 407315 5 407315 5 0 0 0 0 52 52 7 7 52 52 407315 5 407315 5 0 0 0 0 51 51 7 7 51 51 407315 5 407315 5 0 0 0 0 52 52 7 7 52 52 407315 5 407315 5 0 0 0 0 52 52 8 8 52 52 407315 5 407315 5 0 0 0 0
254 490 510 490 325 185 0 1000 50 50 7 7 50 50 90899 40 0 0 80291 1 10608 39 52 52 7 7 52 52 90899 40 0 0 80291 1 10608 39 52 52 7 7 52 52 90899 40 0 0 80291 1 10608 39 51 51 7 7 51 51 90899 40 0 0 80291 1 10608 39 52 52 7 7 52 52 90899 40 0 0 80291 1 10608 39 52 52 8 8 52 52 90899 40 0 0 80291 1 10608 39
255 64 936 64 0 936 0 1000 53 53 7 7 53 53 0 0 0 0 0 0 0 0 52 52 7 7 52 52 0 0 0 0 0 0 0 0 52 52 7 7 52 52 0 0 0 0 0 0 0 0 53 53 7 7 53 53 0 0 0 0 0 0 0 0 53 53 7 7 53 53 0 0 0 0 0 0 0 0 53 53 8 8 53 53 0 0 0 0 0 0 0 0
256 740 260 740 0 260 0 1000 53 53 7 7 53 53 0 0 0 0 0 0 0 0 52 52 7 7 52 52 0 0 0 0 0 0 0 0 52 52 7 7 52 52 0 0 0 0 0 0 0 0 53 53 7 7 53 53 0 0 0 0 0 0 0 0 53 53 7 7 53 53 0 0 0 0 0 0 0 0 53 53 8 8 53 53 0 0 0 0 0 0 0 0
257 218 782 218 522 260 0 1000 53 53 7 7 53 53 245061 3 245061 3 0 0 0 0 52 52 7 7 52 52 245061 3 245061 3 0 0 0 0 52 52 7 7 52 52 245061 3 245061 3 0 0 0 0 53 53 7 7 53 53 245061 3 245061 3 0 0 0 0 53 53 7 7 53 53 245061 3 245061 3 0 0 0 0 53 53 8 8 53 53 245061 3 245061 3 0 0 0 0
258 474 526 474 352 174 0 1000 53 53 7 7 53 53 87091 26 0 0 80291 1 6800 25 52 52 7 7 52 52 87091 26 0 0 80291 1 6800 25 52 52 7 7 52 52 87091 26 0 0 80291 1 6800 25 53 53 7 7 53 53 87091 26 0 0 80291 1 6800 25 53 53 7 7 53 53 87091 26 0 0 80291 1 6800 25 53 53 8 8 53 53 87091 26 0 0 80291 1 6800 25
259 206 794 206 0 794 0 1000 54 54 7 7 54 54 0 0 0 0 0 0 0 0 52 52 7 7 52 52 0 0 0 0 0 0 0 0 52 52 7 7 52 52 0 0 0 0 0 0 0 0 53 53 7 7 53 53 0 0 0 0 0 0 0 0 54 54 7 7 54 54 0 0 0 0 0 0 0 0 54 54 8 8 54 54 0 0 0 0 0 0 0 0
260 741 259 741 0 259 0 1000 54 54 7 7 54 54 0 0 0 0 0 0 0 0 52 52 7 7 52 52 0 0 0 0 0 0 0 0 52 52 7 7 52 52 0 0 0 0 0 0 0 0 53 53 7 7 53 53 0 0 0 0 0 0 0 0 54 54 7 7 54 54 0 0 0 0 0 0 0 0 54 54 8 8 54 54 0 0 0 0 0 0 0 0
261 705 295 705 36 259 0 1000 54 54 7 7 54 54 243717 3 243717 3 0 0 0 0 52 52 7 7 52 52 243717 3 243717 3 0 0 0 0 52 52 7 7 52 52 243717 3 243717 3 0 0 0 0 53 53 7 7 53 53 243717 3 243717 3 0 0 0 0 54 54 7 7 54 54 243717 3 243717 3 0 0 0 0 54 54 8 8 54 54 243717 3 243717 3 0 0 0 0
262 16 984 16 725 259 0 1000 54 54 7 7 54 54 87091 26 0 0 80291 1 6800 25 52 52 7 7 52 52 87091 26 0 0 80291 1 6800 25 52 52 7 7 52 52 87091 26 0 0 80291 1 6800 25 53 53 7 7 53 53 87091 26 0 0 80291 1 6800 25 54 54 7 7 54 54 87091 26 0 0 80291 1 6800 25 54 54 8 8 54 54 87091 26 0 0 80291 1 6800 25
263 343 657 343 0 657 0 1000 55 55 7 7 55 55 0 0 0 0 0 0 0 0 55 55 7 7 55 55 0 0 0 0 0 0 0 0 52 52 7 7 52 52 0 0 0 0 0 0 0 0 53 53 7 7 53 53 0 0 0 0 0 0 0 0 54 54 7 7 54 54 0 0 0 0 0 0 0 0 55 55 8 8 55 55 0 0 0 0 0 0 0 0
264 500 500 500 0 500 0 1000 55 55 7 7 55 55 0 0 0 0 0 0 0 0 55 55 7 7 55 55 0 0 0 0 0 0 0 0 52 52 7 7 52 52 0 0 0 0 0 0 0 0 53 53 7 7 53 53 0 0 0 0 0 0 0 0 54 54 7 7 54 54 0 0 0 0 0 0 0 0 55 55 8 8 55 55 0 0 0 0 0 0 0 0
265 517 483 517 0 483 0 1000 55 55 7 7 55 55 324955 4 324955 4 0 0 0 0 55 55 7 7 55 55 324955 4 324955 4 0 0 0 0 52 52 7 7 52 52 324955 4 324955 4 0 0 0 0 53 53 7 7 53 53 324955 4 324955 4 0 0 0 0 54 54 7 7 54 54 324955 4 324955 4 0 0 0 0 55 55 8 8 55 55 324955 4 324955 4 0 0 0 0
266 278 722 278 239 483 0 1000 55 55 7 7 55 55 92803 47 0 0 80291 1 12512 46 55 55 7 7 55 55 92803 47 0 0 80291 1 12512 46 52 52 7 7 52 52 92803 47 0 0 80291 1 12512 46 53 53 7 7 53 53 92803 47 0 0 80291 1 12512 46 54 54 7 7 54 54 92803 47 0 0 80291 1 12512 46 55 55 8 8 55 55 92803 47 0 0 80291 1 12512 46
267 860 140 860 0 140 0 1000 55 55 7 7 55 55 0 0 0 0 0 0 0 0 56 56 7 7 56 56 0 0 0 0 0 0 0 0 56 56 7 7 56 56 0 0 0 0 0 0 0 0 53 53 7 7 53 53 0 0 0 0 0 0 0 0 54 54 7 7 54 54 0 0 0 0 0 0 0 0 56 56 8 8 56 56 0 0 0 0 0 0 0 0
268 326 674 326 534 140 0 1000 55 55 7 7 55 55 0 0 0 0 0 0 0 0 56 56 7 7 56 56 0 0 0 0 0 0 0 0 56 56 7 7 56 56 0 0 0 0 0 0 0 0 53 53 7 7 53 53 0 0 0 0 0 0 0 0 54 54 7 7 54 54 0 0 0 0 0 0 0 0 56 56 8 8 56 56 0 0 0 0 0 0 0 0
269 190 810 190 670 140 0 1000 55 55 7 7 55 55 81911 1 81911 1 0 0 0 0 56 56 7 7 56 56 81911 1 81911 1 0 0 0 0 56 56 7 7 56 56 81911 1 81911 1 0 0 0 0 53 53 7 7 53 53 81911 1 81911 1 0 0 0 0 54 54 7 7 54 54 81911 1 81911 1 0 0 0 0 56 56 8 8 56 56 81911 1 81911 1 0 0 0 0
270 189 811 189 671 140 0 1000 55 55 7 7 55 55 83827 14 0 0 80291 1 3536 13 56 56 7 7 56 56 83827 14 0 0 80291 1 3536 13 56 56 7 7 56 56 83827 14 0 0 80291 1 3536 13 53 53 7 7 53 53 83827 14 0 0 80291 1 3536 13 54 54 7 7 54 54 83827 14 0 0 80291 1 3536 13 56 56 8 8 56 56 83827 14 0 0 80291 1 3536 13
271 79 921 79 0 921 0 1000 57 57 7 7 57 57 0 0 0 0 0 0 0 0 57 57 7 7 57 57 0 0 0 0 0 0 0 0 57 57 7 7 57 57 0 0 0 0 0 0 0 0 57 57 7 7 57 57 0 0 0 0 0 0 0 0 57 57 7 7 57 57 0 0 0 0 0 0 0 0 57 57 8 8 57 57 0 0 0 0 0 0 0 0
272 724 276 724 0 276 0 1000 57 57 7 7 57 57 0 0 0 0 0 0 0 0 57 57 7 7 57 57 0 0 0 0 0 0 0 0 57 57 7 7 57 57 0 0 0 0 0 0 0 0 57 57 7 7 57 57 0 0 0 0 0 0 0 0 57 57 7 7 57 57 0 0 0 0 0 0 0 0 57 57 8 8 57 57 0 0 0 0 0 0 0 0
273 819 181 819 0 181 0 1000 57 57 7 7 57 57 323417 4 323417 4 0 0 0 0 57 57 7 7 57 57 323417 4 323417 4 0 0 0 0 57 57 7 7 57 57 323417 4 323417 4 0 0 0 0 57 57 7 7 57 57 323417 4 323417 4 0 0 0 0 57 57 7 7 57 57 323417 4 323417 4 0 0 0 0 57 57 8 8 57 57 323417 4 323417 4 0 0 0 0
274 459 541 459 360 181 0 1000 57 57 7 7 57 57 84914 18 0 0 80290 1 4624 17 57 57 7 7 57 57 84914 18 0 0 80290 1 4624 17 57 57 7 7 57 57 84914 18 0 0 80290 1 4624 17 57 57 7 7 57 57 84914 18 0 0 80290 1 4624 17 57 57 7 7 57 57 84914 18 0 0 80290 1 4624 17 57 57 8 8 57 57 84914 18 0 0 80290 1 4624 17
275 0 1000 0 0 1000 0 1000 58 58 7 7 58 58 0 0 0 0 0 0 0 0 58 58 7 7 58 58 0 0 0 0 0 0 0 0 58 58 7 7 58 58 0 0 0 0 0 0 0 0 58 58 7 7 58 58 0 0 0 0 0 0 0 0 58 58 7 7 58 58 0 0 0 0 0 0 0 0 58 58 8 8 58 58 0 0 0 0 0 0 0 0
276 0 1000 0 0 1000 0 1000 58 58 7 7 58 58 0 0 0 0 0 0 0 0 58 58 7 7 58 58 0 0 0 0 0 0 0 0 58 58 7 7 58 58 0 0 0 0 0 0 0 0 58 58 7 7 58 58 0 0 0 0 0 0 0 0 58 58 7 7 58 58 0 0 0 0 0 0 0 0 58 58 8 8 58 58 0 0 0 0 0 0 0 0
277 0 1000 0 0 1000 0 1000 58 58 7 7 58 58 1862605 23 1862605 23 0 0 0 0 58 58 7 7 58 58 1862605 23 1862605 23 0 0 0 0 58 58 7 7 58 58 1862605 23 1862605 23 0 0 0 0 58 58 7 7 58 58 1862605 23 1862605 23 0 0 0 0 58 58 7 7 58 58 1862605 23 1862605 23 0 0 0 0 58 58 8 8 58 58 1862605 23 1862605 23 0 0 0 0
278 0 1000 0 0 1000 0 1000 69 69 69 69 58 58 105858 95 0 0 80290 1 25568 94 69 69 69 69 58 58 105858 95 0 0 80290 1 25568 94 69 69 69 69 58 58 105858 95 0 0 80290 1 25568 94 69 69 69 69 58 58 105858 95 0 0 80290 1 25568 94 69 69 69 69 58 58 105858 95 0 0 80290 1 25568 94 69 69 69 69 58 58 105858 95 0 0 80290 1 25568 94
279 0 1000 0 0 1000 0 1000 69 69 69 69 59 59 0 0 0 0 0 0 0 0 69 69 69 69 59 59 0 0 0 0 0 0 0 0 69 69 69 69 59 59 0 0 0 0 0 0 0 0 69 69 69 69 59 59 0 0 0 0 0 0 0 0 69 69 69 69 59 59 0 0 0 0 0 0 0 0 69 69 69 69 59 59 0 0 0 0 0 0 0 0
280 0 1000 0 0 1000 0 1000 69 69 69 69 59 59 0 0 0 0 0 0 0 0 69 69 69 69 59 59 0 0 0 0 0 0 0 0 69 69 69 69 59 59 0 0 0 0 0 0 0 0 69 69 69 69 59 59 0 0 0 0 0 0 0 0 69 69 69 69 59 59 0 0 0 0 0 0 0 0 69 69 69 69 59 59 0 0 0 0 0 0 0 0
281 0 1000 0 0 1000 0 1000 69 69 69 69 59 59 1084809 13 1084809 13 0 0 0 0 69 69 69 69 59 59 1084809 13 1084809 13 0 0 0 0 69 69 69 69 59 59 1084809 13 1084809 13 0 0 0 0 69 69 69 69 59 59 1084809 13 1084809 13 0 0 0 0 69 69 69 69 59 59 1084809 13 1084809 13 0 0 0 0 69 69 69 69 59 59 1084809 13 1084809 13 0 0 0 0
282 0 1000 0 0 1000 0 1000 70 70 70 70 59 59 107763 102 0 0 80291 1 27472 101 70 70 70 70 59 59 107763 102 0 0 80291 1 27472 101 70 70 70 70 59 59 107763 102 0 0 80291 1 27472 101 70 70 70 70 59 59 107763 102 0 0 80291 1 27472 101 70 70 70 70 59 59 107763 102 0 0 80291 1 27472 101 70 70 70 70 59 59 107763 102 0 0 80291 1 27472 101
283 0 1000 0 0 1000 0 1000 70 70 70 70 60 60 0 0 0 0 0 0 0 0 70 70 70 70 60 60 0 0 0 0 0 0 0 0 70 70 70 70 60 60 0 0 0 0 0 0 0 0 70 70 70 70 60 60 0 0 0 0 0 0 0 0 70 70 70 70 60 60 0 0 0 0 0 0 0 0 70 70 70 70 60 60 0 0 0 0 0 0 0 0
284 0 1000 0 0 1000 0 1000 70 70 70 70 60 60 0 0 0 0 0 0 0 0 70 70 70 70 60 60 0 0 0 0 0 0 0 0 70 70 70 70 60 60 0 0 0 0 0 0 0 0 70 70 70 70 60 60 0 0 0 0 0 0 0 0 70 70 70 70 60 60 0 0 0 0 0 0 0 0 70 70 70 70 60 60 0 0 0 0 0 0 0 0
285 0 1000 0 0 1000 0 1000 70 70 70 70 60 60 1255063 15 1255063 15 0 0 0 0 70 70 70 70 60 60 1255063 15 1255063 15 0 0 0 0 70 70 70 70 60 60 1255063 15 1255063 15 0 0 0 0 70 70 70 70 60 60 1255063 15 1255063 15 0 0 0 0 70 70 70 70 60 60 1255063 15 1255063 15 0 0 0 0 70 70 70 70 60 60 1255063 15 1255063 15 0 0 0 0
286 0 1000 0 0 1000 0 1000 71 71 71 71 60 60 109939 110 0 0 80291 1 29648 109 71 71 71 71 60 60 109939 110 0 0 80291 1 29648 109 71 71 71 71 60 60 109939 110 0 0 80291 1 29648 109 71 71 71 71 60 60 109939 110 0 0 80291 1 29648 109 71 71 71 71 60 60 109939 110 0 0 80291 1 29648 109 71 71 71 71 60 60 109939 110 0 0 80291 1 29648 109
287 0 1000 0 0 1000 0 1000 71 71 71 71 61 61 0 0 0 0 0 0 0 0 71 71 71 71 61 61 0 0 0 0 0 0 0 0 71 71 71 71 61 61 0 0 0 0 0 0 0 0 71 71 71 71 61 61 0 0 0 0 0 0 0 0 71 71 71 71 61 61 0 0 0 0 0 0 0 0 71 71 71 71 61 61 0 0 0 0 0 0 0 0
288 0 1000 0 0 1000 0 1000 71 71 71 71 61 61 0 0 0 0 0 0 0 0 71 71 71 71 61 61 0 0 0 0 0 0 0 0 71 71 71 71 61 61 0 0 0 0 0 0 0 0 71 71 71 71 61 61 0 0 0 0 0 0 0 0 71 71 71 71 61 61 0 0 0 0 0 0 0 0 71 71 71 71 61 61 0 0 0 0 0 0 0 0
289 0 1000 0 0 1000 0 1000 71 71 71 71 61 61 1594612 19 1594612 19 0 0 0 0 71 71 71 71 61 61 1594612 19 1594612 19 0 0 0 0 71 71 71 71 61 61 1594612 19 1594612 19 0 0 0 0 71 71 71 71 61 61 1594612 19 1594612 19 0 0 0 0 71 71 71 71 61 61 1594612 19 1594612 19 0 0 0 0 71 71 71 71 61 61 1594612 19 1594612 19 0 0 0 0
290 0 1000 0 0 1000 0 1000 72 72 72 72 61 61 106403 97 0 0 80291 1 26112 96 72 72 72 72 61 61 106403 97 0 0 80291 1 26112 96 72 72 72 72 61 61 106403 97 0 0 80291 1 26112 96 72 72 72 72 61 61 106403 97 0 0 80291 1 26112 96 72 72 72 72 61 61 106403 97 0 0 80291 1 26112 96 72 72 72 72 61 61 106403 97 0 0 80291 1 26112 96
291 0 1000 0 0 1000 0 1000 72 72 72 72 62 62 0 0 0 0 0 0 0 0 72 72 72 72 62 62 0 0 0 0 0 0 0 0 72 72 72 72 62 62 0 0 0 0 0 0 0 0 72 72 72 72 62 62 0 0 0 0 0 0 0 0 72 72 72 72 62 62 0 0 0 0 0 0 0 0 72 72 72 72 62 62 0 0 0 0 0 0 0 0
292 0 1000 0 0 1000 0 1000 72 72 72 72 62 62 0 0 0 0 0 0 0 0 72 72 72 72 62 62 0 0 0 0 0 0 0 0 72 72 72 72 62 62 0 0 0 0 0 0 0 0 72 72 72 72 62 62 0 0 0 0 0 0 0 0 72 72 72 72 62 62 0 0 0 0 0 0 0 0 72 72 72 72 62 62 0 0 0 0 0 0 0 0
293 0 1000 0 0 1000 0 1000 72 72 72 72 62 62 1503197 18 1503197 18 0 0 0 0 72 72 72 72 62 62 1503197 18 1503197 18 0 0 0 0 72 72 72 72 62 62 1503197 18 1503197 18 0 0 0 0 72 72 72 72 62 62 1503197 18 1503197 18 0 0 0 0 72 72 72 72 62 62 1503197 18 1503197 18 0 0 0 0 72 72 72 72 62 62 1503197 18 1503197 18 0 0 0 0
294 0 1000 0 0 1000 0 1000 73 73 73 73 62 62 108851 106 0 0 80291 1 28560 105 73 73 73 73 62 62 108851 106 0 0 80291 1 28560 105 73 73 73 73 62 62 108851 106 0 0 80291 1 28560 105 73 73 73 73 62 62 108851 106 0 0 80291 1 28560 105 73 73 73 73 62 62 108851 106 0 0 80291 1 28560 105 73 73 73 73 62 62 108851 106 0 0 80291 1 28560 105
295 0 1000 0 0 1000 0 1000 73 73 73 73 63 63 0 0 0 0 0 0 0 0 73 73 73 73 63 63 0 0 0 0 0 0 0 0 73 73 73 73 63 63 0 0 0 0 0 0 0 0 73 73 73 73 63 63 0 0 0 0 0 0 0 0 73 73 73 73 63 63 0 0 0 0 0 0 0 0 73 73 73 73 63 63 0 0 0 0 0 0 0 0
296 0 1000 0 0 1000 0 1000 73 73 73 73 63 63 0 0 0 0 0 0 0 0 73 73 73 73 63 63 0 0 0 0 0 0 0 0 73 73 73 73 63 63 0 0 0 0 0 0 0 0 73 73 73 73 63 63 0 0 0 0 0 0 0 0 73 73 73 73 63 63 0 0 0 0 0 0 0 0 73 73 73 73 63 63 0 0 0 0 0 0 0 0
297 0 1000 0 0 1000 0 1000 73 73 73 73 63 63 754191 9 754191 9 0 0 0 0 73 73 73 73 63 63 754191 9 754191 9 0 0 0 0 73 73 73 73 63 63 754191 9 754191 9 0 0 0 0 73 73 73 73 63 63 754191 9 754191 9 0 0 0 0 73 73 73 73 63 63 754191 9 754191 9 0 0 0 0 73 73 73 73 63 63 754191 9 754191 9 0 0 0 0
298 0 1000 0 0 1000 0 1000 74 74 74 74 63 63 106131 96 0 0 80291 1 25840 95 74 74 74 74 63 63 106131 96 0 0 80291 1 25840 95 74 74 74 74 63 63 106131 96 0 0 80291 1 25840 95 74 74 74 74 63 63 106131 96 0 0 80291 1 25840 95 74 74 74 74 63 63 106131 96 0 0 80291 1 25840 95 74 74 74 74 63 63 106131 96 0 0 80291 1 25840 95
299 0 1000 0 0 1000 0 1000 74 74 74 74 64 64 0 0 0 0 0 0 0 0 74 74 74 74 64 64 0 0 0 0 0 0 0 0 74 74 74 74 64 64 0 0 0 0 0 0 0 0 74 74 74 74 64 64 0 0 0 0 0 0 0 0 74 74 74 74 64 64 0 0 0 0 0 0 0 0 74 74 74 74 64 64 0 0 0 0 0 0 0 0
300 0 1000 0 0 1000 0 1000 74 74 74 74 64 64 0 0 0 0 0 0 0 0 74 74 74 74 64 64 0 0 0 0 0 0 0 0 74 74 74 74 64 64 0 0 0 0 0 0 0 0 74 74 74 74 64 64 0 0 0 0 0 0 0 0 74 74 74 74 64 64 0 0 0 0 0 0 0 0 74 74 74 74 64 64 0 0 0 0 0 0 0 0
301 0 1000 0 0 1000 0 1000 74 74 74 74 64 64 1001747 12 1001747 12 0 0 0 0 74 74 74 74 64 64 1001747 12 1001747 12 0 0 0 0 74 74 74 74 64 64 1001747 12 1001747 12 0 0 0 0 74 74 74 74 64 64 1001747 12 1001747 12 0 0 0 0 74 74 74 74 64 64 1001747 12 1001747 12 0 0 0 0 74 74 74 74 64 64 1001747 12 1001747 12 0 0 0 0
302 0 1000 0 0 1000 0 1000 75 75 75 75 64 64 109123 107 0 0 80291 1 28832 106 75 75 75 75 64 64 109123 107 0 0 80291 1 28832 106 75 75 75 75 64 64 109123 107 0 0 80291 1 28832 106 75 75 75 75 64 64 109123 107 0 0 80291 1 28832 106 75 75 75 75 64 64 109123 107 0 0 80291 1 28832 106 75 75 75 75 64 64 109123 107 0 0 80291 1 28832 106
303 0 1000 0 0 1000 0 1000 75 75 75 75 65 65 0 0 0 0 0 0 0 0 75 75 75 75 65 65 0 0 0 0 0 0 0 0 75 75 75 75 65 65 0 0 0 0 0 0 0 0 75 75 75 75 65 65 0 0 0 0 0 0 0 0 75 75 75 75 65 65 0 0 0 0 0 0 0 0 75 75 75 75 65 65 0 0 0 0 0 0 0 0
