r n_asleep n_awake n_honest_asleep n_honest_dreamy n_honest_awake n_adversary n_all party0_ledger_best_length party0_ledger_best_age party0_ledger_fast_length party0_ledger_fast_age party0_ledger_slow_length party0_ledger_slow_age party0_comms_all_size party0_comms_all_count party0_comms_proposal_size party0_comms_proposal_count party0_comms_piece_block_size party0_comms_piece_block_count party0_comms_piece_vote_size party0_comms_piece_vote_count party1_ledger_best_length party1_ledger_best_age party1_ledger_fast_length party1_ledger_fast_age party1_ledger_slow_length party1_ledger_slow_age party1_comms_all_size party1_comms_all_count party1_comms_proposal_size party1_comms_proposal_count party1_comms_piece_block_size party1_comms_piece_block_count party1_comms_piece_vote_size party1_comms_piece_vote_count party2_ledger_best_length party2_ledger_best_age party2_ledger_fast_length party2_ledger_fast_age party2_ledger_slow_length party2_ledger_slow_age party2_comms_all_size party2_comms_all_count party2_comms_proposal_size party2_comms_proposal_count party2_comms_piece_block_size party2_comms_piece_block_count party2_comms_piece_vote_size party2_comms_piece_vote_count party3_ledger_best_length party3_ledger_best_age party3_ledger_fast_length party3_ledger_fast_age party3_ledger_slow_length party3_ledger_slow_age party3_comms_all_size party3_comms_all_count party3_comms_proposal_size party3_comms_proposal_count party3_comms_piece_block_size party3_comms_piece_block_count party3_comms_piece_vote_size party3_comms_piece_vote_count party4_ledger_best_length party4_ledger_best_age party4_ledger_fast_length party4_ledger_fast_age party4_ledger_slow_length party4_ledger_slow_age party4_comms_all_size party4_comms_all_count party4_comms_proposal_size party4_comms_proposal_count party4_comms_piece_block_size party4_comms_piece_block_count party4_comms_piece_vote_size party4_comms_piece_vote_count partyALWAYSAWAKE_ledger_best_length partyALWAYSAWAKE_ledger_best_age partyALWAYSAWAKE_ledger_fast_length partyALWAYSAWAKE_ledger_fast_age partyALWAYSAWAKE_ledger_slow_length partyALWAYSAWAKE_ledger_slow_age partyALWAYSAWAKE_comms_all_size partyALWAYSAWAKE_comms_all_count partyALWAYSAWAKE_comms_proposal_size partyALWAYSAWAKE_comms_proposal_count partyALWAYSAWAKE_comms_piece_block_size partyALWAYSAWAKE_comms_piece_block_count partyALWAYSAWAKE_comms_piece_vote_size partyALWAYSAWAKE_comms_piece_vote_count
4 0 1000 0 0 1000 0 1000 0 0 0 0 0 0 0 0 0 0 0 0 0 0 0 0 0 0 0 0 0 0 0 0 0 0 0 0 0 0 0 0 0 0 0 0 0 0 0 0 0 0 0 0 0 0 0 0 0 0 0 0 0 0 0 0 0 0 0 0 0 0 0 0 0 0 0 0 0 0 0 0 0 0 0 0 0 0 0 0 0 0 0 0
5 0 1000 0 0 1000 0 1000 0 0 0 0 0 0 402190 5 402190 5 0 0 0 0 0 0 0 0 0 0 402190 5 402190 5 0 0 0 0 0 0 0 0 0 0 402190 5 402190 5 0 0 0 0 0 0 0 0 0 0 402190 5 402190 5 0 0 0 0 0 0 0 0 0 0 402190 5 402190 5 0 0 0 0 0 0 0 0 0 0 402190 5 402190 5 0 0 0 0
6 0 1000 0 0 1000 0 1000 1 1 1 1 0 0 104498 90 0 0 80290 1 24208 89 1 1 1 1 0 0 104498 90 0 0 80290 1 24208 89 1 1 1 1 0 0 104498 90 0 0 80290 1 24208 89 1 1 1 1 0 0 104498 90 0 0 80290 1 24208 89 1 1 1 1 0 0 104498 90 0 0 80290 1 24208 89 1 1 1 1 0 0 104498 90 0 0 80290 1 24208 89
7 0 1000 0 0 1000 0 1000 1 1 1 1 0 0 0 0 0 0 0 0 0 0 1 1 1 1 0 0 0 0 0 0 0 0 0 0 1 1 1 1 0 0 0 0 0 0 0 0 0 0 1 1 1 1 0 0 0 0 0 0 0 0 0 0 1 1 1 1 0 0 0 0 0 0 0 0 0 0 1 1 1 1 0 0 0 0 0 0 0 0 0 0
8 0 1000 0 0 1000 0 1000 1 1 1 1 0 0 0 0 0 0 0 0 0 0 1 1 1 1 0 0 0 0 0 0 0 0 0 0 1 1 1 1 0 0 0 0 0 0 0 0 0 0 1 1 1 1 0 0 0 0 0 0 0 0 0 0 1 1 1 1 0 0 0 0 0 0 0 0 0 0 1 1 1 1 0 0 0 0 0 0 0 0 0 0
9 0 1000 0 0 1000 0 1000 1 1 1 1 0 0 166572 2 166572 2 0 0 0 0 1 1 1 1 0 0 166572 2 166572 2 0 0 0 0 1 1 1 1 0 0 166572 2 166572 2 0 0 0 0 1 1 1 1 0 0 166572 2 166572 2 0 0 0 0 1 1 1 1 0 0 166572 2 166572 2 0 0 0 0 1 1 1 1 0 0 166572 2 166572 2 0 0 0 0
10 0 1000 0 0 1000 0 1000 2 2 2 2 0 0 105858 95 0 0 80290 1 25568 94 2 2 2 2 0 0 105858 95 0 0 80290 1 25568 94 2 2 2 2 0 0 105858 95 0 0 80290 1 25568 94 2 2 2 2 0 0 105858 95 0 0 80290 1 25568 94 2 2 2 2 0 0 105858 95 0 0 80290 1 25568 94 2 2 2 2 0 0 105858 95 0 0 80290 1 25568 94
11 0 1000 0 0 1000 0 1000 2 2 2 2 0 0 0 0 0 0 0 0 0 0 2 2 2 2 0 0 0 0 0 0 0 0 0 0 2 2 2 2 0 0 0 0 0 0 0 0 0 0 2 2 2 2 0 0 0 0 0 0 0 0 0 0 2 2 2 2 0 0 0 0 0 0 0 0 0 0 2 2 2 2 0 0 0 0 0 0 0 0 0 0
12 0 1000 0 0 1000 0 1000 2 2 2 2 0 0 0 0 0 0 0 0 0 0 2 2 2 2 0 0 0 0 0 0 0 0 0 0 2 2 2 2 0 0 0 0 0 0 0 0 0 0 2 2 2 2 0 0 0 0 0 0 0 0 0 0 2 2 2 2 0 0 0 0 0 0 0 0 0 0 2 2 2 2 0 0 0 0 0 0 0 0 0 0
13 0 1000 0 0 1000 0 1000 2 2 2 2 0 0 166891 2 166891 2 0 0 0 0 2 2 2 2 0 0 166891 2 166891 2 0 0 0 0 2 2 2 2 0 0 166891 2 166891 2 0 0 0 0 2 2 2 2 0 0 166891 2 166891 2 0 0 0 0 2 2 2 2 0 0 166891 2 166891 2 0 0 0 0 2 2 2 2 0 0 166891 2 166891 2 0 0 0 0
14 0 1000 0 0 1000 0 1000 3 3 3 3 0 0 106130 96 0 0 80290 1 25840 95 3 3 3 3 0 0 106130 96 0 0 80290 1 25840 95 3 3 3 3 0 0 106130 96 0 0 80290 1 25840 95 3 3 3 3 0 0 106130 96 0 0 80290 1 25840 95 3 3 3 3 0 0 106130 96 0 0 80290 1 25840 95 3 3 3 3 0 0 106130 96 0 0 80290 1 25840 95
15 0 1000 0 0 1000 0 1000 3 3 3 3 0 0 0 0 0 0 0 0 0 0 3 3 3 3 0 0 0 0 0 0 0 0 0 0 3 3 3 3 0 0 0 0 0 0 0 0 0 0 3 3 3 3 0 0 0 0 0 0 0 0 0 0 3 3 3 3 0 0 0 0 0 0 0 0 0 0 3 3 3 3 0 0 0 0 0 0 0 0 0 0
16 0 1000 0 0 1000 0 1000 3 3 3 3 0 0 0 0 0 0 0 0 0 0 3 3 3 3 0 0 0 0 0 0 0 0 0 0 3 3 3 3 0 0 0 0 0 0 0 0 0 0 3 3 3 3 0 0 0 0 0 0 0 0 0 0 3 3 3 3 0 0 0 0 0 0 0 0 0 0 3 3 3 3 0 0 0 0 0 0 0 0 0 0
17 0 1000 0 0 1000 0 1000 3 3 3 3 0 0 500867 6 500867 6 0 0 0 0 3 3 3 3 0 0 500867 6 500867 6 0 0 0 0 3 3 3 3 0 0 500867 6 500867 6 0 0 0 0 3 3 3 3 0 0 500867 6 500867 6 0 0 0 0 3 3 3 3 0 0 500867 6 500867 6 0 0 0 0 3 3 3 3 0 0 500867 6 500867 6 0 0 0 0
18 0 1000 0 0 1000 0 1000 4 4 4 4 0 0 108578 105 0 0 80290 1 28288 104 4 4 4 4 0 0 108578 105 0 0 80290 1 28288 104 4 4 4 4 0 0 108578 105 0 0 80290 1 28288 104 4 4 4 4 0 0 108578 105 0 0 80290 1 28288 104 4 4 4 4 0 0 108578 105 0 0 80290 1 28288 104 4 4 4 4 0 0 108578 105 0 0 80290 1 28288 104
19 0 1000 0 0 1000 0 1000 4 4 4 4 0 0 0 0 0 0 0 0 0 0 4 4 4 4 0 0 0 0 0 0 0 0 0 0 4 4 4 4 0 0 0 0 0 0 0 0 0 0 4 4 4 4 0 0 0 0 0 0 0 0 0 0 4 4 4 4 0 0 0 0 0 0 0 0 0 0 4 4 4 4 0 0 0 0 0 0 0 0 0 0
20 0 1000 0 0 1000 0 1000 4 4 4 4 0 0 0 0 0 0 0 0 0 0 4 4 4 4 0 0 0 0 0 0 0 0 0 0 4 4 4 4 0 0 0 0 0 0 0 0 0 0 4 4 4 4 0 0 0 0 0 0 0 0 0 0 4 4 4 4 0 0 0 0 0 0 0 0 0 0 4 4 4 4 0 0 0 0 0 0 0 0 0 0
21 0 1000 0 0 1000 0 1000 4 4 4 4 0 0 251297 3 251297 3 0 0 0 0 4 4 4 4 0 0 251297 3 251297 3 0 0 0 0 4 4 4 4 0 0 251297 3 251297 3 0 0 0 0 4 4 4 4 0 0 251297 3 251297 3 0 0 0 0 4 4 4 4 0 0 251297 3 251297 3 0 0 0 0 4 4 4 4 0 0 251297 3 251297 3 0 0 0 0
22 0 1000 0 0 1000 0 1000 5 5 5 5 0 0 109121 107 0 0 80289 1 28832 106 5 5 5 5 0 0 109121 107 0 0 80289 1 28832 106 5 5 5 5 0 0 109121 107 0 0 80289 1 28832 106 5 5 5 5 0 0 109121 107 0 0 80289 1 28832 106 5 5 5 5 0 0 109121 107 0 0 80289 1 28832 106 5 5 5 5 0 0 109121 107 0 0 80289 1 28832 106
23 0 1000 0 0 1000 0 1000 5 5 5 5 0 0 0 0 0 0 0 0 0 0 5 5 5 5 0 0 0 0 0 0 0 0 0 0 5 5 5 5 0 0 0 0 0 0 0 0 0 0 5 5 5 5 0 0 0 0 0 0 0 0 0 0 5 5 5 5 0 0 0 0 0 0 0 0 0 0 5 5 5 5 0 0 0 0 0 0 0 0 0 0
24 0 1000 0 0 1000 0 1000 5 5 5 5 0 0 0 0 0 0 0 0 0 0 5 5 5 5 0 0 0 0 0 0 0 0 0 0 5 5 5 5 0 0 0 0 0 0 0 0 0 0 5 5 5 5 0 0 0 0 0 0 0 0 0 0 5 5 5 5 0 0 0 0 0 0 0 0 0 0 5 5 5 5 0 0 0 0 0 0 0 0 0 0
25 0 1000 0 0 1000 0 1000 5 5 5 5 0 0 251490 3 251490 3 0 0 0 0 5 5 5 5 0 0 251490 3 251490 3 0 0 0 0 5 5 5 5 0 0 251490 3 251490 3 0 0 0 0 5 5 5 5 0 0 251490 3 251490 3 0 0 0 0 5 5 5 5 0 0 251490 3 251490 3 0 0 0 0 5 5 5 5 0 0 251490 3 251490 3 0 0 0 0
26 0 1000 0 0 1000 0 1000 6 6 6 6 0 0 107218 100 0 0 80290 1 26928 99 6 6 6 6 0 0 107218 100 0 0 80290 1 26928 99 6 6 6 6 0 0 107218 100 0 0 80290 1 26928 99 6 6 6 6 0 0 107218 100 0 0 80290 1 26928 99 6 6 6 6 0 0 107218 100 0 0 80290 1 26928 99 6 6 6 6 0 0 107218 100 0 0 80290 1 26928 99
27 0 1000 0 0 1000 0 1000 6 6 6 6 0 0 0 0 0 0 0 0 0 0 6 6 6 6 0 0 0 0 0 0 0 0 0 0 6 6 6 6 0 0 0 0 0 0 0 0 0 0 6 6 6 6 0 0 0 0 0 0 0 0 0 0 6 6 6 6 0 0 0 0 0 0 0 0 0 0 6 6 6 6 0 0 0 0 0 0 0 0 0 0
28 0 1000 0 0 1000 0 1000 6 6 6 6 0 0 0 0 0 0 0 0 0 0 6 6 6 6 0 0 0 0 0 0 0 0 0 0 6 6 6 6 0 0 0 0 0 0 0 0 0 0 6 6 6 6 0 0 0 0 0 0 0 0 0 0 6 6 6 6 0 0 0 0 0 0 0 0 0 0 6 6 6 6 0 0 0 0 0 0 0 0 0 0
29 0 1000 0 0 1000 0 1000 6 6 6 6 0 0 334424 4 334424 4 0 0 0 0 6 6 6 6 0 0 334424 4 334424 4 0 0 0 0 6 6 6 6 0 0 334424 4 334424 4 0 0 0 0 6 6 6 6 0 0 334424 4 334424 4 0 0 0 0 6 6 6 6 0 0 334424 4 334424 4 0 0 0 0 6 6 6 6 0 0 334424 4 334424 4 0 0 0 0
30 0 1000 0 0 1000 0 1000 7 7 7 7 0 0 110482 112 0 0 80290 1 30192 111 7 7 7 7 0 0 110482 112 0 0 80290 1 30192 111 7 7 7 7 0 0 110482 112 0 0 80290 1 30192 111 7 7 7 7 0 0 110482 112 0 0 80290 1 30192 111 7 7 7 7 0 0 110482 112 0 0 80290 1 30192 111 7 7 7 7 0 0 110482 112 0 0 80290 1 30192 111
31 0 1000 0 0 1000 0 1000 7 7 7 7 0 0 0 0 0 0 0 0 0 0 7 7 7 7 0 0 0 0 0 0 0 0 0 0 7 7 7 7 0 0 0 0 0 0 0 0 0 0 7 7 7 7 0 0 0 0 0 0 0 0 0 0 7 7 7 7 0 0 0 0 0 0 0 0 0 0 7 7 7 7 0 0 0 0 0 0 0 0 0 0
32 0 1000 0 0 1000 0 1000 7 7 7 7 0 0 0 0 0 0 0 0 0 0 7 7 7 7 0 0 0 0 0 0 0 0 0 0 7 7 7 7 0 0 0 0 0 0 0 0 0 0 7 7 7 7 0 0 0 0 0 0 0 0 0 0 7 7 7 7 0 0 0 0 0 0 0 0 0 0 7 7 7 7 0 0 0 0 0 0 0 0 0 0
33 0 1000 0 0 1000 0 1000 7 7 7 7 0 0 251970 3 251970 3 0 0 0 0 7 7 7 7 0 0 251970 3 251970 3 0 0 0 0 7 7 7 7 0 0 251970 3 251970 3 0 0 0 0 7 7 7 7 0 0 251970 3 251970 3 0 0 0 0 7 7 7 7 0 0 251970 3 251970 3 0 0 0 0 7 7 7 7 0 0 251970 3 251970 3 0 0 0 0
34 0 1000 0 0 1000 0 1000 8 8 8 8 0 0 108578 105 0 0 80290 1 28288 104 8 8 8 8 0 0 108578 105 0 0 80290 1 28288 104 8 8 8 8 0 0 108578 105 0 0 80290 1 28288 104 8 8 8 8 0 0 108578 105 0 0 80290 1 28288 104 8 8 8 8 0 0 108578 105 0 0 80290 1 28288 104 8 8 8 8 0 0 108578 105 0 0 80290 1 28288 104
35 0 1000 0 0 1000 0 1000 8 8 8 8 0 0 0 0 0 0 0 0 0 0 8 8 8 8 0 0 0 0 0 0 0 0 0 0 8 8 8 8 0 0 0 0 0 0 0 0 0 0 8 8 8 8 0 0 0 0 0 0 0 0 0 0 8 8 8 8 0 0 0 0 0 0 0 0 0 0 8 8 8 8 0 0 0 0 0 0 0 0 0 0
36 0 1000 0 0 1000 0 1000 8 8 8 8 0 0 0 0 0 0 0 0 0 0 8 8 8 8 0 0 0 0 0 0 0 0 0 0 8 8 8 8 0 0 0 0 0 0 0 0 0 0 8 8 8 8 0 0 0 0 0 0 0 0 0 0 8 8 8 8 0 0 0 0 0 0 0 0 0 0 8 8 8 8 0 0 0 0 0 0 0 0 0 0
37 0 1000 0 0 1000 0 1000 8 8 8 8 0 0 335064 4 335064 4 0 0 0 0 8 8 8 8 0 0 335064 4 335064 4 0 0 0 0 8 8 8 8 0 0 335064 4 335064 4 0 0 0 0 8 8 8 8 0 0 335064 4 335064 4 0 0 0 0 8 8 8 8 0 0 335064 4 335064 4 0 0 0 0 8 8 8 8 0 0 335064 4 335064 4 0 0 0 0
38 0 1000 0 0 1000 0 1000 9 9 9 9 0 0 108306 104 0 0 80290 1 28016 103 9 9 9 9 0 0 108306 104 0 0 80290 1 28016 103 9 9 9 9 0 0 108306 104 0 0 80290 1 28016 103 9 9 9 9 0 0 108306 104 0 0 80290 1 28016 103 9 9 9 9 0 0 108306 104 0 0 80290 1 28016 103 9 9 9 9 0 0 108306 104 0 0 80290 1 28016 103
39 0 1000 0 0 1000 0 1000 9 9 9 9 0 0 0 0 0 0 0 0 0 0 9 9 9 9 0 0 0 0 0 0 0 0 0 0 9 9 9 9 0 0 0 0 0 0 0 0 0 0 9 9 9 9 0 0 0 0 0 0 0 0 0 0 9 9 9 9 0 0 0 0 0 0 0 0 0 0 9 9 9 9 0 0 0 0 0 0 0 0 0 0
40 0 1000 0 0 1000 0 1000 9 9 9 9 0 0 0 0 0 0 0 0 0 0 9 9 9 9 0 0 0 0 0 0 0 0 0 0 9 9 9 9 0 0 0 0 0 0 0 0 0 0 9 9 9 9 0 0 0 0 0 0 0 0 0 0 9 9 9 9 0 0 0 0 0 0 0 0 0 0 9 9 9 9 0 0 0 0 0 0 0 0 0 0
41 0 1000 0 0 1000 0 1000 9 9 9 9 0 0 167470 2 167470 2 0 0 0 0 9 9 9 9 0 0 167470 2 167470 2 0 0 0 0 9 9 9 9 0 0 167470 2 167470 2 0 0 0 0 9 9 9 9 0 0 167470 2 167470 2 0 0 0 0 9 9 9 9 0 0 167470 2 167470 2 0 0 0 0 9 9 9 9 0 0 167470 2 167470 2 0 0 0 0
42 0 1000 0 0 1000 0 1000 10 10 10 10 0 0 108035 103 0 0 80291 1 27744 102 10 10 10 10 0 0 108035 103 0 0 80291 1 27744 102 10 10 10 10 0 0 108035 103 0 0 80291 1 27744 102 10 10 10 10 0 0 108035 103 0 0 80291 1 27744 102 10 10 10 10 0 0 108035 103 0 0 80291 1 27744 102 10 10 10 10 0 0 108035 103 0 0 80291 1 27744 102
43 0 1000 0 0 1000 0 1000 10 10 10 10 0 0 0 0 0 0 0 0 0 0 10 10 10 10 0 0 0 0 0 0 0 0 0 0 10 10 10 10 0 0 0 0 0 0 0 0 0 0 10 10 10 10 0 0 0 0 0 0 0 0 0 0 10 10 10 10 0 0 0 0 0 0 0 0 0 0 10 10 10 10 0 0 0 0 0 0 0 0 0 0
44 0 1000 0 0 1000 0 1000 10 10 10 10 0 0 0 0 0 0 0 0 0 0 10 10 10 10 0 0 0 0 0 0 0 0 0 0 10 10 10 10 0 0 0 0 0 0 0 0 0 0 10 10 10 10 0 0 0 0 0 0 0 0 0 0 10 10 10 10 0 0 0 0 0 0 0 0 0 0 10 10 10 10 0 0 0 0 0 0 0 0 0 0
45 0 1000 0 0 1000 0 1000 10 10 10 10 0 0 251109 3 251109 3 0 0 0 0 10 10 10 10 0 0 251109 3 251109 3 0 0 0 0 10 10 10 10 0 0 251109 3 251109 3 0 0 0 0 10 10 10 10 0 0 251109 3 251109 3 0 0 0 0 10 10 10 10 0 0 251109 3 251109 3 0 0 0 0 10 10 10 10 0 0 251109 3 251109 3 0 0 0 0
46 0 1000 0 0 1000 0 1000 11 11 11 11 0 0 107219 100 0 0 80291 1 26928 99 11 11 11 11 0 0 107219 100 0 0 80291 1 26928 99 11 11 11 11 0 0 107219 100 0 0 80291 1 26928 99 11 11 11 11 0 0 107219 100 0 0 80291 1 26928 99 11 11 11 11 0 0 107219 100 0 0 80291 1 26928 99 11 11 11 11 0 0 107219 100 0 0 80291 1 26928 99
47 0 1000 0 0 1000 0 1000 11 11 11 11 1 1 0 0 0 0 0 0 0 0 11 11 11 11 1 1 0 0 0 0 0 0 0 0 11 11 11 11 1 1 0 0 0 0 0 0 0 0 11 11 11 11 1 1 0 0 0 0 0 0 0 0 11 11 11 11 1 1 0 0 0 0 0 0 0 0 11 11 11 11 1 1 0 0 0 0 0 0 0 0
48 0 1000 0 0 1000 0 1000 11 11 11 11 1 1 0 0 0 0 0 0 0 0 11 11 11 11 1 1 0 0 0 0 0 0 0 0 11 11 11 11 1 1 0 0 0 0 0 0 0 0 11 11 11 11 1 1 0 0 0 0 0 0 0 0 11 11 11 11 1 1 0 0 0 0 0 0 0 0 11 11 11 11 1 1 0 0 0 0 0 0 0 0
49 0 1000 0 0 1000 0 1000 11 11 11 11 1 1 501642 6 501642 6 0 0 0 0 11 11 11 11 1 1 501642 6 501642 6 0 0 0 0 11 11 11 11 1 1 501642 6 501642 6 0 0 0 0 11 11 11 11 1 1 501642 6 501642 6 0 0 0 0 11 11 11 11 1 1 501642 6 501642 6 0 0 0 0 11 11 11 11 1 1 501642 6 501642 6 0 0 0 0
50 0 1000 0 0 1000 0 1000 12 12 12 12 1 1 107219 100 0 0 80291 1 26928 99 12 12 12 12 1 1 107219 100 0 0 80291 1 26928 99 12 12 12 12 1 1 107219 100 0 0 80291 1 26928 99 12 12 12 12 1 1 107219 100 0 0 80291 1 26928 99 12 12 12 12 1 1 107219 100 0 0 80291 1 26928 99 12 12 12 12 1 1 107219 100 0 0 80291 1 26928 99
51 0 1000 0 0 1000 0 1000 12 12 12 12 2 2 0 0 0 0 0 0 0 0 12 12 12 12 2 2 0 0 0 0 0 0 0 0 12 12 12 12 2 2 0 0 0 0 0 0 0 0 12 12 12 12 2 2 0 0 0 0 0 0 0 0 12 12 12 12 2 2 0 0 0 0 0 0 0 0 12 12 12 12 2 2 0 0 0 0 0 0 0 0
52 0 1000 0 0 1000 0 1000 12 12 12 12 2 2 0 0 0 0 0 0 0 0 12 12 12 12 2 2 0 0 0 0 0 0 0 0 12 12 12 12 2 2 0 0 0 0 0 0 0 0 12 12 12 12 2 2 0 0 0 0 0 0 0 0 12 12 12 12 2 2 0 0 0 0 0 0 0 0 12 12 12 12 2 2 0 0 0 0 0 0 0 0
53 0 1000 0 0 1000 0 1000 12 12 12 12 2 2 0 0 0 0 0 0 0 0 12 12 12 12 2 2 0 0 0 0 0 0 0 0 12 12 12 12 2 2 0 0 0 0 0 0 0 0 12 12 12 12 2 2 0 0 0 0 0 0 0 0 12 12 12 12 2 2 0 0 0 0 0 0 0 0 12 12 12 12 2 2 0 0 0 0 0 0 0 0
54 0 1000 0 0 1000 0 1000 12 12 12 12 2 2 29104 107 0 0 0 0 29104 107 12 12 12 12 2 2 29104 107 0 0 0 0 29104 107 12 12 12 12 2 2 29104 107 0 0 0 0 29104 107 12 12 12 12 2 2 29104 107 0 0 0 0 29104 107 12 12 12 12 2 2 29104 107 0 0 0 0 29104 107 12 12 12 12 2 2 29104 107 0 0 0 0 29104 107
55 0 1000 0 0 1000 0 1000 12 12 12 12 3 3 0 0 0 0 0 0 0 0 12 12 12 12 3 3 0 0 0 0 0 0 0 0 12 12 12 12 3 3 0 0 0 0 0 0 0 0 12 12 12 12 3 3 0 0 0 0 0 0 0 0 12 12 12 12 3 3 0 0 0 0 0 0 0 0 12 12 12 12 3 3 0 0 0 0 0 0 0 0
56 0 1000 0 0 1000 0 1000 12 12 12 12 3 3 0 0 0 0 0 0 0 0 12 12 12 12 3 3 0 0 0 0 0 0 0 0 12 12 12 12 3 3 0 0 0 0 0 0 0 0 12 12 12 12 3 3 0 0 0 0 0 0 0 0 12 12 12 12 3 3 0 0 0 0 0 0 0 0 12 12 12 12 3 3 0 0 0 0 0 0 0 0
57 0 1000 0 0 1000 0 1000 12 12 12 12 3 3 335452 4 335452 4 0 0 0 0 12 12 12 12 3 3 335452 4 335452 4 0 0 0 0 12 12 12 12 3 3 335452 4 335452 4 0 0 0 0 12 12 12 12 3 3 335452 4 335452 4 0 0 0 0 12 12 12 12 3 3 335452 4 335452 4 0 0 0 0 12 12 12 12 3 3 335452 4 335452 4 0 0 0 0
58 0 1000 0 0 1000 0 1000 13 14 13 14 3 3 108035 103 0 0 80291 1 27744 102 13 14 13 14 3 3 108035 103 0 0 80291 1 27744 102 13 14 13 14 3 3 108035 103 0 0 80291 1 27744 102 13 14 13 14 3 3 108035 103 0 0 80291 1 27744 102 13 14 13 14 3 3 108035 103 0 0 80291 1 27744 102 13 14 13 14 3 3 108035 103 0 0 80291 1 27744 102
59 0 1000 0 0 1000 0 1000 13 14 13 14 4 4 0 0 0 0 0 0 0 0 13 14 13 14 4 4 0 0 0 0 0 0 0 0 13 14 13 14 4 4 0 0 0 0 0 0 0 0 13 14 13 14 4 4 0 0 0 0 0 0 0 0 13 14 13 14 4 4 0 0 0 0 0 0 0 0 13 14 13 14 4 4 0 0 0 0 0 0 0 0
60 0 1000 0 0 1000 0 1000 13 14 13 14 4 4 0 0 0 0 0 0 0 0 13 14 13 14 4 4 0 0 0 0 0 0 0 0 13 14 13 14 4 4 0 0 0 0 0 0 0 0 13 14 13 14 4 4 0 0 0 0 0 0 0 0 13 14 13 14 4 4 0 0 0 0 0 0 0 0 13 14 13 14 4 4 0 0 0 0 0 0 0 0
61 0 1000 0 0 1000 0 1000 13 14 13 14 4 4 251109 3 251109 3 0 0 0 0 13 14 13 14 4 4 251109 3 251109 3 0 0 0 0 13 14 13 14 4 4 251109 3 251109 3 0 0 0 0 13 14 13 14 4 4 251109 3 251109 3 0 0 0 0 13 14 13 14 4 4 251109 3 251109 3 0 0 0 0 13 14 13 14 4 4 251109 3 251109 3 0 0 0 0
62 0 1000 0 0 1000 0 1000 14 15 14 15 4 4 108035 103 0 0 80291 1 27744 102 14 15 14 15 4 4 108035 103 0 0 80291 1 27744 102 14 15 14 15 4 4 108035 103 0 0 80291 1 27744 102 14 15 14 15 4 4 108035 103 0 0 80291 1 27744 102 14 15 14 15 4 4 108035 103 0 0 80291 1 27744 102 14 15 14 15 4 4 108035 103 0 0 80291 1 27744 102
63 0 1000 0 0 1000 0 1000 14 15 14 15 5 5 0 0 0 0 0 0 0 0 14 15 14 15 5 5 0 0 0 0 0 0 0 0 14 15 14 15 5 5 0 0 0 0 0 0 0 0 14 15 14 15 5 5 0 0 0 0 0 0 0 0 14 15 14 15 5 5 0 0 0 0 0 0 0 0 14 15 14 15 5 5 0 0 0 0 0 0 0 0
64 0 1000 0 0 1000 0 1000 14 15 14 15 5 5 0 0 0 0 0 0 0 0 14 15 14 15 5 5 0 0 0 0 0 0 0 0 14 15 14 15 5 5 0 0 0 0 0 0 0 0 14 15 14 15 5 5 0 0 0 0 0 0 0 0 14 15 14 15 5 5 0 0 0 0 0 0 0 0 14 15 14 15 5 5 0 0 0 0 0 0 0 0
65 800 200 800 0 200 0 1000 14 15 14 15 5 5 334812 4 334812 4 0 0 0 0 14 15 14 15 5 5 334812 4 334812 4 0 0 0 0 14 15 14 15 5 5 334812 4 334812 4 0 0 0 0 14 15 14 15 5 5 334812 4 334812 4 0 0 0 0 14 15 14 15 5 5 334812 4 334812 4 0 0 0 0 14 15 14 15 5 5 334812 4 334812 4 0 0 0 0
66 800 200 800 0 200 0 1000 14 15 14 15 5 5 84643 17 0 0 80291 1 4352 16 14 15 14 15 5 5 84643 17 0 0 80291 1 4352 16 14 15 14 15 5 5 84643 17 0 0 80291 1 4352 16 14 15 14 15 5 5 84643 17 0 0 80291 1 4352 16 14 15 14 15 5 5 84643 17 0 0 80291 1 4352 16 14 15 14 15 5 5 84643 17 0 0 80291 1 4352 16
67 800 200 800 0 200 0 1000 14 15 14 15 5 5 0 0 0 0 0 0 0 0 14 15 14 15 5 5 0 0 0 0 0 0 0 0 14 15 14 15 5 5 0 0 0 0 0 0 0 0 14 15 14 15 5 5 0 0 0 0 0 0 0 0 14 15 14 15 5 5 0 0 0 0 0 0 0 0 14 15 14 15 6 6 0 0 0 0 0 0 0 0
68 800 200 800 0 200 0 1000 14 15 14 15 5 5 0 0 0 0 0 0 0 0 14 15 14 15 5 5 0 0 0 0 0 0 0 0 14 15 14 15 5 5 0 0 0 0 0 0 0 0 14 15 14 15 5 5 0 0 0 0 0 0 0 0 14 15 14 15 5 5 0 0 0 0 0 0 0 0 14 15 14 15 6 6 0 0 0 0 0 0 0 0
69 800 200 800 0 200 0 1000 14 15 14 15 5 5 0 0 0 0 0 0 0 0 14 15 14 15 5 5 0 0 0 0 0 0 0 0 14 15 14 15 5 5 0 0 0 0 0 0 0 0 14 15 14 15 5 5 0 0 0 0 0 0 0 0 14 15 14 15 5 5 0 0 0 0 0 0 0 0 14 15 14 15 6 6 0 0 0 0 0 0 0 0
70 800 200 800 0 200 0 1000 14 15 14 15 5 5 6528 24 0 0 0 0 6528 24 14 15 14 15 5 5 6528 24 0 0 0 0 6528 24 14 15 14 15 5 5 6528 24 0 0 0 0 6528 24 14 15 14 15 5 5 6528 24 0 0 0 0 6528 24 14 15 14 15 5 5 6528 24 0 0 0 0 6528 24 14 15 14 15 6 6 6528 24 0 0 0 0 6528 24
71 800 200 800 0 200 0 1000 14 15 14 15 5 5 0 0 0 0 0 0 0 0 14 15 14 15 5 5 0 0 0 0 0 0 0 0 14 15 14 15 5 5 0 0 0 0 0 0 0 0 14 15 14 15 5 5 0 0 0 0 0 0 0 0 14 15 14 15 5 5 0 0 0 0 0 0 0 0 14 15 14 15 7 7 0 0 0 0 0 0 0 0
72 800 200 800 0 200 0 1000 14 15 14 15 5 5 0 0 0 0 0 0 0 0 14 15 14 15 5 5 0 0 0 0 0 0 0 0 14 15 14 15 5 5 0 0 0 0 0 0 0 0 14 15 14 15 5 5 0 0 0 0 0 0 0 0 14 15 14 15 5 5 0 0 0 0 0 0 0 0 14 15 14 15 7 7 0 0 0 0 0 0 0 0
73 800 200 800 0 200 0 1000 14 15 14 15 5 5 0 0 0 0 0 0 0 0 14 15 14 15 5 5 0 0 0 0 0 0 0 0 14 15 14 15 5 5 0 0 0 0 0 0 0 0 14 15 14 15 5 5 0 0 0 0 0 0 0 0 14 15 14 15 5 5 0 0 0 0 0 0 0 0 14 15 14 15 7 7 0 0 0 0 0 0 0 0
74 800 200 800 0 200 0 1000 14 15 14 15 5 5 5168 19 0 0 0 0 5168 19 14 15 14 15 5 5 5168 19 0 0 0 0 5168 19 14 15 14 15 5 5 5168 19 0 0 0 0 5168 19 14 15 14 15 5 5 5168 19 0 0 0 0 5168 19 14 15 14 15 5 5 5168 19 0 0 0 0 5168 19 14 15 14 15 7 7 5168 19 0 0 0 0 5168 19
75 800 200 800 0 200 0 1000 14 15 14 15 5 5 0 0 0 0 0 0 0 0 14 15 14 15 5 5 0 0 0 0 0 0 0 0 14 15 14 15 5 5 0 0 0 0 0 0 0 0 14 15 14 15 5 5 0 0 0 0 0 0 0 0 14 15 14 15 5 5 0 0 0 0 0 0 0 0 14 15 14 15 8 8 0 0 0 0 0 0 0 0
76 800 200 800 0 200 0 1000 14 15 14 15 5 5 0 0 0 0 0 0 0 0 14 15 14 15 5 5 0 0 0 0 0 0 0 0 14 15 14 15 5 5 0 0 0 0 0 0 0 0 14 15 14 15 5 5 0 0 0 0 0 0 0 0 14 15 14 15 5 5 0 0 0 0 0 0 0 0 14 15 14 15 8 8 0 0 0 0 0 0 0 0
77 800 200 800 0 200 0 1000 14 15 14 15 5 5 0 0 0 0 0 0 0 0 14 15 14 15 5 5 0 0 0 0 0 0 0 0 14 15 14 15 5 5 0 0 0 0 0 0 0 0 14 15 14 15 5 5 0 0 0 0 0 0 0 0 14 15 14 15 5 5 0 0 0 0 0 0 0 0 14 15 14 15 8 8 0 0 0 0 0 0 0 0
78 800 200 800 0 200 0 1000 14 15 14 15 5 5 4896 18 0 0 0 0 4896 18 14 15 14 15 5 5 4896 18 0 0 0 0 4896 18 14 15 14 15 5 5 4896 18 0 0 0 0 4896 18 14 15 14 15 5 5 4896 18 0 0 0 0 4896 18 14 15 14 15 5 5 4896 18 0 0 0 0 4896 18 14 15 14 15 8 8 4896 18 0 0 0 0 4896 18
79 800 200 800 0 200 0 1000 14 15 14 15 5 5 0 0 0 0 0 0 0 0 14 15 14 15 5 5 0 0 0 0 0 0 0 0 14 15 14 15 5 5 0 0 0 0 0 0 0 0 14 15 14 15 5 5 0 0 0 0 0 0 0 0 14 15 14 15 5 5 0 0 0 0 0 0 0 0 14 15 14 15 9 9 0 0 0 0 0 0 0 0
80 800 200 800 0 200 0 1000 14 15 14 15 5 5 0 0 0 0 0 0 0 0 14 15 14 15 5 5 0 0 0 0 0 0 0 0 14 15 14 15 5 5 0 0 0 0 0 0 0 0 14 15 14 15 5 5 0 0 0 0 0 0 0 0 14 15 14 15 5 5 0 0 0 0 0 0 0 0 14 15 14 15 9 9 0 0 0 0 0 0 0 0
81 800 200 800 0 200 0 1000 14 15 14 15 5 5 81015 1 81015 1 0 0 0 0 14 15 14 15 5 5 81015 1 81015 1 0 0 0 0 14 15 14 15 5 5 81015 1 81015 1 0 0 0 0 14 15 14 15 5 5 81015 1 81015 1 0 0 0 0 14 15 14 15 5 5 81015 1 81015 1 0 0 0 0 14 15 14 15 9 9 81015 1 81015 1 0 0 0 0
82 800 200 800 0 200 0 1000 14 15 14 15 5 5 85459 20 0 0 80291 1 5168 19 14 15 14 15 5 5 85459 20 0 0 80291 1 5168 19 14 15 14 15 5 5 85459 20 0 0 80291 1 5168 19 14 15 14 15 5 5 85459 20 0 0 80291 1 5168 19 14 15 14 15 5 5 85459 20 0 0 80291 1 5168 19 14 15 14 15 9 9 85459 20 0 0 80291 1 5168 19
83 800 200 800 0 200 0 1000 14 15 14 15 5 5 0 0 0 0 0 0 0 0 14 15 14 15 5 5 0 0 0 0 0 0 0 0 14 15 14 15 5 5 0 0 0 0 0 0 0 0 14 15 14 15 5 5 0 0 0 0 0 0 0 0 14 15 14 15 5 5 0 0 0 0 0 0 0 0 14 15 14 15 10 10 0 0 0 0 0 0 0 0
84 800 200 800 0 200 0 1000 14 15 14 15 5 5 0 0 0 0 0 0 0 0 14 15 14 15 5 5 0 0 0 0 0 0 0 0 14 15 14 15 5 5 0 0 0 0 0 0 0 0 14 15 14 15 5 5 0 0 0 0 0 0 0 0 14 15 14 15 5 5 0 0 0 0 0 0 0 0 14 15 14 15 10 10 0 0 0 0 0 0 0 0
85 800 200 800 0 200 0 1000 14 15 14 15 5 5 0 0 0 0 0 0 0 0 14 15 14 15 5 5 0 0 0 0 0 0 0 0 14 15 14 15 5 5 0 0 0 0 0 0 0 0 14 15 14 15 5 5 0 0 0 0 0 0 0 0 14 15 14 15 5 5 0 0 0 0 0 0 0 0 14 15 14 15 10 10 0 0 0 0 0 0 0 0
86 800 200 800 0 200 0 1000 14 15 14 15 5 5 6528 24 0 0 0 0 6528 24 14 15 14 15 5 5 6528 24 0 0 0 0 6528 24 14 15 14 15 5 5 6528 24 0 0 0 0 6528 24 14 15 14 15 5 5 6528 24 0 0 0 0 6528 24 14 15 14 15 5 5 6528 24 0 0 0 0 6528 24 14 15 14 15 10 10 6528 24 0 0 0 0 6528 24
87 800 200 800 0 200 0 1000 14 15 14 15 5 5 0 0 0 0 0 0 0 0 14 15 14 15 5 5 0 0 0 0 0 0 0 0 14 15 14 15 5 5 0 0 0 0 0 0 0 0 14 15 14 15 5 5 0 0 0 0 0 0 0 0 14 15 14 15 5 5 0 0 0 0 0 0 0 0 14 15 14 15 11 11 0 0 0 0 0 0 0 0
88 800 200 800 0 200 0 1000 14 15 14 15 5 5 0 0 0 0 0 0 0 0 14 15 14 15 5 5 0 0 0 0 0 0 0 0 14 15 14 15 5 5 0 0 0 0 0 0 0 0 14 15 14 15 5 5 0 0 0 0 0 0 0 0 14 15 14 15 5 5 0 0 0 0 0 0 0 0 14 15 14 15 11 11 0 0 0 0 0 0 0 0
89 800 200 800 0 200 0 1000 14 15 14 15 5 5 81207 1 81207 1 0 0 0 0 14 15 14 15 5 5 81207 1 81207 1 0 0 0 0 14 15 14 15 5 5 81207 1 81207 1 0 0 0 0 14 15 14 15 5 5 81207 1 81207 1 0 0 0 0 14 15 14 15 5 5 81207 1 81207 1 0 0 0 0 14 15 14 15 11 11 81207 1 81207 1 0 0 0 0
90 800 200 800 0 200 0 1000 14 15 14 15 5 5 84915 18 0 0 80291 1 4624 17 14 15 14 15 5 5 84915 18 0 0 80291 1 4624 17 14 15 14 15 5 5 84915 18 0 0 80291 1 4624 17 14 15 14 15 5 5 84915 18 0 0 80291 1 4624 17 14 15 14 15 5 5 84915 18 0 0 80291 1 4624 17 14 15 14 15 11 11 84915 18 0 0 80291 1 4624 17
91 800 200 800 0 200 0 1000 14 15 14 15 5 5 0 0 0 0 0 0 0 0 14 15 14 15 5 5 0 0 0 0 0 0 0 0 14 15 14 15 5 5 0 0 0 0 0 0 0 0 14 15 14 15 5 5 0 0 0 0 0 0 0 0 14 15 14 15 5 5 0 0 0 0 0 0 0 0 14 15 14 15 12 12 0 0 0 0 0 0 0 0
92 800 200 800 0 200 0 1000 14 15 14 15 5 5 0 0 0 0 0 0 0 0 14 15 14 15 5 5 0 0 0 0 0 0 0 0 14 15 14 15 5 5 0 0 0 0 0 0 0 0 14 15 14 15 5 5 0 0 0 0 0 0 0 0 14 15 14 15 5 5 0 0 0 0 0 0 0 0 14 15 14 15 12 12 0 0 0 0 0 0 0 0
93 800 200 800 0 200 0 1000 14 15 14 15 5 5 0 0 0 0 0 0 0 0 14 15 14 15 5 5 0 0 0 0 0 0 0 0 14 15 14 15 5 5 0 0 0 0 0 0 0 0 14 15 14 15 5 5 0 0 0 0 0 0 0 0 14 15 14 15 5 5 0 0 0 0 0 0 0 0 14 15 14 15 12 12 0 0 0 0 0 0 0 0
94 800 200 800 0 200 0 1000 14 15 14 15 5 5 6528 24 0 0 0 0 6528 24 14 15 14 15 5 5 6528 24 0 0 0 0 6528 24 14 15 14 15 5 5 6528 24 0 0 0 0 6528 24 14 15 14 15 5 5 6528 24 0 0 0 0 6528 24 14 15 14 15 5 5 6528 24 0 0 0 0 6528 24 14 15 14 15 12 12 6528 24 0 0 0 0 6528 24
95 800 200 800 0 200 0 1000 14 15 14 15 5 5 0 0 0 0 0 0 0 0 14 15 14 15 5 5 0 0 0 0 0 0 0 0 14 15 14 15 5 5 0 0 0 0 0 0 0 0 14 15 14 15 5 5 0 0 0 0 0 0 0 0 14 15 14 15 5 5 0 0 0 0 0 0 0 0 14 15 14 15 12 12 0 0 0 0 0 0 0 0
96 800 200 800 0 200 0 1000 14 15 14 15 5 5 0 0 0 0 0 0 0 0 14 15 14 15 5 5 0 0 0 0 0 0 0 0 14 15 14 15 5 5 0 0 0 0 0 0 0 0 14 15 14 15 5 5 0 0 0 0 0 0 0 0 14 15 14 15 5 5 0 0 0 0 0 0 0 0 14 15 14 15 12 12 0 0 0 0 0 0 0 0
97 800 200 800 0 200 0 1000 14 15 14 15 5 5 0 0 0 0 0 0 0 0 14 15 14 15 5 5 0 0 0 0 0 0 0 0 14 15 14 15 5 5 0 0 0 0 0 0 0 0 14 15 14 15 5 5 0 0 0 0 0 0 0 0 14 15 14 15 5 5 0 0 0 0 0 0 0 0 14 15 14 15 12 12 0 0 0 0 0 0 0 0
98 800 200 800 0 200 0 1000 14 15 14 15 5 5 4352 16 0 0 0 0 4352 16 14 15 14 15 5 5 4352 16 0 0 0 0 4352 16 14 15 14 15 5 5 4352 16 0 0 0 0 4352 16 14 15 14 15 5 5 4352 16 0 0 0 0 4352 16 14 15 14 15 5 5 4352 16 0 0 0 0 4352 16 14 15 14 15 12 12 4352 16 0 0 0 0 4352 16
99 800 200 800 0 200 0 1000 14 15 14 15 5 5 0 0 0 0 0 0 0 0 14 15 14 15 5 5 0 0 0 0 0 0 0 0 14 15 14 15 5 5 0 0 0 0 0 0 0 0 14 15 14 15 5 5 0 0 0 0 0 0 0 0 14 15 14 15 5 5 0 0 0 0 0 0 0 0 14 15 14 15 13 14 0 0 0 0 0 0 0 0
100 800 200 800 0 200 0 1000 14 15 14 15 5 5 0 0 0 0 0 0 0 0 14 15 14 15 5 5 0 0 0 0 0 0 0 0 14 15 14 15 5 5 0 0 0 0 0 0 0 0 14 15 14 15 5 5 0 0 0 0 0 0 0 0 14 15 14 15 5 5 0 0 0 0 0 0 0 0 14 15 14 15 13 14 0 0 0 0 0 0 0 0
101 800 200 800 0 200 0 1000 14 15 14 15 5 5 80951 1 80951 1 0 0 0 0 14 15 14 15 5 5 80951 1 80951 1 0 0 0 0 14 15 14 15 5 5 80951 1 80951 1 0 0 0 0 14 15 14 15 5 5 80951 1 80951 1 0 0 0 0 14 15 14 15 5 5 80951 1 80951 1 0 0 0 0 14 15 14 15 13 14 80951 1 80951 1 0 0 0 0
102 800 200 800 0 200 0 1000 14 15 14 15 5 5 85731 21 0 0 80291 1 5440 20 14 15 14 15 5 5 85731 21 0 0 80291 1 5440 20 14 15 14 15 5 5 85731 21 0 0 80291 1 5440 20 14 15 14 15 5 5 85731 21 0 0 80291 1 5440 20 14 15 14 15 5 5 85731 21 0 0 80291 1 5440 20 14 15 14 15 13 14 85731 21 0 0 80291 1 5440 20
103 800 200 800 0 200 0 1000 14 15 14 15 5 5 0 0 0 0 0 0 0 0 14 15 14 15 5 5 0 0 0 0 0 0 0 0 14 15 14 15 5 5 0 0 0 0 0 0 0 0 14 15 14 15 5 5 0 0 0 0 0 0 0 0 14 15 14 15 5 5 0 0 0 0 0 0 0 0 14 15 14 15 14 15 0 0 0 0 0 0 0 0
104 800 200 800 0 200 0 1000 14 15 14 15 5 5 0 0 0 0 0 0 0 0 14 15 14 15 5 5 0 0 0 0 0 0 0 0 14 15 14 15 5 5 0 0 0 0 0 0 0 0 14 15 14 15 5 5 0 0 0 0 0 0 0 0 14 15 14 15 5 5 0 0 0 0 0 0 0 0 14 15 14 15 14 15 0 0 0 0 0 0 0 0
105 800 200 800 0 200 0 1000 14 15 14 15 5 5 0 0 0 0 0 0 0 0 14 15 14 15 5 5 0 0 0 0 0 0 0 0 14 15 14 15 5 5 0 0 0 0 0 0 0 0 14 15 14 15 5 5 0 0 0 0 0 0 0 0 14 15 14 15 5 5 0 0 0 0 0 0 0 0 14 15 14 15 14 15 0 0 0 0 0 0 0 0
106 800 200 800 0 200 0 1000 14 15 14 15 5 5 4624 17 0 0 0 0 4624 17 14 15 14 15 5 5 4624 17 0 0 0 0 4624 17 14 15 14 15 5 5 4624 17 0 0 0 0 4624 17 14 15 14 15 5 5 4624 17 0 0 0 0 4624 17 14 15 14 15 5 5 4624 17 0 0 0 0 4624 17 14 15 14 15 14 15 4624 17 0 0 0 0 4624 17
107 800 200 800 0 200 0 1000 14 15 14 15 5 5 0 0 0 0 0 0 0 0 14 15 14 15 5 5 0 0 0 0 0 0 0 0 14 15 14 15 5 5 0 0 0 0 0 0 0 0 14 15 14 15 5 5 0 0 0 0 0 0 0 0 14 15 14 15 5 5 0 0 0 0 0 0 0 0 15 16 14 15 15 16 0 0 0 0 0 0 0 0
108 800 200 800 0 200 0 1000 14 15 14 15 5 5 0 0 0 0 0 0 0 0 14 15 14 15 5 5 0 0 0 0 0 0 0 0 14 15 14 15 5 5 0 0 0 0 0 0 0 0 14 15 14 15 5 5 0 0 0 0 0 0 0 0 14 15 14 15 5 5 0 0 0 0 0 0 0 0 15 16 14 15 15 16 0 0 0 0 0 0 0 0
109 800 200 800 0 200 0 1000 14 15 14 15 5 5 80982 1 80982 1 0 0 0 0 14 15 14 15 5 5 80982 1 80982 1 0 0 0 0 14 15 14 15 5 5 80982 1 80982 1 0 0 0 0 14 15 14 15 5 5 80982 1 80982 1 0 0 0 0 14 15 14 15 5 5 80982 1 80982 1 0 0 0 0 15 16 14 15 15 16 80982 1 80982 1 0 0 0 0
110 800 200 800 0 200 0 1000 14 15 14 15 5 5 85458 20 0 0 80290 1 5168 19 14 15 14 15 5 5 85458 20 0 0 80290 1 5168 19 14 15 14 15 5 5 85458 20 0 0 80290 1 5168 19 14 15 14 15 5 5 85458 20 0 0 80290 1 5168 19 14 15 14 15 5 5 85458 20 0 0 80290 1 5168 19 15 16 14 15 15 16 85458 20 0 0 80290 1 5168 19
111 800 200 800 0 200 0 1000 14 15 14 15 5 5 0 0 0 0 0 0 0 0 14 15 14 15 5 5 0 0 0 0 0 0 0 0 14 15 14 15 5 5 0 0 0 0 0 0 0 0 14 15 14 15 5 5 0 0 0 0 0 0 0 0 14 15 14 15 5 5 0 0 0 0 0 0 0 0 15 16 14 15 15 16 0 0 0 0 0 0 0 0
112 800 200 800 0 200 0 1000 14 15 14 15 5 5 0 0 0 0 0 0 0 0 14 15 14 15 5 5 0 0 0 0 0 0 0 0 14 15 14 15 5 5 0 0 0 0 0 0 0 0 14 15 14 15 5 5 0 0 0 0 0 0 0 0 14 15 14 15 5 5 0 0 0 0 0 0 0 0 15 16 14 15 15 16 0 0 0 0 0 0 0 0
113 800 200 800 0 200 0 1000 14 15 14 15 5 5 0 0 0 0 0 0 0 0 14 15 14 15 5 5 0 0 0 0 0 0 0 0 14 15 14 15 5 5 0 0 0 0 0 0 0 0 14 15 14 15 5 5 0 0 0 0 0 0 0 0 14 15 14 15 5 5 0 0 0 0 0 0 0 0 15 16 14 15 15 16 0 0 0 0 0 0 0 0
114 800 200 800 0 200 0 1000 14 15 14 15 5 5 5168 19 0 0 0 0 5168 19 14 15 14 15 5 5 5168 19 0 0 0 0 5168 19 14 15 14 15 5 5 5168 19 0 0 0 0 5168 19 14 15 14 15 5 5 5168 19 0 0 0 0 5168 19 14 15 14 15 5 5 5168 19 0 0 0 0 5168 19 15 16 14 15 15 16 5168 19 0 0 0 0 5168 19
115 800 200 800 0 200 0 1000 14 15 14 15 5 5 0 0 0 0 0 0 0 0 14 15 14 15 5 5 0 0 0 0 0 0 0 0 14 15 14 15 5 5 0 0 0 0 0 0 0 0 14 15 14 15 5 5 0 0 0 0 0 0 0 0 14 15 14 15 5 5 0 0 0 0 0 0 0 0 15 16 14 15 15 16 0 0 0 0 0 0 0 0
116 800 200 800 0 200 0 1000 14 15 14 15 5 5 0 0 0 0 0 0 0 0 14 15 14 15 5 5 0 0 0 0 0 0 0 0 14 15 14 15 5 5 0 0 0 0 0 0 0 0 14 15 14 15 5 5 0 0 0 0 0 0 0 0 14 15 14 15 5 5 0 0 0 0 0 0 0 0 15 16 14 15 15 16 0 0 0 0 0 0 0 0
117 800 200 800 0 200 0 1000 14 15 14 15 5 5 81047 1 81047 1 0 0 0 0 14 15 14 15 5 5 81047 1 81047 1 0 0 0 0 14 15 14 15 5 5 81047 1 81047 1 0 0 0 0 14 15 14 15 5 5 81047 1 81047 1 0 0 0 0 14 15 14 15 5 5 81047 1 81047 1 0 0 0 0 15 16 14 15 15 16 81047 1 81047 1 0 0 0 0
118 800 200 800 0 200 0 1000 14 15 14 15 5 5 84915 18 0 0 80291 1 4624 17 14 15 14 15 5 5 84915 18 0 0 80291 1 4624 17 14 15 14 15 5 5 84915 18 0 0 80291 1 4624 17 14 15 14 15 5 5 84915 18 0 0 80291 1 4624 17 14 15 14 15 5 5 84915 18 0 0 80291 1 4624 17 15 16 14 15 15 16 84915 18 0 0 80291 1 4624 17
119 800 200 800 0 200 0 1000 14 15 14 15 5 5 0 0 0 0 0 0 0 0 14 15 14 15 5 5 0 0 0 0 0 0 0 0 14 15 14 15 5 5 0 0 0 0 0 0 0 0 14 15 14 15 5 5 0 0 0 0 0 0 0 0 14 15 14 15 5 5 0 0 0 0 0 0 0 0 15 16 14 15 15 16 0 0 0 0 0 0 0 0
120 800 200 800 0 200 0 1000 14 15 14 15 5 5 0 0 0 0 0 0 0 0 14 15 14 15 5 5 0 0 0 0 0 0 0 0 14 15 14 15 5 5 0 0 0 0 0 0 0 0 14 15 14 15 5 5 0 0 0 0 0 0 0 0 14 15 14 15 5 5 0 0 0 0 0 0 0 0 15 16 14 15 15 16 0 0 0 0 0 0 0 0
121 800 200 800 0 200 0 1000 14 15 14 15 5 5 0 0 0 0 0 0 0 0 14 15 14 15 5 5 0 0 0 0 0 0 0 0 14 15 14 15 5 5 0 0 0 0 0 0 0 0 14 15 14 15 5 5 0 0 0 0 0 0 0 0 14 15 14 15 5 5 0 0 0 0 0 0 0 0 15 16 14 15 15 16 0 0 0 0 0 0 0 0
122 800 200 800 0 200 0 1000 14 15 14 15 5 5 5984 22 0 0 0 0 5984 22 14 15 14 15 5 5 5984 22 0 0 0 0 5984 22 14 15 14 15 5 5 5984 22 0 0 0 0 5984 22 14 15 14 15 5 5 5984 22 0 0 0 0 5984 22 14 15 14 15 5 5 5984 22 0 0 0 0 5984 22 15 16 14 15 15 16 5984 22 0 0 0 0 5984 22
123 800 200 800 0 200 0 1000 14 15 14 15 5 5 0 0 0 0 0 0 0 0 14 15 14 15 5 5 0 0 0 0 0 0 0 0 14 15 14 15 5 5 0 0 0 0 0 0 0 0 14 15 14 15 5 5 0 0 0 0 0 0 0 0 14 15 14 15 5 5 0 0 0 0 0 0 0 0 16 20 14 15 16 20 0 0 0 0 0 0 0 0
124 800 200 800 0 200 0 1000 14 15 14 15 5 5 0 0 0 0 0 0 0 0 14 15 14 15 5 5 0 0 0 0 0 0 0 0 14 15 14 15 5 5 0 0 0 0 0 0 0 0 14 15 14 15 5 5 0 0 0 0 0 0 0 0 14 15 14 15 5 5 0 0 0 0 0 0 0 0 16 20 14 15 16 20 0 0 0 0 0 0 0 0
125 800 200 800 0 200 0 1000 14 15 14 15 5 5 81143 1 81143 1 0 0 0 0 14 15 14 15 5 5 81143 1 81143 1 0 0 0 0 14 15 14 15 5 5 81143 1 81143 1 0 0 0 0 14 15 14 15 5 5 81143 1 81143 1 0 0 0 0 14 15 14 15 5 5 81143 1 81143 1 0 0 0 0 16 20 14 15 16 20 81143 1 81143 1 0 0 0 0
126 0 1000 0 800 200 0 1000 14 15 14 15 5 5 85459 20 0 0 80291 1 5168 19 14 15 14 15 5 5 85459 20 0 0 80291 1 5168 19 14 15 14 15 5 5 85459 20 0 0 80291 1 5168 19 14 15 14 15 5 5 85459 20 0 0 80291 1 5168 19 14 15 14 15 5 5 85459 20 0 0 80291 1 5168 19 16 20 14 15 16 20 85459 20 0 0 80291 1 5168 19
127 0 1000 0 0 1000 0 1000 16 20 14 15 16 20 0 0 0 0 0 0 0 0 16 20 14 15 16 20 0 0 0 0 0 0 0 0 16 20 14 15 16 20 0 0 0 0 0 0 0 0 16 20 14 15 16 20 0 0 0 0 0 0 0 0 16 20 14 15 16 20 0 0 0 0 0 0 0 0 16 20 14 15 16 20 0 0 0 0 0 0 0 0
128 0 1000 0 0 1000 0 1000 16 20 14 15 16 20 0 0 0 0 0 0 0 0 16 20 14 15 16 20 0 0 0 0 0 0 0 0 16 20 14 15 16 20 0 0 0 0 0 0 0 0 16 20 14 15 16 20 0 0 0 0 0 0 0 0 16 20 14 15 16 20 0 0 0 0 0 0 0 0 16 20 14 15 16 20 0 0 0 0 0 0 0 0
129 0 1000 0 0 1000 0 1000 16 20 14 15 16 20 324188 4 324188 4 0 0 0 0 16 20 14 15 16 20 324188 4 324188 4 0 0 0 0 16 20 14 15 16 20 324188 4 324188 4 0 0 0 0 16 20 14 15 16 20 324188 4 324188 4 0 0 0 0 16 20 14 15 16 20 324188 4 324188 4 0 0 0 0 16 20 14 15 16 20 324188 4 324188 4 0 0 0 0
130 0 1000 0 0 1000 0 1000 22 32 22 32 16 20 105043 92 0 0 80291 1 24752 91 22 32 22 32 16 20 105043 92 0 0 80291 1 24752 91 22 32 22 32 16 20 105043 92 0 0 80291 1 24752 91 22 32 22 32 16 20 105043 92 0 0 80291 1 24752 91 22 32 22 32 16 20 105043 92 0 0 80291 1 24752 91 22 32 22 32 16 20 105043 92 0 0 80291 1 24752 91
131 0 1000 0 0 1000 0 1000 22 32 22 32 17 22 0 0 0 0 0 0 0 0 22 32 22 32 17 22 0 0 0 0 0 0 0 0 22 32 22 32 17 22 0 0 0 0 0 0 0 0 22 32 22 32 17 22 0 0 0 0 0 0 0 0 22 32 22 32 17 22 0 0 0 0 0 0 0 0 22 32 22 32 17 22 0 0 0 0 0 0 0 0
132 0 1000 0 0 1000 0 1000 22 32 22 32 17 22 0 0 0 0 0 0 0 0 22 32 22 32 17 22 0 0 0 0 0 0 0 0 22 32 22 32 17 22 0 0 0 0 0 0 0 0 22 32 22 32 17 22 0 0 0 0 0 0 0 0 22 32 22 32 17 22 0 0 0 0 0 0 0 0 22 32 22 32 17 22 0 0 0 0 0 0 0 0
133 0 1000 0 0 1000 0 1000 22 32 22 32 17 22 166702 2 166702 2 0 0 0 0 22 32 22 32 17 22 166702 2 166702 2 0 0 0 0 22 32 22 32 17 22 166702 2 166702 2 0 0 0 0 22 32 22 32 17 22 166702 2 166702 2 0 0 0 0 22 32 22 32 17 22 166702 2 166702 2 0 0 0 0 22 32 22 32 17 22 166702 2 166702 2 0 0 0 0
134 0 1000 0 0 1000 0 1000 23 33 23 33 17 22 107491 101 0 0 80291 1 27200 100 23 33 23 33 17 22 107491 101 0 0 80291 1 27200 100 23 33 23 33 17 22 107491 101 0 0 80291 1 27200 100 23 33 23 33 17 22 107491 101 0 0 80291 1 27200 100 23 33 23 33 17 22 107491 101 0 0 80291 1 27200 100 23 33 23 33 17 22 107491 101 0 0 80291 1 27200 100
135 0 1000 0 0 1000 0 1000 23 33 23 33 17 22 0 0 0 0 0 0 0 0 23 33 23 33 17 22 0 0 0 0 0 0 0 0 23 33 23 33 17 22 0 0 0 0 0 0 0 0 23 33 23 33 17 22 0 0 0 0 0 0 0 0 23 33 23 33 17 22 0 0 0 0 0 0 0 0 23 33 23 33 17 22 0 0 0 0 0 0 0 0
136 0 1000 0 0 1000 0 1000 23 33 23 33 17 22 0 0 0 0 0 0 0 0 23 33 23 33 17 22 0 0 0 0 0 0 0 0 23 33 23 33 17 22 0 0 0 0 0 0 0 0 23 33 23 33 17 22 0 0 0 0 0 0 0 0 23 33 23 33 17 22 0 0 0 0 0 0 0 0 23 33 23 33 17 22 0 0 0 0 0 0 0 0
137 0 1000 0 0 1000 0 1000 23 33 23 33 17 22 0 0 0 0 0 0 0 0 23 33 23 33 17 22 0 0 0 0 0 0 0 0 23 33 23 33 17 22 0 0 0 0 0 0 0 0 23 33 23 33 17 22 0 0 0 0 0 0 0 0 23 33 23 33 17 22 0 0 0 0 0 0 0 0 23 33 23 33 17 22 0 0 0 0 0 0 0 0
138 0 1000 0 0 1000 0 1000 23 33 23 33 17 22 25296 93 0 0 0 0 25296 93 23 33 23 33 17 22 25296 93 0 0 0 0 25296 93 23 33 23 33 17 22 25296 93 0 0 0 0 25296 93 23 33 23 33 17 22 25296 93 0 0 0 0 25296 93 23 33 23 33 17 22 25296 93 0 0 0 0 25296 93 23 33 23 33 17 22 25296 93 0 0 0 0 25296 93
139 0 1000 0 0 1000 0 1000 23 33 23 33 17 22 0 0 0 0 0 0 0 0 23 33 23 33 17 22 0 0 0 0 0 0 0 0 23 33 23 33 17 22 0 0 0 0 0 0 0 0 23 33 23 33 17 22 0 0 0 0 0 0 0 0 23 33 23 33 17 22 0 0 0 0 0 0 0 0 23 33 23 33 17 22 0 0 0 0 0 0 0 0
140 0 1000 0 0 1000 0 1000 23 33 23 33 17 22 0 0 0 0 0 0 0 0 23 33 23 33 17 22 0 0 0 0 0 0 0 0 23 33 23 33 17 22 0 0 0 0 0 0 0 0 23 33 23 33 17 22 0 0 0 0 0 0 0 0 23 33 23 33 17 22 0 0 0 0 0 0 0 0 23 33 23 33 17 22 0 0 0 0 0 0 0 0
141 0 1000 0 0 1000 0 1000 23 33 23 33 17 22 166830 2 166830 2 0 0 0 0 23 33 23 33 17 22 166830 2 166830 2 0 0 0 0 23 33 23 33 17 22 166830 2 166830 2 0 0 0 0 23 33 23 33 17 22 166830 2 166830 2 0 0 0 0 23 33 23 33 17 22 166830 2 166830 2 0 0 0 0 23 33 23 33 17 22 166830 2 166830 2 0 0 0 0
142 0 1000 0 0 1000 0 1000 24 35 24 35 17 22 106675 98 0 0 80291 1 26384 97 24 35 24 35 17 22 106675 98 0 0 80291 1 26384 97 24 35 24 35 17 22 106675 98 0 0 80291 1 26384 97 24 35 24 35 17 22 106675 98 0 0 80291 1 26384 97 24 35 24 35 17 22 106675 98 0 0 80291 1 26384 97 24 35 24 35 17 22 106675 98 0 0 80291 1 26384 97
143 0 1000 0 0 1000 0 1000 24 35 24 35 18 25 0 0 0 0 0 0 0 0 24 35 24 35 18 25 0 0 0 0 0 0 0 0 24 35 24 35 18 25 0 0 0 0 0 0 0 0 24 35 24 35 18 25 0 0 0 0 0 0 0 0 24 35 24 35 18 25 0 0 0 0 0 0 0 0 24 35 24 35 18 25 0 0 0 0 0 0 0 0
144 0 1000 0 0 1000 0 1000 24 35 24 35 18 25 0 0 0 0 0 0 0 0 24 35 24 35 18 25 0 0 0 0 0 0 0 0 24 35 24 35 18 25 0 0 0 0 0 0 0 0 24 35 24 35 18 25 0 0 0 0 0 0 0 0 24 35 24 35 18 25 0 0 0 0 0 0 0 0 24 35 24 35 18 25 0 0 0 0 0 0 0 0
145 0 1000 0 0 1000 0 1000 24 35 24 35 18 25 334170 4 334170 4 0 0 0 0 24 35 24 35 18 25 334170 4 334170 4 0 0 0 0 24 35 24 35 18 25 334170 4 334170 4 0 0 0 0 24 35 24 35 18 25 334170 4 334170 4 0 0 0 0 24 35 24 35 18 25 334170 4 334170 4 0 0 0 0 24 35 24 35 18 25 334170 4 334170 4 0 0 0 0
146 0 1000 0 0 1000 0 1000 25 36 25 36 18 25 107217 100 0 0 80289 1 26928 99 25 36 25 36 18 25 107217 100 0 0 80289 1 26928 99 25 36 25 36 18 25 107217 100 0 0 80289 1 26928 99 25 36 25 36 18 25 107217 100 0 0 80289 1 26928 99 25 36 25 36 18 25 107217 100 0 0 80289 1 26928 99 25 36 25 36 18 25 107217 100 0 0 80289 1 26928 99
147 0 1000 0 0 1000 0 1000 25 36 25 36 18 25 0 0 0 0 0 0 0 0 25 36 25 36 18 25 0 0 0 0 0 0 0 0 25 36 25 36 18 25 0 0 0 0 0 0 0 0 25 36 25 36 18 25 0 0 0 0 0 0 0 0 25 36 25 36 18 25 0 0 0 0 0 0 0 0 25 36 25 36 18 25 0 0 0 0 0 0 0 0
148 0 1000 0 0 1000 0 1000 25 36 25 36 18 25 0 0 0 0 0 0 0 0 25 36 25 36 18 25 0 0 0 0 0 0 0 0 25 36 25 36 18 25 0 0 0 0 0 0 0 0 25 36 25 36 18 25 0 0 0 0 0 0 0 0 25 36 25 36 18 25 0 0 0 0 0 0 0 0 25 36 25 36 18 25 0 0 0 0 0 0 0 0
149 0 1000 0 0 1000 0 1000 25 36 25 36 18 25 418035 5 418035 5 0 0 0 0 25 36 25 36 18 25 418035 5 418035 5 0 0 0 0 25 36 25 36 18 25 418035 5 418035 5 0 0 0 0 25 36 25 36 18 25 418035 5 418035 5 0 0 0 0 25 36 25 36 18 25 418035 5 418035 5 0 0 0 0 25 36 25 36 18 25 418035 5 418035 5 0 0 0 0
150 0 1000 0 0 1000 0 1000 26 37 26 37 18 25 105859 95 0 0 80291 1 25568 94 26 37 26 37 18 25 105859 95 0 0 80291 1 25568 94 26 37 26 37 18 25 105859 95 0 0 80291 1 25568 94 26 37 26 37 18 25 105859 95 0 0 80291 1 25568 94 26 37 26 37 18 25 105859 95 0 0 80291 1 25568 94 26 37 26 37 18 25 105859 95 0 0 80291 1 25568 94
151 0 1000 0 0 1000 0 1000 26 37 26 37 19 27 0 0 0 0 0 0 0 0 26 37 26 37 19 27 0 0 0 0 0 0 0 0 26 37 26 37 19 27 0 0 0 0 0 0 0 0 26 37 26 37 19 27 0 0 0 0 0 0 0 0 26 37 26 37 19 27 0 0 0 0 0 0 0 0 26 37 26 37 19 27 0 0 0 0 0 0 0 0
152 0 1000 0 0 1000 0 1000 26 37 26 37 19 27 0 0 0 0 0 0 0 0 26 37 26 37 19 27 0 0 0 0 0 0 0 0 26 37 26 37 19 27 0 0 0 0 0 0 0 0 26 37 26 37 19 27 0 0 0 0 0 0 0 0 26 37 26 37 19 27 0 0 0 0 0 0 0 0 26 37 26 37 19 27 0 0 0 0 0 0 0 0
153 0 1000 0 0 1000 0 1000 26 37 26 37 19 27 333787 4 333787 4 0 0 0 0 26 37 26 37 19 27 333787 4 333787 4 0 0 0 0 26 37 26 37 19 27 333787 4 333787 4 0 0 0 0 26 37 26 37 19 27 333787 4 333787 4 0 0 0 0 26 37 26 37 19 27 333787 4 333787 4 0 0 0 0 26 37 26 37 19 27 333787 4 333787 4 0 0 0 0
154 0 1000 0 0 1000 0 1000 27 38 27 38 19 27 109667 109 0 0 80291 1 29376 108 27 38 27 38 19 27 109667 109 0 0 80291 1 29376 108 27 38 27 38 19 27 109667 109 0 0 80291 1 29376 108 27 38 27 38 19 27 109667 109 0 0 80291 1 29376 108 27 38 27 38 19 27 109667 109 0 0 80291 1 29376 108 27 38 27 38 19 27 109667 109 0 0 80291 1 29376 108
155 0 1000 0 0 1000 0 1000 27 38 27 38 19 27 0 0 0 0 0 0 0 0 27 38 27 38 19 27 0 0 0 0 0 0 0 0 27 38 27 38 19 27 0 0 0 0 0 0 0 0 27 38 27 38 19 27 0 0 0 0 0 0 0 0 27 38 27 38 19 27 0 0 0 0 0 0 0 0 27 38 27 38 19 27 0 0 0 0 0 0 0 0
156 0 1000 0 0 1000 0 1000 27 38 27 38 19 27 0 0 0 0 0 0 0 0 27 38 27 38 19 27 0 0 0 0 0 0 0 0 27 38 27 38 19 27 0 0 0 0 0 0 0 0 27 38 27 38 19 27 0 0 0 0 0 0 0 0 27 38 27 38 19 27 0 0 0 0 0 0 0 0 27 38 27 38 19 27 0 0 0 0 0 0 0 0
157 0 1000 0 0 1000 0 1000 27 38 27 38 19 27 251685 3 251685 3 0 0 0 0 27 38 27 38 19 27 251685 3 251685 3 0 0 0 0 27 38 27 38 19 27 251685 3 251685 3 0 0 0 0 27 38 27 38 19 27 251685 3 251685 3 0 0 0 0 27 38 27 38 19 27 251685 3 251685 3 0 0 0 0 27 38 27 38 19 27 251685 3 251685 3 0 0 0 0
158 0 1000 0 0 1000 0 1000 28 39 28 39 19 27 108579 105 0 0 80291 1 28288 104 28 39 28 39 19 27 108579 105 0 0 80291 1 28288 104 28 39 28 39 19 27 108579 105 0 0 80291 1 28288 104 28 39 28 39 19 27 108579 105 0 0 80291 1 28288 104 28 39 28 39 19 27 108579 105 0 0 80291 1 28288 104 28 39 28 39 19 27 108579 105 0 0 80291 1 28288 104
159 0 1000 0 0 1000 0 1000 28 39 28 39 20 29 0 0 0 0 0 0 0 0 28 39 28 39 20 29 0 0 0 0 0 0 0 0 28 39 28 39 20 29 0 0 0 0 0 0 0 0 28 39 28 39 20 29 0 0 0 0 0 0 0 0 28 39 28 39 20 29 0 0 0 0 0 0 0 0 28 39 28 39 20 29 0 0 0 0 0 0 0 0
160 0 1000 0 0 1000 0 1000 28 39 28 39 20 29 0 0 0 0 0 0 0 0 28 39 28 39 20 29 0 0 0 0 0 0 0 0 28 39 28 39 20 29 0 0 0 0 0 0 0 0 28 39 28 39 20 29 0 0 0 0 0 0 0 0 28 39 28 39 20 29 0 0 0 0 0 0 0 0 28 39 28 39 20 29 0 0 0 0 0 0 0 0
161 0 1000 0 0 1000 0 1000 28 39 28 39 20 29 251301 3 251301 3 0 0 0 0 28 39 28 39 20 29 251301 3 251301 3 0 0 0 0 28 39 28 39 20 29 251301 3 251301 3 0 0 0 0 28 39 28 39 20 29 251301 3 251301 3 0 0 0 0 28 39 28 39 20 29 251301 3 251301 3 0 0 0 0 28 39 28 39 20 29 251301 3 251301 3 0 0 0 0
162 0 1000 0 0 1000 0 1000 29 40 29 40 20 29 104499 90 0 0 80291 1 24208 89 29 40 29 40 20 29 104499 90 0 0 80291 1 24208 89 29 40 29 40 20 29 104499 90 0 0 80291 1 24208 89 29 40 29 40 20 29 104499 90 0 0 80291 1 24208 89 29 40 29 40 20 29 104499 90 0 0 80291 1 24208 89 29 40 29 40 20 29 104499 90 0 0 80291 1 24208 89
163 0 1000 0 0 1000 0 1000 29 40 29 40 20 29 0 0 0 0 0 0 0 0 29 40 29 40 20 29 0 0 0 0 0 0 0 0 29 40 29 40 20 29 0 0 0 0 0 0 0 0 29 40 29 40 20 29 0 0 0 0 0 0 0 0 29 40 29 40 20 29 0 0 0 0 0 0 0 0 29 40 29 40 20 29 0 0 0 0 0 0 0 0
164 0 1000 0 0 1000 0 1000 29 40 29 40 20 29 0 0 0 0 0 0 0 0 29 40 29 40 20 29 0 0 0 0 0 0 0 0 29 40 29 40 20 29 0 0 0 0 0 0 0 0 29 40 29 40 20 29 0 0 0 0 0 0 0 0 29 40 29 40 20 29 0 0 0 0 0 0 0 0 29 40 29 40 20 29 0 0 0 0 0 0 0 0
165 0 1000 0 0 1000 0 1000 29 40 29 40 20 29 499722 6 499722 6 0 0 0 0 29 40 29 40 20 29 499722 6 499722 6 0 0 0 0 29 40 29 40 20 29 499722 6 499722 6 0 0 0 0 29 40 29 40 20 29 499722 6 499722 6 0 0 0 0 29 40 29 40 20 29 499722 6 499722 6 0 0 0 0 29 40 29 40 20 29 499722 6 499722 6 0 0 0 0
166 0 1000 0 0 1000 0 1000 30 41 30 41 20 29 106675 98 0 0 80291 1 26384 97 30 41 30 41 20 29 106675 98 0 0 80291 1 26384 97 30 41 30 41 20 29 106675 98 0 0 80291 1 26384 97 30 41 30 41 20 29 106675 98 0 0 80291 1 26384 97 30 41 30 41 20 29 106675 98 0 0 80291 1 26384 97 30 41 30 41 20 29 106675 98 0 0 80291 1 26384 97
167 0 1000 0 0 1000 0 1000 30 41 30 41 21 31 0 0 0 0 0 0 0 0 30 41 30 41 21 31 0 0 0 0 0 0 0 0 30 41 30 41 21 31 0 0 0 0 0 0 0 0 30 41 30 41 21 31 0 0 0 0 0 0 0 0 30 41 30 41 21 31 0 0 0 0 0 0 0 0 30 41 30 41 21 31 0 0 0 0 0 0 0 0
168 0 1000 0 0 1000 0 1000 30 41 30 41 21 31 0 0 0 0 0 0 0 0 30 41 30 41 21 31 0 0 0 0 0 0 0 0 30 41 30 41 21 31 0 0 0 0 0 0 0 0 30 41 30 41 21 31 0 0 0 0 0 0 0 0 30 41 30 41 21 31 0 0 0 0 0 0 0 0 30 41 30 41 21 31 0 0 0 0 0 0 0 0
169 0 1000 0 0 1000 0 1000 30 41 30 41 21 31 501258 6 501258 6 0 0 0 0 30 41 30 41 21 31 501258 6 501258 6 0 0 0 0 30 41 30 41 21 31 501258 6 501258 6 0 0 0 0 30 41 30 41 21 31 501258 6 501258 6 0 0 0 0 30 41 30 41 21 31 501258 6 501258 6 0 0 0 0 30 41 30 41 21 31 501258 6 501258 6 0 0 0 0
170 0 1000 0 0 1000 0 1000 31 42 31 42 21 31 105043 92 0 0 80291 1 24752 91 31 42 31 42 21 31 105043 92 0 0 80291 1 24752 91 31 42 31 42 21 31 105043 92 0 0 80291 1 24752 91 31 42 31 42 21 31 105043 92 0 0 80291 1 24752 91 31 42 31 42 21 31 105043 92 0 0 80291 1 24752 91 31 42 31 42 21 31 105043 92 0 0 80291 1 24752 91
171 0 1000 0 0 1000 0 1000 31 42 31 42 22 32 0 0 0 0 0 0 0 0 31 42 31 42 22 32 0 0 0 0 0 0 0 0 31 42 31 42 22 32 0 0 0 0 0 0 0 0 31 42 31 42 22 32 0 0 0 0 0 0 0 0 31 42 31 42 22 32 0 0 0 0 0 0 0 0 31 42 31 42 22 32 0 0 0 0 0 0 0 0
172 0 1000 0 0 1000 0 1000 31 42 31 42 22 32 0 0 0 0 0 0 0 0 31 42 31 42 22 32 0 0 0 0 0 0 0 0 31 42 31 42 22 32 0 0 0 0 0 0 0 0 31 42 31 42 22 32 0 0 0 0 0 0 0 0 31 42 31 42 22 32 0 0 0 0 0 0 0 0 31 42 31 42 22 32 0 0 0 0 0 0 0 0
173 0 1000 0 0 1000 0 1000 31 42 31 42 22 32 500104 6 500104 6 0 0 0 0 31 42 31 42 22 32 500104 6 500104 6 0 0 0 0 31 42 31 42 22 32 500104 6 500104 6 0 0 0 0 31 42 31 42 22 32 500104 6 500104 6 0 0 0 0 31 42 31 42 22 32 500104 6 500104 6 0 0 0 0 31 42 31 42 22 32 500104 6 500104 6 0 0 0 0
174 0 1000 0 0 1000 0 1000 32 43 32 43 22 32 105585 94 0 0 80289 1 25296 93 32 43 32 43 22 32 105585 94 0 0 80289 1 25296 93 32 43 32 43 22 32 105585 94 0 0 80289 1 25296 93 32 43 32 43 22 32 105585 94 0 0 80289 1 25296 93 32 43 32 43 22 32 105585 94 0 0 80289 1 25296 93 32 43 32 43 22 32 105585 94 0 0 80289 1 25296 93
175 0 1000 0 0 1000 0 1000 32 43 32 43 23 33 0 0 0 0 0 0 0 0 32 43 32 43 23 33 0 0 0 0 0 0 0 0 32 43 32 43 23 33 0 0 0 0 0 0 0 0 32 43 32 43 23 33 0 0 0 0 0 0 0 0 32 43 32 43 23 33 0 0 0 0 0 0 0 0 32 43 32 43 23 33 0 0 0 0 0 0 0 0
176 0 1000 0 0 1000 0 1000 32 43 32 43 23 33 0 0 0 0 0 0 0 0 32 43 32 43 23 33 0 0 0 0 0 0 0 0 32 43 32 43 23 33 0 0 0 0 0 0 0 0 32 43 32 43 23 33 0 0 0 0 0 0 0 0 32 43 32 43 23 33 0 0 0 0 0 0 0 0 32 43 32 43 23 33 0 0 0 0 0 0 0 0
177 0 1000 0 0 1000 0 1000 32 43 32 43 23 33 250244 3 250244 3 0 0 0 0 32 43 32 43 23 33 250244 3 250244 3 0 0 0 0 32 43 32 43 23 33 250244 3 250244 3 0 0 0 0 32 43 32 43 23 33 250244 3 250244 3 0 0 0 0 32 43 32 43 23 33 250244 3 250244 3 0 0 0 0 32 43 32 43 23 33 250244 3 250244 3 0 0 0 0
178 0 1000 0 0 1000 0 1000 33 44 33 44 23 33 113202 122 0 0 80290 1 32912 121 33 44 33 44 23 33 113202 122 0 0 80290 1 32912 121 33 44 33 44 23 33 113202 122 0 0 80290 1 32912 121 33 44 33 44 23 33 113202 122 0 0 80290 1 32912 121 33 44 33 44 23 33 113202 122 0 0 80290 1 32912 121 33 44 33 44 23 33 113202 122 0 0 80290 1 32912 121
179 0 1000 0 0 1000 0 1000 33 44 33 44 23 33 0 0 0 0 0 0 0 0 33 44 33 44 23 33 0 0 0 0 0 0 0 0 33 44 33 44 23 33 0 0 0 0 0 0 0 0 33 44 33 44 23 33 0 0 0 0 0 0 0 0 33 44 33 44 23 33 0 0 0 0 0 0 0 0 33 44 33 44 23 33 0 0 0 0 0 0 0 0
180 0 1000 0 0 1000 0 1000 33 44 33 44 23 33 0 0 0 0 0 0 0 0 33 44 33 44 23 33 0 0 0 0 0 0 0 0 33 44 33 44 23 33 0 0 0 0 0 0 0 0 33 44 33 44 23 33 0 0 0 0 0 0 0 0 33 44 33 44 23 33 0 0 0 0 0 0 0 0 33 44 33 44 23 33 0 0 0 0 0 0 0 0
181 0 1000 0 0 1000 0 1000 33 44 33 44 23 33 84311 1 84311 1 0 0 0 0 33 44 33 44 23 33 84311 1 84311 1 0 0 0 0 33 44 33 44 23 33 84311 1 84311 1 0 0 0 0 33 44 33 44 23 33 84311 1 84311 1 0 0 0 0 33 44 33 44 23 33 84311 1 84311 1 0 0 0 0 33 44 33 44 23 33 84311 1 84311 1 0 0 0 0
182 0 1000 0 0 1000 0 1000 34 45 34 45 23 33 111571 116 0 0 80291 1 31280 115 34 45 34 45 23 33 111571 116 0 0 80291 1 31280 115 34 45 34 45 23 33 111571 116 0 0 80291 1 31280 115 34 45 34 45 23 33 111571 116 0 0 80291 1 31280 115 34 45 34 45 23 33 111571 116 0 0 80291 1 31280 115 34 45 34 45 23 33 111571 116 0 0 80291 1 31280 115
183 0 1000 0 0 1000 0 1000 34 45 34 45 24 35 0 0 0 0 0 0 0 0 34 45 34 45 24 35 0 0 0 0 0 0 0 0 34 45 34 45 24 35 0 0 0 0 0 0 0 0 34 45 34 45 24 35 0 0 0 0 0 0 0 0 34 45 34 45 24 35 0 0 0 0 0 0 0 0 34 45 34 45 24 35 0 0 0 0 0 0 0 0
184 0 1000 0 0 1000 0 1000 34 45 34 45 24 35 0 0 0 0 0 0 0 0 34 45 34 45 24 35 0 0 0 0 0 0 0 0 34 45 34 45 24 35 0 0 0 0 0 0 0 0 34 45 34 45 24 35 0 0 0 0 0 0 0 0 34 45 34 45 24 35 0 0 0 0 0 0 0 0 34 45 34 45 24 35 0 0 0 0 0 0 0 0
185 0 1000 0 0 1000 0 1000 34 45 34 45 24 35 168238 2 168238 2 0 0 0 0 34 45 34 45 24 35 168238 2 168238 2 0 0 0 0 34 45 34 45 24 35 168238 2 168238 2 0 0 0 0 34 45 34 45 24 35 168238 2 168238 2 0 0 0 0 34 45 34 45 24 35 168238 2 168238 2 0 0 0 0 34 45 34 45 24 35 168238 2 168238 2 0 0 0 0
186 0 1000 0 0 1000 0 1000 35 46 35 46 24 35 106131 96 0 0 80291 1 25840 95 35 46 35 46 24 35 106131 96 0 0 80291 1 25840 95 35 46 35 46 24 35 106131 96 0 0 80291 1 25840 95 35 46 35 46 24 35 106131 96 0 0 80291 1 25840 95 35 46 35 46 24 35 106131 96 0 0 80291 1 25840 95 35 46 35 46 24 35 106131 96 0 0 80291 1 25840 95
187 800 200 800 0 200 0 1000 35 46 35 46 24 35 0 0 0 0 0 0 0 0 35 46 35 46 24 35 0 0 0 0 0 0 0 0 35 46 35 46 24 35 0 0 0 0 0 0 0 0 35 46 35 46 24 35 0 0 0 0 0 0 0 0 35 46 35 46 24 35 0 0 0 0 0 0 0 0 35 46 35 46 25 36 0 0 0 0 0 0 0 0
188 800 200 800 0 200 0 1000 35 46 35 46 24 35 0 0 0 0 0 0 0 0 35 46 35 46 24 35 0 0 0 0 0 0 0 0 35 46 35 46 24 35 0 0 0 0 0 0 0 0 35 46 35 46 24 35 0 0 0 0 0 0 0 0 35 46 35 46 24 35 0 0 0 0 0 0 0 0 35 46 35 46 25 36 0 0 0 0 0 0 0 0
189 800 200 800 0 200 0 1000 35 46 35 46 24 35 83479 1 83479 1 0 0 0 0 35 46 35 46 24 35 83479 1 83479 1 0 0 0 0 35 46 35 46 24 35 83479 1 83479 1 0 0 0 0 35 46 35 46 24 35 83479 1 83479 1 0 0 0 0 35 46 35 46 24 35 83479 1 83479 1 0 0 0 0 35 46 35 46 25 36 83479 1 83479 1 0 0 0 0
190 800 200 800 0 200 0 1000 35 46 35 46 24 35 85187 19 0 0 80291 1 4896 18 35 46 35 46 24 35 85187 19 0 0 80291 1 4896 18 35 46 35 46 24 35 85187 19 0 0 80291 1 4896 18 35 46 35 46 24 35 85187 19 0 0 80291 1 4896 18 35 46 35 46 24 35 85187 19 0 0 80291 1 4896 18 35 46 35 46 25 36 85187 19 0 0 80291 1 4896 18
191 800 200 800 0 200 0 1000 35 46 35 46 24 35 0 0 0 0 0 0 0 0 35 46 35 46 24 35 0 0 0 0 0 0 0 0 35 46 35 46 24 35 0 0 0 0 0 0 0 0 35 46 35 46 24 35 0 0 0 0 0 0 0 0 35 46 35 46 24 35 0 0 0 0 0 0 0 0 35 46 35 46 26 37 0 0 0 0 0 0 0 0
192 800 200 800 0 200 0 1000 35 46 35 46 24 35 0 0 0 0 0 0 0 0 35 46 35 46 24 35 0 0 0 0 0 0 0 0 35 46 35 46 24 35 0 0 0 0 0 0 0 0 35 46 35 46 24 35 0 0 0 0 0 0 0 0 35 46 35 46 24 35 0 0 0 0 0 0 0 0 35 46 35 46 26 37 0 0 0 0 0 0 0 0
193 800 200 800 0 200 0 1000 35 46 35 46 24 35 0 0 0 0 0 0 0 0 35 46 35 46 24 35 0 0 0 0 0 0 0 0 35 46 35 46 24 35 0 0 0 0 0 0 0 0 35 46 35 46 24 35 0 0 0 0 0 0 0 0 35 46 35 46 24 35 0 0 0 0 0 0 0 0 35 46 35 46 26 37 0 0 0 0 0 0 0 0
194 800 200 800 0 200 0 1000 35 46 35 46 24 35 7616 28 0 0 0 0 7616 28 35 46 35 46 24 35 7616 28 0 0 0 0 7616 28 35 46 35 46 24 35 7616 28 0 0 0 0 7616 28 35 46 35 46 24 35 7616 28 0 0 0 0 7616 28 35 46 35 46 24 35 7616 28 0 0 0 0 7616 28 35 46 35 46 26 37 7616 28 0 0 0 0 7616 28
195 800 200 800 0 200 0 1000 35 46 35 46 24 35 0 0 0 0 0 0 0 0 35 46 35 46 24 35 0 0 0 0 0 0 0 0 35 46 35 46 24 35 0 0 0 0 0 0 0 0 35 46 35 46 24 35 0 0 0 0 0 0 0 0 35 46 35 46 24 35 0 0 0 0 0 0 0 0 35 46 35 46 27 38 0 0 0 0 0 0 0 0
196 800 200 800 0 200 0 1000 35 46 35 46 24 35 0 0 0 0 0 0 0 0 35 46 35 46 24 35 0 0 0 0 0 0 0 0 35 46 35 46 24 35 0 0 0 0 0 0 0 0 35 46 35 46 24 35 0 0 0 0 0 0 0 0 35 46 35 46 24 35 0 0 0 0 0 0 0 0 35 46 35 46 27 38 0 0 0 0 0 0 0 0
197 800 200 800 0 200 0 1000 35 46 35 46 24 35 0 0 0 0 0 0 0 0 35 46 35 46 24 35 0 0 0 0 0 0 0 0 35 46 35 46 24 35 0 0 0 0 0 0 0 0 35 46 35 46 24 35 0 0 0 0 0 0 0 0 35 46 35 46 24 35 0 0 0 0 0 0 0 0 35 46 35 46 27 38 0 0 0 0 0 0 0 0
198 800 200 800 0 200 0 1000 35 46 35 46 24 35 5168 19 0 0 0 0 5168 19 35 46 35 46 24 35 5168 19 0 0 0 0 5168 19 35 46 35 46 24 35 5168 19 0 0 0 0 5168 19 35 46 35 46 24 35 5168 19 0 0 0 0 5168 19 35 46 35 46 24 35 5168 19 0 0 0 0 5168 19 35 46 35 46 27 38 5168 19 0 0 0 0 5168 19
199 800 200 800 0 200 0 1000 35 46 35 46 24 35 0 0 0 0 0 0 0 0 35 46 35 46 24 35 0 0 0 0 0 0 0 0 35 46 35 46 24 35 0 0 0 0 0 0 0 0 35 46 35 46 24 35 0 0 0 0 0 0 0 0 35 46 35 46 24 35 0 0 0 0 0 0 0 0 35 46 35 46 28 39 0 0 0 0 0 0 0 0
200 800 200 800 0 200 0 1000 35 46 35 46 24 35 0 0 0 0 0 0 0 0 35 46 35 46 24 35 0 0 0 0 0 0 0 0 35 46 35 46 24 35 0 0 0 0 0 0 0 0 35 46 35 46 24 35 0 0 0 0 0 0 0 0 35 46 35 46 24 35 0 0 0 0 0 0 0 0 35 46 35 46 28 39 0 0 0 0 0 0 0 0
201 800 200 800 0 200 0 1000 35 46 35 46 24 35 81047 1 81047 1 0 0 0 0 35 46 35 46 24 35 81047 1 81047 1 0 0 0 0 35 46 35 46 24 35 81047 1 81047 1 0 0 0 0 35 46 35 46 24 35 81047 1 81047 1 0 0 0 0 35 46 35 46 24 35 81047 1 81047 1 0 0 0 0 35 46 35 46 28 39 81047 1 81047 1 0 0 0 0
202 800 200 800 0 200 0 1000 35 46 35 46 24 35 84643 17 0 0 80291 1 4352 16 35 46 35 46 24 35 84643 17 0 0 80291 1 4352 16 35 46 35 46 24 35 84643 17 0 0 80291 1 4352 16 35 46 35 46 24 35 84643 17 0 0 80291 1 4352 16 35 46 35 46 24 35 84643 17 0 0 80291 1 4352 16 35 46 35 46 28 39 84643 17 0 0 80291 1 4352 16
203 800 200 800 0 200 0 1000 35 46 35 46 24 35 0 0 0 0 0 0 0 0 35 46 35 46 24 35 0 0 0 0 0 0 0 0 35 46 35 46 24 35 0 0 0 0 0 0 0 0 35 46 35 46 24 35 0 0 0 0 0 0 0 0 35 46 35 46 24 35 0 0 0 0 0 0 0 0 35 46 35 46 29 40 0 0 0 0 0 0 0 0
204 800 200 800 0 200 0 1000 35 46 35 46 24 35 0 0 0 0 0 0 0 0 35 46 35 46 24 35 0 0 0 0 0 0 0 0 35 46 35 46 24 35 0 0 0 0 0 0 0 0 35 46 35 46 24 35 0 0 0 0 0 0 0 0 35 46 35 46 24 35 0 0 0 0 0 0 0 0 35 46 35 46 29 40 0 0 0 0 0 0 0 0
205 800 200 800 0 200 0 1000 35 46 35 46 24 35 0 0 0 0 0 0 0 0 35 46 35 46 24 35 0 0 0 0 0 0 0 0 35 46 35 46 24 35 0 0 0 0 0 0 0 0 35 46 35 46 24 35 0 0 0 0 0 0 0 0 35 46 35 46 24 35 0 0 0 0 0 0 0 0 35 46 35 46 29 40 0 0 0 0 0 0 0 0
206 800 200 800 0 200 0 1000 35 46 35 46 24 35 5984 22 0 0 0 0 5984 22 35 46 35 46 24 35 5984 22 0 0 0 0 5984 22 35 46 35 46 24 35 5984 22 0 0 0 0 5984 22 35 46 35 46 24 35 5984 22 0 0 0 0 5984 22 35 46 35 46 24 35 5984 22 0 0 0 0 5984 22 35 46 35 46 29 40 5984 22 0 0 0 0 5984 22
207 800 200 800 0 200 0 1000 35 46 35 46 24 35 0 0 0 0 0 0 0 0 35 46 35 46 24 35 0 0 0 0 0 0 0 0 35 46 35 46 24 35 0 0 0 0 0 0 0 0 35 46 35 46 24 35 0 0 0 0 0 0 0 0 35 46 35 46 24 35 0 0 0 0 0 0 0 0 35 46 35 46 30 41 0 0 0 0 0 0 0 0
208 800 200 800 0 200 0 1000 35 46 35 46 24 35 0 0 0 0 0 0 0 0 35 46 35 46 24 35 0 0 0 0 0 0 0 0 35 46 35 46 24 35 0 0 0 0 0 0 0 0 35 46 35 46 24 35 0 0 0 0 0 0 0 0 35 46 35 46 24 35 0 0 0 0 0 0 0 0 35 46 35 46 30 41 0 0 0 0 0 0 0 0
209 800 200 800 0 200 0 1000 35 46 35 46 24 35 0 0 0 0 0 0 0 0 35 46 35 46 24 35 0 0 0 0 0 0 0 0 35 46 35 46 24 35 0 0 0 0 0 0 0 0 35 46 35 46 24 35 0 0 0 0 0 0 0 0 35 46 35 46 24 35 0 0 0 0 0 0 0 0 35 46 35 46 30 41 0 0 0 0 0 0 0 0
210 800 200 800 0 200 0 1000 35 46 35 46 24 35 5984 22 0 0 0 0 5984 22 35 46 35 46 24 35 5984 22 0 0 0 0 5984 22 35 46 35 46 24 35 5984 22 0 0 0 0 5984 22 35 46 35 46 24 35 5984 22 0 0 0 0 5984 22 35 46 35 46 24 35 5984 22 0 0 0 0 5984 22 35 46 35 46 30 41 5984 22 0 0 0 0 5984 22
211 800 200 800 0 200 0 1000 35 46 35 46 24 35 0 0 0 0 0 0 0 0 35 46 35 46 24 35 0 0 0 0 0 0 0 0 35 46 35 46 24 35 0 0 0 0 0 0 0 0 35 46 35 46 24 35 0 0 0 0 0 0 0 0 35 46 35 46 24 35 0 0 0 0 0 0 0 0 35 46 35 46 31 42 0 0 0 0 0 0 0 0
212 800 200 800 0 200 0 1000 35 46 35 46 24 35 0 0 0 0 0 0 0 0 35 46 35 46 24 35 0 0 0 0 0 0 0 0 35 46 35 46 24 35 0 0 0 0 0 0 0 0 35 46 35 46 24 35 0 0 0 0 0 0 0 0 35 46 35 46 24 35 0 0 0 0 0 0 0 0 35 46 35 46 31 42 0 0 0 0 0 0 0 0
213 800 200 800 0 200 0 1000 35 46 35 46 24 35 0 0 0 0 0 0 0 0 35 46 35 46 24 35 0 0 0 0 0 0 0 0 35 46 35 46 24 35 0 0 0 0 0 0 0 0 35 46 35 46 24 35 0 0 0 0 0 0 0 0 35 46 35 46 24 35 0 0 0 0 0 0 0 0 35 46 35 46 31 42 0 0 0 0 0 0 0 0
214 800 200 800 0 200 0 1000 35 46 35 46 24 35 6528 24 0 0 0 0 6528 24 35 46 35 46 24 35 6528 24 0 0 0 0 6528 24 35 46 35 46 24 35 6528 24 0 0 0 0 6528 24 35 46 35 46 24 35 6528 24 0 0 0 0 6528 24 35 46 35 46 24 35 6528 24 0 0 0 0 6528 24 35 46 35 46 31 42 6528 24 0 0 0 0 6528 24
215 800 200 800 0 200 0 1000 35 46 35 46 24 35 0 0 0 0 0 0 0 0 35 46 35 46 24 35 0 0 0 0 0 0 0 0 35 46 35 46 24 35 0 0 0 0 0 0 0 0 35 46 35 46 24 35 0 0 0 0 0 0 0 0 35 46 35 46 24 35 0 0 0 0 0 0 0 0 35 46 35 46 32 43 0 0 0 0 0 0 0 0
216 800 200 800 0 200 0 1000 35 46 35 46 24 35 0 0 0 0 0 0 0 0 35 46 35 46 24 35 0 0 0 0 0 0 0 0 35 46 35 46 24 35 0 0 0 0 0 0 0 0 35 46 35 46 24 35 0 0 0 0 0 0 0 0 35 46 35 46 24 35 0 0 0 0 0 0 0 0 35 46 35 46 32 43 0 0 0 0 0 0 0 0
217 800 200 800 0 200 0 1000 35 46 35 46 24 35 0 0 0 0 0 0 0 0 35 46 35 46 24 35 0 0 0 0 0 0 0 0 35 46 35 46 24 35 0 0 0 0 0 0 0 0 35 46 35 46 24 35 0 0 0 0 0 0 0 0 35 46 35 46 24 35 0 0 0 0 0 0 0 0 35 46 35 46 32 43 0 0 0 0 0 0 0 0
218 800 200 800 0 200 0 1000 35 46 35 46 24 35 5168 19 0 0 0 0 5168 19 35 46 35 46 24 35 5168 19 0 0 0 0 5168 19 35 46 35 46 24 35 5168 19 0 0 0 0 5168 19 35 46 35 46 24 35 5168 19 0 0 0 0 5168 19 35 46 35 46 24 35 5168 19 0 0 0 0 5168 19 35 46 35 46 32 43 5168 19 0 0 0 0 5168 19
219 800 200 800 0 200 0 1000 35 46 35 46 24 35 0 0 0 0 0 0 0 0 35 46 35 46 24 35 0 0 0 0 0 0 0 0 35 46 35 46 24 35 0 0 0 0 0 0 0 0 35 46 35 46 24 35 0 0 0 0 0 0 0 0 35 46 35 46 24 35 0 0 0 0 0 0 0 0 35 46 35 46 33 44 0 0 0 0 0 0 0 0
220 800 200 800 0 200 0 1000 35 46 35 46 24 35 0 0 0 0 0 0 0 0 35 46 35 46 24 35 0 0 0 0 0 0 0 0 35 46 35 46 24 35 0 0 0 0 0 0 0 0 35 46 35 46 24 35 0 0 0 0 0 0 0 0 35 46 35 46 24 35 0 0 0 0 0 0 0 0 35 46 35 46 33 44 0 0 0 0 0 0 0 0
221 800 200 800 0 200 0 1000 35 46 35 46 24 35 0 0 0 0 0 0 0 0 35 46 35 46 24 35 0 0 0 0 0 0 0 0 35 46 35 46 24 35 0 0 0 0 0 0 0 0 35 46 35 46 24 35 0 0 0 0 0 0 0 0 35 46 35 46 24 35 0 0 0 0 0 0 0 0 35 46 35 46 33 44 0 0 0 0 0 0 0 0
222 800 200 800 0 200 0 1000 35 46 35 46 24 35 5440 20 0 0 0 0 5440 20 35 46 35 46 24 35 5440 20 0 0 0 0 5440 20 35 46 35 46 24 35 5440 20 0 0 0 0 5440 20 35 46 35 46 24 35 5440 20 0 0 0 0 5440 20 35 46 35 46 24 35 5440 20 0 0 0 0 5440 20 35 46 35 46 33 44 5440 20 0 0 0 0 5440 20
223 800 200 800 0 200 0 1000 35 46 35 46 24 35 0 0 0 0 0 0 0 0 35 46 35 46 24 35 0 0 0 0 0 0 0 0 35 46 35 46 24 35 0 0 0 0 0 0 0 0 35 46 35 46 24 35 0 0 0 0 0 0 0 0 35 46 35 46 24 35 0 0 0 0 0 0 0 0 35 46 35 46 34 45 0 0 0 0 0 0 0 0
224 800 200 800 0 200 0 1000 35 46 35 46 24 35 0 0 0 0 0 0 0 0 35 46 35 46 24 35 0 0 0 0 0 0 0 0 35 46 35 46 24 35 0 0 0 0 0 0 0 0 35 46 35 46 24 35 0 0 0 0 0 0 0 0 35 46 35 46 24 35 0 0 0 0 0 0 0 0 35 46 35 46 34 45 0 0 0 0 0 0 0 0
225 800 200 800 0 200 0 1000 35 46 35 46 24 35 81079 1 81079 1 0 0 0 0 35 46 35 46 24 35 81079 1 81079 1 0 0 0 0 35 46 35 46 24 35 81079 1 81079 1 0 0 0 0 35 46 35 46 24 35 81079 1 81079 1 0 0 0 0 35 46 35 46 24 35 81079 1 81079 1 0 0 0 0 35 46 35 46 34 45 81079 1 81079 1 0 0 0 0
226 800 200 800 0 200 0 1000 35 46 35 46 24 35 84099 15 0 0 80291 1 3808 14 35 46 35 46 24 35 84099 15 0 0 80291 1 3808 14 35 46 35 46 24 35 84099 15 0 0 80291 1 3808 14 35 46 35 46 24 35 84099 15 0 0 80291 1 3808 14 35 46 35 46 24 35 84099 15 0 0 80291 1 3808 14 35 46 35 46 34 45 84099 15 0 0 80291 1 3808 14
227 800 200 800 0 200 0 1000 35 46 35 46 24 35 0 0 0 0 0 0 0 0 35 46 35 46 24 35 0 0 0 0 0 0 0 0 35 46 35 46 24 35 0 0 0 0 0 0 0 0 35 46 35 46 24 35 0 0 0 0 0 0 0 0 35 46 35 46 24 35 0 0 0 0 0 0 0 0 35 46 35 46 35 46 0 0 0 0 0 0 0 0
228 800 200 800 0 200 0 1000 35 46 35 46 24 35 0 0 0 0 0 0 0 0 35 46 35 46 24 35 0 0 0 0 0 0 0 0 35 46 35 46 24 35 0 0 0 0 0 0 0 0 35 46 35 46 24 35 0 0 0 0 0 0 0 0 35 46 35 46 24 35 0 0 0 0 0 0 0 0 35 46 35 46 35 46 0 0 0 0 0 0 0 0
229 800 200 800 0 200 0 1000 35 46 35 46 24 35 0 0 0 0 0 0 0 0 35 46 35 46 24 35 0 0 0 0 0 0 0 0 35 46 35 46 24 35 0 0 0 0 0 0 0 0 35 46 35 46 24 35 0 0 0 0 0 0 0 0 35 46 35 46 24 35 0 0 0 0 0 0 0 0 35 46 35 46 35 46 0 0 0 0 0 0 0 0
230 800 200 800 0 200 0 1000 35 46 35 46 24 35 5440 20 0 0 0 0 5440 20 35 46 35 46 24 35 5440 20 0 0 0 0 5440 20 35 46 35 46 24 35 5440 20 0 0 0 0 5440 20 35 46 35 46 24 35 5440 20 0 0 0 0 5440 20 35 46 35 46 24 35 5440 20 0 0 0 0 5440 20 35 46 35 46 35 46 5440 20 0 0 0 0 5440 20
231 800 200 800 0 200 0 1000 35 46 35 46 24 35 0 0 0 0 0 0 0 0 35 46 35 46 24 35 0 0 0 0 0 0 0 0 35 46 35 46 24 35 0 0 0 0 0 0 0 0 35 46 35 46 24 35 0 0 0 0 0 0 0 0 35 46 35 46 24 35 0 0 0 0 0 0 0 0 36 47 35 46 36 47 0 0 0 0 0 0 0 0
232 800 200 800 0 200 0 1000 35 46 35 46 24 35 0 0 0 0 0 0 0 0 35 46 35 46 24 35 0 0 0 0 0 0 0 0 35 46 35 46 24 35 0 0 0 0 0 0 0 0 35 46 35 46 24 35 0 0 0 0 0 0 0 0 35 46 35 46 24 35 0 0 0 0 0 0 0 0 36 47 35 46 36 47 0 0 0 0 0 0 0 0
233 800 200 800 0 200 0 1000 35 46 35 46 24 35 81079 1 81079 1 0 0 0 0 35 46 35 46 24 35 81079 1 81079 1 0 0 0 0 35 46 35 46 24 35 81079 1 81079 1 0 0 0 0 35 46 35 46 24 35 81079 1 81079 1 0 0 0 0 35 46 35 46 24 35 81079 1 81079 1 0 0 0 0 36 47 35 46 36 47 81079 1 81079 1 0 0 0 0
234 800 200 800 0 200 0 1000 35 46 35 46 24 35 85731 21 0 0 80291 1 5440 20 35 46 35 46 24 35 85731 21 0 0 80291 1 5440 20 35 46 35 46 24 35 85731 21 0 0 80291 1 5440 20 35 46 35 46 24 35 85731 21 0 0 80291 1 5440 20 35 46 35 46 24 35 85731 21 0 0 80291 1 5440 20 36 47 35 46 36 47 85731 21 0 0 80291 1 5440 20
235 800 200 800 0 200 0 1000 35 46 35 46 24 35 0 0 0 0 0 0 0 0 35 46 35 46 24 35 0 0 0 0 0 0 0 0 35 46 35 46 24 35 0 0 0 0 0 0 0 0 35 46 35 46 24 35 0 0 0 0 0 0 0 0 35 46 35 46 24 35 0 0 0 0 0 0 0 0 36 47 35 46 36 47 0 0 0 0 0 0 0 0
236 800 200 800 0 200 0 1000 35 46 35 46 24 35 0 0 0 0 0 0 0 0 35 46 35 46 24 35 0 0 0 0 0 0 0 0 35 46 35 46 24 35 0 0 0 0 0 0 0 0 35 46 35 46 24 35 0 0 0 0 0 0 0 0 35 46 35 46 24 35 0 0 0 0 0 0 0 0 36 47 35 46 36 47 0 0 0 0 0 0 0 0
237 800 200 800 0 200 0 1000 35 46 35 46 24 35 81079 1 81079 1 0 0 0 0 35 46 35 46 24 35 81079 1 81079 1 0 0 0 0 35 46 35 46 24 35 81079 1 81079 1 0 0 0 0 35 46 35 46 24 35 81079 1 81079 1 0 0 0 0 35 46 35 46 24 35 81079 1 81079 1 0 0 0 0 36 47 35 46 36 47 81079 1 81079 1 0 0 0 0
238 800 200 800 0 200 0 1000 35 46 35 46 24 35 87091 26 0 0 80291 1 6800 25 35 46 35 46 24 35 87091 26 0 0 80291 1 6800 25 35 46 35 46 24 35 87091 26 0 0 80291 1 6800 25 35 46 35 46 24 35 87091 26 0 0 80291 1 6800 25 35 46 35 46 24 35 87091 26 0 0 80291 1 6800 25 36 47 35 46 36 47 87091 26 0 0 80291 1 6800 25
239 800 200 800 0 200 0 1000 35 46 35 46 24 35 0 0 0 0 0 0 0 0 35 46 35 46 24 35 0 0 0 0 0 0 0 0 35 46 35 46 24 35 0 0 0 0 0 0 0 0 35 46 35 46 24 35 0 0 0 0 0 0 0 0 35 46 35 46 24 35 0 0 0 0 0 0 0 0 36 47 35 46 36 47 0 0 0 0 0 0 0 0
240 800 200 800 0 200 0 1000 35 46 35 46 24 35 0 0 0 0 0 0 0 0 35 46 35 46 24 35 0 0 0 0 0 0 0 0 35 46 35 46 24 35 0 0 0 0 0 0 0 0 35 46 35 46 24 35 0 0 0 0 0 0 0 0 35 46 35 46 24 35 0 0 0 0 0 0 0 0 36 47 35 46 36 47 0 0 0 0 0 0 0 0
241 800 200 800 0 200 0 1000 35 46 35 46 24 35 162478 2 162478 2 0 0 0 0 35 46 35 46 24 35 162478 2 162478 2 0 0 0 0 35 46 35 46 24 35 162478 2 162478 2 0 0 0 0 35 46 35 46 24 35 162478 2 162478 2 0 0 0 0 35 46 35 46 24 35 162478 2 162478 2 0 0 0 0 36 47 35 46 36 47 162478 2 162478 2 0 0 0 0
242 800 200 800 0 200 0 1000 35 46 35 46 24 35 84915 18 0 0 80291 1 4624 17 35 46 35 46 24 35 84915 18 0 0 80291 1 4624 17 35 46 35 46 24 35 84915 18 0 0 80291 1 4624 17 35 46 35 46 24 35 84915 18 0 0 80291 1 4624 17 35 46 35 46 24 35 84915 18 0 0 80291 1 4624 17 36 47 35 46 36 47 84915 18 0 0 80291 1 4624 17
243 800 200 800 0 200 0 1000 35 46 35 46 24 35 0 0 0 0 0 0 0 0 35 46 35 46 24 35 0 0 0 0 0 0 0 0 35 46 35 46 24 35 0 0 0 0 0 0 0 0 35 46 35 46 24 35 0 0 0 0 0 0 0 0 35 46 35 46 24 35 0 0 0 0 0 0 0 0 37 50 35 46 37 50 0 0 0 0 0 0 0 0
244 800 200 800 0 200 0 1000 35 46 35 46 24 35 0 0 0 0 0 0 0 0 35 46 35 46 24 35 0 0 0 0 0 0 0 0 35 46 35 46 24 35 0 0 0 0 0 0 0 0 35 46 35 46 24 35 0 0 0 0 0 0 0 0 35 46 35 46 24 35 0 0 0 0 0 0 0 0 37 50 35 46 37 50 0 0 0 0 0 0 0 0
245 800 200 800 0 200 0 1000 35 46 35 46 24 35 0 0 0 0 0 0 0 0 35 46 35 46 24 35 0 0 0 0 0 0 0 0 35 46 35 46 24 35 0 0 0 0 0 0 0 0 35 46 35 46 24 35 0 0 0 0 0 0 0 0 35 46 35 46 24 35 0 0 0 0 0 0 0 0 37 50 35 46 37 50 0 0 0 0 0 0 0 0
246 800 200 800 0 200 0 1000 35 46 35 46 24 35 4896 18 0 0 0 0 4896 18 35 46 35 46 24 35 4896 18 0 0 0 0 4896 18 35 46 35 46 24 35 4896 18 0 0 0 0 4896 18 35 46 35 46 24 35 4896 18 0 0 0 0 4896 18 35 46 35 46 24 35 4896 18 0 0 0 0 4896 18 37 50 35 46 37 50 4896 18 0 0 0 0 4896 18
247 800 200 800 0 200 0 1000 35 46 35 46 24 35 0 0 0 0 0 0 0 0 35 46 35 46 24 35 0 0 0 0 0 0 0 0 35 46 35 46 24 35 0 0 0 0 0 0 0 0 35 46 35 46 24 35 0 0 0 0 0 0 0 0 35 46 35 46 24 35 0 0 0 0 0 0 0 0 37 50 35 46 37 50 0 0 0 0 0 0 0 0
248 0 1000 0 800 200 0 1000 35 46 35 46 24 35 0 0 0 0 0 0 0 0 35 46 35 46 24 35 0 0 0 0 0 0 0 0 35 46 35 46 24 35 0 0 0 0 0 0 0 0 35 46 35 46 24 35 0 0 0 0 0 0 0 0 35 46 35 46 24 35 0 0 0 0 0 0 0 0 37 50 35 46 37 50 0 0 0 0 0 0 0 0
249 0 1000 0 800 200 0 1000 35 46 35 46 24 35 0 0 0 0 0 0 0 0 35 46 35 46 24 35 0 0 0 0 0 0 0 0 35 46 35 46 24 35 0 0 0 0 0 0 0 0 35 46 35 46 24 35 0 0 0 0 0 0 0 0 35 46 35 46 24 35 0 0 0 0 0 0 0 0 37 50 35 46 37 50 0 0 0 0 0 0 0 0
250 0 1000 0 800 200 0 1000 35 46 35 46 24 35 3536 13 0 0 0 0 3536 13 35 46 35 46 24 35 3536 13 0 0 0 0 3536 13 35 46 35 46 24 35 3536 13 0 0 0 0 3536 13 35 46 35 46 24 35 3536 13 0 0 0 0 3536 13 35 46 35 46 24 35 3536 13 0 0 0 0 3536 13 37 50 35 46 37 50 3536 13 0 0 0 0 3536 13
251 0 1000 0 0 1000 0 1000 37 50 35 46 37 50 0 0 0 0 0 0 0 0 37 50 35 46 37 50 0 0 0 0 0 0 0 0 37 50 35 46 37 50 0 0 0 0 0 0 0 0 37 50 35 46 37 50 0 0 0 0 0 0 0 0 37 50 35 46 37 50 0 0 0 0 0 0 0 0 37 50 35 46 37 50 0 0 0 0 0 0 0 0
252 0 1000 0 0 1000 0 1000 37 50 35 46 37 50 0 0 0 0 0 0 0 0 37 50 35 46 37 50 0 0 0 0 0 0 0 0 37 50 35 46 37 50 0 0 0 0 0 0 0 0 37 50 35 46 37 50 0 0 0 0 0 0 0 0 37 50 35 46 37 50 0 0 0 0 0 0 0 0 37 50 35 46 37 50 0 0 0 0 0 0 0 0
253 0 1000 0 0 1000 0 1000 37 50 35 46 37 50 323420 4 323420 4 0 0 0 0 37 50 35 46 37 50 323420 4 323420 4 0 0 0 0 37 50 35 46 37 50 323420 4 323420 4 0 0 0 0 37 50 35 46 37 50 323420 4 323420 4 0 0 0 0 37 50 35 46 37 50 323420 4 323420 4 0 0 0 0 37 50 35 46 37 50 323420 4 323420 4 0 0 0 0
254 0 1000 0 0 1000 0 1000 42 63 42 63 37 50 109395 108 0 0 80291 1 29104 107 42 63 42 63 37 50 109395 108 0 0 80291 1 29104 107 42 63 42 63 37 50 109395 108 0 0 80291 1 29104 107 42 63 42 63 37 50 109395 108 0 0 80291 1 29104 107 42 63 42 63 37 50 109395 108 0 0 80291 1 29104 107 42 63 42 63 37 50 109395 108 0 0 80291 1 29104 107
255 0 1000 0 0 1000 0 1000 42 63 42 63 37 50 0 0 0 0 0 0 0 0 42 63 42 63 37 50 0 0 0 0 0 0 0 0 42 63 42 63 37 50 0 0 0 0 0 0 0 0 42 63 42 63 37 50 0 0 0 0 0 0 0 0 42 63 42 63 37 50 0 0 0 0 0 0 0 0 42 63 42 63 37 50 0 0 0 0 0 0 0 0
256 0 1000 0 0 1000 0 1000 42 63 42 63 37 50 0 0 0 0 0 0 0 0 42 63 42 63 37 50 0 0 0 0 0 0 0 0 42 63 42 63 37 50 0 0 0 0 0 0 0 0 42 63 42 63 37 50 0 0 0 0 0 0 0 0 42 63 42 63 37 50 0 0 0 0 0 0 0 0 42 63 42 63 37 50 0 0 0 0 0 0 0 0
257 0 1000 0 0 1000 0 1000 42 63 42 63 37 50 83863 1 83863 1 0 0 0 0 42 63 42 63 37 50 83863 1 83863 1 0 0 0 0 42 63 42 63 37 50 83863 1 83863 1 0 0 0 0 42 63 42 63 37 50 83863 1 83863 1 0 0 0 0 42 63 42 63 37 50 83863 1 83863 1 0 0 0 0 42 63 42 63 37 50 83863 1 83863 1 0 0 0 0
258 0 1000 0 0 1000 0 1000 43 64 43 64 37 50 109395 108 0 0 80291 1 29104 107 43 64 43 64 37 50 109395 108 0 0 80291 1 29104 107 43 64 43 64 37 50 109395 108 0 0 80291 1 29104 107 43 64 43 64 37 50 109395 108 0 0 80291 1 29104 107 43 64 43 64 37 50 109395 108 0 0 80291 1 29104 107 43 64 43 64 37 50 109395 108 0 0 80291 1 29104 107
259 0 1000 0 0 1000 0 1000 43 64 43 64 37 50 0 0 0 0 0 0 0 0 43 64 43 64 37 50 0 0 0 0 0 0 0 0 43 64 43 64 37 50 0 0 0 0 0 0 0 0 43 64 43 64 37 50 0 0 0 0 0 0 0 0 43 64 43 64 37 50 0 0 0 0 0 0 0 0 43 64 43 64 37 50 0 0 0 0 0 0 0 0
260 0 1000 0 0 1000 0 1000 43 64 43 64 37 50 0 0 0 0 0 0 0 0 43 64 43 64 37 50 0 0 0 0 0 0 0 0 43 64 43 64 37 50 0 0 0 0 0 0 0 0 43 64 43 64 37 50 0 0 0 0 0 0 0 0 43 64 43 64 37 50 0 0 0 0 0 0 0 0 43 64 43 64 37 50 0 0 0 0 0 0 0 0
261 0 1000 0 0 1000 0 1000 43 64 43 64 37 50 503178 6 503178 6 0 0 0 0 43 64 43 64 37 50 503178 6 503178 6 0 0 0 0 43 64 43 64 37 50 503178 6 503178 6 0 0 0 0 43 64 43 64 37 50 503178 6 503178 6 0 0 0 0 43 64 43 64 37 50 503178 6 503178 6 0 0 0 0 43 64 43 64 37 50 503178 6 503178 6 0 0 0 0
262 0 1000 0 0 1000 0 1000 44 65 44 65 37 50 111299 115 0 0 80291 1 31008 114 44 65 44 65 37 50 111299 115 0 0 80291 1 31008 114 44 65 44 65 37 50 111299 115 0 0 80291 1 31008 114 44 65 44 65 37 50 111299 115 0 0 80291 1 31008 114 44 65 44 65 37 50 111299 115 0 0 80291 1 31008 114 44 65 44 65 37 50 111299 115 0 0 80291 1 31008 114
263 0 1000 0 0 1000 0 1000 44 65 44 65 37 50 0 0 0 0 0 0 0 0 44 65 44 65 37 50 0 0 0 0 0 0 0 0 44 65 44 65 37 50 0 0 0 0 0 0 0 0 44 65 44 65 37 50 0 0 0 0 0 0 0 0 44 65 44 65 37 50 0 0 0 0 0 0 0 0 44 65 44 65 37 50 0 0 0 0 0 0 0 0
264 0 1000 0 0 1000 0 1000 44 65 44 65 37 50 0 0 0 0 0 0 0 0 44 65 44 65 37 50 0 0 0 0 0 0 0 0 44 65 44 65 37 50 0 0 0 0 0 0 0 0 44 65 44 65 37 50 0 0 0 0 0 0 0 0 44 65 44 65 37 50 0 0 0 0 0 0 0 0 44 65 44 65 37 50 0 0 0 0 0 0 0 0
265 0 1000 0 0 1000 0 1000 44 65 44 65 37 50 252261 3 252261 3 0 0 0 0 44 65 44 65 37 50 252261 3 252261 3 0 0 0 0 44 65 44 65 37 50 252261 3 252261 3 0 0 0 0 44 65 44 65 37 50 252261 3 252261 3 0 0 0 0 44 65 44 65 37 50 252261 3 252261 3 0 0 0 0 44 65 44 65 37 50 252261 3 252261 3 0 0 0 0
266 0 1000 0 0 1000 0 1000 45 66 45 66 37 50 112931 121 0 0 80291 1 32640 120 45 66 45 66 37 50 112931 121 0 0 80291 1 32640 120 45 66 45 66 37 50 112931 121 0 0 80291 1 32640 120 45 66 45 66 37 50 112931 121 0 0 80291 1 32640 120 45 66 45 66 37 50 112931 121 0 0 80291 1 32640 120 45 66 45 66 37 50 112931 121 0 0 80291 1 32640 120
267 0 1000 0 0 1000 0 1000 45 66 45 66 38 56 0 0 0 0 0 0 0 0 45 66 45 66 38 56 0 0 0 0 0 0 0 0 45 66 45 66 38 56 0 0 0 0 0 0 0 0 45 66 45 66 38 56 0 0 0 0 0 0 0 0 45 66 45 66 38 56 0 0 0 0 0 0 0 0 45 66 45 66 38 56 0 0 0 0 0 0 0 0
268 0 1000 0 0 1000 0 1000 45 66 45 66 38 56 0 0 0 0 0 0 0 0 45 66 45 66 38 56 0 0 0 0 0 0 0 0 45 66 45 66 38 56 0 0 0 0 0 0 0 0 45 66 45 66 38 56 0 0 0 0 0 0 0 0 45 66 45 66 38 56 0 0 0 0 0 0 0 0 45 66 45 66 38 56 0 0 0 0 0 0 0 0
269 0 1000 0 0 1000 0 1000 45 66 45 66 38 56 252837 3 252837 3 0 0 0 0 45 66 45 66 38 56 252837 3 252837 3 0 0 0 0 45 66 45 66 38 56 252837 3 252837 3 0 0 0 0 45 66 45 66 38 56 252837 3 252837 3 0 0 0 0 45 66 45 66 38 56 252837 3 252837 3 0 0 0 0 45 66 45 66 38 56 252837 3 252837 3 0 0 0 0
270 0 1000 0 0 1000 0 1000 46 67 46 67 38 56 111299 115 0 0 80291 1 31008 114 46 67 46 67 38 56 111299 115 0 0 80291 1 31008 114 46 67 46 67 38 56 111299 115 0 0 80291 1 31008 114 46 67 46 67 38 56 111299 115 0 0 80291 1 31008 114 46 67 46 67 38 56 111299 115 0 0 80291 1 31008 114 46 67 46 67 38 56 111299 115 0 0 80291 1 31008 114
271 0 1000 0 0 1000 0 1000 46 67 46 67 38 56 0 0 0 0 0 0 0 0 46 67 46 67 38 56 0 0 0 0 0 0 0 0 46 67 46 67 38 56 0 0 0 0 0 0 0 0 46 67 46 67 38 56 0 0 0 0 0 0 0 0 46 67 46 67 38 56 0 0 0 0 0 0 0 0 46 67 46 67 38 56 0 0 0 0 0 0 0 0
272 0 1000 0 0 1000 0 1000 46 67 46 67 38 56 0 0 0 0 0 0 0 0 46 67 46 67 38 56 0 0 0 0 0 0 0 0 46 67 46 67 38 56 0 0 0 0 0 0 0 0 46 67 46 67 38 56 0 0 0 0 0 0 0 0 46 67 46 67 38 56 0 0 0 0 0 0 0 0 46 67 46 67 38 56 0 0 0 0 0 0 0 0
273 0 1000 0 0 1000 0 1000 46 67 46 67 38 56 336347 4 336347 4 0 0 0 0 46 67 46 67 38 56 336347 4 336347 4 0 0 0 0 46 67 46 67 38 56 336347 4 336347 4 0 0 0 0 46 67 46 67 38 56 336347 4 336347 4 0 0 0 0 46 67 46 67 38 56 336347 4 336347 4 0 0 0 0 46 67 46 67 38 56 336347 4 336347 4 0 0 0 0
274 0 1000 0 0 1000 0 1000 47 68 47 68 38 56 108579 105 0 0 80291 1 28288 104 47 68 47 68 38 56 108579 105 0 0 80291 1 28288 104 47 68 47 68 38 56 108579 105 0 0 80291 1 28288 104 47 68 47 68 38 56 108579 105 0 0 80291 1 28288 104 47 68 47 68 38 56 108579 105 0 0 80291 1 28288 104 47 68 47 68 38 56 108579 105 0 0 80291 1 28288 104
275 0 1000 0 0 1000 0 1000 47 68 47 68 39 58 0 0 0 0 0 0 0 0 47 68 47 68 39 58 0 0 0 0 0 0 0 0 47 68 47 68 39 58 0 0 0 0 0 0 0 0 47 68 47 68 39 58 0 0 0 0 0 0 0 0 47 68 47 68 39 58 0 0 0 0 0 0 0 0 47 68 47 68 39 58 0 0 0 0 0 0 0 0
276 0 1000 0 0 1000 0 1000 47 68 47 68 39 58 0 0 0 0 0 0 0 0 47 68 47 68 39 58 0 0 0 0 0 0 0 0 47 68 47 68 39 58 0 0 0 0 0 0 0 0 47 68 47 68 39 58 0 0 0 0 0 0 0 0 47 68 47 68 39 58 0 0 0 0 0 0 0 0 47 68 47 68 39 58 0 0 0 0 0 0 0 0
277 0 1000 0 0 1000 0 1000 47 68 47 68 39 58 83767 1 83767 1 0 0 0 0 47 68 47 68 39 58 83767 1 83767 1 0 0 0 0 47 68 47 68 39 58 83767 1 83767 1 0 0 0 0 47 68 47 68 39 58 83767 1 83767 1 0 0 0 0 47 68 47 68 39 58 83767 1 83767 1 0 0 0 0 47 68 47 68 39 58 83767 1 83767 1 0 0 0 0
278 0 1000 0 0 1000 0 1000 48 69 48 69 39 58 104499 90 0 0 80291 1 24208 89 48 69 48 69 39 58 104499 90 0 0 80291 1 24208 89 48 69 48 69 39 58 104499 90 0 0 80291 1 24208 89 48 69 48 69 39 58 104499 90 0 0 80291 1 24208 89 48 69 48 69 39 58 104499 90 0 0 80291 1 24208 89 48 69 48 69 39 58 104499 90 0 0 80291 1 24208 89
279 0 1000 0 0 1000 0 1000 48 69 48 69 40 59 0 0 0 0 0 0 0 0 48 69 48 69 40 59 0 0 0 0 0 0 0 0 48 69 48 69 40 59 0 0 0 0 0 0 0 0 48 69 48 69 40 59 0 0 0 0 0 0 0 0 48 69 48 69 40 59 0 0 0 0 0 0 0 0 48 69 48 69 40 59 0 0 0 0 0 0 0 0
280 0 1000 0 0 1000 0 1000 48 69 48 69 40 59 0 0 0 0 0 0 0 0 48 69 48 69 40 59 0 0 0 0 0 0 0 0 48 69 48 69 40 59 0 0 0 0 0 0 0 0 48 69 48 69 40 59 0 0 0 0 0 0 0 0 48 69 48 69 40 59 0 0 0 0 0 0 0 0 48 69 48 69 40 59 0 0 0 0 0 0 0 0
281 0 1000 0 0 1000 0 1000 48 69 48 69 40 59 583009 7 583009 7 0 0 0 0 48 69 48 69 40 59 583009 7 583009 7 0 0 0 0 48 69 48 69 40 59 583009 7 583009 7 0 0 0 0 48 69 48 69 40 59 583009 7 583009 7 0 0 0 0 48 69 48 69 40 59 583009 7 583009 7 0 0 0 0 48 69 48 69 40 59 583009 7 583009 7 0 0 0 0
282 0 1000 0 0 1000 0 1000 49 70 49 70 40 59 106131 96 0 0 80291 1 25840 95 49 70 49 70 40 59 106131 96 0 0 80291 1 25840 95 49 70 49 70 40 59 106131 96 0 0 80291 1 25840 95 49 70 49 70 40 59 106131 96 0 0 80291 1 25840 95 49 70 49 70 40 59 106131 96 0 0 80291 1 25840 95 49 70 49 70 40 59 106131 96 0 0 80291 1 25840 95
283 0 1000 0 0 1000 0 1000 49 70 49 70 41 60 0 0 0 0 0 0 0 0 49 70 49 70 41 60 0 0 0 0 0 0 0 0 49 70 49 70 41 60 0 0 0 0 0 0 0 0 49 70 49 70 41 60 0 0 0 0 0 0 0 0 49 70 49 70 41 60 0 0 0 0 0 0 0 0 49 70 49 70 41 60 0 0 0 0 0 0 0 0
284 0 1000 0 0 1000 0 1000 49 70 49 70 41 60 0 0 0 0 0 0 0 0 49 70 49 70 41 60 0 0 0 0 0 0 0 0 49 70 49 70 41 60 0 0 0 0 0 0 0 0 49 70 49 70 41 60 0 0 0 0 0 0 0 0 49 70 49 70 41 60 0 0 0 0 0 0 0 0 49 70 49 70 41 60 0 0 0 0 0 0 0 0
285 0 1000 0 0 1000 0 1000 49 70 49 70 41 60 83479 1 83479 1 0 0 0 0 49 70 49 70 41 60 83479 1 83479 1 0 0 0 0 49 70 49 70 41 60 83479 1 83479 1 0 0 0 0 49 70 49 70 41 60 83479 1 83479 1 0 0 0 0 49 70 49 70 41 60 83479 1 83479 1 0 0 0 0 49 70 49 70 41 60 83479 1 83479 1 0 0 0 0
286 0 1000 0 0 1000 0 1000 50 71 50 71 41 60 104227 89 0 0 80291 1 23936 88 50 71 50 71 41 60 104227 89 0 0 80291 1 23936 88 50 71 50 71 41 60 104227 89 0 0 80291 1 23936 88 50 71 50 71 41 60 104227 89 0 0 80291 1 23936 88 50 71 50 71 41 60 104227 89 0 0 80291 1 23936 88 50 71 50 71 41 60 104227 89 0 0 80291 1 23936 88
287 0 1000 0 0 1000 0 1000 50 71 50 71 41 60 0 0 0 0 0 0 0 0 50 71 50 71 41 60 0 0 0 0 0 0 0 0 50 71 50 71 41 60 0 0 0 0 0 0 0 0 50 71 50 71 41 60 0 0 0 0 0 0 0 0 50 71 50 71 41 60 0 0 0 0 0 0 0 0 50 71 50 71 41 60 0 0 0 0 0 0 0 0
288 0 1000 0 0 1000 0 1000 50 71 50 71 41 60 0 0 0 0 0 0 0 0 50 71 50 71 41 60 0 0 0 0 0 0 0 0 50 71 50 71 41 60 0 0 0 0 0 0 0 0 50 71 50 71 41 60 0 0 0 0 0 0 0 0 50 71 50 71 41 60 0 0 0 0 0 0 0 0 50 71 50 71 41 60 0 0 0 0 0 0 0 0
289 0 1000 0 0 1000 0 1000 50 71 50 71 41 60 166510 2 166510 2 0 0 0 0 50 71 50 71 41 60 166510 2 166510 2 0 0 0 0 50 71 50 71 41 60 166510 2 166510 2 0 0 0 0 50 71 50 71 41 60 166510 2 166510 2 0 0 0 0 50 71 50 71 41 60 166510 2 166510 2 0 0 0 0 50 71 50 71 41 60 166510 2 166510 2 0 0 0 0
290 0 1000 0 0 1000 0 1000 51 72 51 72 41 60 110211 111 0 0 80291 1 29920 110 51 72 51 72 41 60 110211 111 0 0 80291 1 29920 110 51 72 51 72 41 60 110211 111 0 0 80291 1 29920 110 51 72 51 72 41 60 110211 111 0 0 80291 1 29920 110 51 72 51 72 41 60 110211 111 0 0 80291 1 29920 110 51 72 51 72 41 60 110211 111 0 0 80291 1 29920 110
291 0 1000 0 0 1000 0 1000 51 72 51 72 41 60 0 0 0 0 0 0 0 0 51 72 51 72 41 60 0 0 0 0 0 0 0 0 51 72 51 72 41 60 0 0 0 0 0 0 0 0 51 72 51 72 41 60 0 0 0 0 0 0 0 0 51 72 51 72 41 60 0 0 0 0 0 0 0 0 51 72 51 72 41 60 0 0 0 0 0 0 0 0
292 0 1000 0 0 1000 0 1000 51 72 51 72 41 60 0 0 0 0 0 0 0 0 51 72 51 72 41 60 0 0 0 0 0 0 0 0 51 72 51 72 41 60 0 0 0 0 0 0 0 0 51 72 51 72 41 60 0 0 0 0 0 0 0 0 51 72 51 72 41 60 0 0 0 0 0 0 0 0 51 72 51 72 41 60 0 0 0 0 0 0 0 0
293 0 1000 0 0 1000 0 1000 51 72 51 72 41 60 167918 2 167918 2 0 0 0 0 51 72 51 72 41 60 167918 2 167918 2 0 0 0 0 51 72 51 72 41 60 167918 2 167918 2 0 0 0 0 51 72 51 72 41 60 167918 2 167918 2 0 0 0 0 51 72 51 72 41 60 167918 2 167918 2 0 0 0 0 51 72 51 72 41 60 167918 2 167918 2 0 0 0 0
294 0 1000 0 0 1000 0 1000 52 73 52 73 41 60 108307 104 0 0 80291 1 28016 103 52 73 52 73 41 60 108307 104 0 0 80291 1 28016 103 52 73 52 73 41 60 108307 104 0 0 80291 1 28016 103 52 73 52 73 41 60 108307 104 0 0 80291 1 28016 103 52 73 52 73 41 60 108307 104 0 0 80291 1 28016 103 52 73 52 73 41 60 108307 104 0 0 80291 1 28016 103
295 0 1000 0 0 1000 0 1000 52 73 52 73 42 63 0 0 0 0 0 0 0 0 52 73 52 73 42 63 0 0 0 0 0 0 0 0 52 73 52 73 42 63 0 0 0 0 0 0 0 0 52 73 52 73 42 63 0 0 0 0 0 0 0 0 52 73 52 73 42 63 0 0 0 0 0 0 0 0 52 73 52 73 42 63 0 0 0 0 0 0 0 0
296 0 1000 0 0 1000 0 1000 52 73 52 73 42 63 0 0 0 0 0 0 0 0 52 73 52 73 42 63 0 0 0 0 0 0 0 0 52 73 52 73 42 63 0 0 0 0 0 0 0 0 52 73 52 73 42 63 0 0 0 0 0 0 0 0 52 73 52 73 42 63 0 0 0 0 0 0 0 0 52 73 52 73 42 63 0 0 0 0 0 0 0 0
297 0 1000 0 0 1000 0 1000 52 73 52 73 42 63 0 0 0 0 0 0 0 0 52 73 52 73 42 63 0 0 0 0 0 0 0 0 52 73 52 73 42 63 0 0 0 0 0 0 0 0 52 73 52 73 42 63 0 0 0 0 0 0 0 0 52 73 52 73 42 63 0 0 0 0 0 0 0 0 52 73 52 73 42 63 0 0 0 0 0 0 0 0
298 0 1000 0 0 1000 0 1000 52 73 52 73 42 63 31008 114 0 0 0 0 31008 114 52 73 52 73 42 63 31008 114 0 0 0 0 31008 114 52 73 52 73 42 63 31008 114 0 0 0 0 31008 114 52 73 52 73 42 63 31008 114 0 0 0 0 31008 114 52 73 52 73 42 63 31008 114 0 0 0 0 31008 114 52 73 52 73 42 63 31008 114 0 0 0 0 31008 114
299 0 1000 0 0 1000 0 1000 52 73 52 73 43 64 0 0 0 0 0 0 0 0 52 73 52 73 43 64 0 0 0 0 0 0 0 0 52 73 52 73 43 64 0 0 0 0 0 0 0 0 52 73 52 73 43 64 0 0 0 0 0 0 0 0 52 73 52 73 43 64 0 0 0 0 0 0 0 0 52 73 52 73 43 64 0 0 0 0 0 0 0 0
300 0 1000 0 0 1000 0 1000 52 73 52 73 43 64 0 0 0 0 0 0 0 0 52 73 52 73 43 64 0 0 0 0 0 0 0 0 52 73 52 73 43 64 0 0 0 0 0 0 0 0 52 73 52 73 43 64 0 0 0 0 0 0 0 0 52 73 52 73 43 64 0 0 0 0 0 0 0 0 52 73 52 73 43 64 0 0 0 0 0 0 0 0
301 0 1000 0 0 1000 0 1000 52 73 52 73 43 64 84087 1 84087 1 0 0 0 0 52 73 52 73 43 64 84087 1 84087 1 0 0 0 0 52 73 52 73 43 64 84087 1 84087 1 0 0 0 0 52 73 52 73 43 64 84087 1 84087 1 0 0 0 0 52 73 52 73 43 64 84087 1 84087 1 0 0 0 0 52 73 52 73 43 64 84087 1 84087 1 0 0 0 0
302 0 1000 0 0 1000 0 1000 53 75 53 75 43 64 103955 88 0 0 80291 1 23664 87 53 75 53 75 43 64 103955 88 0 0 80291 1 23664 87 53 75 53 75 43 64 103955 88 0 0 80291 1 23664 87 53 75 53 75 43 64 103955 88 0 0 80291 1 23664 87 53 75 53 75 43 64 103955 88 0 0 80291 1 23664 87 53 75 53 75 43 64 103955 88 0 0 80291 1 23664 87
303 0 1000 0 0 1000 0 1000 53 75 53 75 44 65 0 0 0 0 0 0 0 0 53 75 53 75 44 65 0 0 0 0 0 0 0 0 53 75 53 75 44 65 0 0 0 0 0 0 0 0 53 75 53 75 44 65 0 0 0 0 0 0 0 0 53 75 53 75 44 65 0 0 0 0 0 0 0 0 53 75 53 75 44 65 0 0 0 0 0 0 0 0
