r n_asleep n_awake n_honest_asleep n_honest_dreamy n_honest_awake n_adversary n_all party0_ledger_best_length party0_ledger_best_age party0_ledger_fast_length party0_ledger_fast_age party0_ledger_slow_length party0_ledger_slow_age party0_comms_all_size party0_comms_all_count party0_comms_proposal_size party0_comms_proposal_count party0_comms_piece_block_size party0_comms_piece_block_count party0_comms_piece_vote_size party0_comms_piece_vote_count party1_ledger_best_length party1_ledger_best_age party1_ledger_fast_length party1_ledger_fast_age party1_ledger_slow_length party1_ledger_slow_age party1_comms_all_size party1_comms_all_count party1_comms_proposal_size party1_comms_proposal_count party1_comms_piece_block_size party1_comms_piece_block_count party1_comms_piece_vote_size party1_comms_piece_vote_count party2_ledger_best_length party2_ledger_best_age party2_ledger_fast_length party2_ledger_fast_age party2_ledger_slow_length party2_ledger_slow_age party2_comms_all_size party2_comms_all_count party2_comms_proposal_size party2_comms_proposal_count party2_comms_piece_block_size party2_comms_piece_block_count party2_comms_piece_vote_size party2_comms_piece_vote_count party3_ledger_best_length party3_ledger_best_age party3_ledger_fast_length party3_ledger_fast_age party3_ledger_slow_length party3_ledger_slow_age party3_comms_all_size party3_comms_all_count party3_comms_proposal_size party3_comms_proposal_count party3_comms_piece_block_size party3_comms_piece_block_count party3_comms_piece_vote_size party3_comms_piece_vote_count party4_ledger_best_length party4_ledger_best_age party4_ledger_fast_length party4_ledger_fast_age party4_ledger_slow_length party4_ledger_slow_age party4_comms_all_size party4_comms_all_count party4_comms_proposal_size party4_comms_proposal_count party4_comms_piece_block_size party4_comms_piece_block_count party4_comms_piece_vote_size party4_comms_piece_vote_count partyALWAYSAWAKE_ledger_best_length partyALWAYSAWAKE_ledger_best_age partyALWAYSAWAKE_ledger_fast_length partyALWAYSAWAKE_ledger_fast_age partyALWAYSAWAKE_ledger_slow_length partyALWAYSAWAKE_ledger_slow_age partyALWAYSAWAKE_comms_all_size partyALWAYSAWAKE_comms_all_count partyALWAYSAWAKE_comms_proposal_size partyALWAYSAWAKE_comms_proposal_count partyALWAYSAWAKE_comms_piece_block_size partyALWAYSAWAKE_comms_piece_block_count partyALWAYSAWAKE_comms_piece_vote_size partyALWAYSAWAKE_comms_piece_vote_count
4 0 1000 0 0 1000 0 1000 0 0 0 0 0 0 0 0 0 0 0 0 0 0 0 0 0 0 0 0 0 0 0 0 0 0 0 0 0 0 0 0 0 0 0 0 0 0 0 0 0 0 0 0 0 0 0 0 0 0 0 0 0 0 0 0 0 0 0 0 0 0 0 0 0 0 0 0 0 0 0 0 0 0 0 0 0 0 0 0 0 0 0 0
5 0 1000 0 0 1000 0 1000 0 0 0 0 0 0 160875 2 160875 2 0 0 0 0 0 0 0 0 0 0 160875 2 160875 2 0 0 0 0 0 0 0 0 0 0 160875 2 160875 2 0 0 0 0 0 0 0 0 0 0 160875 2 160875 2 0 0 0 0 0 0 0 0 0 0 160875 2 160875 2 0 0 0 0 0 0 0 0 0 0 160875 2 160875 2 0 0 0 0
6 0 1000 0 0 1000 0 1000 1 1 1 1 0 0 107489 101 0 0 80289 1 27200 100 1 1 1 1 0 0 107489 101 0 0 80289 1 27200 100 1 1 1 1 0 0 107489 101 0 0 80289 1 27200 100 1 1 1 1 0 0 107489 101 0 0 80289 1 27200 100 1 1 1 1 0 0 107489 101 0 0 80289 1 27200 100 1 1 1 1 0 0 107489 101 0 0 80289 1 27200 100
7 0 1000 0 0 1000 0 1000 1 1 1 1 0 0 0 0 0 0 0 0 0 0 1 1 1 1 0 0 0 0 0 0 0 0 0 0 1 1 1 1 0 0 0 0 0 0 0 0 0 0 1 1 1 1 0 0 0 0 0 0 0 0 0 0 1 1 1 1 0 0 0 0 0 0 0 0 0 0 1 1 1 1 0 0 0 0 0 0 0 0 0 0
8 0 1000 0 0 1000 0 1000 1 1 1 1 0 0 0 0 0 0 0 0 0 0 1 1 1 1 0 0 0 0 0 0 0 0 0 0 1 1 1 1 0 0 0 0 0 0 0 0 0 0 1 1 1 1 0 0 0 0 0 0 0 0 0 0 1 1 1 1 0 0 0 0 0 0 0 0 0 0 1 1 1 1 0 0 0 0 0 0 0 0 0 0
9 0 1000 0 0 1000 0 1000 1 1 1 1 0 0 83638 1 83638 1 0 0 0 0 1 1 1 1 0 0 83638 1 83638 1 0 0 0 0 1 1 1 1 0 0 83638 1 83638 1 0 0 0 0 1 1 1 1 0 0 83638 1 83638 1 0 0 0 0 1 1 1 1 0 0 83638 1 83638 1 0 0 0 0 1 1 1 1 0 0 83638 1 83638 1 0 0 0 0
10 0 1000 0 0 1000 0 1000 2 2 2 2 0 0 107218 100 0 0 80290 1 26928 99 2 2 2 2 0 0 107218 100 0 0 80290 1 26928 99 2 2 2 2 0 0 107218 100 0 0 80290 1 26928 99 2 2 2 2 0 0 107218 100 0 0 80290 1 26928 99 2 2 2 2 0 0 107218 100 0 0 80290 1 26928 99 2 2 2 2 0 0 107218 100 0 0 80290 1 26928 99
11 0 1000 0 0 1000 0 1000 2 2 2 2 0 0 0 0 0 0 0 0 0 0 2 2 2 2 0 0 0 0 0 0 0 0 0 0 2 2 2 2 0 0 0 0 0 0 0 0 0 0 2 2 2 2 0 0 0 0 0 0 0 0 0 0 2 2 2 2 0 0 0 0 0 0 0 0 0 0 2 2 2 2 0 0 0 0 0 0 0 0 0 0
12 0 1000 0 0 1000 0 1000 2 2 2 2 0 0 0 0 0 0 0 0 0 0 2 2 2 2 0 0 0 0 0 0 0 0 0 0 2 2 2 2 0 0 0 0 0 0 0 0 0 0 2 2 2 2 0 0 0 0 0 0 0 0 0 0 2 2 2 2 0 0 0 0 0 0 0 0 0 0 2 2 2 2 0 0 0 0 0 0 0 0 0 0
13 0 1000 0 0 1000 0 1000 2 2 2 2 0 0 83606 1 83606 1 0 0 0 0 2 2 2 2 0 0 83606 1 83606 1 0 0 0 0 2 2 2 2 0 0 83606 1 83606 1 0 0 0 0 2 2 2 2 0 0 83606 1 83606 1 0 0 0 0 2 2 2 2 0 0 83606 1 83606 1 0 0 0 0 2 2 2 2 0 0 83606 1 83606 1 0 0 0 0
14 0 1000 0 0 1000 0 1000 3 3 3 3 0 0 108034 103 0 0 80290 1 27744 102 3 3 3 3 0 0 108034 103 0 0 80290 1 27744 102 3 3 3 3 0 0 108034 103 0 0 80290 1 27744 102 3 3 3 3 0 0 108034 103 0 0 80290 1 27744 102 3 3 3 3 0 0 108034 103 0 0 80290 1 27744 102 3 3 3 3 0 0 108034 103 0 0 80290 1 27744 102
15 0 1000 0 0 1000 0 1000 3 3 3 3 0 0 0 0 0 0 0 0 0 0 3 3 3 3 0 0 0 0 0 0 0 0 0 0 3 3 3 3 0 0 0 0 0 0 0 0 0 0 3 3 3 3 0 0 0 0 0 0 0 0 0 0 3 3 3 3 0 0 0 0 0 0 0 0 0 0 3 3 3 3 0 0 0 0 0 0 0 0 0 0
16 0 1000 0 0 1000 0 1000 3 3 3 3 0 0 0 0 0 0 0 0 0 0 3 3 3 3 0 0 0 0 0 0 0 0 0 0 3 3 3 3 0 0 0 0 0 0 0 0 0 0 3 3 3 3 0 0 0 0 0 0 0 0 0 0 3 3 3 3 0 0 0 0 0 0 0 0 0 0 3 3 3 3 0 0 0 0 0 0 0 0 0 0
17 0 1000 0 0 1000 0 1000 3 3 3 3 0 0 167404 2 167404 2 0 0 0 0 3 3 3 3 0 0 167404 2 167404 2 0 0 0 0 3 3 3 3 0 0 167404 2 167404 2 0 0 0 0 3 3 3 3 0 0 167404 2 167404 2 0 0 0 0 3 3 3 3 0 0 167404 2 167404 2 0 0 0 0 3 3 3 3 0 0 167404 2 167404 2 0 0 0 0
18 0 1000 0 0 1000 0 1000 4 4 4 4 0 0 109394 108 0 0 80290 1 29104 107 4 4 4 4 0 0 109394 108 0 0 80290 1 29104 107 4 4 4 4 0 0 109394 108 0 0 80290 1 29104 107 4 4 4 4 0 0 109394 108 0 0 80290 1 29104 107 4 4 4 4 0 0 109394 108 0 0 80290 1 29104 107 4 4 4 4 0 0 109394 108 0 0 80290 1 29104 107
19 0 1000 0 0 1000 0 1000 4 4 4 4 0 0 0 0 0 0 0 0 0 0 4 4 4 4 0 0 0 0 0 0 0 0 0 0 4 4 4 4 0 0 0 0 0 0 0 0 0 0 4 4 4 4 0 0 0 0 0 0 0 0 0 0 4 4 4 4 0 0 0 0 0 0 0 0 0 0 4 4 4 4 0 0 0 0 0 0 0 0 0 0
20 0 1000 0 0 1000 0 1000 4 4 4 4 0 0 0 0 0 0 0 0 0 0 4 4 4 4 0 0 0 0 0 0 0 0 0 0 4 4 4 4 0 0 0 0 0 0 0 0 0 0 4 4 4 4 0 0 0 0 0 0 0 0 0 0 4 4 4 4 0 0 0 0 0 0 0 0 0 0 4 4 4 4 0 0 0 0 0 0 0 0 0 0
21 0 1000 0 0 1000 0 1000 4 4 4 4 0 0 251586 3 251586 3 0 0 0 0 4 4 4 4 0 0 251586 3 251586 3 0 0 0 0 4 4 4 4 0 0 251586 3 251586 3 0 0 0 0 4 4 4 4 0 0 251586 3 251586 3 0 0 0 0 4 4 4 4 0 0 251586 3 251586 3 0 0 0 0 4 4 4 4 0 0 251586 3 251586 3 0 0 0 0
22 0 1000 0 0 1000 0 1000 5 5 5 5 0 0 107762 102 0 0 80290 1 27472 101 5 5 5 5 0 0 107762 102 0 0 80290 1 27472 101 5 5 5 5 0 0 107762 102 0 0 80290 1 27472 101 5 5 5 5 0 0 107762 102 0 0 80290 1 27472 101 5 5 5 5 0 0 107762 102 0 0 80290 1 27472 101 5 5 5 5 0 0 107762 102 0 0 80290 1 27472 101
23 0 1000 0 0 1000 0 1000 5 5 5 5 0 0 0 0 0 0 0 0 0 0 5 5 5 5 0 0 0 0 0 0 0 0 0 0 5 5 5 5 0 0 0 0 0 0 0 0 0 0 5 5 5 5 0 0 0 0 0 0 0 0 0 0 5 5 5 5 0 0 0 0 0 0 0 0 0 0 5 5 5 5 0 0 0 0 0 0 0 0 0 0
24 0 1000 0 0 1000 0 1000 5 5 5 5 0 0 0 0 0 0 0 0 0 0 5 5 5 5 0 0 0 0 0 0 0 0 0 0 5 5 5 5 0 0 0 0 0 0 0 0 0 0 5 5 5 5 0 0 0 0 0 0 0 0 0 0 5 5 5 5 0 0 0 0 0 0 0 0 0 0 5 5 5 5 0 0 0 0 0 0 0 0 0 0
25 0 1000 0 0 1000 0 1000 5 5 5 5 0 0 167340 2 167340 2 0 0 0 0 5 5 5 5 0 0 167340 2 167340 2 0 0 0 0 5 5 5 5 0 0 167340 2 167340 2 0 0 0 0 5 5 5 5 0 0 167340 2 167340 2 0 0 0 0 5 5 5 5 0 0 167340 2 167340 2 0 0 0 0 5 5 5 5 0 0 167340 2 167340 2 0 0 0 0
26 0 1000 0 0 1000 0 1000 6 6 6 6 0 0 106674 98 0 0 80290 1 26384 97 6 6 6 6 0 0 106674 98 0 0 80290 1 26384 97 6 6 6 6 0 0 106674 98 0 0 80290 1 26384 97 6 6 6 6 0 0 106674 98 0 0 80290 1 26384 97 6 6 6 6 0 0 106674 98 0 0 80290 1 26384 97 6 6 6 6 0 0 106674 98 0 0 80290 1 26384 97
27 0 1000 0 0 1000 0 1000 6 6 6 6 0 0 0 0 0 0 0 0 0 0 6 6 6 6 0 0 0 0 0 0 0 0 0 0 6 6 6 6 0 0 0 0 0 0 0 0 0 0 6 6 6 6 0 0 0 0 0 0 0 0 0 0 6 6 6 6 0 0 0 0 0 0 0 0 0 0 6 6 6 6 0 0 0 0 0 0 0 0 0 0
28 0 1000 0 0 1000 0 1000 6 6 6 6 0 0 0 0 0 0 0 0 0 0 6 6 6 6 0 0 0 0 0 0 0 0 0 0 6 6 6 6 0 0 0 0 0 0 0 0 0 0 6 6 6 6 0 0 0 0 0 0 0 0 0 0 6 6 6 6 0 0 0 0 0 0 0 0 0 0 6 6 6 6 0 0 0 0 0 0 0 0 0 0
29 0 1000 0 0 1000 0 1000 6 6 6 6 0 0 83542 1 83542 1 0 0 0 0 6 6 6 6 0 0 83542 1 83542 1 0 0 0 0 6 6 6 6 0 0 83542 1 83542 1 0 0 0 0 6 6 6 6 0 0 83542 1 83542 1 0 0 0 0 6 6 6 6 0 0 83542 1 83542 1 0 0 0 0 6 6 6 6 0 0 83542 1 83542 1 0 0 0 0
30 0 1000 0 0 1000 0 1000 7 7 7 7 0 0 106674 98 0 0 80290 1 26384 97 7 7 7 7 0 0 106674 98 0 0 80290 1 26384 97 7 7 7 7 0 0 106674 98 0 0 80290 1 26384 97 7 7 7 7 0 0 106674 98 0 0 80290 1 26384 97 7 7 7 7 0 0 106674 98 0 0 80290 1 26384 97 7 7 7 7 0 0 106674 98 0 0 80290 1 26384 97
31 0 1000 0 0 1000 0 1000 7 7 7 7 0 0 0 0 0 0 0 0 0 0 7 7 7 7 0 0 0 0 0 0 0 0 0 0 7 7 7 7 0 0 0 0 0 0 0 0 0 0 7 7 7 7 0 0 0 0 0 0 0 0 0 0 7 7 7 7 0 0 0 0 0 0 0 0 0 0 7 7 7 7 0 0 0 0 0 0 0 0 0 0
32 0 1000 0 0 1000 0 1000 7 7 7 7 0 0 0 0 0 0 0 0 0 0 7 7 7 7 0 0 0 0 0 0 0 0 0 0 7 7 7 7 0 0 0 0 0 0 0 0 0 0 7 7 7 7 0 0 0 0 0 0 0 0 0 0 7 7 7 7 0 0 0 0 0 0 0 0 0 0 7 7 7 7 0 0 0 0 0 0 0 0 0 0
33 0 1000 0 0 1000 0 1000 7 7 7 7 0 0 167084 2 167084 2 0 0 0 0 7 7 7 7 0 0 167084 2 167084 2 0 0 0 0 7 7 7 7 0 0 167084 2 167084 2 0 0 0 0 7 7 7 7 0 0 167084 2 167084 2 0 0 0 0 7 7 7 7 0 0 167084 2 167084 2 0 0 0 0 7 7 7 7 0 0 167084 2 167084 2 0 0 0 0
34 0 1000 0 0 1000 0 1000 8 8 8 8 0 0 107762 102 0 0 80290 1 27472 101 8 8 8 8 0 0 107762 102 0 0 80290 1 27472 101 8 8 8 8 0 0 107762 102 0 0 80290 1 27472 101 8 8 8 8 0 0 107762 102 0 0 80290 1 27472 101 8 8 8 8 0 0 107762 102 0 0 80290 1 27472 101 8 8 8 8 0 0 107762 102 0 0 80290 1 27472 101
35 0 1000 0 0 1000 0 1000 8 8 8 8 0 0 0 0 0 0 0 0 0 0 8 8 8 8 0 0 0 0 0 0 0 0 0 0 8 8 8 8 0 0 0 0 0 0 0 0 0 0 8 8 8 8 0 0 0 0 0 0 0 0 0 0 8 8 8 8 0 0 0 0 0 0 0 0 0 0 8 8 8 8 0 0 0 0 0 0 0 0 0 0
36 0 1000 0 0 1000 0 1000 8 8 8 8 0 0 0 0 0 0 0 0 0 0 8 8 8 8 0 0 0 0 0 0 0 0 0 0 8 8 8 8 0 0 0 0 0 0 0 0 0 0 8 8 8 8 0 0 0 0 0 0 0 0 0 0 8 8 8 8 0 0 0 0 0 0 0 0 0 0 8 8 8 8 0 0 0 0 0 0 0 0 0 0
37 0 1000 0 0 1000 0 1000 8 8 8 8 0 0 167340 2 167340 2 0 0 0 0 8 8 8 8 0 0 167340 2 167340 2 0 0 0 0 8 8 8 8 0 0 167340 2 167340 2 0 0 0 0 8 8 8 8 0 0 167340 2 167340 2 0 0 0 0 8 8 8 8 0 0 167340 2 167340 2 0 0 0 0 8 8 8 8 0 0 167340 2 167340 2 0 0 0 0
38 0 1000 0 0 1000 0 1000 9 9 9 9 0 0 109122 107 0 0 80290 1 28832 106 9 9 9 9 0 0 109122 107 0 0 80290 1 28832 106 9 9 9 9 0 0 109122 107 0 0 80290 1 28832 106 9 9 9 9 0 0 109122 107 0 0 80290 1 28832 106 9 9 9 9 0 0 109122 107 0 0 80290 1 28832 106 9 9 9 9 0 0 109122 107 0 0 80290 1 28832 106
39 0 1000 0 0 1000 0 1000 9 9 9 9 0 0 0 0 0 0 0 0 0 0 9 9 9 9 0 0 0 0 0 0 0 0 0 0 9 9 9 9 0 0 0 0 0 0 0 0 0 0 9 9 9 9 0 0 0 0 0 0 0 0 0 0 9 9 9 9 0 0 0 0 0 0 0 0 0 0 9 9 9 9 0 0 0 0 0 0 0 0 0 0
40 0 1000 0 0 1000 0 1000 9 9 9 9 0 0 0 0 0 0 0 0 0 0 9 9 9 9 0 0 0 0 0 0 0 0 0 0 9 9 9 9 0 0 0 0 0 0 0 0 0 0 9 9 9 9 0 0 0 0 0 0 0 0 0 0 9 9 9 9 0 0 0 0 0 0 0 0 0 0 9 9 9 9 0 0 0 0 0 0 0 0 0 0
41 0 1000 0 0 1000 0 1000 9 9 9 9 0 0 83831 1 83831 1 0 0 0 0 9 9 9 9 0 0 83831 1 83831 1 0 0 0 0 9 9 9 9 0 0 83831 1 83831 1 0 0 0 0 9 9 9 9 0 0 83831 1 83831 1 0 0 0 0 9 9 9 9 0 0 83831 1 83831 1 0 0 0 0 9 9 9 9 0 0 83831 1 83831 1 0 0 0 0
42 0 1000 0 0 1000 0 1000 10 10 10 10 0 0 108035 103 0 0 80291 1 27744 102 10 10 10 10 0 0 108035 103 0 0 80291 1 27744 102 10 10 10 10 0 0 108035 103 0 0 80291 1 27744 102 10 10 10 10 0 0 108035 103 0 0 80291 1 27744 102 10 10 10 10 0 0 108035 103 0 0 80291 1 27744 102 10 10 10 10 0 0 108035 103 0 0 80291 1 27744 102
43 0 1000 0 0 1000 0 1000 10 10 10 10 0 0 0 0 0 0 0 0 0 0 10 10 10 10 0 0 0 0 0 0 0 0 0 0 10 10 10 10 0 0 0 0 0 0 0 0 0 0 10 10 10 10 0 0 0 0 0 0 0 0 0 0 10 10 10 10 0 0 0 0 0 0 0 0 0 0 10 10 10 10 0 0 0 0 0 0 0 0 0 0
44 0 1000 0 0 1000 0 1000 10 10 10 10 0 0 0 0 0 0 0 0 0 0 10 10 10 10 0 0 0 0 0 0 0 0 0 0 10 10 10 10 0 0 0 0 0 0 0 0 0 0 10 10 10 10 0 0 0 0 0 0 0 0 0 0 10 10 10 10 0 0 0 0 0 0 0 0 0 0 10 10 10 10 0 0 0 0 0 0 0 0 0 0
45 0 1000 0 0 1000 0 1000 10 10 10 10 0 0 167406 2 167406 2 0 0 0 0 10 10 10 10 0 0 167406 2 167406 2 0 0 0 0 10 10 10 10 0 0 167406 2 167406 2 0 0 0 0 10 10 10 10 0 0 167406 2 167406 2 0 0 0 0 10 10 10 10 0 0 167406 2 167406 2 0 0 0 0 10 10 10 10 0 0 167406 2 167406 2 0 0 0 0
46 0 1000 0 0 1000 0 1000 11 11 11 11 0 0 108307 104 0 0 80291 1 28016 103 11 11 11 11 0 0 108307 104 0 0 80291 1 28016 103 11 11 11 11 0 0 108307 104 0 0 80291 1 28016 103 11 11 11 11 0 0 108307 104 0 0 80291 1 28016 103 11 11 11 11 0 0 108307 104 0 0 80291 1 28016 103 11 11 11 11 0 0 108307 104 0 0 80291 1 28016 103
47 0 1000 0 0 1000 0 1000 11 11 11 11 1 1 0 0 0 0 0 0 0 0 11 11 11 11 1 1 0 0 0 0 0 0 0 0 11 11 11 11 1 1 0 0 0 0 0 0 0 0 11 11 11 11 1 1 0 0 0 0 0 0 0 0 11 11 11 11 1 1 0 0 0 0 0 0 0 0 11 11 11 11 1 1 0 0 0 0 0 0 0 0
48 0 1000 0 0 1000 0 1000 11 11 11 11 1 1 0 0 0 0 0 0 0 0 11 11 11 11 1 1 0 0 0 0 0 0 0 0 11 11 11 11 1 1 0 0 0 0 0 0 0 0 11 11 11 11 1 1 0 0 0 0 0 0 0 0 11 11 11 11 1 1 0 0 0 0 0 0 0 0 11 11 11 11 1 1 0 0 0 0 0 0 0 0
49 0 1000 0 0 1000 0 1000 11 11 11 11 1 1 83735 1 83735 1 0 0 0 0 11 11 11 11 1 1 83735 1 83735 1 0 0 0 0 11 11 11 11 1 1 83735 1 83735 1 0 0 0 0 11 11 11 11 1 1 83735 1 83735 1 0 0 0 0 11 11 11 11 1 1 83735 1 83735 1 0 0 0 0 11 11 11 11 1 1 83735 1 83735 1 0 0 0 0
50 0 1000 0 0 1000 0 1000 12 12 12 12 1 1 102323 82 0 0 80291 1 22032 81 12 12 12 12 1 1 102323 82 0 0 80291 1 22032 81 12 12 12 12 1 1 102323 82 0 0 80291 1 22032 81 12 12 12 12 1 1 102323 82 0 0 80291 1 22032 81 12 12 12 12 1 1 102323 82 0 0 80291 1 22032 81 12 12 12 12 1 1 102323 82 0 0 80291 1 22032 81
51 0 1000 0 0 1000 0 1000 12 12 12 12 2 2 0 0 0 0 0 0 0 0 12 12 12 12 2 2 0 0 0 0 0 0 0 0 12 12 12 12 2 2 0 0 0 0 0 0 0 0 12 12 12 12 2 2 0 0 0 0 0 0 0 0 12 12 12 12 2 2 0 0 0 0 0 0 0 0 12 12 12 12 2 2 0 0 0 0 0 0 0 0
52 0 1000 0 0 1000 0 1000 12 12 12 12 2 2 0 0 0 0 0 0 0 0 12 12 12 12 2 2 0 0 0 0 0 0 0 0 12 12 12 12 2 2 0 0 0 0 0 0 0 0 12 12 12 12 2 2 0 0 0 0 0 0 0 0 12 12 12 12 2 2 0 0 0 0 0 0 0 0 12 12 12 12 2 2 0 0 0 0 0 0 0 0
53 0 1000 0 0 1000 0 1000 12 12 12 12 2 2 83031 1 83031 1 0 0 0 0 12 12 12 12 2 2 83031 1 83031 1 0 0 0 0 12 12 12 12 2 2 83031 1 83031 1 0 0 0 0 12 12 12 12 2 2 83031 1 83031 1 0 0 0 0 12 12 12 12 2 2 83031 1 83031 1 0 0 0 0 12 12 12 12 2 2 83031 1 83031 1 0 0 0 0
54 0 1000 0 0 1000 0 1000 13 13 13 13 2 2 108579 105 0 0 80291 1 28288 104 13 13 13 13 2 2 108579 105 0 0 80291 1 28288 104 13 13 13 13 2 2 108579 105 0 0 80291 1 28288 104 13 13 13 13 2 2 108579 105 0 0 80291 1 28288 104 13 13 13 13 2 2 108579 105 0 0 80291 1 28288 104 13 13 13 13 2 2 108579 105 0 0 80291 1 28288 104
55 0 1000 0 0 1000 0 1000 13 13 13 13 3 3 0 0 0 0 0 0 0 0 13 13 13 13 3 3 0 0 0 0 0 0 0 0 13 13 13 13 3 3 0 0 0 0 0 0 0 0 13 13 13 13 3 3 0 0 0 0 0 0 0 0 13 13 13 13 3 3 0 0 0 0 0 0 0 0 13 13 13 13 3 3 0 0 0 0 0 0 0 0
56 0 1000 0 0 1000 0 1000 13 13 13 13 3 3 0 0 0 0 0 0 0 0 13 13 13 13 3 3 0 0 0 0 0 0 0 0 13 13 13 13 3 3 0 0 0 0 0 0 0 0 13 13 13 13 3 3 0 0 0 0 0 0 0 0 13 13 13 13 3 3 0 0 0 0 0 0 0 0 13 13 13 13 3 3 0 0 0 0 0 0 0 0
57 0 1000 0 0 1000 0 1000 13 13 13 13 3 3 83767 1 83767 1 0 0 0 0 13 13 13 13 3 3 83767 1 83767 1 0 0 0 0 13 13 13 13 3 3 83767 1 83767 1 0 0 0 0 13 13 13 13 3 3 83767 1 83767 1 0 0 0 0 13 13 13 13 3 3 83767 1 83767 1 0 0 0 0 13 13 13 13 3 3 83767 1 83767 1 0 0 0 0
58 0 1000 0 0 1000 0 1000 14 14 14 14 3 3 106675 98 0 0 80291 1 26384 97 14 14 14 14 3 3 106675 98 0 0 80291 1 26384 97 14 14 14 14 3 3 106675 98 0 0 80291 1 26384 97 14 14 14 14 3 3 106675 98 0 0 80291 1 26384 97 14 14 14 14 3 3 106675 98 0 0 80291 1 26384 97 14 14 14 14 3 3 106675 98 0 0 80291 1 26384 97
59 0 1000 0 0 1000 0 1000 14 14 14 14 4 4 0 0 0 0 0 0 0 0 14 14 14 14 4 4 0 0 0 0 0 0 0 0 14 14 14 14 4 4 0 0 0 0 0 0 0 0 14 14 14 14 4 4 0 0 0 0 0 0 0 0 14 14 14 14 4 4 0 0 0 0 0 0 0 0 14 14 14 14 4 4 0 0 0 0 0 0 0 0
60 0 1000 0 0 1000 0 1000 14 14 14 14 4 4 0 0 0 0 0 0 0 0 14 14 14 14 4 4 0 0 0 0 0 0 0 0 14 14 14 14 4 4 0 0 0 0 0 0 0 0 14 14 14 14 4 4 0 0 0 0 0 0 0 0 14 14 14 14 4 4 0 0 0 0 0 0 0 0 14 14 14 14 4 4 0 0 0 0 0 0 0 0
61 0 1000 0 0 1000 0 1000 14 14 14 14 4 4 334171 4 334171 4 0 0 0 0 14 14 14 14 4 4 334171 4 334171 4 0 0 0 0 14 14 14 14 4 4 334171 4 334171 4 0 0 0 0 14 14 14 14 4 4 334171 4 334171 4 0 0 0 0 14 14 14 14 4 4 334171 4 334171 4 0 0 0 0 14 14 14 14 4 4 334171 4 334171 4 0 0 0 0
62 0 1000 0 0 1000 0 1000 15 15 15 15 4 4 109939 110 0 0 80291 1 29648 109 15 15 15 15 4 4 109939 110 0 0 80291 1 29648 109 15 15 15 15 4 4 109939 110 0 0 80291 1 29648 109 15 15 15 15 4 4 109939 110 0 0 80291 1 29648 109 15 15 15 15 4 4 109939 110 0 0 80291 1 29648 109 15 15 15 15 4 4 109939 110 0 0 80291 1 29648 109
63 0 1000 0 0 1000 0 1000 15 15 15 15 5 5 0 0 0 0 0 0 0 0 15 15 15 15 5 5 0 0 0 0 0 0 0 0 15 15 15 15 5 5 0 0 0 0 0 0 0 0 15 15 15 15 5 5 0 0 0 0 0 0 0 0 15 15 15 15 5 5 0 0 0 0 0 0 0 0 15 15 15 15 5 5 0 0 0 0 0 0 0 0
64 0 1000 0 0 1000 0 1000 15 15 15 15 5 5 0 0 0 0 0 0 0 0 15 15 15 15 5 5 0 0 0 0 0 0 0 0 15 15 15 15 5 5 0 0 0 0 0 0 0 0 15 15 15 15 5 5 0 0 0 0 0 0 0 0 15 15 15 15 5 5 0 0 0 0 0 0 0 0 15 15 15 15 5 5 0 0 0 0 0 0 0 0
65 0 1000 0 0 1000 0 1000 15 15 15 15 5 5 83927 1 83927 1 0 0 0 0 15 15 15 15 5 5 83927 1 83927 1 0 0 0 0 15 15 15 15 5 5 83927 1 83927 1 0 0 0 0 15 15 15 15 5 5 83927 1 83927 1 0 0 0 0 15 15 15 15 5 5 83927 1 83927 1 0 0 0 0 15 15 15 15 5 5 83927 1 83927 1 0 0 0 0
66 0 1000 0 0 1000 0 1000 16 16 16 16 5 5 108035 103 0 0 80291 1 27744 102 16 16 16 16 5 5 108035 103 0 0 80291 1 27744 102 16 16 16 16 5 5 108035 103 0 0 80291 1 27744 102 16 16 16 16 5 5 108035 103 0 0 80291 1 27744 102 16 16 16 16 5 5 108035 103 0 0 80291 1 27744 102 16 16 16 16 5 5 108035 103 0 0 80291 1 27744 102
67 0 1000 0 0 1000 0 1000 16 16 16 16 6 6 0 0 0 0 0 0 0 0 16 16 16 16 6 6 0 0 0 0 0 0 0 0 16 16 16 16 6 6 0 0 0 0 0 0 0 0 16 16 16 16 6 6 0 0 0 0 0 0 0 0 16 16 16 16 6 6 0 0 0 0 0 0 0 0 16 16 16 16 6 6 0 0 0 0 0 0 0 0
68 0 1000 0 0 1000 0 1000 16 16 16 16 6 6 0 0 0 0 0 0 0 0 16 16 16 16 6 6 0 0 0 0 0 0 0 0 16 16 16 16 6 6 0 0 0 0 0 0 0 0 16 16 16 16 6 6 0 0 0 0 0 0 0 0 16 16 16 16 6 6 0 0 0 0 0 0 0 0 16 16 16 16 6 6 0 0 0 0 0 0 0 0
69 0 1000 0 0 1000 0 1000 16 16 16 16 6 6 167406 2 167406 2 0 0 0 0 16 16 16 16 6 6 167406 2 167406 2 0 0 0 0 16 16 16 16 6 6 167406 2 167406 2 0 0 0 0 16 16 16 16 6 6 167406 2 167406 2 0 0 0 0 16 16 16 16 6 6 167406 2 167406 2 0 0 0 0 16 16 16 16 6 6 167406 2 167406 2 0 0 0 0
70 0 1000 0 0 1000 0 1000 17 17 17 17 6 6 108035 103 0 0 80291 1 27744 102 17 17 17 17 6 6 108035 103 0 0 80291 1 27744 102 17 17 17 17 6 6 108035 103 0 0 80291 1 27744 102 17 17 17 17 6 6 108035 103 0 0 80291 1 27744 102 17 17 17 17 6 6 108035 103 0 0 80291 1 27744 102 17 17 17 17 6 6 108035 103 0 0 80291 1 27744 102
71 0 1000 0 0 1000 0 1000 17 17 17 17 7 7 0 0 0 0 0 0 0 0 17 17 17 17 7 7 0 0 0 0 0 0 0 0 17 17 17 17 7 7 0 0 0 0 0 0 0 0 17 17 17 17 7 7 0 0 0 0 0 0 0 0 17 17 17 17 7 7 0 0 0 0 0 0 0 0 17 17 17 17 7 7 0 0 0 0 0 0 0 0
72 0 1000 0 0 1000 0 1000 17 17 17 17 7 7 0 0 0 0 0 0 0 0 17 17 17 17 7 7 0 0 0 0 0 0 0 0 17 17 17 17 7 7 0 0 0 0 0 0 0 0 17 17 17 17 7 7 0 0 0 0 0 0 0 0 17 17 17 17 7 7 0 0 0 0 0 0 0 0 17 17 17 17 7 7 0 0 0 0 0 0 0 0
73 0 1000 0 0 1000 0 1000 17 17 17 17 7 7 167405 2 167405 2 0 0 0 0 17 17 17 17 7 7 167405 2 167405 2 0 0 0 0 17 17 17 17 7 7 167405 2 167405 2 0 0 0 0 17 17 17 17 7 7 167405 2 167405 2 0 0 0 0 17 17 17 17 7 7 167405 2 167405 2 0 0 0 0 17 17 17 17 7 7 167405 2 167405 2 0 0 0 0
74 0 1000 0 0 1000 0 1000 18 18 18 18 7 7 106946 99 0 0 80290 1 26656 98 18 18 18 18 7 7 106946 99 0 0 80290 1 26656 98 18 18 18 18 7 7 106946 99 0 0 80290 1 26656 98 18 18 18 18 7 7 106946 99 0 0 80290 1 26656 98 18 18 18 18 7 7 106946 99 0 0 80290 1 26656 98 18 18 18 18 7 7 106946 99 0 0 80290 1 26656 98
75 0 1000 0 0 1000 0 1000 18 18 18 18 8 8 0 0 0 0 0 0 0 0 18 18 18 18 8 8 0 0 0 0 0 0 0 0 18 18 18 18 8 8 0 0 0 0 0 0 0 0 18 18 18 18 8 8 0 0 0 0 0 0 0 0 18 18 18 18 8 8 0 0 0 0 0 0 0 0 18 18 18 18 8 8 0 0 0 0 0 0 0 0
76 0 1000 0 0 1000 0 1000 18 18 18 18 8 8 0 0 0 0 0 0 0 0 18 18 18 18 8 8 0 0 0 0 0 0 0 0 18 18 18 18 8 8 0 0 0 0 0 0 0 0 18 18 18 18 8 8 0 0 0 0 0 0 0 0 18 18 18 18 8 8 0 0 0 0 0 0 0 0 18 18 18 18 8 8 0 0 0 0 0 0 0 0
77 0 1000 0 0 1000 0 1000 18 18 18 18 8 8 250725 3 250725 3 0 0 0 0 18 18 18 18 8 8 250725 3 250725 3 0 0 0 0 18 18 18 18 8 8 250725 3 250725 3 0 0 0 0 18 18 18 18 8 8 250725 3 250725 3 0 0 0 0 18 18 18 18 8 8 250725 3 250725 3 0 0 0 0 18 18 18 18 8 8 250725 3 250725 3 0 0 0 0
78 0 1000 0 0 1000 0 1000 19 19 19 19 8 8 107491 101 0 0 80291 1 27200 100 19 19 19 19 8 8 107491 101 0 0 80291 1 27200 100 19 19 19 19 8 8 107491 101 0 0 80291 1 27200 100 19 19 19 19 8 8 107491 101 0 0 80291 1 27200 100 19 19 19 19 8 8 107491 101 0 0 80291 1 27200 100 19 19 19 19 8 8 107491 101 0 0 80291 1 27200 100
79 0 1000 0 0 1000 0 1000 19 19 19 19 9 9 0 0 0 0 0 0 0 0 19 19 19 19 9 9 0 0 0 0 0 0 0 0 19 19 19 19 9 9 0 0 0 0 0 0 0 0 19 19 19 19 9 9 0 0 0 0 0 0 0 0 19 19 19 19 9 9 0 0 0 0 0 0 0 0 19 19 19 19 9 9 0 0 0 0 0 0 0 0
80 0 1000 0 0 1000 0 1000 19 19 19 19 9 9 0 0 0 0 0 0 0 0 19 19 19 19 9 9 0 0 0 0 0 0 0 0 19 19 19 19 9 9 0 0 0 0 0 0 0 0 19 19 19 19 9 9 0 0 0 0 0 0 0 0 19 19 19 19 9 9 0 0 0 0 0 0 0 0 19 19 19 19 9 9 0 0 0 0 0 0 0 0
81 0 1000 0 0 1000 0 1000 19 19 19 19 9 9 0 0 0 0 0 0 0 0 19 19 19 19 9 9 0 0 0 0 0 0 0 0 19 19 19 19 9 9 0 0 0 0 0 0 0 0 19 19 19 19 9 9 0 0 0 0 0 0 0 0 19 19 19 19 9 9 0 0 0 0 0 0 0 0 19 19 19 19 9 9 0 0 0 0 0 0 0 0
82 0 1000 0 0 1000 0 1000 19 19 19 19 9 9 24480 90 0 0 0 0 24480 90 19 19 19 19 9 9 24480 90 0 0 0 0 24480 90 19 19 19 19 9 9 24480 90 0 0 0 0 24480 90 19 19 19 19 9 9 24480 90 0 0 0 0 24480 90 19 19 19 19 9 9 24480 90 0 0 0 0 24480 90 19 19 19 19 9 9 24480 90 0 0 0 0 24480 90
83 0 1000 0 0 1000 0 1000 19 19 19 19 10 10 0 0 0 0 0 0 0 0 19 19 19 19 10 10 0 0 0 0 0 0 0 0 19 19 19 19 10 10 0 0 0 0 0 0 0 0 19 19 19 19 10 10 0 0 0 0 0 0 0 0 19 19 19 19 10 10 0 0 0 0 0 0 0 0 19 19 19 19 10 10 0 0 0 0 0 0 0 0
84 0 1000 0 0 1000 0 1000 19 19 19 19 10 10 0 0 0 0 0 0 0 0 19 19 19 19 10 10 0 0 0 0 0 0 0 0 19 19 19 19 10 10 0 0 0 0 0 0 0 0 19 19 19 19 10 10 0 0 0 0 0 0 0 0 19 19 19 19 10 10 0 0 0 0 0 0 0 0 19 19 19 19 10 10 0 0 0 0 0 0 0 0
85 0 1000 0 0 1000 0 1000 19 19 19 19 10 10 583233 7 583233 7 0 0 0 0 19 19 19 19 10 10 583233 7 583233 7 0 0 0 0 19 19 19 19 10 10 583233 7 583233 7 0 0 0 0 19 19 19 19 10 10 583233 7 583233 7 0 0 0 0 19 19 19 19 10 10 583233 7 583233 7 0 0 0 0 19 19 19 19 10 10 583233 7 583233 7 0 0 0 0
86 0 1000 0 0 1000 0 1000 20 21 20 21 10 10 109395 108 0 0 80291 1 29104 107 20 21 20 21 10 10 109395 108 0 0 80291 1 29104 107 20 21 20 21 10 10 109395 108 0 0 80291 1 29104 107 20 21 20 21 10 10 109395 108 0 0 80291 1 29104 107 20 21 20 21 10 10 109395 108 0 0 80291 1 29104 107 20 21 20 21 10 10 109395 108 0 0 80291 1 29104 107
87 0 1000 0 0 1000 0 1000 20 21 20 21 11 11 0 0 0 0 0 0 0 0 20 21 20 21 11 11 0 0 0 0 0 0 0 0 20 21 20 21 11 11 0 0 0 0 0 0 0 0 20 21 20 21 11 11 0 0 0 0 0 0 0 0 20 21 20 21 11 11 0 0 0 0 0 0 0 0 20 21 20 21 11 11 0 0 0 0 0 0 0 0
88 0 1000 0 0 1000 0 1000 20 21 20 21 11 11 0 0 0 0 0 0 0 0 20 21 20 21 11 11 0 0 0 0 0 0 0 0 20 21 20 21 11 11 0 0 0 0 0 0 0 0 20 21 20 21 11 11 0 0 0 0 0 0 0 0 20 21 20 21 11 11 0 0 0 0 0 0 0 0 20 21 20 21 11 11 0 0 0 0 0 0 0 0
89 0 1000 0 0 1000 0 1000 20 21 20 21 11 11 167726 2 167726 2 0 0 0 0 20 21 20 21 11 11 167726 2 167726 2 0 0 0 0 20 21 20 21 11 11 167726 2 167726 2 0 0 0 0 20 21 20 21 11 11 167726 2 167726 2 0 0 0 0 20 21 20 21 11 11 167726 2 167726 2 0 0 0 0 20 21 20 21 11 11 167726 2 167726 2 0 0 0 0
90 0 1000 0 0 1000 0 1000 21 22 21 22 11 11 105043 92 0 0 80291 1 24752 91 21 22 21 22 11 11 105043 92 0 0 80291 1 24752 91 21 22 21 22 11 11 105043 92 0 0 80291 1 24752 91 21 22 21 22 11 11 105043 92 0 0 80291 1 24752 91 21 22 21 22 11 11 105043 92 0 0 80291 1 24752 91 21 22 21 22 11 11 105043 92 0 0 80291 1 24752 91
91 0 1000 0 0 1000 0 1000 21 22 21 22 12 12 0 0 0 0 0 0 0 0 21 22 21 22 12 12 0 0 0 0 0 0 0 0 21 22 21 22 12 12 0 0 0 0 0 0 0 0 21 22 21 22 12 12 0 0 0 0 0 0 0 0 21 22 21 22 12 12 0 0 0 0 0 0 0 0 21 22 21 22 12 12 0 0 0 0 0 0 0 0
92 0 1000 0 0 1000 0 1000 21 22 21 22 12 12 0 0 0 0 0 0 0 0 21 22 21 22 12 12 0 0 0 0 0 0 0 0 21 22 21 22 12 12 0 0 0 0 0 0 0 0 21 22 21 22 12 12 0 0 0 0 0 0 0 0 21 22 21 22 12 12 0 0 0 0 0 0 0 0 21 22 21 22 12 12 0 0 0 0 0 0 0 0
93 0 1000 0 0 1000 0 1000 21 22 21 22 12 12 83351 1 83351 1 0 0 0 0 21 22 21 22 12 12 83351 1 83351 1 0 0 0 0 21 22 21 22 12 12 83351 1 83351 1 0 0 0 0 21 22 21 22 12 12 83351 1 83351 1 0 0 0 0 21 22 21 22 12 12 83351 1 83351 1 0 0 0 0 21 22 21 22 12 12 83351 1 83351 1 0 0 0 0
94 0 1000 0 0 1000 0 1000 22 23 22 23 12 12 109395 108 0 0 80291 1 29104 107 22 23 22 23 12 12 109395 108 0 0 80291 1 29104 107 22 23 22 23 12 12 109395 108 0 0 80291 1 29104 107 22 23 22 23 12 12 109395 108 0 0 80291 1 29104 107 22 23 22 23 12 12 109395 108 0 0 80291 1 29104 107 22 23 22 23 12 12 109395 108 0 0 80291 1 29104 107
95 0 1000 0 0 1000 0 1000 22 23 22 23 13 13 0 0 0 0 0 0 0 0 22 23 22 23 13 13 0 0 0 0 0 0 0 0 22 23 22 23 13 13 0 0 0 0 0 0 0 0 22 23 22 23 13 13 0 0 0 0 0 0 0 0 22 23 22 23 13 13 0 0 0 0 0 0 0 0 22 23 22 23 13 13 0 0 0 0 0 0 0 0
96 0 1000 0 0 1000 0 1000 22 23 22 23 13 13 0 0 0 0 0 0 0 0 22 23 22 23 13 13 0 0 0 0 0 0 0 0 22 23 22 23 13 13 0 0 0 0 0 0 0 0 22 23 22 23 13 13 0 0 0 0 0 0 0 0 22 23 22 23 13 13 0 0 0 0 0 0 0 0 22 23 22 23 13 13 0 0 0 0 0 0 0 0
97 0 1000 0 0 1000 0 1000 22 23 22 23 13 13 167726 2 167726 2 0 0 0 0 22 23 22 23 13 13 167726 2 167726 2 0 0 0 0 22 23 22 23 13 13 167726 2 167726 2 0 0 0 0 22 23 22 23 13 13 167726 2 167726 2 0 0 0 0 22 23 22 23 13 13 167726 2 167726 2 0 0 0 0 22 23 22 23 13 13 167726 2 167726 2 0 0 0 0
98 0 1000 0 0 1000 0 1000 23 24 23 24 13 13 103683 87 0 0 80291 1 23392 86 23 24 23 24 13 13 103683 87 0 0 80291 1 23392 86 23 24 23 24 13 13 103683 87 0 0 80291 1 23392 86 23 24 23 24 13 13 103683 87 0 0 80291 1 23392 86 23 24 23 24 13 13 103683 87 0 0 80291 1 23392 86 23 24 23 24 13 13 103683 87 0 0 80291 1 23392 86
99 0 1000 0 0 1000 0 1000 23 24 23 24 14 14 0 0 0 0 0 0 0 0 23 24 23 24 14 14 0 0 0 0 0 0 0 0 23 24 23 24 14 14 0 0 0 0 0 0 0 0 23 24 23 24 14 14 0 0 0 0 0 0 0 0 23 24 23 24 14 14 0 0 0 0 0 0 0 0 23 24 23 24 14 14 0 0 0 0 0 0 0 0
100 0 1000 0 0 1000 0 1000 23 24 23 24 14 14 0 0 0 0 0 0 0 0 23 24 23 24 14 14 0 0 0 0 0 0 0 0 23 24 23 24 14 14 0 0 0 0 0 0 0 0 23 24 23 24 14 14 0 0 0 0 0 0 0 0 23 24 23 24 14 14 0 0 0 0 0 0 0 0 23 24 23 24 14 14 0 0 0 0 0 0 0 0
101 0 1000 0 0 1000 0 1000 23 24 23 24 14 14 249572 3 249572 3 0 0 0 0 23 24 23 24 14 14 249572 3 249572 3 0 0 0 0 23 24 23 24 14 14 249572 3 249572 3 0 0 0 0 23 24 23 24 14 14 249572 3 249572 3 0 0 0 0 23 24 23 24 14 14 249572 3 249572 3 0 0 0 0 23 24 23 24 14 14 249572 3 249572 3 0 0 0 0
102 0 1000 0 0 1000 0 1000 24 25 24 25 14 14 109666 109 0 0 80290 1 29376 108 24 25 24 25 14 14 109666 109 0 0 80290 1 29376 108 24 25 24 25 14 14 109666 109 0 0 80290 1 29376 108 24 25 24 25 14 14 109666 109 0 0 80290 1 29376 108 24 25 24 25 14 14 109666 109 0 0 80290 1 29376 108 24 25 24 25 14 14 109666 109 0 0 80290 1 29376 108
103 0 1000 0 0 1000 0 1000 24 25 24 25 15 15 0 0 0 0 0 0 0 0 24 25 24 25 15 15 0 0 0 0 0 0 0 0 24 25 24 25 15 15 0 0 0 0 0 0 0 0 24 25 24 25 15 15 0 0 0 0 0 0 0 0 24 25 24 25 15 15 0 0 0 0 0 0 0 0 24 25 24 25 15 15 0 0 0 0 0 0 0 0
104 0 1000 0 0 1000 0 1000 24 25 24 25 15 15 0 0 0 0 0 0 0 0 24 25 24 25 15 15 0 0 0 0 0 0 0 0 24 25 24 25 15 15 0 0 0 0 0 0 0 0 24 25 24 25 15 15 0 0 0 0 0 0 0 0 24 25 24 25 15 15 0 0 0 0 0 0 0 0 24 25 24 25 15 15 0 0 0 0 0 0 0 0
105 0 1000 0 0 1000 0 1000 24 25 24 25 15 15 167790 2 167790 2 0 0 0 0 24 25 24 25 15 15 167790 2 167790 2 0 0 0 0 24 25 24 25 15 15 167790 2 167790 2 0 0 0 0 24 25 24 25 15 15 167790 2 167790 2 0 0 0 0 24 25 24 25 15 15 167790 2 167790 2 0 0 0 0 24 25 24 25 15 15 167790 2 167790 2 0 0 0 0
106 0 1000 0 0 1000 0 1000 25 26 25 26 15 15 111843 117 0 0 80291 1 31552 116 25 26 25 26 15 15 111843 117 0 0 80291 1 31552 116 25 26 25 26 15 15 111843 117 0 0 80291 1 31552 116 25 26 25 26 15 15 111843 117 0 0 80291 1 31552 116 25 26 25 26 15 15 111843 117 0 0 80291 1 31552 116 25 26 25 26 15 15 111843 117 0 0 80291 1 31552 116
107 0 1000 0 0 1000 0 1000 25 26 25 26 16 16 0 0 0 0 0 0 0 0 25 26 25 26 16 16 0 0 0 0 0 0 0 0 25 26 25 26 16 16 0 0 0 0 0 0 0 0 25 26 25 26 16 16 0 0 0 0 0 0 0 0 25 26 25 26 16 16 0 0 0 0 0 0 0 0 25 26 25 26 16 16 0 0 0 0 0 0 0 0
108 0 1000 0 0 1000 0 1000 25 26 25 26 16 16 0 0 0 0 0 0 0 0 25 26 25 26 16 16 0 0 0 0 0 0 0 0 25 26 25 26 16 16 0 0 0 0 0 0 0 0 25 26 25 26 16 16 0 0 0 0 0 0 0 0 25 26 25 26 16 16 0 0 0 0 0 0 0 0 25 26 25 26 16 16 0 0 0 0 0 0 0 0
109 0 1000 0 0 1000 0 1000 25 26 25 26 16 16 0 0 0 0 0 0 0 0 25 26 25 26 16 16 0 0 0 0 0 0 0 0 25 26 25 26 16 16 0 0 0 0 0 0 0 0 25 26 25 26 16 16 0 0 0 0 0 0 0 0 25 26 25 26 16 16 0 0 0 0 0 0 0 0 25 26 25 26 16 16 0 0 0 0 0 0 0 0
110 0 1000 0 0 1000 0 1000 25 26 25 26 16 16 26656 98 0 0 0 0 26656 98 25 26 25 26 16 16 26656 98 0 0 0 0 26656 98 25 26 25 26 16 16 26656 98 0 0 0 0 26656 98 25 26 25 26 16 16 26656 98 0 0 0 0 26656 98 25 26 25 26 16 16 26656 98 0 0 0 0 26656 98 25 26 25 26 16 16 26656 98 0 0 0 0 26656 98
111 0 1000 0 0 1000 0 1000 25 26 25 26 17 17 0 0 0 0 0 0 0 0 25 26 25 26 17 17 0 0 0 0 0 0 0 0 25 26 25 26 17 17 0 0 0 0 0 0 0 0 25 26 25 26 17 17 0 0 0 0 0 0 0 0 25 26 25 26 17 17 0 0 0 0 0 0 0 0 25 26 25 26 17 17 0 0 0 0 0 0 0 0
112 0 1000 0 0 1000 0 1000 25 26 25 26 17 17 0 0 0 0 0 0 0 0 25 26 25 26 17 17 0 0 0 0 0 0 0 0 25 26 25 26 17 17 0 0 0 0 0 0 0 0 25 26 25 26 17 17 0 0 0 0 0 0 0 0 25 26 25 26 17 17 0 0 0 0 0 0 0 0 25 26 25 26 17 17 0 0 0 0 0 0 0 0
113 0 1000 0 0 1000 0 1000 25 26 25 26 17 17 83575 1 83575 1 0 0 0 0 25 26 25 26 17 17 83575 1 83575 1 0 0 0 0 25 26 25 26 17 17 83575 1 83575 1 0 0 0 0 25 26 25 26 17 17 83575 1 83575 1 0 0 0 0 25 26 25 26 17 17 83575 1 83575 1 0 0 0 0 25 26 25 26 17 17 83575 1 83575 1 0 0 0 0
114 0 1000 0 0 1000 0 1000 26 28 26 28 17 17 105043 92 0 0 80291 1 24752 91 26 28 26 28 17 17 105043 92 0 0 80291 1 24752 91 26 28 26 28 17 17 105043 92 0 0 80291 1 24752 91 26 28 26 28 17 17 105043 92 0 0 80291 1 24752 91 26 28 26 28 17 17 105043 92 0 0 80291 1 24752 91 26 28 26 28 17 17 105043 92 0 0 80291 1 24752 91
115 0 1000 0 0 1000 0 1000 26 28 26 28 18 18 0 0 0 0 0 0 0 0 26 28 26 28 18 18 0 0 0 0 0 0 0 0 26 28 26 28 18 18 0 0 0 0 0 0 0 0 26 28 26 28 18 18 0 0 0 0 0 0 0 0 26 28 26 28 18 18 0 0 0 0 0 0 0 0 26 28 26 28 18 18 0 0 0 0 0 0 0 0
116 0 1000 0 0 1000 0 1000 26 28 26 28 18 18 0 0 0 0 0 0 0 0 26 28 26 28 18 18 0 0 0 0 0 0 0 0 26 28 26 28 18 18 0 0 0 0 0 0 0 0 26 28 26 28 18 18 0 0 0 0 0 0 0 0 26 28 26 28 18 18 0 0 0 0 0 0 0 0 26 28 26 28 18 18 0 0 0 0 0 0 0 0
117 0 1000 0 0 1000 0 1000 26 28 26 28 18 18 250053 3 250053 3 0 0 0 0 26 28 26 28 18 18 250053 3 250053 3 0 0 0 0 26 28 26 28 18 18 250053 3 250053 3 0 0 0 0 26 28 26 28 18 18 250053 3 250053 3 0 0 0 0 26 28 26 28 18 18 250053 3 250053 3 0 0 0 0 26 28 26 28 18 18 250053 3 250053 3 0 0 0 0
118 0 1000 0 0 1000 0 1000 27 29 27 29 18 18 108035 103 0 0 80291 1 27744 102 27 29 27 29 18 18 108035 103 0 0 80291 1 27744 102 27 29 27 29 18 18 108035 103 0 0 80291 1 27744 102 27 29 27 29 18 18 108035 103 0 0 80291 1 27744 102 27 29 27 29 18 18 108035 103 0 0 80291 1 27744 102 27 29 27 29 18 18 108035 103 0 0 80291 1 27744 102
119 0 1000 0 0 1000 0 1000 27 29 27 29 19 19 0 0 0 0 0 0 0 0 27 29 27 29 19 19 0 0 0 0 0 0 0 0 27 29 27 29 19 19 0 0 0 0 0 0 0 0 27 29 27 29 19 19 0 0 0 0 0 0 0 0 27 29 27 29 19 19 0 0 0 0 0 0 0 0 27 29 27 29 19 19 0 0 0 0 0 0 0 0
120 0 1000 0 0 1000 0 1000 27 29 27 29 19 19 0 0 0 0 0 0 0 0 27 29 27 29 19 19 0 0 0 0 0 0 0 0 27 29 27 29 19 19 0 0 0 0 0 0 0 0 27 29 27 29 19 19 0 0 0 0 0 0 0 0 27 29 27 29 19 19 0 0 0 0 0 0 0 0 27 29 27 29 19 19 0 0 0 0 0 0 0 0
121 0 1000 0 0 1000 0 1000 27 29 27 29 19 19 83703 1 83703 1 0 0 0 0 27 29 27 29 19 19 83703 1 83703 1 0 0 0 0 27 29 27 29 19 19 83703 1 83703 1 0 0 0 0 27 29 27 29 19 19 83703 1 83703 1 0 0 0 0 27 29 27 29 19 19 83703 1 83703 1 0 0 0 0 27 29 27 29 19 19 83703 1 83703 1 0 0 0 0
122 0 1000 0 0 1000 0 1000 28 30 28 30 19 19 112115 118 0 0 80291 1 31824 117 28 30 28 30 19 19 112115 118 0 0 80291 1 31824 117 28 30 28 30 19 19 112115 118 0 0 80291 1 31824 117 28 30 28 30 19 19 112115 118 0 0 80291 1 31824 117 28 30 28 30 19 19 112115 118 0 0 80291 1 31824 117 28 30 28 30 19 19 112115 118 0 0 80291 1 31824 117
123 0 1000 0 0 1000 0 1000 28 30 28 30 19 19 0 0 0 0 0 0 0 0 28 30 28 30 19 19 0 0 0 0 0 0 0 0 28 30 28 30 19 19 0 0 0 0 0 0 0 0 28 30 28 30 19 19 0 0 0 0 0 0 0 0 28 30 28 30 19 19 0 0 0 0 0 0 0 0 28 30 28 30 19 19 0 0 0 0 0 0 0 0
124 0 1000 0 0 1000 0 1000 28 30 28 30 19 19 0 0 0 0 0 0 0 0 28 30 28 30 19 19 0 0 0 0 0 0 0 0 28 30 28 30 19 19 0 0 0 0 0 0 0 0 28 30 28 30 19 19 0 0 0 0 0 0 0 0 28 30 28 30 19 19 0 0 0 0 0 0 0 0 28 30 28 30 19 19 0 0 0 0 0 0 0 0
125 0 1000 0 0 1000 0 1000 28 30 28 30 19 19 168366 2 168366 2 0 0 0 0 28 30 28 30 19 19 168366 2 168366 2 0 0 0 0 28 30 28 30 19 19 168366 2 168366 2 0 0 0 0 28 30 28 30 19 19 168366 2 168366 2 0 0 0 0 28 30 28 30 19 19 168366 2 168366 2 0 0 0 0 28 30 28 30 19 19 168366 2 168366 2 0 0 0 0
126 0 1000 0 0 1000 0 1000 28 30 28 30 19 19 100691 76 0 0 80291 1 20400 75 28 30 28 30 19 19 100691 76 0 0 80291 1 20400 75 28 30 28 30 19 19 100691 76 0 0 80291 1 20400 75 28 30 28 30 19 19 100691 76 0 0 80291 1 20400 75 28 30 28 30 19 19 100691 76 0 0 80291 1 20400 75 28 30 28 30 19 19 100691 76 0 0 80291 1 20400 75
127 0 1000 0 0 1000 0 1000 28 30 28 30 20 21 0 0 0 0 0 0 0 0 28 30 28 30 20 21 0 0 0 0 0 0 0 0 28 30 28 30 20 21 0 0 0 0 0 0 0 0 28 30 28 30 20 21 0 0 0 0 0 0 0 0 28 30 28 30 20 21 0 0 0 0 0 0 0 0 28 30 28 30 20 21 0 0 0 0 0 0 0 0
128 0 1000 0 0 1000 0 1000 28 30 28 30 20 21 0 0 0 0 0 0 0 0 28 30 28 30 20 21 0 0 0 0 0 0 0 0 28 30 28 30 20 21 0 0 0 0 0 0 0 0 28 30 28 30 20 21 0 0 0 0 0 0 0 0 28 30 28 30 20 21 0 0 0 0 0 0 0 0 28 30 28 30 20 21 0 0 0 0 0 0 0 0
129 0 1000 0 0 1000 0 1000 28 30 28 30 20 21 0 0 0 0 0 0 0 0 28 30 28 30 20 21 0 0 0 0 0 0 0 0 28 30 28 30 20 21 0 0 0 0 0 0 0 0 28 30 28 30 20 21 0 0 0 0 0 0 0 0 28 30 28 30 20 21 0 0 0 0 0 0 0 0 28 30 28 30 20 21 0 0 0 0 0 0 0 0
130 0 1000 0 0 1000 0 1000 29 31 29 31 20 21 23936 88 0 0 0 0 23936 88 29 31 29 31 20 21 23936 88 0 0 0 0 23936 88 29 31 29 31 20 21 23936 88 0 0 0 0 23936 88 29 31 29 31 20 21 23936 88 0 0 0 0 23936 88 29 31 29 31 20 21 23936 88 0 0 0 0 23936 88 29 31 29 31 20 21 23936 88 0 0 0 0 23936 88
131 0 1000 0 0 1000 0 1000 29 31 29 31 21 22 0 0 0 0 0 0 0 0 29 31 29 31 21 22 0 0 0 0 0 0 0 0 29 31 29 31 21 22 0 0 0 0 0 0 0 0 29 31 29 31 21 22 0 0 0 0 0 0 0 0 29 31 29 31 21 22 0 0 0 0 0 0 0 0 29 31 29 31 21 22 0 0 0 0 0 0 0 0
132 0 1000 0 0 1000 0 1000 29 31 29 31 21 22 0 0 0 0 0 0 0 0 29 31 29 31 21 22 0 0 0 0 0 0 0 0 29 31 29 31 21 22 0 0 0 0 0 0 0 0 29 31 29 31 21 22 0 0 0 0 0 0 0 0 29 31 29 31 21 22 0 0 0 0 0 0 0 0 29 31 29 31 21 22 0 0 0 0 0 0 0 0
133 0 1000 0 0 1000 0 1000 29 31 29 31 21 22 166510 2 166510 2 0 0 0 0 29 31 29 31 21 22 166510 2 166510 2 0 0 0 0 29 31 29 31 21 22 166510 2 166510 2 0 0 0 0 29 31 29 31 21 22 166510 2 166510 2 0 0 0 0 29 31 29 31 21 22 166510 2 166510 2 0 0 0 0 29 31 29 31 21 22 166510 2 166510 2 0 0 0 0
134 0 1000 0 0 1000 0 1000 30 33 30 33 21 22 114291 126 0 0 80291 1 34000 125 30 33 30 33 21 22 114291 126 0 0 80291 1 34000 125 30 33 30 33 21 22 114291 126 0 0 80291 1 34000 125 30 33 30 33 21 22 114291 126 0 0 80291 1 34000 125 30 33 30 33 21 22 114291 126 0 0 80291 1 34000 125 30 33 30 33 21 22 114291 126 0 0 80291 1 34000 125
135 0 1000 0 0 1000 0 1000 30 33 30 33 22 23 0 0 0 0 0 0 0 0 30 33 30 33 22 23 0 0 0 0 0 0 0 0 30 33 30 33 22 23 0 0 0 0 0 0 0 0 30 33 30 33 22 23 0 0 0 0 0 0 0 0 30 33 30 33 22 23 0 0 0 0 0 0 0 0 30 33 30 33 22 23 0 0 0 0 0 0 0 0
136 0 1000 0 0 1000 0 1000 30 33 30 33 22 23 0 0 0 0 0 0 0 0 30 33 30 33 22 23 0 0 0 0 0 0 0 0 30 33 30 33 22 23 0 0 0 0 0 0 0 0 30 33 30 33 22 23 0 0 0 0 0 0 0 0 30 33 30 33 22 23 0 0 0 0 0 0 0 0 30 33 30 33 22 23 0 0 0 0 0 0 0 0
137 0 1000 0 0 1000 0 1000 30 33 30 33 22 23 0 0 0 0 0 0 0 0 30 33 30 33 22 23 0 0 0 0 0 0 0 0 30 33 30 33 22 23 0 0 0 0 0 0 0 0 30 33 30 33 22 23 0 0 0 0 0 0 0 0 30 33 30 33 22 23 0 0 0 0 0 0 0 0 30 33 30 33 22 23 0 0 0 0 0 0 0 0
138 0 1000 0 0 1000 0 1000 30 33 30 33 22 23 30464 112 0 0 0 0 30464 112 30 33 30 33 22 23 30464 112 0 0 0 0 30464 112 30 33 30 33 22 23 30464 112 0 0 0 0 30464 112 30 33 30 33 22 23 30464 112 0 0 0 0 30464 112 30 33 30 33 22 23 30464 112 0 0 0 0 30464 112 30 33 30 33 22 23 30464 112 0 0 0 0 30464 112
139 0 1000 0 0 1000 0 1000 30 33 30 33 23 24 0 0 0 0 0 0 0 0 30 33 30 33 23 24 0 0 0 0 0 0 0 0 30 33 30 33 23 24 0 0 0 0 0 0 0 0 30 33 30 33 23 24 0 0 0 0 0 0 0 0 30 33 30 33 23 24 0 0 0 0 0 0 0 0 30 33 30 33 23 24 0 0 0 0 0 0 0 0
140 0 1000 0 0 1000 0 1000 30 33 30 33 23 24 0 0 0 0 0 0 0 0 30 33 30 33 23 24 0 0 0 0 0 0 0 0 30 33 30 33 23 24 0 0 0 0 0 0 0 0 30 33 30 33 23 24 0 0 0 0 0 0 0 0 30 33 30 33 23 24 0 0 0 0 0 0 0 0 30 33 30 33 23 24 0 0 0 0 0 0 0 0
141 0 1000 0 0 1000 0 1000 30 33 30 33 23 24 84023 1 84023 1 0 0 0 0 30 33 30 33 23 24 84023 1 84023 1 0 0 0 0 30 33 30 33 23 24 84023 1 84023 1 0 0 0 0 30 33 30 33 23 24 84023 1 84023 1 0 0 0 0 30 33 30 33 23 24 84023 1 84023 1 0 0 0 0 30 33 30 33 23 24 84023 1 84023 1 0 0 0 0
142 0 1000 0 0 1000 0 1000 31 35 31 35 23 24 105043 92 0 0 80291 1 24752 91 31 35 31 35 23 24 105043 92 0 0 80291 1 24752 91 31 35 31 35 23 24 105043 92 0 0 80291 1 24752 91 31 35 31 35 23 24 105043 92 0 0 80291 1 24752 91 31 35 31 35 23 24 105043 92 0 0 80291 1 24752 91 31 35 31 35 23 24 105043 92 0 0 80291 1 24752 91
143 0 1000 0 0 1000 0 1000 31 35 31 35 24 25 0 0 0 0 0 0 0 0 31 35 31 35 24 25 0 0 0 0 0 0 0 0 31 35 31 35 24 25 0 0 0 0 0 0 0 0 31 35 31 35 24 25 0 0 0 0 0 0 0 0 31 35 31 35 24 25 0 0 0 0 0 0 0 0 31 35 31 35 24 25 0 0 0 0 0 0 0 0
144 0 1000 0 0 1000 0 1000 31 35 31 35 24 25 0 0 0 0 0 0 0 0 31 35 31 35 24 25 0 0 0 0 0 0 0 0 31 35 31 35 24 25 0 0 0 0 0 0 0 0 31 35 31 35 24 25 0 0 0 0 0 0 0 0 31 35 31 35 24 25 0 0 0 0 0 0 0 0 31 35 31 35 24 25 0 0 0 0 0 0 0 0
145 0 1000 0 0 1000 0 1000 31 35 31 35 24 25 0 0 0 0 0 0 0 0 31 35 31 35 24 25 0 0 0 0 0 0 0 0 31 35 31 35 24 25 0 0 0 0 0 0 0 0 31 35 31 35 24 25 0 0 0 0 0 0 0 0 31 35 31 35 24 25 0 0 0 0 0 0 0 0 31 35 31 35 24 25 0 0 0 0 0 0 0 0
146 0 1000 0 0 1000 0 1000 31 35 31 35 24 25 27472 101 0 0 0 0 27472 101 31 35 31 35 24 25 27472 101 0 0 0 0 27472 101 31 35 31 35 24 25 27472 101 0 0 0 0 27472 101 31 35 31 35 24 25 27472 101 0 0 0 0 27472 101 31 35 31 35 24 25 27472 101 0 0 0 0 27472 101 31 35 31 35 24 25 27472 101 0 0 0 0 27472 101
147 0 1000 0 0 1000 0 1000 31 35 31 35 25 26 0 0 0 0 0 0 0 0 31 35 31 35 25 26 0 0 0 0 0 0 0 0 31 35 31 35 25 26 0 0 0 0 0 0 0 0 31 35 31 35 25 26 0 0 0 0 0 0 0 0 31 35 31 35 25 26 0 0 0 0 0 0 0 0 31 35 31 35 25 26 0 0 0 0 0 0 0 0
148 0 1000 0 0 1000 0 1000 31 35 31 35 25 26 0 0 0 0 0 0 0 0 31 35 31 35 25 26 0 0 0 0 0 0 0 0 31 35 31 35 25 26 0 0 0 0 0 0 0 0 31 35 31 35 25 26 0 0 0 0 0 0 0 0 31 35 31 35 25 26 0 0 0 0 0 0 0 0 31 35 31 35 25 26 0 0 0 0 0 0 0 0
149 0 1000 0 0 1000 0 1000 31 35 31 35 25 26 0 0 0 0 0 0 0 0 31 35 31 35 25 26 0 0 0 0 0 0 0 0 31 35 31 35 25 26 0 0 0 0 0 0 0 0 31 35 31 35 25 26 0 0 0 0 0 0 0 0 31 35 31 35 25 26 0 0 0 0 0 0 0 0 31 35 31 35 25 26 0 0 0 0 0 0 0 0
150 0 1000 0 0 1000 0 1000 31 35 31 35 25 26 24480 90 0 0 0 0 24480 90 31 35 31 35 25 26 24480 90 0 0 0 0 24480 90 31 35 31 35 25 26 24480 90 0 0 0 0 24480 90 31 35 31 35 25 26 24480 90 0 0 0 0 24480 90 31 35 31 35 25 26 24480 90 0 0 0 0 24480 90 31 35 31 35 25 26 24480 90 0 0 0 0 24480 90
151 0 1000 0 0 1000 0 1000 31 35 31 35 25 26 0 0 0 0 0 0 0 0 31 35 31 35 25 26 0 0 0 0 0 0 0 0 31 35 31 35 25 26 0 0 0 0 0 0 0 0 31 35 31 35 25 26 0 0 0 0 0 0 0 0 31 35 31 35 25 26 0 0 0 0 0 0 0 0 31 35 31 35 25 26 0 0 0 0 0 0 0 0
152 0 1000 0 0 1000 0 1000 31 35 31 35 25 26 0 0 0 0 0 0 0 0 31 35 31 35 25 26 0 0 0 0 0 0 0 0 31 35 31 35 25 26 0 0 0 0 0 0 0 0 31 35 31 35 25 26 0 0 0 0 0 0 0 0 31 35 31 35 25 26 0 0 0 0 0 0 0 0 31 35 31 35 25 26 0 0 0 0 0 0 0 0
153 0 1000 0 0 1000 0 1000 31 35 31 35 25 26 416595 5 416595 5 0 0 0 0 31 35 31 35 25 26 416595 5 416595 5 0 0 0 0 31 35 31 35 25 26 416595 5 416595 5 0 0 0 0 31 35 31 35 25 26 416595 5 416595 5 0 0 0 0 31 35 31 35 25 26 416595 5 416595 5 0 0 0 0 31 35 31 35 25 26 416595 5 416595 5 0 0 0 0
154 0 1000 0 0 1000 0 1000 32 38 32 38 25 26 107219 100 0 0 80291 1 26928 99 32 38 32 38 25 26 107219 100 0 0 80291 1 26928 99 32 38 32 38 25 26 107219 100 0 0 80291 1 26928 99 32 38 32 38 25 26 107219 100 0 0 80291 1 26928 99 32 38 32 38 25 26 107219 100 0 0 80291 1 26928 99 32 38 32 38 25 26 107219 100 0 0 80291 1 26928 99
155 0 1000 0 0 1000 0 1000 32 38 32 38 26 28 0 0 0 0 0 0 0 0 32 38 32 38 26 28 0 0 0 0 0 0 0 0 32 38 32 38 26 28 0 0 0 0 0 0 0 0 32 38 32 38 26 28 0 0 0 0 0 0 0 0 32 38 32 38 26 28 0 0 0 0 0 0 0 0 32 38 32 38 26 28 0 0 0 0 0 0 0 0
156 0 1000 0 0 1000 0 1000 32 38 32 38 26 28 0 0 0 0 0 0 0 0 32 38 32 38 26 28 0 0 0 0 0 0 0 0 32 38 32 38 26 28 0 0 0 0 0 0 0 0 32 38 32 38 26 28 0 0 0 0 0 0 0 0 32 38 32 38 26 28 0 0 0 0 0 0 0 0 32 38 32 38 26 28 0 0 0 0 0 0 0 0
157 0 1000 0 0 1000 0 1000 32 38 32 38 26 28 83607 1 83607 1 0 0 0 0 32 38 32 38 26 28 83607 1 83607 1 0 0 0 0 32 38 32 38 26 28 83607 1 83607 1 0 0 0 0 32 38 32 38 26 28 83607 1 83607 1 0 0 0 0 32 38 32 38 26 28 83607 1 83607 1 0 0 0 0 32 38 32 38 26 28 83607 1 83607 1 0 0 0 0
158 0 1000 0 0 1000 0 1000 33 39 33 39 26 28 105043 92 0 0 80291 1 24752 91 33 39 33 39 26 28 105043 92 0 0 80291 1 24752 91 33 39 33 39 26 28 105043 92 0 0 80291 1 24752 91 33 39 33 39 26 28 105043 92 0 0 80291 1 24752 91 33 39 33 39 26 28 105043 92 0 0 80291 1 24752 91 33 39 33 39 26 28 105043 92 0 0 80291 1 24752 91
159 0 1000 0 0 1000 0 1000 33 39 33 39 27 29 0 0 0 0 0 0 0 0 33 39 33 39 27 29 0 0 0 0 0 0 0 0 33 39 33 39 27 29 0 0 0 0 0 0 0 0 33 39 33 39 27 29 0 0 0 0 0 0 0 0 33 39 33 39 27 29 0 0 0 0 0 0 0 0 33 39 33 39 27 29 0 0 0 0 0 0 0 0
160 0 1000 0 0 1000 0 1000 33 39 33 39 27 29 0 0 0 0 0 0 0 0 33 39 33 39 27 29 0 0 0 0 0 0 0 0 33 39 33 39 27 29 0 0 0 0 0 0 0 0 33 39 33 39 27 29 0 0 0 0 0 0 0 0 33 39 33 39 27 29 0 0 0 0 0 0 0 0 33 39 33 39 27 29 0 0 0 0 0 0 0 0
161 0 1000 0 0 1000 0 1000 33 39 33 39 27 29 0 0 0 0 0 0 0 0 33 39 33 39 27 29 0 0 0 0 0 0 0 0 33 39 33 39 27 29 0 0 0 0 0 0 0 0 33 39 33 39 27 29 0 0 0 0 0 0 0 0 33 39 33 39 27 29 0 0 0 0 0 0 0 0 33 39 33 39 27 29 0 0 0 0 0 0 0 0
162 0 1000 0 0 1000 0 1000 33 39 33 39 27 29 27744 102 0 0 0 0 27744 102 33 39 33 39 27 29 27744 102 0 0 0 0 27744 102 33 39 33 39 27 29 27744 102 0 0 0 0 27744 102 33 39 33 39 27 29 27744 102 0 0 0 0 27744 102 33 39 33 39 27 29 27744 102 0 0 0 0 27744 102 33 39 33 39 27 29 27744 102 0 0 0 0 27744 102
163 0 1000 0 0 1000 0 1000 33 39 33 39 28 30 0 0 0 0 0 0 0 0 33 39 33 39 28 30 0 0 0 0 0 0 0 0 33 39 33 39 28 30 0 0 0 0 0 0 0 0 33 39 33 39 28 30 0 0 0 0 0 0 0 0 33 39 33 39 28 30 0 0 0 0 0 0 0 0 33 39 33 39 28 30 0 0 0 0 0 0 0 0
164 0 1000 0 0 1000 0 1000 33 39 33 39 28 30 0 0 0 0 0 0 0 0 33 39 33 39 28 30 0 0 0 0 0 0 0 0 33 39 33 39 28 30 0 0 0 0 0 0 0 0 33 39 33 39 28 30 0 0 0 0 0 0 0 0 33 39 33 39 28 30 0 0 0 0 0 0 0 0 33 39 33 39 28 30 0 0 0 0 0 0 0 0
165 0 1000 0 0 1000 0 1000 33 39 33 39 28 30 0 0 0 0 0 0 0 0 33 39 33 39 28 30 0 0 0 0 0 0 0 0 33 39 33 39 28 30 0 0 0 0 0 0 0 0 33 39 33 39 28 30 0 0 0 0 0 0 0 0 33 39 33 39 28 30 0 0 0 0 0 0 0 0 33 39 33 39 28 30 0 0 0 0 0 0 0 0
166 0 1000 0 0 1000 0 1000 33 39 33 39 28 30 28016 103 0 0 0 0 28016 103 33 39 33 39 28 30 28016 103 0 0 0 0 28016 103 33 39 33 39 28 30 28016 103 0 0 0 0 28016 103 33 39 33 39 28 30 28016 103 0 0 0 0 28016 103 33 39 33 39 28 30 28016 103 0 0 0 0 28016 103 33 39 33 39 28 30 28016 103 0 0 0 0 28016 103
167 0 1000 0 0 1000 0 1000 33 39 33 39 29 31 0 0 0 0 0 0 0 0 33 39 33 39 29 31 0 0 0 0 0 0 0 0 33 39 33 39 29 31 0 0 0 0 0 0 0 0 33 39 33 39 29 31 0 0 0 0 0 0 0 0 33 39 33 39 29 31 0 0 0 0 0 0 0 0 33 39 33 39 29 31 0 0 0 0 0 0 0 0
168 0 1000 0 0 1000 0 1000 33 39 33 39 29 31 0 0 0 0 0 0 0 0 33 39 33 39 29 31 0 0 0 0 0 0 0 0 33 39 33 39 29 31 0 0 0 0 0 0 0 0 33 39 33 39 29 31 0 0 0 0 0 0 0 0 33 39 33 39 29 31 0 0 0 0 0 0 0 0 33 39 33 39 29 31 0 0 0 0 0 0 0 0
169 0 1000 0 0 1000 0 1000 33 39 33 39 29 31 83735 1 83735 1 0 0 0 0 33 39 33 39 29 31 83735 1 83735 1 0 0 0 0 33 39 33 39 29 31 83735 1 83735 1 0 0 0 0 33 39 33 39 29 31 83735 1 83735 1 0 0 0 0 33 39 33 39 29 31 83735 1 83735 1 0 0 0 0 33 39 33 39 29 31 83735 1 83735 1 0 0 0 0
170 0 1000 0 0 1000 0 1000 34 42 34 42 29 31 105859 95 0 0 80291 1 25568 94 34 42 34 42 29 31 105859 95 0 0 80291 1 25568 94 34 42 34 42 29 31 105859 95 0 0 80291 1 25568 94 34 42 34 42 29 31 105859 95 0 0 80291 1 25568 94 34 42 34 42 29 31 105859 95 0 0 80291 1 25568 94 34 42 34 42 29 31 105859 95 0 0 80291 1 25568 94
171 0 1000 0 0 1000 0 1000 34 42 34 42 29 31 0 0 0 0 0 0 0 0 34 42 34 42 29 31 0 0 0 0 0 0 0 0 34 42 34 42 29 31 0 0 0 0 0 0 0 0 34 42 34 42 29 31 0 0 0 0 0 0 0 0 34 42 34 42 29 31 0 0 0 0 0 0 0 0 34 42 34 42 29 31 0 0 0 0 0 0 0 0
172 0 1000 0 0 1000 0 1000 34 42 34 42 29 31 0 0 0 0 0 0 0 0 34 42 34 42 29 31 0 0 0 0 0 0 0 0 34 42 34 42 29 31 0 0 0 0 0 0 0 0 34 42 34 42 29 31 0 0 0 0 0 0 0 0 34 42 34 42 29 31 0 0 0 0 0 0 0 0 34 42 34 42 29 31 0 0 0 0 0 0 0 0
173 0 1000 0 0 1000 0 1000 34 42 34 42 29 31 0 0 0 0 0 0 0 0 34 42 34 42 29 31 0 0 0 0 0 0 0 0 34 42 34 42 29 31 0 0 0 0 0 0 0 0 34 42 34 42 29 31 0 0 0 0 0 0 0 0 34 42 34 42 29 31 0 0 0 0 0 0 0 0 34 42 34 42 29 31 0 0 0 0 0 0 0 0
174 0 1000 0 0 1000 0 1000 34 42 34 42 29 31 24752 91 0 0 0 0 24752 91 34 42 34 42 29 31 24752 91 0 0 0 0 24752 91 34 42 34 42 29 31 24752 91 0 0 0 0 24752 91 34 42 34 42 29 31 24752 91 0 0 0 0 24752 91 34 42 34 42 29 31 24752 91 0 0 0 0 24752 91 34 42 34 42 29 31 24752 91 0 0 0 0 24752 91
175 0 1000 0 0 1000 0 1000 34 42 34 42 30 33 0 0 0 0 0 0 0 0 34 42 34 42 30 33 0 0 0 0 0 0 0 0 34 42 34 42 30 33 0 0 0 0 0 0 0 0 34 42 34 42 30 33 0 0 0 0 0 0 0 0 34 42 34 42 30 33 0 0 0 0 0 0 0 0 34 42 34 42 30 33 0 0 0 0 0 0 0 0
176 0 1000 0 0 1000 0 1000 34 42 34 42 30 33 0 0 0 0 0 0 0 0 34 42 34 42 30 33 0 0 0 0 0 0 0 0 34 42 34 42 30 33 0 0 0 0 0 0 0 0 34 42 34 42 30 33 0 0 0 0 0 0 0 0 34 42 34 42 30 33 0 0 0 0 0 0 0 0 34 42 34 42 30 33 0 0 0 0 0 0 0 0
177 0 1000 0 0 1000 0 1000 34 42 34 42 30 33 83351 1 83351 1 0 0 0 0 34 42 34 42 30 33 83351 1 83351 1 0 0 0 0 34 42 34 42 30 33 83351 1 83351 1 0 0 0 0 34 42 34 42 30 33 83351 1 83351 1 0 0 0 0 34 42 34 42 30 33 83351 1 83351 1 0 0 0 0 34 42 34 42 30 33 83351 1 83351 1 0 0 0 0
178 0 1000 0 0 1000 0 1000 35 44 35 44 30 33 110211 111 0 0 80291 1 29920 110 35 44 35 44 30 33 110211 111 0 0 80291 1 29920 110 35 44 35 44 30 33 110211 111 0 0 80291 1 29920 110 35 44 35 44 30 33 110211 111 0 0 80291 1 29920 110 35 44 35 44 30 33 110211 111 0 0 80291 1 29920 110 35 44 35 44 30 33 110211 111 0 0 80291 1 29920 110
179 0 1000 0 0 1000 0 1000 35 44 35 44 30 33 0 0 0 0 0 0 0 0 35 44 35 44 30 33 0 0 0 0 0 0 0 0 35 44 35 44 30 33 0 0 0 0 0 0 0 0 35 44 35 44 30 33 0 0 0 0 0 0 0 0 35 44 35 44 30 33 0 0 0 0 0 0 0 0 35 44 35 44 30 33 0 0 0 0 0 0 0 0
180 0 1000 0 0 1000 0 1000 35 44 35 44 30 33 0 0 0 0 0 0 0 0 35 44 35 44 30 33 0 0 0 0 0 0 0 0 35 44 35 44 30 33 0 0 0 0 0 0 0 0 35 44 35 44 30 33 0 0 0 0 0 0 0 0 35 44 35 44 30 33 0 0 0 0 0 0 0 0 35 44 35 44 30 33 0 0 0 0 0 0 0 0
181 0 1000 0 0 1000 0 1000 35 44 35 44 30 33 0 0 0 0 0 0 0 0 35 44 35 44 30 33 0 0 0 0 0 0 0 0 35 44 35 44 30 33 0 0 0 0 0 0 0 0 35 44 35 44 30 33 0 0 0 0 0 0 0 0 35 44 35 44 30 33 0 0 0 0 0 0 0 0 35 44 35 44 30 33 0 0 0 0 0 0 0 0
182 0 1000 0 0 1000 0 1000 35 44 35 44 30 33 24752 91 0 0 0 0 24752 91 35 44 35 44 30 33 24752 91 0 0 0 0 24752 91 35 44 35 44 30 33 24752 91 0 0 0 0 24752 91 35 44 35 44 30 33 24752 91 0 0 0 0 24752 91 35 44 35 44 30 33 24752 91 0 0 0 0 24752 91 35 44 35 44 30 33 24752 91 0 0 0 0 24752 91
183 0 1000 0 0 1000 0 1000 35 44 35 44 31 35 0 0 0 0 0 0 0 0 35 44 35 44 31 35 0 0 0 0 0 0 0 0 35 44 35 44 31 35 0 0 0 0 0 0 0 0 35 44 35 44 31 35 0 0 0 0 0 0 0 0 35 44 35 44 31 35 0 0 0 0 0 0 0 0 35 44 35 44 31 35 0 0 0 0 0 0 0 0
184 0 1000 0 0 1000 0 1000 35 44 35 44 31 35 0 0 0 0 0 0 0 0 35 44 35 44 31 35 0 0 0 0 0 0 0 0 35 44 35 44 31 35 0 0 0 0 0 0 0 0 35 44 35 44 31 35 0 0 0 0 0 0 0 0 35 44 35 44 31 35 0 0 0 0 0 0 0 0 35 44 35 44 31 35 0 0 0 0 0 0 0 0
185 0 1000 0 0 1000 0 1000 35 44 35 44 31 35 166702 2 166702 2 0 0 0 0 35 44 35 44 31 35 166702 2 166702 2 0 0 0 0 35 44 35 44 31 35 166702 2 166702 2 0 0 0 0 35 44 35 44 31 35 166702 2 166702 2 0 0 0 0 35 44 35 44 31 35 166702 2 166702 2 0 0 0 0 35 44 35 44 31 35 166702 2 166702 2 0 0 0 0
186 0 1000 0 0 1000 0 1000 36 46 36 46 31 35 105315 93 0 0 80291 1 25024 92 36 46 36 46 31 35 105315 93 0 0 80291 1 25024 92 36 46 36 46 31 35 105315 93 0 0 80291 1 25024 92 36 46 36 46 31 35 105315 93 0 0 80291 1 25024 92 36 46 36 46 31 35 105315 93 0 0 80291 1 25024 92 36 46 36 46 31 35 105315 93 0 0 80291 1 25024 92
187 0 1000 0 0 1000 0 1000 36 46 36 46 31 35 0 0 0 0 0 0 0 0 36 46 36 46 31 35 0 0 0 0 0 0 0 0 36 46 36 46 31 35 0 0 0 0 0 0 0 0 36 46 36 46 31 35 0 0 0 0 0 0 0 0 36 46 36 46 31 35 0 0 0 0 0 0 0 0 36 46 36 46 31 35 0 0 0 0 0 0 0 0
188 0 1000 0 0 1000 0 1000 36 46 36 46 31 35 0 0 0 0 0 0 0 0 36 46 36 46 31 35 0 0 0 0 0 0 0 0 36 46 36 46 31 35 0 0 0 0 0 0 0 0 36 46 36 46 31 35 0 0 0 0 0 0 0 0 36 46 36 46 31 35 0 0 0 0 0 0 0 0 36 46 36 46 31 35 0 0 0 0 0 0 0 0
189 0 1000 0 0 1000 0 1000 36 46 36 46 31 35 166766 2 166766 2 0 0 0 0 36 46 36 46 31 35 166766 2 166766 2 0 0 0 0 36 46 36 46 31 35 166766 2 166766 2 0 0 0 0 36 46 36 46 31 35 166766 2 166766 2 0 0 0 0 36 46 36 46 31 35 166766 2 166766 2 0 0 0 0 36 46 36 46 31 35 166766 2 166766 2 0 0 0 0
190 0 1000 0 0 1000 0 1000 37 47 37 47 31 35 101235 78 0 0 80291 1 20944 77 37 47 37 47 31 35 101235 78 0 0 80291 1 20944 77 37 47 37 47 31 35 101235 78 0 0 80291 1 20944 77 37 47 37 47 31 35 101235 78 0 0 80291 1 20944 77 37 47 37 47 31 35 101235 78 0 0 80291 1 20944 77 37 47 37 47 31 35 101235 78 0 0 80291 1 20944 77
191 0 1000 0 0 1000 0 1000 37 47 37 47 31 35 0 0 0 0 0 0 0 0 37 47 37 47 31 35 0 0 0 0 0 0 0 0 37 47 37 47 31 35 0 0 0 0 0 0 0 0 37 47 37 47 31 35 0 0 0 0 0 0 0 0 37 47 37 47 31 35 0 0 0 0 0 0 0 0 37 47 37 47 31 35 0 0 0 0 0 0 0 0
192 0 1000 0 0 1000 0 1000 37 47 37 47 31 35 0 0 0 0 0 0 0 0 37 47 37 47 31 35 0 0 0 0 0 0 0 0 37 47 37 47 31 35 0 0 0 0 0 0 0 0 37 47 37 47 31 35 0 0 0 0 0 0 0 0 37 47 37 47 31 35 0 0 0 0 0 0 0 0 37 47 37 47 31 35 0 0 0 0 0 0 0 0
193 0 1000 0 0 1000 0 1000 37 47 37 47 31 35 82903 1 82903 1 0 0 0 0 37 47 37 47 31 35 82903 1 82903 1 0 0 0 0 37 47 37 47 31 35 82903 1 82903 1 0 0 0 0 37 47 37 47 31 35 82903 1 82903 1 0 0 0 0 37 47 37 47 31 35 82903 1 82903 1 0 0 0 0 37 47 37 47 31 35 82903 1 82903 1 0 0 0 0
194 0 1000 0 0 1000 0 1000 38 48 38 48 31 35 107763 102 0 0 80291 1 27472 101 38 48 38 48 31 35 107763 102 0 0 80291 1 27472 101 38 48 38 48 31 35 107763 102 0 0 80291 1 27472 101 38 48 38 48 31 35 107763 102 0 0 80291 1 27472 101 38 48 38 48 31 35 107763 102 0 0 80291 1 27472 101 38 48 38 48 31 35 107763 102 0 0 80291 1 27472 101
195 0 1000 0 0 1000 0 1000 38 48 38 48 32 38 0 0 0 0 0 0 0 0 38 48 38 48 32 38 0 0 0 0 0 0 0 0 38 48 38 48 32 38 0 0 0 0 0 0 0 0 38 48 38 48 32 38 0 0 0 0 0 0 0 0 38 48 38 48 32 38 0 0 0 0 0 0 0 0 38 48 38 48 32 38 0 0 0 0 0 0 0 0
196 0 1000 0 0 1000 0 1000 38 48 38 48 32 38 0 0 0 0 0 0 0 0 38 48 38 48 32 38 0 0 0 0 0 0 0 0 38 48 38 48 32 38 0 0 0 0 0 0 0 0 38 48 38 48 32 38 0 0 0 0 0 0 0 0 38 48 38 48 32 38 0 0 0 0 0 0 0 0 38 48 38 48 32 38 0 0 0 0 0 0 0 0
197 0 1000 0 0 1000 0 1000 38 48 38 48 32 38 0 0 0 0 0 0 0 0 38 48 38 48 32 38 0 0 0 0 0 0 0 0 38 48 38 48 32 38 0 0 0 0 0 0 0 0 38 48 38 48 32 38 0 0 0 0 0 0 0 0 38 48 38 48 32 38 0 0 0 0 0 0 0 0 38 48 38 48 32 38 0 0 0 0 0 0 0 0
198 0 1000 0 0 1000 0 1000 38 48 38 48 32 38 27200 100 0 0 0 0 27200 100 38 48 38 48 32 38 27200 100 0 0 0 0 27200 100 38 48 38 48 32 38 27200 100 0 0 0 0 27200 100 38 48 38 48 32 38 27200 100 0 0 0 0 27200 100 38 48 38 48 32 38 27200 100 0 0 0 0 27200 100 38 48 38 48 32 38 27200 100 0 0 0 0 27200 100
199 0 1000 0 0 1000 0 1000 38 48 38 48 33 39 0 0 0 0 0 0 0 0 38 48 38 48 33 39 0 0 0 0 0 0 0 0 38 48 38 48 33 39 0 0 0 0 0 0 0 0 38 48 38 48 33 39 0 0 0 0 0 0 0 0 38 48 38 48 33 39 0 0 0 0 0 0 0 0 38 48 38 48 33 39 0 0 0 0 0 0 0 0
200 0 1000 0 0 1000 0 1000 38 48 38 48 33 39 0 0 0 0 0 0 0 0 38 48 38 48 33 39 0 0 0 0 0 0 0 0 38 48 38 48 33 39 0 0 0 0 0 0 0 0 38 48 38 48 33 39 0 0 0 0 0 0 0 0 38 48 38 48 33 39 0 0 0 0 0 0 0 0 38 48 38 48 33 39 0 0 0 0 0 0 0 0
201 0 1000 0 0 1000 0 1000 38 48 38 48 33 39 167278 2 167278 2 0 0 0 0 38 48 38 48 33 39 167278 2 167278 2 0 0 0 0 38 48 38 48 33 39 167278 2 167278 2 0 0 0 0 38 48 38 48 33 39 167278 2 167278 2 0 0 0 0 38 48 38 48 33 39 167278 2 167278 2 0 0 0 0 38 48 38 48 33 39 167278 2 167278 2 0 0 0 0
202 0 1000 0 0 1000 0 1000 39 50 39 50 33 39 108035 103 0 0 80291 1 27744 102 39 50 39 50 33 39 108035 103 0 0 80291 1 27744 102 39 50 39 50 33 39 108035 103 0 0 80291 1 27744 102 39 50 39 50 33 39 108035 103 0 0 80291 1 27744 102 39 50 39 50 33 39 108035 103 0 0 80291 1 27744 102 39 50 39 50 33 39 108035 103 0 0 80291 1 27744 102
203 0 1000 0 0 1000 0 1000 39 50 39 50 33 39 0 0 0 0 0 0 0 0 39 50 39 50 33 39 0 0 0 0 0 0 0 0 39 50 39 50 33 39 0 0 0 0 0 0 0 0 39 50 39 50 33 39 0 0 0 0 0 0 0 0 39 50 39 50 33 39 0 0 0 0 0 0 0 0 39 50 39 50 33 39 0 0 0 0 0 0 0 0
204 0 1000 0 0 1000 0 1000 39 50 39 50 33 39 0 0 0 0 0 0 0 0 39 50 39 50 33 39 0 0 0 0 0 0 0 0 39 50 39 50 33 39 0 0 0 0 0 0 0 0 39 50 39 50 33 39 0 0 0 0 0 0 0 0 39 50 39 50 33 39 0 0 0 0 0 0 0 0 39 50 39 50 33 39 0 0 0 0 0 0 0 0
205 0 1000 0 0 1000 0 1000 39 50 39 50 33 39 167406 2 167406 2 0 0 0 0 39 50 39 50 33 39 167406 2 167406 2 0 0 0 0 39 50 39 50 33 39 167406 2 167406 2 0 0 0 0 39 50 39 50 33 39 167406 2 167406 2 0 0 0 0 39 50 39 50 33 39 167406 2 167406 2 0 0 0 0 39 50 39 50 33 39 167406 2 167406 2 0 0 0 0
206 0 1000 0 0 1000 0 1000 40 51 40 51 33 39 108579 105 0 0 80291 1 28288 104 40 51 40 51 33 39 108579 105 0 0 80291 1 28288 104 40 51 40 51 33 39 108579 105 0 0 80291 1 28288 104 40 51 40 51 33 39 108579 105 0 0 80291 1 28288 104 40 51 40 51 33 39 108579 105 0 0 80291 1 28288 104 40 51 40 51 33 39 108579 105 0 0 80291 1 28288 104
207 0 1000 0 0 1000 0 1000 40 51 40 51 33 39 0 0 0 0 0 0 0 0 40 51 40 51 33 39 0 0 0 0 0 0 0 0 40 51 40 51 33 39 0 0 0 0 0 0 0 0 40 51 40 51 33 39 0 0 0 0 0 0 0 0 40 51 40 51 33 39 0 0 0 0 0 0 0 0 40 51 40 51 33 39 0 0 0 0 0 0 0 0
208 0 1000 0 0 1000 0 1000 40 51 40 51 33 39 0 0 0 0 0 0 0 0 40 51 40 51 33 39 0 0 0 0 0 0 0 0 40 51 40 51 33 39 0 0 0 0 0 0 0 0 40 51 40 51 33 39 0 0 0 0 0 0 0 0 40 51 40 51 33 39 0 0 0 0 0 0 0 0 40 51 40 51 33 39 0 0 0 0 0 0 0 0
209 0 1000 0 0 1000 0 1000 40 51 40 51 33 39 83767 1 83767 1 0 0 0 0 40 51 40 51 33 39 83767 1 83767 1 0 0 0 0 40 51 40 51 33 39 83767 1 83767 1 0 0 0 0 40 51 40 51 33 39 83767 1 83767 1 0 0 0 0 40 51 40 51 33 39 83767 1 83767 1 0 0 0 0 40 51 40 51 33 39 83767 1 83767 1 0 0 0 0
210 0 1000 0 0 1000 0 1000 41 52 41 52 33 39 108579 105 0 0 80291 1 28288 104 41 52 41 52 33 39 108579 105 0 0 80291 1 28288 104 41 52 41 52 33 39 108579 105 0 0 80291 1 28288 104 41 52 41 52 33 39 108579 105 0 0 80291 1 28288 104 41 52 41 52 33 39 108579 105 0 0 80291 1 28288 104 41 52 41 52 33 39 108579 105 0 0 80291 1 28288 104
211 0 1000 0 0 1000 0 1000 41 52 41 52 34 42 0 0 0 0 0 0 0 0 41 52 41 52 34 42 0 0 0 0 0 0 0 0 41 52 41 52 34 42 0 0 0 0 0 0 0 0 41 52 41 52 34 42 0 0 0 0 0 0 0 0 41 52 41 52 34 42 0 0 0 0 0 0 0 0 41 52 41 52 34 42 0 0 0 0 0 0 0 0
212 0 1000 0 0 1000 0 1000 41 52 41 52 34 42 0 0 0 0 0 0 0 0 41 52 41 52 34 42 0 0 0 0 0 0 0 0 41 52 41 52 34 42 0 0 0 0 0 0 0 0 41 52 41 52 34 42 0 0 0 0 0 0 0 0 41 52 41 52 34 42 0 0 0 0 0 0 0 0 41 52 41 52 34 42 0 0 0 0 0 0 0 0
213 0 1000 0 0 1000 0 1000 41 52 41 52 34 42 83767 1 83767 1 0 0 0 0 41 52 41 52 34 42 83767 1 83767 1 0 0 0 0 41 52 41 52 34 42 83767 1 83767 1 0 0 0 0 41 52 41 52 34 42 83767 1 83767 1 0 0 0 0 41 52 41 52 34 42 83767 1 83767 1 0 0 0 0 41 52 41 52 34 42 83767 1 83767 1 0 0 0 0
214 0 1000 0 0 1000 0 1000 42 53 42 53 34 42 109667 109 0 0 80291 1 29376 108 42 53 42 53 34 42 109667 109 0 0 80291 1 29376 108 42 53 42 53 34 42 109667 109 0 0 80291 1 29376 108 42 53 42 53 34 42 109667 109 0 0 80291 1 29376 108 42 53 42 53 34 42 109667 109 0 0 80291 1 29376 108 42 53 42 53 34 42 109667 109 0 0 80291 1 29376 108
215 0 1000 0 0 1000 0 1000 42 53 42 53 34 42 0 0 0 0 0 0 0 0 42 53 42 53 34 42 0 0 0 0 0 0 0 0 42 53 42 53 34 42 0 0 0 0 0 0 0 0 42 53 42 53 34 42 0 0 0 0 0 0 0 0 42 53 42 53 34 42 0 0 0 0 0 0 0 0 42 53 42 53 34 42 0 0 0 0 0 0 0 0
216 0 1000 0 0 1000 0 1000 42 53 42 53 34 42 0 0 0 0 0 0 0 0 42 53 42 53 34 42 0 0 0 0 0 0 0 0 42 53 42 53 34 42 0 0 0 0 0 0 0 0 42 53 42 53 34 42 0 0 0 0 0 0 0 0 42 53 42 53 34 42 0 0 0 0 0 0 0 0 42 53 42 53 34 42 0 0 0 0 0 0 0 0
217 0 1000 0 0 1000 0 1000 42 53 42 53 34 42 0 0 0 0 0 0 0 0 42 53 42 53 34 42 0 0 0 0 0 0 0 0 42 53 42 53 34 42 0 0 0 0 0 0 0 0 42 53 42 53 34 42 0 0 0 0 0 0 0 0 42 53 42 53 34 42 0 0 0 0 0 0 0 0 42 53 42 53 34 42 0 0 0 0 0 0 0 0
218 0 1000 0 0 1000 0 1000 42 53 42 53 34 42 28016 103 0 0 0 0 28016 103 42 53 42 53 34 42 28016 103 0 0 0 0 28016 103 42 53 42 53 34 42 28016 103 0 0 0 0 28016 103 42 53 42 53 34 42 28016 103 0 0 0 0 28016 103 42 53 42 53 34 42 28016 103 0 0 0 0 28016 103 42 53 42 53 34 42 28016 103 0 0 0 0 28016 103
219 0 1000 0 0 1000 0 1000 42 53 42 53 35 44 0 0 0 0 0 0 0 0 42 53 42 53 35 44 0 0 0 0 0 0 0 0 42 53 42 53 35 44 0 0 0 0 0 0 0 0 42 53 42 53 35 44 0 0 0 0 0 0 0 0 42 53 42 53 35 44 0 0 0 0 0 0 0 0 42 53 42 53 35 44 0 0 0 0 0 0 0 0
220 0 1000 0 0 1000 0 1000 42 53 42 53 35 44 0 0 0 0 0 0 0 0 42 53 42 53 35 44 0 0 0 0 0 0 0 0 42 53 42 53 35 44 0 0 0 0 0 0 0 0 42 53 42 53 35 44 0 0 0 0 0 0 0 0 42 53 42 53 35 44 0 0 0 0 0 0 0 0 42 53 42 53 35 44 0 0 0 0 0 0 0 0
221 0 1000 0 0 1000 0 1000 42 53 42 53 35 44 0 0 0 0 0 0 0 0 42 53 42 53 35 44 0 0 0 0 0 0 0 0 42 53 42 53 35 44 0 0 0 0 0 0 0 0 42 53 42 53 35 44 0 0 0 0 0 0 0 0 42 53 42 53 35 44 0 0 0 0 0 0 0 0 42 53 42 53 35 44 0 0 0 0 0 0 0 0
222 0 1000 0 0 1000 0 1000 42 53 42 53 35 44 25840 95 0 0 0 0 25840 95 42 53 42 53 35 44 25840 95 0 0 0 0 25840 95 42 53 42 53 35 44 25840 95 0 0 0 0 25840 95 42 53 42 53 35 44 25840 95 0 0 0 0 25840 95 42 53 42 53 35 44 25840 95 0 0 0 0 25840 95 42 53 42 53 35 44 25840 95 0 0 0 0 25840 95
223 0 1000 0 0 1000 0 1000 42 53 42 53 35 44 0 0 0 0 0 0 0 0 42 53 42 53 35 44 0 0 0 0 0 0 0 0 42 53 42 53 35 44 0 0 0 0 0 0 0 0 42 53 42 53 35 44 0 0 0 0 0 0 0 0 42 53 42 53 35 44 0 0 0 0 0 0 0 0 42 53 42 53 35 44 0 0 0 0 0 0 0 0
224 0 1000 0 0 1000 0 1000 42 53 42 53 35 44 0 0 0 0 0 0 0 0 42 53 42 53 35 44 0 0 0 0 0 0 0 0 42 53 42 53 35 44 0 0 0 0 0 0 0 0 42 53 42 53 35 44 0 0 0 0 0 0 0 0 42 53 42 53 35 44 0 0 0 0 0 0 0 0 42 53 42 53 35 44 0 0 0 0 0 0 0 0
225 0 1000 0 0 1000 0 1000 42 53 42 53 35 44 250437 3 250437 3 0 0 0 0 42 53 42 53 35 44 250437 3 250437 3 0 0 0 0 42 53 42 53 35 44 250437 3 250437 3 0 0 0 0 42 53 42 53 35 44 250437 3 250437 3 0 0 0 0 42 53 42 53 35 44 250437 3 250437 3 0 0 0 0 42 53 42 53 35 44 250437 3 250437 3 0 0 0 0
226 0 1000 0 0 1000 0 1000 43 56 43 56 35 44 105587 94 0 0 80291 1 25296 93 43 56 43 56 35 44 105587 94 0 0 80291 1 25296 93 43 56 43 56 35 44 105587 94 0 0 80291 1 25296 93 43 56 43 56 35 44 105587 94 0 0 80291 1 25296 93 43 56 43 56 35 44 105587 94 0 0 80291 1 25296 93 43 56 43 56 35 44 105587 94 0 0 80291 1 25296 93
227 0 1000 0 0 1000 0 1000 43 56 43 56 36 46 0 0 0 0 0 0 0 0 43 56 43 56 36 46 0 0 0 0 0 0 0 0 43 56 43 56 36 46 0 0 0 0 0 0 0 0 43 56 43 56 36 46 0 0 0 0 0 0 0 0 43 56 43 56 36 46 0 0 0 0 0 0 0 0 43 56 43 56 36 46 0 0 0 0 0 0 0 0
228 0 1000 0 0 1000 0 1000 43 56 43 56 36 46 0 0 0 0 0 0 0 0 43 56 43 56 36 46 0 0 0 0 0 0 0 0 43 56 43 56 36 46 0 0 0 0 0 0 0 0 43 56 43 56 36 46 0 0 0 0 0 0 0 0 43 56 43 56 36 46 0 0 0 0 0 0 0 0 43 56 43 56 36 46 0 0 0 0 0 0 0 0
229 0 1000 0 0 1000 0 1000 43 56 43 56 36 46 83415 1 83415 1 0 0 0 0 43 56 43 56 36 46 83415 1 83415 1 0 0 0 0 43 56 43 56 36 46 83415 1 83415 1 0 0 0 0 43 56 43 56 36 46 83415 1 83415 1 0 0 0 0 43 56 43 56 36 46 83415 1 83415 1 0 0 0 0 43 56 43 56 36 46 83415 1 83415 1 0 0 0 0
230 0 1000 0 0 1000 0 1000 44 57 44 57 36 46 106947 99 0 0 80291 1 26656 98 44 57 44 57 36 46 106947 99 0 0 80291 1 26656 98 44 57 44 57 36 46 106947 99 0 0 80291 1 26656 98 44 57 44 57 36 46 106947 99 0 0 80291 1 26656 98 44 57 44 57 36 46 106947 99 0 0 80291 1 26656 98 44 57 44 57 36 46 106947 99 0 0 80291 1 26656 98
231 0 1000 0 0 1000 0 1000 44 57 44 57 37 47 0 0 0 0 0 0 0 0 44 57 44 57 37 47 0 0 0 0 0 0 0 0 44 57 44 57 37 47 0 0 0 0 0 0 0 0 44 57 44 57 37 47 0 0 0 0 0 0 0 0 44 57 44 57 37 47 0 0 0 0 0 0 0 0 44 57 44 57 37 47 0 0 0 0 0 0 0 0
232 0 1000 0 0 1000 0 1000 44 57 44 57 37 47 0 0 0 0 0 0 0 0 44 57 44 57 37 47 0 0 0 0 0 0 0 0 44 57 44 57 37 47 0 0 0 0 0 0 0 0 44 57 44 57 37 47 0 0 0 0 0 0 0 0 44 57 44 57 37 47 0 0 0 0 0 0 0 0 44 57 44 57 37 47 0 0 0 0 0 0 0 0
233 0 1000 0 0 1000 0 1000 44 57 44 57 37 47 167150 2 167150 2 0 0 0 0 44 57 44 57 37 47 167150 2 167150 2 0 0 0 0 44 57 44 57 37 47 167150 2 167150 2 0 0 0 0 44 57 44 57 37 47 167150 2 167150 2 0 0 0 0 44 57 44 57 37 47 167150 2 167150 2 0 0 0 0 44 57 44 57 37 47 167150 2 167150 2 0 0 0 0
234 0 1000 0 0 1000 0 1000 45 58 45 58 37 47 105315 93 0 0 80291 1 25024 92 45 58 45 58 37 47 105315 93 0 0 80291 1 25024 92 45 58 45 58 37 47 105315 93 0 0 80291 1 25024 92 45 58 45 58 37 47 105315 93 0 0 80291 1 25024 92 45 58 45 58 37 47 105315 93 0 0 80291 1 25024 92 45 58 45 58 37 47 105315 93 0 0 80291 1 25024 92
235 0 1000 0 0 1000 0 1000 45 58 45 58 38 48 0 0 0 0 0 0 0 0 45 58 45 58 38 48 0 0 0 0 0 0 0 0 45 58 45 58 38 48 0 0 0 0 0 0 0 0 45 58 45 58 38 48 0 0 0 0 0 0 0 0 45 58 45 58 38 48 0 0 0 0 0 0 0 0 45 58 45 58 38 48 0 0 0 0 0 0 0 0
236 0 1000 0 0 1000 0 1000 45 58 45 58 38 48 0 0 0 0 0 0 0 0 45 58 45 58 38 48 0 0 0 0 0 0 0 0 45 58 45 58 38 48 0 0 0 0 0 0 0 0 45 58 45 58 38 48 0 0 0 0 0 0 0 0 45 58 45 58 38 48 0 0 0 0 0 0 0 0 45 58 45 58 38 48 0 0 0 0 0 0 0 0
237 0 1000 0 0 1000 0 1000 45 58 45 58 38 48 0 0 0 0 0 0 0 0 45 58 45 58 38 48 0 0 0 0 0 0 0 0 45 58 45 58 38 48 0 0 0 0 0 0 0 0 45 58 45 58 38 48 0 0 0 0 0 0 0 0 45 58 45 58 38 48 0 0 0 0 0 0 0 0 45 58 45 58 38 48 0 0 0 0 0 0 0 0
238 0 1000 0 0 1000 0 1000 45 58 45 58 38 48 26656 98 0 0 0 0 26656 98 45 58 45 58 38 48 26656 98 0 0 0 0 26656 98 45 58 45 58 38 48 26656 98 0 0 0 0 26656 98 45 58 45 58 38 48 26656 98 0 0 0 0 26656 98 45 58 45 58 38 48 26656 98 0 0 0 0 26656 98 45 58 45 58 38 48 26656 98 0 0 0 0 26656 98
239 0 1000 0 0 1000 0 1000 45 58 45 58 38 48 0 0 0 0 0 0 0 0 45 58 45 58 38 48 0 0 0 0 0 0 0 0 45 58 45 58 38 48 0 0 0 0 0 0 0 0 45 58 45 58 38 48 0 0 0 0 0 0 0 0 45 58 45 58 38 48 0 0 0 0 0 0 0 0 45 58 45 58 38 48 0 0 0 0 0 0 0 0
240 0 1000 0 0 1000 0 1000 45 58 45 58 38 48 0 0 0 0 0 0 0 0 45 58 45 58 38 48 0 0 0 0 0 0 0 0 45 58 45 58 38 48 0 0 0 0 0 0 0 0 45 58 45 58 38 48 0 0 0 0 0 0 0 0 45 58 45 58 38 48 0 0 0 0 0 0 0 0 45 58 45 58 38 48 0 0 0 0 0 0 0 0
241 0 1000 0 0 1000 0 1000 45 58 45 58 38 48 0 0 0 0 0 0 0 0 45 58 45 58 38 48 0 0 0 0 0 0 0 0 45 58 45 58 38 48 0 0 0 0 0 0 0 0 45 58 45 58 38 48 0 0 0 0 0 0 0 0 45 58 45 58 38 48 0 0 0 0 0 0 0 0 45 58 45 58 38 48 0 0 0 0 0 0 0 0
242 0 1000 0 0 1000 0 1000 45 58 45 58 38 48 22848 84 0 0 0 0 22848 84 45 58 45 58 38 48 22848 84 0 0 0 0 22848 84 45 58 45 58 38 48 22848 84 0 0 0 0 22848 84 45 58 45 58 38 48 22848 84 0 0 0 0 22848 84 45 58 45 58 38 48 22848 84 0 0 0 0 22848 84 45 58 45 58 38 48 22848 84 0 0 0 0 22848 84
243 0 1000 0 0 1000 0 1000 45 58 45 58 39 50 0 0 0 0 0 0 0 0 45 58 45 58 39 50 0 0 0 0 0 0 0 0 45 58 45 58 39 50 0 0 0 0 0 0 0 0 45 58 45 58 39 50 0 0 0 0 0 0 0 0 45 58 45 58 39 50 0 0 0 0 0 0 0 0 45 58 45 58 39 50 0 0 0 0 0 0 0 0
244 0 1000 0 0 1000 0 1000 45 58 45 58 39 50 0 0 0 0 0 0 0 0 45 58 45 58 39 50 0 0 0 0 0 0 0 0 45 58 45 58 39 50 0 0 0 0 0 0 0 0 45 58 45 58 39 50 0 0 0 0 0 0 0 0 45 58 45 58 39 50 0 0 0 0 0 0 0 0 45 58 45 58 39 50 0 0 0 0 0 0 0 0
245 0 1000 0 0 1000 0 1000 45 58 45 58 39 50 249381 3 249381 3 0 0 0 0 45 58 45 58 39 50 249381 3 249381 3 0 0 0 0 45 58 45 58 39 50 249381 3 249381 3 0 0 0 0 45 58 45 58 39 50 249381 3 249381 3 0 0 0 0 45 58 45 58 39 50 249381 3 249381 3 0 0 0 0 45 58 45 58 39 50 249381 3 249381 3 0 0 0 0
246 0 1000 0 0 1000 0 1000 46 61 46 61 39 50 105859 95 0 0 80291 1 25568 94 46 61 46 61 39 50 105859 95 0 0 80291 1 25568 94 46 61 46 61 39 50 105859 95 0 0 80291 1 25568 94 46 61 46 61 39 50 105859 95 0 0 80291 1 25568 94 46 61 46 61 39 50 105859 95 0 0 80291 1 25568 94 46 61 46 61 39 50 105859 95 0 0 80291 1 25568 94
247 0 1000 0 0 1000 0 1000 46 61 46 61 40 51 0 0 0 0 0 0 0 0 46 61 46 61 40 51 0 0 0 0 0 0 0 0 46 61 46 61 40 51 0 0 0 0 0 0 0 0 46 61 46 61 40 51 0 0 0 0 0 0 0 0 46 61 46 61 40 51 0 0 0 0 0 0 0 0 46 61 46 61 40 51 0 0 0 0 0 0 0 0
248 0 1000 0 0 1000 0 1000 46 61 46 61 40 51 0 0 0 0 0 0 0 0 46 61 46 61 40 51 0 0 0 0 0 0 0 0 46 61 46 61 40 51 0 0 0 0 0 0 0 0 46 61 46 61 40 51 0 0 0 0 0 0 0 0 46 61 46 61 40 51 0 0 0 0 0 0 0 0 46 61 46 61 40 51 0 0 0 0 0 0 0 0
249 0 1000 0 0 1000 0 1000 46 61 46 61 40 51 166894 2 166894 2 0 0 0 0 46 61 46 61 40 51 166894 2 166894 2 0 0 0 0 46 61 46 61 40 51 166894 2 166894 2 0 0 0 0 46 61 46 61 40 51 166894 2 166894 2 0 0 0 0 46 61 46 61 40 51 166894 2 166894 2 0 0 0 0 46 61 46 61 40 51 166894 2 166894 2 0 0 0 0
250 0 1000 0 0 1000 0 1000 47 62 47 62 40 51 108035 103 0 0 80291 1 27744 102 47 62 47 62 40 51 108035 103 0 0 80291 1 27744 102 47 62 47 62 40 51 108035 103 0 0 80291 1 27744 102 47 62 47 62 40 51 108035 103 0 0 80291 1 27744 102 47 62 47 62 40 51 108035 103 0 0 80291 1 27744 102 47 62 47 62 40 51 108035 103 0 0 80291 1 27744 102
251 0 1000 0 0 1000 0 1000 47 62 47 62 41 52 0 0 0 0 0 0 0 0 47 62 47 62 41 52 0 0 0 0 0 0 0 0 47 62 47 62 41 52 0 0 0 0 0 0 0 0 47 62 47 62 41 52 0 0 0 0 0 0 0 0 47 62 47 62 41 52 0 0 0 0 0 0 0 0 47 62 47 62 41 52 0 0 0 0 0 0 0 0
252 0 1000 0 0 1000 0 1000 47 62 47 62 41 52 0 0 0 0 0 0 0 0 47 62 47 62 41 52 0 0 0 0 0 0 0 0 47 62 47 62 41 52 0 0 0 0 0 0 0 0 47 62 47 62 41 52 0 0 0 0 0 0 0 0 47 62 47 62 41 52 0 0 0 0 0 0 0 0 47 62 47 62 41 52 0 0 0 0 0 0 0 0
253 0 1000 0 0 1000 0 1000 47 62 47 62 41 52 251109 3 251109 3 0 0 0 0 47 62 47 62 41 52 251109 3 251109 3 0 0 0 0 47 62 47 62 41 52 251109 3 251109 3 0 0 0 0 47 62 47 62 41 52 251109 3 251109 3 0 0 0 0 47 62 47 62 41 52 251109 3 251109 3 0 0 0 0 47 62 47 62 41 52 251109 3 251109 3 0 0 0 0
254 0 1000 0 0 1000 0 1000 48 63 48 63 41 52 105859 95 0 0 80291 1 25568 94 48 63 48 63 41 52 105859 95 0 0 80291 1 25568 94 48 63 48 63 41 52 105859 95 0 0 80291 1 25568 94 48 63 48 63 41 52 105859 95 0 0 80291 1 25568 94 48 63 48 63 41 52 105859 95 0 0 80291 1 25568 94 48 63 48 63 41 52 105859 95 0 0 80291 1 25568 94
255 0 1000 0 0 1000 0 1000 48 63 48 63 42 53 0 0 0 0 0 0 0 0 48 63 48 63 42 53 0 0 0 0 0 0 0 0 48 63 48 63 42 53 0 0 0 0 0 0 0 0 48 63 48 63 42 53 0 0 0 0 0 0 0 0 48 63 48 63 42 53 0 0 0 0 0 0 0 0 48 63 48 63 42 53 0 0 0 0 0 0 0 0
256 0 1000 0 0 1000 0 1000 48 63 48 63 42 53 0 0 0 0 0 0 0 0 48 63 48 63 42 53 0 0 0 0 0 0 0 0 48 63 48 63 42 53 0 0 0 0 0 0 0 0 48 63 48 63 42 53 0 0 0 0 0 0 0 0 48 63 48 63 42 53 0 0 0 0 0 0 0 0 48 63 48 63 42 53 0 0 0 0 0 0 0 0
257 0 1000 0 0 1000 0 1000 48 63 48 63 42 53 166894 2 166894 2 0 0 0 0 48 63 48 63 42 53 166894 2 166894 2 0 0 0 0 48 63 48 63 42 53 166894 2 166894 2 0 0 0 0 48 63 48 63 42 53 166894 2 166894 2 0 0 0 0 48 63 48 63 42 53 166894 2 166894 2 0 0 0 0 48 63 48 63 42 53 166894 2 166894 2 0 0 0 0
258 0 1000 0 0 1000 0 1000 49 64 49 64 42 53 106131 96 0 0 80291 1 25840 95 49 64 49 64 42 53 106131 96 0 0 80291 1 25840 95 49 64 49 64 42 53 106131 96 0 0 80291 1 25840 95 49 64 49 64 42 53 106131 96 0 0 80291 1 25840 95 49 64 49 64 42 53 106131 96 0 0 80291 1 25840 95 49 64 49 64 42 53 106131 96 0 0 80291 1 25840 95
259 0 1000 0 0 1000 0 1000 49 64 49 64 42 53 0 0 0 0 0 0 0 0 49 64 49 64 42 53 0 0 0 0 0 0 0 0 49 64 49 64 42 53 0 0 0 0 0 0 0 0 49 64 49 64 42 53 0 0 0 0 0 0 0 0 49 64 49 64 42 53 0 0 0 0 0 0 0 0 49 64 49 64 42 53 0 0 0 0 0 0 0 0
260 0 1000 0 0 1000 0 1000 49 64 49 64 42 53 0 0 0 0 0 0 0 0 49 64 49 64 42 53 0 0 0 0 0 0 0 0 49 64 49 64 42 53 0 0 0 0 0 0 0 0 49 64 49 64 42 53 0 0 0 0 0 0 0 0 49 64 49 64 42 53 0 0 0 0 0 0 0 0 49 64 49 64 42 53 0 0 0 0 0 0 0 0
261 0 1000 0 0 1000 0 1000 49 64 49 64 42 53 0 0 0 0 0 0 0 0 49 64 49 64 42 53 0 0 0 0 0 0 0 0 49 64 49 64 42 53 0 0 0 0 0 0 0 0 49 64 49 64 42 53 0 0 0 0 0 0 0 0 49 64 49 64 42 53 0 0 0 0 0 0 0 0 49 64 49 64 42 53 0 0 0 0 0 0 0 0
262 0 1000 0 0 1000 0 1000 49 64 49 64 42 53 27200 100 0 0 0 0 27200 100 49 64 49 64 42 53 27200 100 0 0 0 0 27200 100 49 64 49 64 42 53 27200 100 0 0 0 0 27200 100 49 64 49 64 42 53 27200 100 0 0 0 0 27200 100 49 64 49 64 42 53 27200 100 0 0 0 0 27200 100 49 64 49 64 42 53 27200 100 0 0 0 0 27200 100
263 0 1000 0 0 1000 0 1000 49 64 49 64 42 53 0 0 0 0 0 0 0 0 49 64 49 64 42 53 0 0 0 0 0 0 0 0 49 64 49 64 42 53 0 0 0 0 0 0 0 0 49 64 49 64 42 53 0 0 0 0 0 0 0 0 49 64 49 64 42 53 0 0 0 0 0 0 0 0 49 64 49 64 42 53 0 0 0 0 0 0 0 0
264 0 1000 0 0 1000 0 1000 49 64 49 64 42 53 0 0 0 0 0 0 0 0 49 64 49 64 42 53 0 0 0 0 0 0 0 0 49 64 49 64 42 53 0 0 0 0 0 0 0 0 49 64 49 64 42 53 0 0 0 0 0 0 0 0 49 64 49 64 42 53 0 0 0 0 0 0 0 0 49 64 49 64 42 53 0 0 0 0 0 0 0 0
265 0 1000 0 0 1000 0 1000 49 64 49 64 42 53 334556 4 334556 4 0 0 0 0 49 64 49 64 42 53 334556 4 334556 4 0 0 0 0 49 64 49 64 42 53 334556 4 334556 4 0 0 0 0 49 64 49 64 42 53 334556 4 334556 4 0 0 0 0 49 64 49 64 42 53 334556 4 334556 4 0 0 0 0 49 64 49 64 42 53 334556 4 334556 4 0 0 0 0
266 0 1000 0 0 1000 0 1000 50 66 50 66 42 53 106675 98 0 0 80291 1 26384 97 50 66 50 66 42 53 106675 98 0 0 80291 1 26384 97 50 66 50 66 42 53 106675 98 0 0 80291 1 26384 97 50 66 50 66 42 53 106675 98 0 0 80291 1 26384 97 50 66 50 66 42 53 106675 98 0 0 80291 1 26384 97 50 66 50 66 42 53 106675 98 0 0 80291 1 26384 97
267 0 1000 0 0 1000 0 1000 50 66 50 66 43 56 0 0 0 0 0 0 0 0 50 66 50 66 43 56 0 0 0 0 0 0 0 0 50 66 50 66 43 56 0 0 0 0 0 0 0 0 50 66 50 66 43 56 0 0 0 0 0 0 0 0 50 66 50 66 43 56 0 0 0 0 0 0 0 0 50 66 50 66 43 56 0 0 0 0 0 0 0 0
268 0 1000 0 0 1000 0 1000 50 66 50 66 43 56 0 0 0 0 0 0 0 0 50 66 50 66 43 56 0 0 0 0 0 0 0 0 50 66 50 66 43 56 0 0 0 0 0 0 0 0 50 66 50 66 43 56 0 0 0 0 0 0 0 0 50 66 50 66 43 56 0 0 0 0 0 0 0 0 50 66 50 66 43 56 0 0 0 0 0 0 0 0
269 0 1000 0 0 1000 0 1000 50 66 50 66 43 56 0 0 0 0 0 0 0 0 50 66 50 66 43 56 0 0 0 0 0 0 0 0 50 66 50 66 43 56 0 0 0 0 0 0 0 0 50 66 50 66 43 56 0 0 0 0 0 0 0 0 50 66 50 66 43 56 0 0 0 0 0 0 0 0 50 66 50 66 43 56 0 0 0 0 0 0 0 0
270 0 1000 0 0 1000 0 1000 50 66 50 66 43 56 30736 113 0 0 0 0 30736 113 50 66 50 66 43 56 30736 113 0 0 0 0 30736 113 50 66 50 66 43 56 30736 113 0 0 0 0 30736 113 50 66 50 66 43 56 30736 113 0 0 0 0 30736 113 50 66 50 66 43 56 30736 113 0 0 0 0 30736 113 50 66 50 66 43 56 30736 113 0 0 0 0 30736 113
271 0 1000 0 0 1000 0 1000 50 66 50 66 44 57 0 0 0 0 0 0 0 0 50 66 50 66 44 57 0 0 0 0 0 0 0 0 50 66 50 66 44 57 0 0 0 0 0 0 0 0 50 66 50 66 44 57 0 0 0 0 0 0 0 0 50 66 50 66 44 57 0 0 0 0 0 0 0 0 50 66 50 66 44 57 0 0 0 0 0 0 0 0
272 0 1000 0 0 1000 0 1000 50 66 50 66 44 57 0 0 0 0 0 0 0 0 50 66 50 66 44 57 0 0 0 0 0 0 0 0 50 66 50 66 44 57 0 0 0 0 0 0 0 0 50 66 50 66 44 57 0 0 0 0 0 0 0 0 50 66 50 66 44 57 0 0 0 0 0 0 0 0 50 66 50 66 44 57 0 0 0 0 0 0 0 0
273 0 1000 0 0 1000 0 1000 50 66 50 66 44 57 168109 2 168109 2 0 0 0 0 50 66 50 66 44 57 168109 2 168109 2 0 0 0 0 50 66 50 66 44 57 168109 2 168109 2 0 0 0 0 50 66 50 66 44 57 168109 2 168109 2 0 0 0 0 50 66 50 66 44 57 168109 2 168109 2 0 0 0 0 50 66 50 66 44 57 168109 2 168109 2 0 0 0 0
274 0 1000 0 0 1000 0 1000 51 68 51 68 44 57 109666 109 0 0 80290 1 29376 108 51 68 51 68 44 57 109666 109 0 0 80290 1 29376 108 51 68 51 68 44 57 109666 109 0 0 80290 1 29376 108 51 68 51 68 44 57 109666 109 0 0 80290 1 29376 108 51 68 51 68 44 57 109666 109 0 0 80290 1 29376 108 51 68 51 68 44 57 109666 109 0 0 80290 1 29376 108
275 0 1000 0 0 1000 0 1000 51 68 51 68 45 58 0 0 0 0 0 0 0 0 51 68 51 68 45 58 0 0 0 0 0 0 0 0 51 68 51 68 45 58 0 0 0 0 0 0 0 0 51 68 51 68 45 58 0 0 0 0 0 0 0 0 51 68 51 68 45 58 0 0 0 0 0 0 0 0 51 68 51 68 45 58 0 0 0 0 0 0 0 0
276 0 1000 0 0 1000 0 1000 51 68 51 68 45 58 0 0 0 0 0 0 0 0 51 68 51 68 45 58 0 0 0 0 0 0 0 0 51 68 51 68 45 58 0 0 0 0 0 0 0 0 51 68 51 68 45 58 0 0 0 0 0 0 0 0 51 68 51 68 45 58 0 0 0 0 0 0 0 0 51 68 51 68 45 58 0 0 0 0 0 0 0 0
277 0 1000 0 0 1000 0 1000 51 68 51 68 45 58 167789 2 167789 2 0 0 0 0 51 68 51 68 45 58 167789 2 167789 2 0 0 0 0 51 68 51 68 45 58 167789 2 167789 2 0 0 0 0 51 68 51 68 45 58 167789 2 167789 2 0 0 0 0 51 68 51 68 45 58 167789 2 167789 2 0 0 0 0 51 68 51 68 45 58 167789 2 167789 2 0 0 0 0
278 0 1000 0 0 1000 0 1000 52 69 52 69 45 58 103682 87 0 0 80290 1 23392 86 52 69 52 69 45 58 103682 87 0 0 80290 1 23392 86 52 69 52 69 45 58 103682 87 0 0 80290 1 23392 86 52 69 52 69 45 58 103682 87 0 0 80290 1 23392 86 52 69 52 69 45 58 103682 87 0 0 80290 1 23392 86 52 69 52 69 45 58 103682 87 0 0 80290 1 23392 86
279 0 1000 0 0 1000 0 1000 52 69 52 69 45 58 0 0 0 0 0 0 0 0 52 69 52 69 45 58 0 0 0 0 0 0 0 0 52 69 52 69 45 58 0 0 0 0 0 0 0 0 52 69 52 69 45 58 0 0 0 0 0 0 0 0 52 69 52 69 45 58 0 0 0 0 0 0 0 0 52 69 52 69 45 58 0 0 0 0 0 0 0 0
280 0 1000 0 0 1000 0 1000 52 69 52 69 45 58 0 0 0 0 0 0 0 0 52 69 52 69 45 58 0 0 0 0 0 0 0 0 52 69 52 69 45 58 0 0 0 0 0 0 0 0 52 69 52 69 45 58 0 0 0 0 0 0 0 0 52 69 52 69 45 58 0 0 0 0 0 0 0 0 52 69 52 69 45 58 0 0 0 0 0 0 0 0
281 0 1000 0 0 1000 0 1000 52 69 52 69 45 58 83191 1 83191 1 0 0 0 0 52 69 52 69 45 58 83191 1 83191 1 0 0 0 0 52 69 52 69 45 58 83191 1 83191 1 0 0 0 0 52 69 52 69 45 58 83191 1 83191 1 0 0 0 0 52 69 52 69 45 58 83191 1 83191 1 0 0 0 0 52 69 52 69 45 58 83191 1 83191 1 0 0 0 0
282 0 1000 0 0 1000 0 1000 53 70 53 70 45 58 111571 116 0 0 80291 1 31280 115 53 70 53 70 45 58 111571 116 0 0 80291 1 31280 115 53 70 53 70 45 58 111571 116 0 0 80291 1 31280 115 53 70 53 70 45 58 111571 116 0 0 80291 1 31280 115 53 70 53 70 45 58 111571 116 0 0 80291 1 31280 115 53 70 53 70 45 58 111571 116 0 0 80291 1 31280 115
283 0 1000 0 0 1000 0 1000 53 70 53 70 45 58 0 0 0 0 0 0 0 0 53 70 53 70 45 58 0 0 0 0 0 0 0 0 53 70 53 70 45 58 0 0 0 0 0 0 0 0 53 70 53 70 45 58 0 0 0 0 0 0 0 0 53 70 53 70 45 58 0 0 0 0 0 0 0 0 53 70 53 70 45 58 0 0 0 0 0 0 0 0
284 0 1000 0 0 1000 0 1000 53 70 53 70 45 58 0 0 0 0 0 0 0 0 53 70 53 70 45 58 0 0 0 0 0 0 0 0 53 70 53 70 45 58 0 0 0 0 0 0 0 0 53 70 53 70 45 58 0 0 0 0 0 0 0 0 53 70 53 70 45 58 0 0 0 0 0 0 0 0 53 70 53 70 45 58 0 0 0 0 0 0 0 0
285 0 1000 0 0 1000 0 1000 53 70 53 70 45 58 168238 2 168238 2 0 0 0 0 53 70 53 70 45 58 168238 2 168238 2 0 0 0 0 53 70 53 70 45 58 168238 2 168238 2 0 0 0 0 53 70 53 70 45 58 168238 2 168238 2 0 0 0 0 53 70 53 70 45 58 168238 2 168238 2 0 0 0 0 53 70 53 70 45 58 168238 2 168238 2 0 0 0 0
286 0 1000 0 0 1000 0 1000 54 71 54 71 45 58 106947 99 0 0 80291 1 26656 98 54 71 54 71 45 58 106947 99 0 0 80291 1 26656 98 54 71 54 71 45 58 106947 99 0 0 80291 1 26656 98 54 71 54 71 45 58 106947 99 0 0 80291 1 26656 98 54 71 54 71 45 58 106947 99 0 0 80291 1 26656 98 54 71 54 71 45 58 106947 99 0 0 80291 1 26656 98
287 0 1000 0 0 1000 0 1000 54 71 54 71 46 61 0 0 0 0 0 0 0 0 54 71 54 71 46 61 0 0 0 0 0 0 0 0 54 71 54 71 46 61 0 0 0 0 0 0 0 0 54 71 54 71 46 61 0 0 0 0 0 0 0 0 54 71 54 71 46 61 0 0 0 0 0 0 0 0 54 71 54 71 46 61 0 0 0 0 0 0 0 0
288 0 1000 0 0 1000 0 1000 54 71 54 71 46 61 0 0 0 0 0 0 0 0 54 71 54 71 46 61 0 0 0 0 0 0 0 0 54 71 54 71 46 61 0 0 0 0 0 0 0 0 54 71 54 71 46 61 0 0 0 0 0 0 0 0 54 71 54 71 46 61 0 0 0 0 0 0 0 0 54 71 54 71 46 61 0 0 0 0 0 0 0 0
289 0 1000 0 0 1000 0 1000 54 71 54 71 46 61 0 0 0 0 0 0 0 0 54 71 54 71 46 61 0 0 0 0 0 0 0 0 54 71 54 71 46 61 0 0 0 0 0 0 0 0 54 71 54 71 46 61 0 0 0 0 0 0 0 0 54 71 54 71 46 61 0 0 0 0 0 0 0 0 54 71 54 71 46 61 0 0 0 0 0 0 0 0
290 0 1000 0 0 1000 0 1000 54 71 54 71 46 61 26384 97 0 0 0 0 26384 97 54 71 54 71 46 61 26384 97 0 0 0 0 26384 97 54 71 54 71 46 61 26384 97 0 0 0 0 26384 97 54 71 54 71 46 61 26384 97 0 0 0 0 26384 97 54 71 54 71 46 61 26384 97 0 0 0 0 26384 97 54 71 54 71 46 61 26384 97 0 0 0 0 26384 97
291 0 1000 0 0 1000 0 1000 54 71 54 71 47 62 0 0 0 0 0 0 0 0 54 71 54 71 47 62 0 0 0 0 0 0 0 0 54 71 54 71 47 62 0 0 0 0 0 0 0 0 54 71 54 71 47 62 0 0 0 0 0 0 0 0 54 71 54 71 47 62 0 0 0 0 0 0 0 0 54 71 54 71 47 62 0 0 0 0 0 0 0 0
292 0 1000 0 0 1000 0 1000 54 71 54 71 47 62 0 0 0 0 0 0 0 0 54 71 54 71 47 62 0 0 0 0 0 0 0 0 54 71 54 71 47 62 0 0 0 0 0 0 0 0 54 71 54 71 47 62 0 0 0 0 0 0 0 0 54 71 54 71 47 62 0 0 0 0 0 0 0 0 54 71 54 71 47 62 0 0 0 0 0 0 0 0
293 0 1000 0 0 1000 0 1000 54 71 54 71 47 62 167086 2 167086 2 0 0 0 0 54 71 54 71 47 62 167086 2 167086 2 0 0 0 0 54 71 54 71 47 62 167086 2 167086 2 0 0 0 0 54 71 54 71 47 62 167086 2 167086 2 0 0 0 0 54 71 54 71 47 62 167086 2 167086 2 0 0 0 0 54 71 54 71 47 62 167086 2 167086 2 0 0 0 0
294 0 1000 0 0 1000 0 1000 55 73 55 73 47 62 108307 104 0 0 80291 1 28016 103 55 73 55 73 47 62 108307 104 0 0 80291 1 28016 103 55 73 55 73 47 62 108307 104 0 0 80291 1 28016 103 55 73 55 73 47 62 108307 104 0 0 80291 1 28016 103 55 73 55 73 47 62 108307 104 0 0 80291 1 28016 103 55 73 55 73 47 62 108307 104 0 0 80291 1 28016 103
295 0 1000 0 0 1000 0 1000 55 73 55 73 48 63 0 0 0 0 0 0 0 0 55 73 55 73 48 63 0 0 0 0 0 0 0 0 55 73 55 73 48 63 0 0 0 0 0 0 0 0 55 73 55 73 48 63 0 0 0 0 0 0 0 0 55 73 55 73 48 63 0 0 0 0 0 0 0 0 55 73 55 73 48 63 0 0 0 0 0 0 0 0
296 0 1000 0 0 1000 0 1000 55 73 55 73 48 63 0 0 0 0 0 0 0 0 55 73 55 73 48 63 0 0 0 0 0 0 0 0 55 73 55 73 48 63 0 0 0 0 0 0 0 0 55 73 55 73 48 63 0 0 0 0 0 0 0 0 55 73 55 73 48 63 0 0 0 0 0 0 0 0 55 73 55 73 48 63 0 0 0 0 0 0 0 0
297 0 1000 0 0 1000 0 1000 55 73 55 73 48 63 167470 2 167470 2 0 0 0 0 55 73 55 73 48 63 167470 2 167470 2 0 0 0 0 55 73 55 73 48 63 167470 2 167470 2 0 0 0 0 55 73 55 73 48 63 167470 2 167470 2 0 0 0 0 55 73 55 73 48 63 167470 2 167470 2 0 0 0 0 55 73 55 73 48 63 167470 2 167470 2 0 0 0 0
298 0 1000 0 0 1000 0 1000 56 74 56 74 48 63 104771 91 0 0 80291 1 24480 90 56 74 56 74 48 63 104771 91 0 0 80291 1 24480 90 56 74 56 74 48 63 104771 91 0 0 80291 1 24480 90 56 74 56 74 48 63 104771 91 0 0 80291 1 24480 90 56 74 56 74 48 63 104771 91 0 0 80291 1 24480 90 56 74 56 74 48 63 104771 91 0 0 80291 1 24480 90
299 0 1000 0 0 1000 0 1000 56 74 56 74 49 64 0 0 0 0 0 0 0 0 56 74 56 74 49 64 0 0 0 0 0 0 0 0 56 74 56 74 49 64 0 0 0 0 0 0 0 0 56 74 56 74 49 64 0 0 0 0 0 0 0 0 56 74 56 74 49 64 0 0 0 0 0 0 0 0 56 74 56 74 49 64 0 0 0 0 0 0 0 0
300 0 1000 0 0 1000 0 1000 56 74 56 74 49 64 0 0 0 0 0 0 0 0 56 74 56 74 49 64 0 0 0 0 0 0 0 0 56 74 56 74 49 64 0 0 0 0 0 0 0 0 56 74 56 74 49 64 0 0 0 0 0 0 0 0 56 74 56 74 49 64 0 0 0 0 0 0 0 0 56 74 56 74 49 64 0 0 0 0 0 0 0 0
301 0 1000 0 0 1000 0 1000 56 74 56 74 49 64 0 0 0 0 0 0 0 0 56 74 56 74 49 64 0 0 0 0 0 0 0 0 56 74 56 74 49 64 0 0 0 0 0 0 0 0 56 74 56 74 49 64 0 0 0 0 0 0 0 0 56 74 56 74 49 64 0 0 0 0 0 0 0 0 56 74 56 74 49 64 0 0 0 0 0 0 0 0
302 0 1000 0 0 1000 0 1000 56 74 56 74 49 64 26112 96 0 0 0 0 26112 96 56 74 56 74 49 64 26112 96 0 0 0 0 26112 96 56 74 56 74 49 64 26112 96 0 0 0 0 26112 96 56 74 56 74 49 64 26112 96 0 0 0 0 26112 96 56 74 56 74 49 64 26112 96 0 0 0 0 26112 96 56 74 56 74 49 64 26112 96 0 0 0 0 26112 96
303 0 1000 0 0 1000 0 1000 56 74 56 74 49 64 0 0 0 0 0 0 0 0 56 74 56 74 49 64 0 0 0 0 0 0 0 0 56 74 56 74 49 64 0 0 0 0 0 0 0 0 56 74 56 74 49 64 0 0 0 0 0 0 0 0 56 74 56 74 49 64 0 0 0 0 0 0 0 0 56 74 56 74 49 64 0 0 0 0 0 0 0 0
