r n_asleep n_awake n_honest_asleep n_honest_dreamy n_honest_awake n_adversary n_all party0_ledger_best_length party0_ledger_best_age party0_ledger_fast_length party0_ledger_fast_age party0_ledger_slow_length party0_ledger_slow_age party0_comms_all_size party0_comms_all_count party0_comms_proposal_size party0_comms_proposal_count party0_comms_piece_block_size party0_comms_piece_block_count party0_comms_piece_vote_size party0_comms_piece_vote_count party1_ledger_best_length party1_ledger_best_age party1_ledger_fast_length party1_ledger_fast_age party1_ledger_slow_length party1_ledger_slow_age party1_comms_all_size party1_comms_all_count party1_comms_proposal_size party1_comms_proposal_count party1_comms_piece_block_size party1_comms_piece_block_count party1_comms_piece_vote_size party1_comms_piece_vote_count party2_ledger_best_length party2_ledger_best_age party2_ledger_fast_length party2_ledger_fast_age party2_ledger_slow_length party2_ledger_slow_age party2_comms_all_size party2_comms_all_count party2_comms_proposal_size party2_comms_proposal_count party2_comms_piece_block_size party2_comms_piece_block_count party2_comms_piece_vote_size party2_comms_piece_vote_count party3_ledger_best_length party3_ledger_best_age party3_ledger_fast_length party3_ledger_fast_age party3_ledger_slow_length party3_ledger_slow_age party3_comms_all_size party3_comms_all_count party3_comms_proposal_size party3_comms_proposal_count party3_comms_piece_block_size party3_comms_piece_block_count party3_comms_piece_vote_size party3_comms_piece_vote_count party4_ledger_best_length party4_ledger_best_age party4_ledger_fast_length party4_ledger_fast_age party4_ledger_slow_length party4_ledger_slow_age party4_comms_all_size party4_comms_all_count party4_comms_proposal_size party4_comms_proposal_count party4_comms_piece_block_size party4_comms_piece_block_count party4_comms_piece_vote_size party4_comms_piece_vote_count partyALWAYSAWAKE_ledger_best_length partyALWAYSAWAKE_ledger_best_age partyALWAYSAWAKE_ledger_fast_length partyALWAYSAWAKE_ledger_fast_age partyALWAYSAWAKE_ledger_slow_length partyALWAYSAWAKE_ledger_slow_age partyALWAYSAWAKE_comms_all_size partyALWAYSAWAKE_comms_all_count partyALWAYSAWAKE_comms_proposal_size partyALWAYSAWAKE_comms_proposal_count partyALWAYSAWAKE_comms_piece_block_size partyALWAYSAWAKE_comms_piece_block_count partyALWAYSAWAKE_comms_piece_vote_size partyALWAYSAWAKE_comms_piece_vote_count
4 0 1000 0 0 1000 0 1000 0 0 0 0 0 0 0 0 0 0 0 0 0 0 0 0 0 0 0 0 0 0 0 0 0 0 0 0 0 0 0 0 0 0 0 0 0 0 0 0 0 0 0 0 0 0 0 0 0 0 0 0 0 0 0 0 0 0 0 0 0 0 0 0 0 0 0 0 0 0 0 0 0 0 0 0 0 0 0 0 0 0 0 0
5 0 1000 0 0 1000 0 1000 0 0 0 0 0 0 438 1 438 1 0 0 0 0 0 0 0 0 0 0 438 1 438 1 0 0 0 0 0 0 0 0 0 0 438 1 438 1 0 0 0 0 0 0 0 0 0 0 438 1 438 1 0 0 0 0 0 0 0 0 0 0 438 1 438 1 0 0 0 0 0 0 0 0 0 0 438 1 438 1 0 0 0 0
6 0 1000 0 0 1000 0 1000 1 1 1 1 0 0 29938 110 0 0 290 1 29648 109 1 1 1 1 0 0 29938 110 0 0 290 1 29648 109 1 1 1 1 0 0 29938 110 0 0 290 1 29648 109 1 1 1 1 0 0 29938 110 0 0 290 1 29648 109 1 1 1 1 0 0 29938 110 0 0 290 1 29648 109 1 1 1 1 0 0 29938 110 0 0 290 1 29648 109
7 0 1000 0 0 1000 0 1000 1 1 1 1 0 0 0 0 0 0 0 0 0 0 1 1 1 1 0 0 0 0 0 0 0 0 0 0 1 1 1 1 0 0 0 0 0 0 0 0 0 0 1 1 1 1 0 0 0 0 0 0 0 0 0 0 1 1 1 1 0 0 0 0 0 0 0 0 0 0 1 1 1 1 0 0 0 0 0 0 0 0 0 0
8 0 1000 0 0 1000 0 1000 1 1 1 1 0 0 0 0 0 0 0 0 0 0 1 1 1 1 0 0 0 0 0 0 0 0 0 0 1 1 1 1 0 0 0 0 0 0 0 0 0 0 1 1 1 1 0 0 0 0 0 0 0 0 0 0 1 1 1 1 0 0 0 0 0 0 0 0 0 0 1 1 1 1 0 0 0 0 0 0 0 0 0 0
9 0 1000 0 0 1000 0 1000 1 1 1 1 0 0 0 0 0 0 0 0 0 0 1 1 1 1 0 0 0 0 0 0 0 0 0 0 1 1 1 1 0 0 0 0 0 0 0 0 0 0 1 1 1 1 0 0 0 0 0 0 0 0 0 0 1 1 1 1 0 0 0 0 0 0 0 0 0 0 1 1 1 1 0 0 0 0 0 0 0 0 0 0
10 0 1000 0 0 1000 0 1000 1 1 1 1 0 0 31552 116 0 0 0 0 31552 116 1 1 1 1 0 0 31552 116 0 0 0 0 31552 116 1 1 1 1 0 0 31552 116 0 0 0 0 31552 116 1 1 1 1 0 0 31552 116 0 0 0 0 31552 116 1 1 1 1 0 0 31552 116 0 0 0 0 31552 116 1 1 1 1 0 0 31552 116 0 0 0 0 31552 116
11 0 1000 0 0 1000 0 1000 1 1 1 1 0 0 0 0 0 0 0 0 0 0 1 1 1 1 0 0 0 0 0 0 0 0 0 0 1 1 1 1 0 0 0 0 0 0 0 0 0 0 1 1 1 1 0 0 0 0 0 0 0 0 0 0 1 1 1 1 0 0 0 0 0 0 0 0 0 0 1 1 1 1 0 0 0 0 0 0 0 0 0 0
12 0 1000 0 0 1000 0 1000 1 1 1 1 0 0 0 0 0 0 0 0 0 0 1 1 1 1 0 0 0 0 0 0 0 0 0 0 1 1 1 1 0 0 0 0 0 0 0 0 0 0 1 1 1 1 0 0 0 0 0 0 0 0 0 0 1 1 1 1 0 0 0 0 0 0 0 0 0 0 1 1 1 1 0 0 0 0 0 0 0 0 0 0
13 0 1000 0 0 1000 0 1000 1 1 1 1 0 0 4150 1 4150 1 0 0 0 0 1 1 1 1 0 0 4150 1 4150 1 0 0 0 0 1 1 1 1 0 0 4150 1 4150 1 0 0 0 0 1 1 1 1 0 0 4150 1 4150 1 0 0 0 0 1 1 1 1 0 0 4150 1 4150 1 0 0 0 0 1 1 1 1 0 0 4150 1 4150 1 0 0 0 0
14 0 1000 0 0 1000 0 1000 2 3 2 3 0 0 30482 112 0 0 290 1 30192 111 2 3 2 3 0 0 30482 112 0 0 290 1 30192 111 2 3 2 3 0 0 30482 112 0 0 290 1 30192 111 2 3 2 3 0 0 30482 112 0 0 290 1 30192 111 2 3 2 3 0 0 30482 112 0 0 290 1 30192 111 2 3 2 3 0 0 30482 112 0 0 290 1 30192 111
15 0 1000 0 0 1000 0 1000 2 3 2 3 0 0 0 0 0 0 0 0 0 0 2 3 2 3 0 0 0 0 0 0 0 0 0 0 2 3 2 3 0 0 0 0 0 0 0 0 0 0 2 3 2 3 0 0 0 0 0 0 0 0 0 0 2 3 2 3 0 0 0 0 0 0 0 0 0 0 2 3 2 3 0 0 0 0 0 0 0 0 0 0
16 0 1000 0 0 1000 0 1000 2 3 2 3 0 0 0 0 0 0 0 0 0 0 2 3 2 3 0 0 0 0 0 0 0 0 0 0 2 3 2 3 0 0 0 0 0 0 0 0 0 0 2 3 2 3 0 0 0 0 0 0 0 0 0 0 2 3 2 3 0 0 0 0 0 0 0 0 0 0 2 3 2 3 0 0 0 0 0 0 0 0 0 0
17 0 1000 0 0 1000 0 1000 2 3 2 3 0 0 0 0 0 0 0 0 0 0 2 3 2 3 0 0 0 0 0 0 0 0 0 0 2 3 2 3 0 0 0 0 0 0 0 0 0 0 2 3 2 3 0 0 0 0 0 0 0 0 0 0 2 3 2 3 0 0 0 0 0 0 0 0 0 0 2 3 2 3 0 0 0 0 0 0 0 0 0 0
18 0 1000 0 0 1000 0 1000 2 3 2 3 0 0 25840 95 0 0 0 0 25840 95 2 3 2 3 0 0 25840 95 0 0 0 0 25840 95 2 3 2 3 0 0 25840 95 0 0 0 0 25840 95 2 3 2 3 0 0 25840 95 0 0 0 0 25840 95 2 3 2 3 0 0 25840 95 0 0 0 0 25840 95 2 3 2 3 0 0 25840 95 0 0 0 0 25840 95
19 0 1000 0 0 1000 0 1000 2 3 2 3 0 0 0 0 0 0 0 0 0 0 2 3 2 3 0 0 0 0 0 0 0 0 0 0 2 3 2 3 0 0 0 0 0 0 0 0 0 0 2 3 2 3 0 0 0 0 0 0 0 0 0 0 2 3 2 3 0 0 0 0 0 0 0 0 0 0 2 3 2 3 0 0 0 0 0 0 0 0 0 0
20 0 1000 0 0 1000 0 1000 2 3 2 3 0 0 0 0 0 0 0 0 0 0 2 3 2 3 0 0 0 0 0 0 0 0 0 0 2 3 2 3 0 0 0 0 0 0 0 0 0 0 2 3 2 3 0 0 0 0 0 0 0 0 0 0 2 3 2 3 0 0 0 0 0 0 0 0 0 0 2 3 2 3 0 0 0 0 0 0 0 0 0 0
21 0 1000 0 0 1000 0 1000 2 3 2 3 0 0 0 0 0 0 0 0 0 0 2 3 2 3 0 0 0 0 0 0 0 0 0 0 2 3 2 3 0 0 0 0 0 0 0 0 0 0 2 3 2 3 0 0 0 0 0 0 0 0 0 0 2 3 2 3 0 0 0 0 0 0 0 0 0 0 2 3 2 3 0 0 0 0 0 0 0 0 0 0
22 0 1000 0 0 1000 0 1000 2 3 2 3 0 0 30464 112 0 0 0 0 30464 112 2 3 2 3 0 0 30464 112 0 0 0 0 30464 112 2 3 2 3 0 0 30464 112 0 0 0 0 30464 112 2 3 2 3 0 0 30464 112 0 0 0 0 30464 112 2 3 2 3 0 0 30464 112 0 0 0 0 30464 112 2 3 2 3 0 0 30464 112 0 0 0 0 30464 112
23 0 1000 0 0 1000 0 1000 2 3 2 3 0 0 0 0 0 0 0 0 0 0 2 3 2 3 0 0 0 0 0 0 0 0 0 0 2 3 2 3 0 0 0 0 0 0 0 0 0 0 2 3 2 3 0 0 0 0 0 0 0 0 0 0 2 3 2 3 0 0 0 0 0 0 0 0 0 0 2 3 2 3 0 0 0 0 0 0 0 0 0 0
24 0 1000 0 0 1000 0 1000 2 3 2 3 0 0 0 0 0 0 0 0 0 0 2 3 2 3 0 0 0 0 0 0 0 0 0 0 2 3 2 3 0 0 0 0 0 0 0 0 0 0 2 3 2 3 0 0 0 0 0 0 0 0 0 0 2 3 2 3 0 0 0 0 0 0 0 0 0 0 2 3 2 3 0 0 0 0 0 0 0 0 0 0
25 0 1000 0 0 1000 0 1000 2 3 2 3 0 0 4022 1 4022 1 0 0 0 0 2 3 2 3 0 0 4022 1 4022 1 0 0 0 0 2 3 2 3 0 0 4022 1 4022 1 0 0 0 0 2 3 2 3 0 0 4022 1 4022 1 0 0 0 0 2 3 2 3 0 0 4022 1 4022 1 0 0 0 0 2 3 2 3 0 0 4022 1 4022 1 0 0 0 0
26 0 1000 0 0 1000 0 1000 3 6 3 6 0 0 30210 111 0 0 290 1 29920 110 3 6 3 6 0 0 30210 111 0 0 290 1 29920 110 3 6 3 6 0 0 30210 111 0 0 290 1 29920 110 3 6 3 6 0 0 30210 111 0 0 290 1 29920 110 3 6 3 6 0 0 30210 111 0 0 290 1 29920 110 3 6 3 6 0 0 30210 111 0 0 290 1 29920 110
27 0 1000 0 0 1000 0 1000 3 6 3 6 0 0 0 0 0 0 0 0 0 0 3 6 3 6 0 0 0 0 0 0 0 0 0 0 3 6 3 6 0 0 0 0 0 0 0 0 0 0 3 6 3 6 0 0 0 0 0 0 0 0 0 0 3 6 3 6 0 0 0 0 0 0 0 0 0 0 3 6 3 6 0 0 0 0 0 0 0 0 0 0
28 0 1000 0 0 1000 0 1000 3 6 3 6 0 0 0 0 0 0 0 0 0 0 3 6 3 6 0 0 0 0 0 0 0 0 0 0 3 6 3 6 0 0 0 0 0 0 0 0 0 0 3 6 3 6 0 0 0 0 0 0 0 0 0 0 3 6 3 6 0 0 0 0 0 0 0 0 0 0 3 6 3 6 0 0 0 0 0 0 0 0 0 0
29 0 1000 0 0 1000 0 1000 3 6 3 6 0 0 0 0 0 0 0 0 0 0 3 6 3 6 0 0 0 0 0 0 0 0 0 0 3 6 3 6 0 0 0 0 0 0 0 0 0 0 3 6 3 6 0 0 0 0 0 0 0 0 0 0 3 6 3 6 0 0 0 0 0 0 0 0 0 0 3 6 3 6 0 0 0 0 0 0 0 0 0 0
30 0 1000 0 0 1000 0 1000 3 6 3 6 0 0 28560 105 0 0 0 0 28560 105 3 6 3 6 0 0 28560 105 0 0 0 0 28560 105 3 6 3 6 0 0 28560 105 0 0 0 0 28560 105 3 6 3 6 0 0 28560 105 0 0 0 0 28560 105 3 6 3 6 0 0 28560 105 0 0 0 0 28560 105 3 6 3 6 0 0 28560 105 0 0 0 0 28560 105
31 0 1000 0 0 1000 0 1000 3 6 3 6 0 0 0 0 0 0 0 0 0 0 3 6 3 6 0 0 0 0 0 0 0 0 0 0 3 6 3 6 0 0 0 0 0 0 0 0 0 0 3 6 3 6 0 0 0 0 0 0 0 0 0 0 3 6 3 6 0 0 0 0 0 0 0 0 0 0 3 6 3 6 0 0 0 0 0 0 0 0 0 0
32 0 1000 0 0 1000 0 1000 3 6 3 6 0 0 0 0 0 0 0 0 0 0 3 6 3 6 0 0 0 0 0 0 0 0 0 0 3 6 3 6 0 0 0 0 0 0 0 0 0 0 3 6 3 6 0 0 0 0 0 0 0 0 0 0 3 6 3 6 0 0 0 0 0 0 0 0 0 0 3 6 3 6 0 0 0 0 0 0 0 0 0 0
33 0 1000 0 0 1000 0 1000 3 6 3 6 0 0 0 0 0 0 0 0 0 0 3 6 3 6 0 0 0 0 0 0 0 0 0 0 3 6 3 6 0 0 0 0 0 0 0 0 0 0 3 6 3 6 0 0 0 0 0 0 0 0 0 0 3 6 3 6 0 0 0 0 0 0 0 0 0 0 3 6 3 6 0 0 0 0 0 0 0 0 0 0
34 0 1000 0 0 1000 0 1000 3 6 3 6 0 0 30464 112 0 0 0 0 30464 112 3 6 3 6 0 0 30464 112 0 0 0 0 30464 112 3 6 3 6 0 0 30464 112 0 0 0 0 30464 112 3 6 3 6 0 0 30464 112 0 0 0 0 30464 112 3 6 3 6 0 0 30464 112 0 0 0 0 30464 112 3 6 3 6 0 0 30464 112 0 0 0 0 30464 112
35 0 1000 0 0 1000 0 1000 3 6 3 6 0 0 0 0 0 0 0 0 0 0 3 6 3 6 0 0 0 0 0 0 0 0 0 0 3 6 3 6 0 0 0 0 0 0 0 0 0 0 3 6 3 6 0 0 0 0 0 0 0 0 0 0 3 6 3 6 0 0 0 0 0 0 0 0 0 0 3 6 3 6 0 0 0 0 0 0 0 0 0 0
36 0 1000 0 0 1000 0 1000 3 6 3 6 0 0 0 0 0 0 0 0 0 0 3 6 3 6 0 0 0 0 0 0 0 0 0 0 3 6 3 6 0 0 0 0 0 0 0 0 0 0 3 6 3 6 0 0 0 0 0 0 0 0 0 0 3 6 3 6 0 0 0 0 0 0 0 0 0 0 3 6 3 6 0 0 0 0 0 0 0 0 0 0
37 0 1000 0 0 1000 0 1000 3 6 3 6 0 0 4022 1 4022 1 0 0 0 0 3 6 3 6 0 0 4022 1 4022 1 0 0 0 0 3 6 3 6 0 0 4022 1 4022 1 0 0 0 0 3 6 3 6 0 0 4022 1 4022 1 0 0 0 0 3 6 3 6 0 0 4022 1 4022 1 0 0 0 0 3 6 3 6 0 0 4022 1 4022 1 0 0 0 0
38 0 1000 0 0 1000 0 1000 4 9 4 9 0 0 32114 118 0 0 290 1 31824 117 4 9 4 9 0 0 32114 118 0 0 290 1 31824 117 4 9 4 9 0 0 32114 118 0 0 290 1 31824 117 4 9 4 9 0 0 32114 118 0 0 290 1 31824 117 4 9 4 9 0 0 32114 118 0 0 290 1 31824 117 4 9 4 9 0 0 32114 118 0 0 290 1 31824 117
39 0 1000 0 0 1000 0 1000 4 9 4 9 0 0 0 0 0 0 0 0 0 0 4 9 4 9 0 0 0 0 0 0 0 0 0 0 4 9 4 9 0 0 0 0 0 0 0 0 0 0 4 9 4 9 0 0 0 0 0 0 0 0 0 0 4 9 4 9 0 0 0 0 0 0 0 0 0 0 4 9 4 9 0 0 0 0 0 0 0 0 0 0
40 0 1000 0 0 1000 0 1000 4 9 4 9 0 0 0 0 0 0 0 0 0 0 4 9 4 9 0 0 0 0 0 0 0 0 0 0 4 9 4 9 0 0 0 0 0 0 0 0 0 0 4 9 4 9 0 0 0 0 0 0 0 0 0 0 4 9 4 9 0 0 0 0 0 0 0 0 0 0 4 9 4 9 0 0 0 0 0 0 0 0 0 0
41 0 1000 0 0 1000 0 1000 4 9 4 9 0 0 8366 2 8366 2 0 0 0 0 4 9 4 9 0 0 8366 2 8366 2 0 0 0 0 4 9 4 9 0 0 8366 2 8366 2 0 0 0 0 4 9 4 9 0 0 8366 2 8366 2 0 0 0 0 4 9 4 9 0 0 8366 2 8366 2 0 0 0 0 4 9 4 9 0 0 8366 2 8366 2 0 0 0 0
42 0 1000 0 0 1000 0 1000 5 10 5 10 0 0 24227 89 0 0 291 1 23936 88 5 10 5 10 0 0 24227 89 0 0 291 1 23936 88 5 10 5 10 0 0 24227 89 0 0 291 1 23936 88 5 10 5 10 0 0 24227 89 0 0 291 1 23936 88 5 10 5 10 0 0 24227 89 0 0 291 1 23936 88 5 10 5 10 0 0 24227 89 0 0 291 1 23936 88
43 0 1000 0 0 1000 0 1000 5 10 5 10 0 0 0 0 0 0 0 0 0 0 5 10 5 10 0 0 0 0 0 0 0 0 0 0 5 10 5 10 0 0 0 0 0 0 0 0 0 0 5 10 5 10 0 0 0 0 0 0 0 0 0 0 5 10 5 10 0 0 0 0 0 0 0 0 0 0 5 10 5 10 0 0 0 0 0 0 0 0 0 0
44 0 1000 0 0 1000 0 1000 5 10 5 10 0 0 0 0 0 0 0 0 0 0 5 10 5 10 0 0 0 0 0 0 0 0 0 0 5 10 5 10 0 0 0 0 0 0 0 0 0 0 5 10 5 10 0 0 0 0 0 0 0 0 0 0 5 10 5 10 0 0 0 0 0 0 0 0 0 0 5 10 5 10 0 0 0 0 0 0 0 0 0 0
45 0 1000 0 0 1000 0 1000 5 10 5 10 0 0 0 0 0 0 0 0 0 0 5 10 5 10 0 0 0 0 0 0 0 0 0 0 5 10 5 10 0 0 0 0 0 0 0 0 0 0 5 10 5 10 0 0 0 0 0 0 0 0 0 0 5 10 5 10 0 0 0 0 0 0 0 0 0 0 5 10 5 10 0 0 0 0 0 0 0 0 0 0
46 0 1000 0 0 1000 0 1000 5 10 5 10 0 0 27744 102 0 0 0 0 27744 102 5 10 5 10 0 0 27744 102 0 0 0 0 27744 102 5 10 5 10 0 0 27744 102 0 0 0 0 27744 102 5 10 5 10 0 0 27744 102 0 0 0 0 27744 102 5 10 5 10 0 0 27744 102 0 0 0 0 27744 102 5 10 5 10 0 0 27744 102 0 0 0 0 27744 102
47 0 1000 0 0 1000 0 1000 5 10 5 10 1 1 0 0 0 0 0 0 0 0 5 10 5 10 1 1 0 0 0 0 0 0 0 0 5 10 5 10 1 1 0 0 0 0 0 0 0 0 5 10 5 10 1 1 0 0 0 0 0 0 0 0 5 10 5 10 1 1 0 0 0 0 0 0 0 0 5 10 5 10 1 1 0 0 0 0 0 0 0 0
48 0 1000 0 0 1000 0 1000 5 10 5 10 1 1 0 0 0 0 0 0 0 0 5 10 5 10 1 1 0 0 0 0 0 0 0 0 5 10 5 10 1 1 0 0 0 0 0 0 0 0 5 10 5 10 1 1 0 0 0 0 0 0 0 0 5 10 5 10 1 1 0 0 0 0 0 0 0 0 5 10 5 10 1 1 0 0 0 0 0 0 0 0
49 0 1000 0 0 1000 0 1000 5 10 5 10 1 1 0 0 0 0 0 0 0 0 5 10 5 10 1 1 0 0 0 0 0 0 0 0 5 10 5 10 1 1 0 0 0 0 0 0 0 0 5 10 5 10 1 1 0 0 0 0 0 0 0 0 5 10 5 10 1 1 0 0 0 0 0 0 0 0 5 10 5 10 1 1 0 0 0 0 0 0 0 0
50 0 1000 0 0 1000 0 1000 5 10 5 10 1 1 32640 120 0 0 0 0 32640 120 5 10 5 10 1 1 32640 120 0 0 0 0 32640 120 5 10 5 10 1 1 32640 120 0 0 0 0 32640 120 5 10 5 10 1 1 32640 120 0 0 0 0 32640 120 5 10 5 10 1 1 32640 120 0 0 0 0 32640 120 5 10 5 10 1 1 32640 120 0 0 0 0 32640 120
51 0 1000 0 0 1000 0 1000 5 10 5 10 1 1 0 0 0 0 0 0 0 0 5 10 5 10 1 1 0 0 0 0 0 0 0 0 5 10 5 10 1 1 0 0 0 0 0 0 0 0 5 10 5 10 1 1 0 0 0 0 0 0 0 0 5 10 5 10 1 1 0 0 0 0 0 0 0 0 5 10 5 10 1 1 0 0 0 0 0 0 0 0
52 0 1000 0 0 1000 0 1000 5 10 5 10 1 1 0 0 0 0 0 0 0 0 5 10 5 10 1 1 0 0 0 0 0 0 0 0 5 10 5 10 1 1 0 0 0 0 0 0 0 0 5 10 5 10 1 1 0 0 0 0 0 0 0 0 5 10 5 10 1 1 0 0 0 0 0 0 0 0 5 10 5 10 1 1 0 0 0 0 0 0 0 0
53 0 1000 0 0 1000 0 1000 5 10 5 10 1 1 0 0 0 0 0 0 0 0 5 10 5 10 1 1 0 0 0 0 0 0 0 0 5 10 5 10 1 1 0 0 0 0 0 0 0 0 5 10 5 10 1 1 0 0 0 0 0 0 0 0 5 10 5 10 1 1 0 0 0 0 0 0 0 0 5 10 5 10 1 1 0 0 0 0 0 0 0 0
54 0 1000 0 0 1000 0 1000 5 10 5 10 1 1 27200 100 0 0 0 0 27200 100 5 10 5 10 1 1 27200 100 0 0 0 0 27200 100 5 10 5 10 1 1 27200 100 0 0 0 0 27200 100 5 10 5 10 1 1 27200 100 0 0 0 0 27200 100 5 10 5 10 1 1 27200 100 0 0 0 0 27200 100 5 10 5 10 1 1 27200 100 0 0 0 0 27200 100
55 0 1000 0 0 1000 0 1000 5 10 5 10 2 3 0 0 0 0 0 0 0 0 5 10 5 10 2 3 0 0 0 0 0 0 0 0 5 10 5 10 2 3 0 0 0 0 0 0 0 0 5 10 5 10 2 3 0 0 0 0 0 0 0 0 5 10 5 10 2 3 0 0 0 0 0 0 0 0 5 10 5 10 2 3 0 0 0 0 0 0 0 0
56 0 1000 0 0 1000 0 1000 5 10 5 10 2 3 0 0 0 0 0 0 0 0 5 10 5 10 2 3 0 0 0 0 0 0 0 0 5 10 5 10 2 3 0 0 0 0 0 0 0 0 5 10 5 10 2 3 0 0 0 0 0 0 0 0 5 10 5 10 2 3 0 0 0 0 0 0 0 0 5 10 5 10 2 3 0 0 0 0 0 0 0 0
57 0 1000 0 0 1000 0 1000 5 10 5 10 2 3 3639 1 3639 1 0 0 0 0 5 10 5 10 2 3 3639 1 3639 1 0 0 0 0 5 10 5 10 2 3 3639 1 3639 1 0 0 0 0 5 10 5 10 2 3 3639 1 3639 1 0 0 0 0 5 10 5 10 2 3 3639 1 3639 1 0 0 0 0 5 10 5 10 2 3 3639 1 3639 1 0 0 0 0
58 0 1000 0 0 1000 0 1000 6 14 6 14 2 3 27491 101 0 0 291 1 27200 100 6 14 6 14 2 3 27491 101 0 0 291 1 27200 100 6 14 6 14 2 3 27491 101 0 0 291 1 27200 100 6 14 6 14 2 3 27491 101 0 0 291 1 27200 100 6 14 6 14 2 3 27491 101 0 0 291 1 27200 100 6 14 6 14 2 3 27491 101 0 0 291 1 27200 100
59 0 1000 0 0 1000 0 1000 6 14 6 14 2 3 0 0 0 0 0 0 0 0 6 14 6 14 2 3 0 0 0 0 0 0 0 0 6 14 6 14 2 3 0 0 0 0 0 0 0 0 6 14 6 14 2 3 0 0 0 0 0 0 0 0 6 14 6 14 2 3 0 0 0 0 0 0 0 0 6 14 6 14 2 3 0 0 0 0 0 0 0 0
60 0 1000 0 0 1000 0 1000 6 14 6 14 2 3 0 0 0 0 0 0 0 0 6 14 6 14 2 3 0 0 0 0 0 0 0 0 6 14 6 14 2 3 0 0 0 0 0 0 0 0 6 14 6 14 2 3 0 0 0 0 0 0 0 0 6 14 6 14 2 3 0 0 0 0 0 0 0 0 6 14 6 14 2 3 0 0 0 0 0 0 0 0
61 0 1000 0 0 1000 0 1000 6 14 6 14 2 3 3639 1 3639 1 0 0 0 0 6 14 6 14 2 3 3639 1 3639 1 0 0 0 0 6 14 6 14 2 3 3639 1 3639 1 0 0 0 0 6 14 6 14 2 3 3639 1 3639 1 0 0 0 0 6 14 6 14 2 3 3639 1 3639 1 0 0 0 0 6 14 6 14 2 3 3639 1 3639 1 0 0 0 0
62 0 1000 0 0 1000 0 1000 7 15 7 15 2 3 30483 112 0 0 291 1 30192 111 7 15 7 15 2 3 30483 112 0 0 291 1 30192 111 7 15 7 15 2 3 30483 112 0 0 291 1 30192 111 7 15 7 15 2 3 30483 112 0 0 291 1 30192 111 7 15 7 15 2 3 30483 112 0 0 291 1 30192 111 7 15 7 15 2 3 30483 112 0 0 291 1 30192 111
63 0 1000 0 0 1000 0 1000 7 15 7 15 2 3 0 0 0 0 0 0 0 0 7 15 7 15 2 3 0 0 0 0 0 0 0 0 7 15 7 15 2 3 0 0 0 0 0 0 0 0 7 15 7 15 2 3 0 0 0 0 0 0 0 0 7 15 7 15 2 3 0 0 0 0 0 0 0 0 7 15 7 15 2 3 0 0 0 0 0 0 0 0
64 0 1000 0 0 1000 0 1000 7 15 7 15 2 3 0 0 0 0 0 0 0 0 7 15 7 15 2 3 0 0 0 0 0 0 0 0 7 15 7 15 2 3 0 0 0 0 0 0 0 0 7 15 7 15 2 3 0 0 0 0 0 0 0 0 7 15 7 15 2 3 0 0 0 0 0 0 0 0 7 15 7 15 2 3 0 0 0 0 0 0 0 0
65 900 100 900 0 100 0 1000 7 15 7 15 2 3 3991 1 3991 1 0 0 0 0 7 15 7 15 2 3 3991 1 3991 1 0 0 0 0 7 15 7 15 2 3 3991 1 3991 1 0 0 0 0 7 15 7 15 2 3 3991 1 3991 1 0 0 0 0 7 15 7 15 2 3 3991 1 3991 1 0 0 0 0 7 15 7 15 2 3 3991 1 3991 1 0 0 0 0
66 900 100 900 0 100 0 1000 7 15 7 15 2 3 4099 15 0 0 291 1 3808 14 7 15 7 15 2 3 4099 15 0 0 291 1 3808 14 7 15 7 15 2 3 4099 15 0 0 291 1 3808 14 7 15 7 15 2 3 4099 15 0 0 291 1 3808 14 7 15 7 15 2 3 4099 15 0 0 291 1 3808 14 7 15 7 15 2 3 4099 15 0 0 291 1 3808 14
67 900 100 900 0 100 0 1000 7 15 7 15 2 3 0 0 0 0 0 0 0 0 7 15 7 15 2 3 0 0 0 0 0 0 0 0 7 15 7 15 2 3 0 0 0 0 0 0 0 0 7 15 7 15 2 3 0 0 0 0 0 0 0 0 7 15 7 15 2 3 0 0 0 0 0 0 0 0 7 15 7 15 3 6 0 0 0 0 0 0 0 0
68 900 100 900 0 100 0 1000 7 15 7 15 2 3 0 0 0 0 0 0 0 0 7 15 7 15 2 3 0 0 0 0 0 0 0 0 7 15 7 15 2 3 0 0 0 0 0 0 0 0 7 15 7 15 2 3 0 0 0 0 0 0 0 0 7 15 7 15 2 3 0 0 0 0 0 0 0 0 7 15 7 15 3 6 0 0 0 0 0 0 0 0
69 900 100 900 0 100 0 1000 7 15 7 15 2 3 0 0 0 0 0 0 0 0 7 15 7 15 2 3 0 0 0 0 0 0 0 0 7 15 7 15 2 3 0 0 0 0 0 0 0 0 7 15 7 15 2 3 0 0 0 0 0 0 0 0 7 15 7 15 2 3 0 0 0 0 0 0 0 0 7 15 7 15 3 6 0 0 0 0 0 0 0 0
70 900 100 900 0 100 0 1000 7 15 7 15 2 3 3536 13 0 0 0 0 3536 13 7 15 7 15 2 3 3536 13 0 0 0 0 3536 13 7 15 7 15 2 3 3536 13 0 0 0 0 3536 13 7 15 7 15 2 3 3536 13 0 0 0 0 3536 13 7 15 7 15 2 3 3536 13 0 0 0 0 3536 13 7 15 7 15 3 6 3536 13 0 0 0 0 3536 13
71 900 100 900 0 100 0 1000 7 15 7 15 2 3 0 0 0 0 0 0 0 0 7 15 7 15 2 3 0 0 0 0 0 0 0 0 7 15 7 15 2 3 0 0 0 0 0 0 0 0 7 15 7 15 2 3 0 0 0 0 0 0 0 0 7 15 7 15 2 3 0 0 0 0 0 0 0 0 7 15 7 15 3 6 0 0 0 0 0 0 0 0
72 900 100 900 0 100 0 1000 7 15 7 15 2 3 0 0 0 0 0 0 0 0 7 15 7 15 2 3 0 0 0 0 0 0 0 0 7 15 7 15 2 3 0 0 0 0 0 0 0 0 7 15 7 15 2 3 0 0 0 0 0 0 0 0 7 15 7 15 2 3 0 0 0 0 0 0 0 0 7 15 7 15 3 6 0 0 0 0 0 0 0 0
73 900 100 900 0 100 0 1000 7 15 7 15 2 3 0 0 0 0 0 0 0 0 7 15 7 15 2 3 0 0 0 0 0 0 0 0 7 15 7 15 2 3 0 0 0 0 0 0 0 0 7 15 7 15 2 3 0 0 0 0 0 0 0 0 7 15 7 15 2 3 0 0 0 0 0 0 0 0 7 15 7 15 3 6 0 0 0 0 0 0 0 0
74 900 100 900 0 100 0 1000 7 15 7 15 2 3 2720 10 0 0 0 0 2720 10 7 15 7 15 2 3 2720 10 0 0 0 0 2720 10 7 15 7 15 2 3 2720 10 0 0 0 0 2720 10 7 15 7 15 2 3 2720 10 0 0 0 0 2720 10 7 15 7 15 2 3 2720 10 0 0 0 0 2720 10 7 15 7 15 3 6 2720 10 0 0 0 0 2720 10
75 900 100 900 0 100 0 1000 7 15 7 15 2 3 0 0 0 0 0 0 0 0 7 15 7 15 2 3 0 0 0 0 0 0 0 0 7 15 7 15 2 3 0 0 0 0 0 0 0 0 7 15 7 15 2 3 0 0 0 0 0 0 0 0 7 15 7 15 2 3 0 0 0 0 0 0 0 0 7 15 7 15 3 6 0 0 0 0 0 0 0 0
76 900 100 900 0 100 0 1000 7 15 7 15 2 3 0 0 0 0 0 0 0 0 7 15 7 15 2 3 0 0 0 0 0 0 0 0 7 15 7 15 2 3 0 0 0 0 0 0 0 0 7 15 7 15 2 3 0 0 0 0 0 0 0 0 7 15 7 15 2 3 0 0 0 0 0 0 0 0 7 15 7 15 3 6 0 0 0 0 0 0 0 0
77 900 100 900 0 100 0 1000 7 15 7 15 2 3 0 0 0 0 0 0 0 0 7 15 7 15 2 3 0 0 0 0 0 0 0 0 7 15 7 15 2 3 0 0 0 0 0 0 0 0 7 15 7 15 2 3 0 0 0 0 0 0 0 0 7 15 7 15 2 3 0 0 0 0 0 0 0 0 7 15 7 15 3 6 0 0 0 0 0 0 0 0
78 900 100 900 0 100 0 1000 7 15 7 15 2 3 1904 7 0 0 0 0 1904 7 7 15 7 15 2 3 1904 7 0 0 0 0 1904 7 7 15 7 15 2 3 1904 7 0 0 0 0 1904 7 7 15 7 15 2 3 1904 7 0 0 0 0 1904 7 7 15 7 15 2 3 1904 7 0 0 0 0 1904 7 7 15 7 15 3 6 1904 7 0 0 0 0 1904 7
79 900 100 900 0 100 0 1000 7 15 7 15 2 3 0 0 0 0 0 0 0 0 7 15 7 15 2 3 0 0 0 0 0 0 0 0 7 15 7 15 2 3 0 0 0 0 0 0 0 0 7 15 7 15 2 3 0 0 0 0 0 0 0 0 7 15 7 15 2 3 0 0 0 0 0 0 0 0 7 15 7 15 4 9 0 0 0 0 0 0 0 0
80 900 100 900 0 100 0 1000 7 15 7 15 2 3 0 0 0 0 0 0 0 0 7 15 7 15 2 3 0 0 0 0 0 0 0 0 7 15 7 15 2 3 0 0 0 0 0 0 0 0 7 15 7 15 2 3 0 0 0 0 0 0 0 0 7 15 7 15 2 3 0 0 0 0 0 0 0 0 7 15 7 15 4 9 0 0 0 0 0 0 0 0
81 900 100 900 0 100 0 1000 7 15 7 15 2 3 0 0 0 0 0 0 0 0 7 15 7 15 2 3 0 0 0 0 0 0 0 0 7 15 7 15 2 3 0 0 0 0 0 0 0 0 7 15 7 15 2 3 0 0 0 0 0 0 0 0 7 15 7 15 2 3 0 0 0 0 0 0 0 0 7 15 7 15 4 9 0 0 0 0 0 0 0 0
82 900 100 900 0 100 0 1000 7 15 7 15 2 3 4080 15 0 0 0 0 4080 15 7 15 7 15 2 3 4080 15 0 0 0 0 4080 15 7 15 7 15 2 3 4080 15 0 0 0 0 4080 15 7 15 7 15 2 3 4080 15 0 0 0 0 4080 15 7 15 7 15 2 3 4080 15 0 0 0 0 4080 15 7 15 7 15 4 9 4080 15 0 0 0 0 4080 15
83 900 100 900 0 100 0 1000 7 15 7 15 2 3 0 0 0 0 0 0 0 0 7 15 7 15 2 3 0 0 0 0 0 0 0 0 7 15 7 15 2 3 0 0 0 0 0 0 0 0 7 15 7 15 2 3 0 0 0 0 0 0 0 0 7 15 7 15 2 3 0 0 0 0 0 0 0 0 7 15 7 15 5 10 0 0 0 0 0 0 0 0
84 900 100 900 0 100 0 1000 7 15 7 15 2 3 0 0 0 0 0 0 0 0 7 15 7 15 2 3 0 0 0 0 0 0 0 0 7 15 7 15 2 3 0 0 0 0 0 0 0 0 7 15 7 15 2 3 0 0 0 0 0 0 0 0 7 15 7 15 2 3 0 0 0 0 0 0 0 0 7 15 7 15 5 10 0 0 0 0 0 0 0 0
85 900 100 900 0 100 0 1000 7 15 7 15 2 3 0 0 0 0 0 0 0 0 7 15 7 15 2 3 0 0 0 0 0 0 0 0 7 15 7 15 2 3 0 0 0 0 0 0 0 0 7 15 7 15 2 3 0 0 0 0 0 0 0 0 7 15 7 15 2 3 0 0 0 0 0 0 0 0 7 15 7 15 5 10 0 0 0 0 0 0 0 0
86 900 100 900 0 100 0 1000 7 15 7 15 2 3 3536 13 0 0 0 0 3536 13 7 15 7 15 2 3 3536 13 0 0 0 0 3536 13 7 15 7 15 2 3 3536 13 0 0 0 0 3536 13 7 15 7 15 2 3 3536 13 0 0 0 0 3536 13 7 15 7 15 2 3 3536 13 0 0 0 0 3536 13 7 15 7 15 5 10 3536 13 0 0 0 0 3536 13
87 900 100 900 0 100 0 1000 7 15 7 15 2 3 0 0 0 0 0 0 0 0 7 15 7 15 2 3 0 0 0 0 0 0 0 0 7 15 7 15 2 3 0 0 0 0 0 0 0 0 7 15 7 15 2 3 0 0 0 0 0 0 0 0 7 15 7 15 2 3 0 0 0 0 0 0 0 0 7 15 7 15 5 10 0 0 0 0 0 0 0 0
88 900 100 900 0 100 0 1000 7 15 7 15 2 3 0 0 0 0 0 0 0 0 7 15 7 15 2 3 0 0 0 0 0 0 0 0 7 15 7 15 2 3 0 0 0 0 0 0 0 0 7 15 7 15 2 3 0 0 0 0 0 0 0 0 7 15 7 15 2 3 0 0 0 0 0 0 0 0 7 15 7 15 5 10 0 0 0 0 0 0 0 0
89 900 100 900 0 100 0 1000 7 15 7 15 2 3 0 0 0 0 0 0 0 0 7 15 7 15 2 3 0 0 0 0 0 0 0 0 7 15 7 15 2 3 0 0 0 0 0 0 0 0 7 15 7 15 2 3 0 0 0 0 0 0 0 0 7 15 7 15 2 3 0 0 0 0 0 0 0 0 7 15 7 15 5 10 0 0 0 0 0 0 0 0
90 900 100 900 0 100 0 1000 7 15 7 15 2 3 2448 9 0 0 0 0 2448 9 7 15 7 15 2 3 2448 9 0 0 0 0 2448 9 7 15 7 15 2 3 2448 9 0 0 0 0 2448 9 7 15 7 15 2 3 2448 9 0 0 0 0 2448 9 7 15 7 15 2 3 2448 9 0 0 0 0 2448 9 7 15 7 15 5 10 2448 9 0 0 0 0 2448 9
91 900 100 900 0 100 0 1000 7 15 7 15 2 3 0 0 0 0 0 0 0 0 7 15 7 15 2 3 0 0 0 0 0 0 0 0 7 15 7 15 2 3 0 0 0 0 0 0 0 0 7 15 7 15 2 3 0 0 0 0 0 0 0 0 7 15 7 15 2 3 0 0 0 0 0 0 0 0 7 15 7 15 5 10 0 0 0 0 0 0 0 0
92 900 100 900 0 100 0 1000 7 15 7 15 2 3 0 0 0 0 0 0 0 0 7 15 7 15 2 3 0 0 0 0 0 0 0 0 7 15 7 15 2 3 0 0 0 0 0 0 0 0 7 15 7 15 2 3 0 0 0 0 0 0 0 0 7 15 7 15 2 3 0 0 0 0 0 0 0 0 7 15 7 15 5 10 0 0 0 0 0 0 0 0
93 900 100 900 0 100 0 1000 7 15 7 15 2 3 0 0 0 0 0 0 0 0 7 15 7 15 2 3 0 0 0 0 0 0 0 0 7 15 7 15 2 3 0 0 0 0 0 0 0 0 7 15 7 15 2 3 0 0 0 0 0 0 0 0 7 15 7 15 2 3 0 0 0 0 0 0 0 0 7 15 7 15 5 10 0 0 0 0 0 0 0 0
94 900 100 900 0 100 0 1000 7 15 7 15 2 3 2176 8 0 0 0 0 2176 8 7 15 7 15 2 3 2176 8 0 0 0 0 2176 8 7 15 7 15 2 3 2176 8 0 0 0 0 2176 8 7 15 7 15 2 3 2176 8 0 0 0 0 2176 8 7 15 7 15 2 3 2176 8 0 0 0 0 2176 8 7 15 7 15 5 10 2176 8 0 0 0 0 2176 8
95 900 100 900 0 100 0 1000 7 15 7 15 2 3 0 0 0 0 0 0 0 0 7 15 7 15 2 3 0 0 0 0 0 0 0 0 7 15 7 15 2 3 0 0 0 0 0 0 0 0 7 15 7 15 2 3 0 0 0 0 0 0 0 0 7 15 7 15 2 3 0 0 0 0 0 0 0 0 7 15 7 15 5 10 0 0 0 0 0 0 0 0
96 900 100 900 0 100 0 1000 7 15 7 15 2 3 0 0 0 0 0 0 0 0 7 15 7 15 2 3 0 0 0 0 0 0 0 0 7 15 7 15 2 3 0 0 0 0 0 0 0 0 7 15 7 15 2 3 0 0 0 0 0 0 0 0 7 15 7 15 2 3 0 0 0 0 0 0 0 0 7 15 7 15 5 10 0 0 0 0 0 0 0 0
97 900 100 900 0 100 0 1000 7 15 7 15 2 3 0 0 0 0 0 0 0 0 7 15 7 15 2 3 0 0 0 0 0 0 0 0 7 15 7 15 2 3 0 0 0 0 0 0 0 0 7 15 7 15 2 3 0 0 0 0 0 0 0 0 7 15 7 15 2 3 0 0 0 0 0 0 0 0 7 15 7 15 5 10 0 0 0 0 0 0 0 0
98 900 100 900 0 100 0 1000 7 15 7 15 2 3 1904 7 0 0 0 0 1904 7 7 15 7 15 2 3 1904 7 0 0 0 0 1904 7 7 15 7 15 2 3 1904 7 0 0 0 0 1904 7 7 15 7 15 2 3 1904 7 0 0 0 0 1904 7 7 15 7 15 2 3 1904 7 0 0 0 0 1904 7 7 15 7 15 5 10 1904 7 0 0 0 0 1904 7
99 900 100 900 0 100 0 1000 7 15 7 15 2 3 0 0 0 0 0 0 0 0 7 15 7 15 2 3 0 0 0 0 0 0 0 0 7 15 7 15 2 3 0 0 0 0 0 0 0 0 7 15 7 15 2 3 0 0 0 0 0 0 0 0 7 15 7 15 2 3 0 0 0 0 0 0 0 0 7 15 7 15 6 14 0 0 0 0 0 0 0 0
100 900 100 900 0 100 0 1000 7 15 7 15 2 3 0 0 0 0 0 0 0 0 7 15 7 15 2 3 0 0 0 0 0 0 0 0 7 15 7 15 2 3 0 0 0 0 0 0 0 0 7 15 7 15 2 3 0 0 0 0 0 0 0 0 7 15 7 15 2 3 0 0 0 0 0 0 0 0 7 15 7 15 6 14 0 0 0 0 0 0 0 0
101 900 100 900 0 100 0 1000 7 15 7 15 2 3 0 0 0 0 0 0 0 0 7 15 7 15 2 3 0 0 0 0 0 0 0 0 7 15 7 15 2 3 0 0 0 0 0 0 0 0 7 15 7 15 2 3 0 0 0 0 0 0 0 0 7 15 7 15 2 3 0 0 0 0 0 0 0 0 7 15 7 15 6 14 0 0 0 0 0 0 0 0
102 900 100 900 0 100 0 1000 7 15 7 15 2 3 4352 16 0 0 0 0 4352 16 7 15 7 15 2 3 4352 16 0 0 0 0 4352 16 7 15 7 15 2 3 4352 16 0 0 0 0 4352 16 7 15 7 15 2 3 4352 16 0 0 0 0 4352 16 7 15 7 15 2 3 4352 16 0 0 0 0 4352 16 7 15 7 15 6 14 4352 16 0 0 0 0 4352 16
103 900 100 900 0 100 0 1000 7 15 7 15 2 3 0 0 0 0 0 0 0 0 7 15 7 15 2 3 0 0 0 0 0 0 0 0 7 15 7 15 2 3 0 0 0 0 0 0 0 0 7 15 7 15 2 3 0 0 0 0 0 0 0 0 7 15 7 15 2 3 0 0 0 0 0 0 0 0 7 15 7 15 7 15 0 0 0 0 0 0 0 0
104 900 100 900 0 100 0 1000 7 15 7 15 2 3 0 0 0 0 0 0 0 0 7 15 7 15 2 3 0 0 0 0 0 0 0 0 7 15 7 15 2 3 0 0 0 0 0 0 0 0 7 15 7 15 2 3 0 0 0 0 0 0 0 0 7 15 7 15 2 3 0 0 0 0 0 0 0 0 7 15 7 15 7 15 0 0 0 0 0 0 0 0
105 900 100 900 0 100 0 1000 7 15 7 15 2 3 0 0 0 0 0 0 0 0 7 15 7 15 2 3 0 0 0 0 0 0 0 0 7 15 7 15 2 3 0 0 0 0 0 0 0 0 7 15 7 15 2 3 0 0 0 0 0 0 0 0 7 15 7 15 2 3 0 0 0 0 0 0 0 0 7 15 7 15 7 15 0 0 0 0 0 0 0 0
106 900 100 900 0 100 0 1000 7 15 7 15 2 3 2176 8 0 0 0 0 2176 8 7 15 7 15 2 3 2176 8 0 0 0 0 2176 8 7 15 7 15 2 3 2176 8 0 0 0 0 2176 8 7 15 7 15 2 3 2176 8 0 0 0 0 2176 8 7 15 7 15 2 3 2176 8 0 0 0 0 2176 8 7 15 7 15 7 15 2176 8 0 0 0 0 2176 8
107 900 100 900 0 100 0 1000 7 15 7 15 2 3 0 0 0 0 0 0 0 0 7 15 7 15 2 3 0 0 0 0 0 0 0 0 7 15 7 15 2 3 0 0 0 0 0 0 0 0 7 15 7 15 2 3 0 0 0 0 0 0 0 0 7 15 7 15 2 3 0 0 0 0 0 0 0 0 8 16 7 15 8 16 0 0 0 0 0 0 0 0
108 900 100 900 0 100 0 1000 7 15 7 15 2 3 0 0 0 0 0 0 0 0 7 15 7 15 2 3 0 0 0 0 0 0 0 0 7 15 7 15 2 3 0 0 0 0 0 0 0 0 7 15 7 15 2 3 0 0 0 0 0 0 0 0 7 15 7 15 2 3 0 0 0 0 0 0 0 0 8 16 7 15 8 16 0 0 0 0 0 0 0 0
109 900 100 900 0 100 0 1000 7 15 7 15 2 3 0 0 0 0 0 0 0 0 7 15 7 15 2 3 0 0 0 0 0 0 0 0 7 15 7 15 2 3 0 0 0 0 0 0 0 0 7 15 7 15 2 3 0 0 0 0 0 0 0 0 7 15 7 15 2 3 0 0 0 0 0 0 0 0 8 16 7 15 8 16 0 0 0 0 0 0 0 0
110 900 100 900 0 100 0 1000 7 15 7 15 2 3 1904 7 0 0 0 0 1904 7 7 15 7 15 2 3 1904 7 0 0 0 0 1904 7 7 15 7 15 2 3 1904 7 0 0 0 0 1904 7 7 15 7 15 2 3 1904 7 0 0 0 0 1904 7 7 15 7 15 2 3 1904 7 0 0 0 0 1904 7 8 16 7 15 8 16 1904 7 0 0 0 0 1904 7
111 900 100 900 0 100 0 1000 7 15 7 15 2 3 0 0 0 0 0 0 0 0 7 15 7 15 2 3 0 0 0 0 0 0 0 0 7 15 7 15 2 3 0 0 0 0 0 0 0 0 7 15 7 15 2 3 0 0 0 0 0 0 0 0 7 15 7 15 2 3 0 0 0 0 0 0 0 0 8 16 7 15 8 16 0 0 0 0 0 0 0 0
112 900 100 900 0 100 0 1000 7 15 7 15 2 3 0 0 0 0 0 0 0 0 7 15 7 15 2 3 0 0 0 0 0 0 0 0 7 15 7 15 2 3 0 0 0 0 0 0 0 0 7 15 7 15 2 3 0 0 0 0 0 0 0 0 7 15 7 15 2 3 0 0 0 0 0 0 0 0 8 16 7 15 8 16 0 0 0 0 0 0 0 0
113 900 100 900 0 100 0 1000 7 15 7 15 2 3 0 0 0 0 0 0 0 0 7 15 7 15 2 3 0 0 0 0 0 0 0 0 7 15 7 15 2 3 0 0 0 0 0 0 0 0 7 15 7 15 2 3 0 0 0 0 0 0 0 0 7 15 7 15 2 3 0 0 0 0 0 0 0 0 8 16 7 15 8 16 0 0 0 0 0 0 0 0
114 900 100 900 0 100 0 1000 7 15 7 15 2 3 2176 8 0 0 0 0 2176 8 7 15 7 15 2 3 2176 8 0 0 0 0 2176 8 7 15 7 15 2 3 2176 8 0 0 0 0 2176 8 7 15 7 15 2 3 2176 8 0 0 0 0 2176 8 7 15 7 15 2 3 2176 8 0 0 0 0 2176 8 8 16 7 15 8 16 2176 8 0 0 0 0 2176 8
115 900 100 900 0 100 0 1000 7 15 7 15 2 3 0 0 0 0 0 0 0 0 7 15 7 15 2 3 0 0 0 0 0 0 0 0 7 15 7 15 2 3 0 0 0 0 0 0 0 0 7 15 7 15 2 3 0 0 0 0 0 0 0 0 7 15 7 15 2 3 0 0 0 0 0 0 0 0 8 16 7 15 8 16 0 0 0 0 0 0 0 0
116 900 100 900 0 100 0 1000 7 15 7 15 2 3 0 0 0 0 0 0 0 0 7 15 7 15 2 3 0 0 0 0 0 0 0 0 7 15 7 15 2 3 0 0 0 0 0 0 0 0 7 15 7 15 2 3 0 0 0 0 0 0 0 0 7 15 7 15 2 3 0 0 0 0 0 0 0 0 8 16 7 15 8 16 0 0 0 0 0 0 0 0
117 900 100 900 0 100 0 1000 7 15 7 15 2 3 0 0 0 0 0 0 0 0 7 15 7 15 2 3 0 0 0 0 0 0 0 0 7 15 7 15 2 3 0 0 0 0 0 0 0 0 7 15 7 15 2 3 0 0 0 0 0 0 0 0 7 15 7 15 2 3 0 0 0 0 0 0 0 0 8 16 7 15 8 16 0 0 0 0 0 0 0 0
118 900 100 900 0 100 0 1000 7 15 7 15 2 3 2992 11 0 0 0 0 2992 11 7 15 7 15 2 3 2992 11 0 0 0 0 2992 11 7 15 7 15 2 3 2992 11 0 0 0 0 2992 11 7 15 7 15 2 3 2992 11 0 0 0 0 2992 11 7 15 7 15 2 3 2992 11 0 0 0 0 2992 11 8 16 7 15 8 16 2992 11 0 0 0 0 2992 11
119 900 100 900 0 100 0 1000 7 15 7 15 2 3 0 0 0 0 0 0 0 0 7 15 7 15 2 3 0 0 0 0 0 0 0 0 7 15 7 15 2 3 0 0 0 0 0 0 0 0 7 15 7 15 2 3 0 0 0 0 0 0 0 0 7 15 7 15 2 3 0 0 0 0 0 0 0 0 8 16 7 15 8 16 0 0 0 0 0 0 0 0
120 900 100 900 0 100 0 1000 7 15 7 15 2 3 0 0 0 0 0 0 0 0 7 15 7 15 2 3 0 0 0 0 0 0 0 0 7 15 7 15 2 3 0 0 0 0 0 0 0 0 7 15 7 15 2 3 0 0 0 0 0 0 0 0 7 15 7 15 2 3 0 0 0 0 0 0 0 0 8 16 7 15 8 16 0 0 0 0 0 0 0 0
121 900 100 900 0 100 0 1000 7 15 7 15 2 3 0 0 0 0 0 0 0 0 7 15 7 15 2 3 0 0 0 0 0 0 0 0 7 15 7 15 2 3 0 0 0 0 0 0 0 0 7 15 7 15 2 3 0 0 0 0 0 0 0 0 7 15 7 15 2 3 0 0 0 0 0 0 0 0 8 16 7 15 8 16 0 0 0 0 0 0 0 0
122 900 100 900 0 100 0 1000 7 15 7 15 2 3 3264 12 0 0 0 0 3264 12 7 15 7 15 2 3 3264 12 0 0 0 0 3264 12 7 15 7 15 2 3 3264 12 0 0 0 0 3264 12 7 15 7 15 2 3 3264 12 0 0 0 0 3264 12 7 15 7 15 2 3 3264 12 0 0 0 0 3264 12 8 16 7 15 8 16 3264 12 0 0 0 0 3264 12
123 900 100 900 0 100 0 1000 7 15 7 15 2 3 0 0 0 0 0 0 0 0 7 15 7 15 2 3 0 0 0 0 0 0 0 0 7 15 7 15 2 3 0 0 0 0 0 0 0 0 7 15 7 15 2 3 0 0 0 0 0 0 0 0 7 15 7 15 2 3 0 0 0 0 0 0 0 0 8 16 7 15 8 16 0 0 0 0 0 0 0 0
124 900 100 900 0 100 0 1000 7 15 7 15 2 3 0 0 0 0 0 0 0 0 7 15 7 15 2 3 0 0 0 0 0 0 0 0 7 15 7 15 2 3 0 0 0 0 0 0 0 0 7 15 7 15 2 3 0 0 0 0 0 0 0 0 7 15 7 15 2 3 0 0 0 0 0 0 0 0 8 16 7 15 8 16 0 0 0 0 0 0 0 0
125 900 100 900 0 100 0 1000 7 15 7 15 2 3 0 0 0 0 0 0 0 0 7 15 7 15 2 3 0 0 0 0 0 0 0 0 7 15 7 15 2 3 0 0 0 0 0 0 0 0 7 15 7 15 2 3 0 0 0 0 0 0 0 0 7 15 7 15 2 3 0 0 0 0 0 0 0 0 8 16 7 15 8 16 0 0 0 0 0 0 0 0
126 0 1000 0 900 100 0 1000 7 15 7 15 2 3 2176 8 0 0 0 0 2176 8 7 15 7 15 2 3 2176 8 0 0 0 0 2176 8 7 15 7 15 2 3 2176 8 0 0 0 0 2176 8 7 15 7 15 2 3 2176 8 0 0 0 0 2176 8 7 15 7 15 2 3 2176 8 0 0 0 0 2176 8 8 16 7 15 8 16 2176 8 0 0 0 0 2176 8
127 0 1000 0 0 1000 0 1000 8 16 7 15 8 16 0 0 0 0 0 0 0 0 8 16 7 15 8 16 0 0 0 0 0 0 0 0 8 16 7 15 8 16 0 0 0 0 0 0 0 0 8 16 7 15 8 16 0 0 0 0 0 0 0 0 8 16 7 15 8 16 0 0 0 0 0 0 0 0 8 16 7 15 8 16 0 0 0 0 0 0 0 0
128 0 1000 0 0 1000 0 1000 8 16 7 15 8 16 0 0 0 0 0 0 0 0 8 16 7 15 8 16 0 0 0 0 0 0 0 0 8 16 7 15 8 16 0 0 0 0 0 0 0 0 8 16 7 15 8 16 0 0 0 0 0 0 0 0 8 16 7 15 8 16 0 0 0 0 0 0 0 0 8 16 7 15 8 16 0 0 0 0 0 0 0 0
129 0 1000 0 0 1000 0 1000 8 16 7 15 8 16 2085 3 2085 3 0 0 0 0 8 16 7 15 8 16 2085 3 2085 3 0 0 0 0 8 16 7 15 8 16 2085 3 2085 3 0 0 0 0 8 16 7 15 8 16 2085 3 2085 3 0 0 0 0 8 16 7 15 8 16 2085 3 2085 3 0 0 0 0 8 16 7 15 8 16 2085 3 2085 3 0 0 0 0
130 0 1000 0 0 1000 0 1000 9 32 9 32 8 16 23683 87 0 0 291 1 23392 86 9 32 9 32 8 16 23683 87 0 0 291 1 23392 86 9 32 9 32 8 16 23683 87 0 0 291 1 23392 86 9 32 9 32 8 16 23683 87 0 0 291 1 23392 86 9 32 9 32 8 16 23683 87 0 0 291 1 23392 86 9 32 9 32 8 16 23683 87 0 0 291 1 23392 86
131 0 1000 0 0 1000 0 1000 9 32 9 32 8 16 0 0 0 0 0 0 0 0 9 32 9 32 8 16 0 0 0 0 0 0 0 0 9 32 9 32 8 16 0 0 0 0 0 0 0 0 9 32 9 32 8 16 0 0 0 0 0 0 0 0 9 32 9 32 8 16 0 0 0 0 0 0 0 0 9 32 9 32 8 16 0 0 0 0 0 0 0 0
132 0 1000 0 0 1000 0 1000 9 32 9 32 8 16 0 0 0 0 0 0 0 0 9 32 9 32 8 16 0 0 0 0 0 0 0 0 9 32 9 32 8 16 0 0 0 0 0 0 0 0 9 32 9 32 8 16 0 0 0 0 0 0 0 0 9 32 9 32 8 16 0 0 0 0 0 0 0 0 9 32 9 32 8 16 0 0 0 0 0 0 0 0
133 0 1000 0 0 1000 0 1000 9 32 9 32 8 16 3191 1 3191 1 0 0 0 0 9 32 9 32 8 16 3191 1 3191 1 0 0 0 0 9 32 9 32 8 16 3191 1 3191 1 0 0 0 0 9 32 9 32 8 16 3191 1 3191 1 0 0 0 0 9 32 9 32 8 16 3191 1 3191 1 0 0 0 0 9 32 9 32 8 16 3191 1 3191 1 0 0 0 0
134 0 1000 0 0 1000 0 1000 10 33 10 33 8 16 29667 109 0 0 291 1 29376 108 10 33 10 33 8 16 29667 109 0 0 291 1 29376 108 10 33 10 33 8 16 29667 109 0 0 291 1 29376 108 10 33 10 33 8 16 29667 109 0 0 291 1 29376 108 10 33 10 33 8 16 29667 109 0 0 291 1 29376 108 10 33 10 33 8 16 29667 109 0 0 291 1 29376 108
135 0 1000 0 0 1000 0 1000 10 33 10 33 8 16 0 0 0 0 0 0 0 0 10 33 10 33 8 16 0 0 0 0 0 0 0 0 10 33 10 33 8 16 0 0 0 0 0 0 0 0 10 33 10 33 8 16 0 0 0 0 0 0 0 0 10 33 10 33 8 16 0 0 0 0 0 0 0 0 10 33 10 33 8 16 0 0 0 0 0 0 0 0
136 0 1000 0 0 1000 0 1000 10 33 10 33 8 16 0 0 0 0 0 0 0 0 10 33 10 33 8 16 0 0 0 0 0 0 0 0 10 33 10 33 8 16 0 0 0 0 0 0 0 0 10 33 10 33 8 16 0 0 0 0 0 0 0 0 10 33 10 33 8 16 0 0 0 0 0 0 0 0 10 33 10 33 8 16 0 0 0 0 0 0 0 0
137 0 1000 0 0 1000 0 1000 10 33 10 33 8 16 11685 3 11685 3 0 0 0 0 10 33 10 33 8 16 11685 3 11685 3 0 0 0 0 10 33 10 33 8 16 11685 3 11685 3 0 0 0 0 10 33 10 33 8 16 11685 3 11685 3 0 0 0 0 10 33 10 33 8 16 11685 3 11685 3 0 0 0 0 10 33 10 33 8 16 11685 3 11685 3 0 0 0 0
138 0 1000 0 0 1000 0 1000 11 34 11 34 8 16 28851 106 0 0 291 1 28560 105 11 34 11 34 8 16 28851 106 0 0 291 1 28560 105 11 34 11 34 8 16 28851 106 0 0 291 1 28560 105 11 34 11 34 8 16 28851 106 0 0 291 1 28560 105 11 34 11 34 8 16 28851 106 0 0 291 1 28560 105 11 34 11 34 8 16 28851 106 0 0 291 1 28560 105
139 0 1000 0 0 1000 0 1000 11 34 11 34 8 16 0 0 0 0 0 0 0 0 11 34 11 34 8 16 0 0 0 0 0 0 0 0 11 34 11 34 8 16 0 0 0 0 0 0 0 0 11 34 11 34 8 16 0 0 0 0 0 0 0 0 11 34 11 34 8 16 0 0 0 0 0 0 0 0 11 34 11 34 8 16 0 0 0 0 0 0 0 0
140 0 1000 0 0 1000 0 1000 11 34 11 34 8 16 0 0 0 0 0 0 0 0 11 34 11 34 8 16 0 0 0 0 0 0 0 0 11 34 11 34 8 16 0 0 0 0 0 0 0 0 11 34 11 34 8 16 0 0 0 0 0 0 0 0 11 34 11 34 8 16 0 0 0 0 0 0 0 0 11 34 11 34 8 16 0 0 0 0 0 0 0 0
141 0 1000 0 0 1000 0 1000 11 34 11 34 8 16 3799 1 3799 1 0 0 0 0 11 34 11 34 8 16 3799 1 3799 1 0 0 0 0 11 34 11 34 8 16 3799 1 3799 1 0 0 0 0 11 34 11 34 8 16 3799 1 3799 1 0 0 0 0 11 34 11 34 8 16 3799 1 3799 1 0 0 0 0 11 34 11 34 8 16 3799 1 3799 1 0 0 0 0
142 0 1000 0 0 1000 0 1000 12 35 12 35 8 16 27219 100 0 0 291 1 26928 99 12 35 12 35 8 16 27219 100 0 0 291 1 26928 99 12 35 12 35 8 16 27219 100 0 0 291 1 26928 99 12 35 12 35 8 16 27219 100 0 0 291 1 26928 99 12 35 12 35 8 16 27219 100 0 0 291 1 26928 99 12 35 12 35 8 16 27219 100 0 0 291 1 26928 99
143 0 1000 0 0 1000 0 1000 12 35 12 35 8 16 0 0 0 0 0 0 0 0 12 35 12 35 8 16 0 0 0 0 0 0 0 0 12 35 12 35 8 16 0 0 0 0 0 0 0 0 12 35 12 35 8 16 0 0 0 0 0 0 0 0 12 35 12 35 8 16 0 0 0 0 0 0 0 0 12 35 12 35 8 16 0 0 0 0 0 0 0 0
144 0 1000 0 0 1000 0 1000 12 35 12 35 8 16 0 0 0 0 0 0 0 0 12 35 12 35 8 16 0 0 0 0 0 0 0 0 12 35 12 35 8 16 0 0 0 0 0 0 0 0 12 35 12 35 8 16 0 0 0 0 0 0 0 0 12 35 12 35 8 16 0 0 0 0 0 0 0 0 12 35 12 35 8 16 0 0 0 0 0 0 0 0
145 0 1000 0 0 1000 0 1000 12 35 12 35 8 16 7213 2 7213 2 0 0 0 0 12 35 12 35 8 16 7213 2 7213 2 0 0 0 0 12 35 12 35 8 16 7213 2 7213 2 0 0 0 0 12 35 12 35 8 16 7213 2 7213 2 0 0 0 0 12 35 12 35 8 16 7213 2 7213 2 0 0 0 0 12 35 12 35 8 16 7213 2 7213 2 0 0 0 0
146 0 1000 0 0 1000 0 1000 13 36 13 36 8 16 27218 100 0 0 290 1 26928 99 13 36 13 36 8 16 27218 100 0 0 290 1 26928 99 13 36 13 36 8 16 27218 100 0 0 290 1 26928 99 13 36 13 36 8 16 27218 100 0 0 290 1 26928 99 13 36 13 36 8 16 27218 100 0 0 290 1 26928 99 13 36 13 36 8 16 27218 100 0 0 290 1 26928 99
147 0 1000 0 0 1000 0 1000 13 36 13 36 8 16 0 0 0 0 0 0 0 0 13 36 13 36 8 16 0 0 0 0 0 0 0 0 13 36 13 36 8 16 0 0 0 0 0 0 0 0 13 36 13 36 8 16 0 0 0 0 0 0 0 0 13 36 13 36 8 16 0 0 0 0 0 0 0 0 13 36 13 36 8 16 0 0 0 0 0 0 0 0
148 0 1000 0 0 1000 0 1000 13 36 13 36 8 16 0 0 0 0 0 0 0 0 13 36 13 36 8 16 0 0 0 0 0 0 0 0 13 36 13 36 8 16 0 0 0 0 0 0 0 0 13 36 13 36 8 16 0 0 0 0 0 0 0 0 13 36 13 36 8 16 0 0 0 0 0 0 0 0 13 36 13 36 8 16 0 0 0 0 0 0 0 0
149 0 1000 0 0 1000 0 1000 13 36 13 36 8 16 3607 1 3607 1 0 0 0 0 13 36 13 36 8 16 3607 1 3607 1 0 0 0 0 13 36 13 36 8 16 3607 1 3607 1 0 0 0 0 13 36 13 36 8 16 3607 1 3607 1 0 0 0 0 13 36 13 36 8 16 3607 1 3607 1 0 0 0 0 13 36 13 36 8 16 3607 1 3607 1 0 0 0 0
150 0 1000 0 0 1000 0 1000 14 37 14 37 8 16 24771 91 0 0 291 1 24480 90 14 37 14 37 8 16 24771 91 0 0 291 1 24480 90 14 37 14 37 8 16 24771 91 0 0 291 1 24480 90 14 37 14 37 8 16 24771 91 0 0 291 1 24480 90 14 37 14 37 8 16 24771 91 0 0 291 1 24480 90 14 37 14 37 8 16 24771 91 0 0 291 1 24480 90
151 0 1000 0 0 1000 0 1000 14 37 14 37 8 16 0 0 0 0 0 0 0 0 14 37 14 37 8 16 0 0 0 0 0 0 0 0 14 37 14 37 8 16 0 0 0 0 0 0 0 0 14 37 14 37 8 16 0 0 0 0 0 0 0 0 14 37 14 37 8 16 0 0 0 0 0 0 0 0 14 37 14 37 8 16 0 0 0 0 0 0 0 0
152 0 1000 0 0 1000 0 1000 14 37 14 37 8 16 0 0 0 0 0 0 0 0 14 37 14 37 8 16 0 0 0 0 0 0 0 0 14 37 14 37 8 16 0 0 0 0 0 0 0 0 14 37 14 37 8 16 0 0 0 0 0 0 0 0 14 37 14 37 8 16 0 0 0 0 0 0 0 0 14 37 14 37 8 16 0 0 0 0 0 0 0 0
153 0 1000 0 0 1000 0 1000 14 37 14 37 8 16 0 0 0 0 0 0 0 0 14 37 14 37 8 16 0 0 0 0 0 0 0 0 14 37 14 37 8 16 0 0 0 0 0 0 0 0 14 37 14 37 8 16 0 0 0 0 0 0 0 0 14 37 14 37 8 16 0 0 0 0 0 0 0 0 14 37 14 37 8 16 0 0 0 0 0 0 0 0
154 0 1000 0 0 1000 0 1000 14 37 14 37 8 16 31008 114 0 0 0 0 31008 114 14 37 14 37 8 16 31008 114 0 0 0 0 31008 114 14 37 14 37 8 16 31008 114 0 0 0 0 31008 114 14 37 14 37 8 16 31008 114 0 0 0 0 31008 114 14 37 14 37 8 16 31008 114 0 0 0 0 31008 114 14 37 14 37 8 16 31008 114 0 0 0 0 31008 114
155 0 1000 0 0 1000 0 1000 14 37 14 37 8 16 0 0 0 0 0 0 0 0 14 37 14 37 8 16 0 0 0 0 0 0 0 0 14 37 14 37 8 16 0 0 0 0 0 0 0 0 14 37 14 37 8 16 0 0 0 0 0 0 0 0 14 37 14 37 8 16 0 0 0 0 0 0 0 0 14 37 14 37 8 16 0 0 0 0 0 0 0 0
156 0 1000 0 0 1000 0 1000 14 37 14 37 8 16 0 0 0 0 0 0 0 0 14 37 14 37 8 16 0 0 0 0 0 0 0 0 14 37 14 37 8 16 0 0 0 0 0 0 0 0 14 37 14 37 8 16 0 0 0 0 0 0 0 0 14 37 14 37 8 16 0 0 0 0 0 0 0 0 14 37 14 37 8 16 0 0 0 0 0 0 0 0
157 0 1000 0 0 1000 0 1000 14 37 14 37 8 16 4086 1 4086 1 0 0 0 0 14 37 14 37 8 16 4086 1 4086 1 0 0 0 0 14 37 14 37 8 16 4086 1 4086 1 0 0 0 0 14 37 14 37 8 16 4086 1 4086 1 0 0 0 0 14 37 14 37 8 16 4086 1 4086 1 0 0 0 0 14 37 14 37 8 16 4086 1 4086 1 0 0 0 0
158 0 1000 0 0 1000 0 1000 15 39 15 39 8 16 25314 93 0 0 290 1 25024 92 15 39 15 39 8 16 25314 93 0 0 290 1 25024 92 15 39 15 39 8 16 25314 93 0 0 290 1 25024 92 15 39 15 39 8 16 25314 93 0 0 290 1 25024 92 15 39 15 39 8 16 25314 93 0 0 290 1 25024 92 15 39 15 39 8 16 25314 93 0 0 290 1 25024 92
159 0 1000 0 0 1000 0 1000 15 39 15 39 8 16 0 0 0 0 0 0 0 0 15 39 15 39 8 16 0 0 0 0 0 0 0 0 15 39 15 39 8 16 0 0 0 0 0 0 0 0 15 39 15 39 8 16 0 0 0 0 0 0 0 0 15 39 15 39 8 16 0 0 0 0 0 0 0 0 15 39 15 39 8 16 0 0 0 0 0 0 0 0
160 0 1000 0 0 1000 0 1000 15 39 15 39 8 16 0 0 0 0 0 0 0 0 15 39 15 39 8 16 0 0 0 0 0 0 0 0 15 39 15 39 8 16 0 0 0 0 0 0 0 0 15 39 15 39 8 16 0 0 0 0 0 0 0 0 15 39 15 39 8 16 0 0 0 0 0 0 0 0 15 39 15 39 8 16 0 0 0 0 0 0 0 0
161 0 1000 0 0 1000 0 1000 15 39 15 39 8 16 3383 1 3383 1 0 0 0 0 15 39 15 39 8 16 3383 1 3383 1 0 0 0 0 15 39 15 39 8 16 3383 1 3383 1 0 0 0 0 15 39 15 39 8 16 3383 1 3383 1 0 0 0 0 15 39 15 39 8 16 3383 1 3383 1 0 0 0 0 15 39 15 39 8 16 3383 1 3383 1 0 0 0 0
162 0 1000 0 0 1000 0 1000 16 40 16 40 8 16 26403 97 0 0 291 1 26112 96 16 40 16 40 8 16 26403 97 0 0 291 1 26112 96 16 40 16 40 8 16 26403 97 0 0 291 1 26112 96 16 40 16 40 8 16 26403 97 0 0 291 1 26112 96 16 40 16 40 8 16 26403 97 0 0 291 1 26112 96 16 40 16 40 8 16 26403 97 0 0 291 1 26112 96
163 0 1000 0 0 1000 0 1000 16 40 16 40 8 16 0 0 0 0 0 0 0 0 16 40 16 40 8 16 0 0 0 0 0 0 0 0 16 40 16 40 8 16 0 0 0 0 0 0 0 0 16 40 16 40 8 16 0 0 0 0 0 0 0 0 16 40 16 40 8 16 0 0 0 0 0 0 0 0 16 40 16 40 8 16 0 0 0 0 0 0 0 0
164 0 1000 0 0 1000 0 1000 16 40 16 40 8 16 0 0 0 0 0 0 0 0 16 40 16 40 8 16 0 0 0 0 0 0 0 0 16 40 16 40 8 16 0 0 0 0 0 0 0 0 16 40 16 40 8 16 0 0 0 0 0 0 0 0 16 40 16 40 8 16 0 0 0 0 0 0 0 0 16 40 16 40 8 16 0 0 0 0 0 0 0 0
165 0 1000 0 0 1000 0 1000 16 40 16 40 8 16 3511 1 3511 1 0 0 0 0 16 40 16 40 8 16 3511 1 3511 1 0 0 0 0 16 40 16 40 8 16 3511 1 3511 1 0 0 0 0 16 40 16 40 8 16 3511 1 3511 1 0 0 0 0 16 40 16 40 8 16 3511 1 3511 1 0 0 0 0 16 40 16 40 8 16 3511 1 3511 1 0 0 0 0
166 0 1000 0 0 1000 0 1000 17 41 17 41 8 16 30211 111 0 0 291 1 29920 110 17 41 17 41 8 16 30211 111 0 0 291 1 29920 110 17 41 17 41 8 16 30211 111 0 0 291 1 29920 110 17 41 17 41 8 16 30211 111 0 0 291 1 29920 110 17 41 17 41 8 16 30211 111 0 0 291 1 29920 110 17 41 17 41 8 16 30211 111 0 0 291 1 29920 110
167 0 1000 0 0 1000 0 1000 17 41 17 41 8 16 0 0 0 0 0 0 0 0 17 41 17 41 8 16 0 0 0 0 0 0 0 0 17 41 17 41 8 16 0 0 0 0 0 0 0 0 17 41 17 41 8 16 0 0 0 0 0 0 0 0 17 41 17 41 8 16 0 0 0 0 0 0 0 0 17 41 17 41 8 16 0 0 0 0 0 0 0 0
168 0 1000 0 0 1000 0 1000 17 41 17 41 8 16 0 0 0 0 0 0 0 0 17 41 17 41 8 16 0 0 0 0 0 0 0 0 17 41 17 41 8 16 0 0 0 0 0 0 0 0 17 41 17 41 8 16 0 0 0 0 0 0 0 0 17 41 17 41 8 16 0 0 0 0 0 0 0 0 17 41 17 41 8 16 0 0 0 0 0 0 0 0
169 0 1000 0 0 1000 0 1000 17 41 17 41 8 16 0 0 0 0 0 0 0 0 17 41 17 41 8 16 0 0 0 0 0 0 0 0 17 41 17 41 8 16 0 0 0 0 0 0 0 0 17 41 17 41 8 16 0 0 0 0 0 0 0 0 17 41 17 41 8 16 0 0 0 0 0 0 0 0 17 41 17 41 8 16 0 0 0 0 0 0 0 0
170 0 1000 0 0 1000 0 1000 17 41 17 41 8 16 26112 96 0 0 0 0 26112 96 17 41 17 41 8 16 26112 96 0 0 0 0 26112 96 17 41 17 41 8 16 26112 96 0 0 0 0 26112 96 17 41 17 41 8 16 26112 96 0 0 0 0 26112 96 17 41 17 41 8 16 26112 96 0 0 0 0 26112 96 17 41 17 41 8 16 26112 96 0 0 0 0 26112 96
171 0 1000 0 0 1000 0 1000 17 41 17 41 9 32 0 0 0 0 0 0 0 0 17 41 17 41 9 32 0 0 0 0 0 0 0 0 17 41 17 41 9 32 0 0 0 0 0 0 0 0 17 41 17 41 9 32 0 0 0 0 0 0 0 0 17 41 17 41 9 32 0 0 0 0 0 0 0 0 17 41 17 41 9 32 0 0 0 0 0 0 0 0
172 0 1000 0 0 1000 0 1000 17 41 17 41 9 32 0 0 0 0 0 0 0 0 17 41 17 41 9 32 0 0 0 0 0 0 0 0 17 41 17 41 9 32 0 0 0 0 0 0 0 0 17 41 17 41 9 32 0 0 0 0 0 0 0 0 17 41 17 41 9 32 0 0 0 0 0 0 0 0 17 41 17 41 9 32 0 0 0 0 0 0 0 0
173 0 1000 0 0 1000 0 1000 17 41 17 41 9 32 0 0 0 0 0 0 0 0 17 41 17 41 9 32 0 0 0 0 0 0 0 0 17 41 17 41 9 32 0 0 0 0 0 0 0 0 17 41 17 41 9 32 0 0 0 0 0 0 0 0 17 41 17 41 9 32 0 0 0 0 0 0 0 0 17 41 17 41 9 32 0 0 0 0 0 0 0 0
174 0 1000 0 0 1000 0 1000 17 41 17 41 9 32 24752 91 0 0 0 0 24752 91 17 41 17 41 9 32 24752 91 0 0 0 0 24752 91 17 41 17 41 9 32 24752 91 0 0 0 0 24752 91 17 41 17 41 9 32 24752 91 0 0 0 0 24752 91 17 41 17 41 9 32 24752 91 0 0 0 0 24752 91 17 41 17 41 9 32 24752 91 0 0 0 0 24752 91
175 0 1000 0 0 1000 0 1000 17 41 17 41 10 33 0 0 0 0 0 0 0 0 17 41 17 41 10 33 0 0 0 0 0 0 0 0 17 41 17 41 10 33 0 0 0 0 0 0 0 0 17 41 17 41 10 33 0 0 0 0 0 0 0 0 17 41 17 41 10 33 0 0 0 0 0 0 0 0 17 41 17 41 10 33 0 0 0 0 0 0 0 0
176 0 1000 0 0 1000 0 1000 17 41 17 41 10 33 0 0 0 0 0 0 0 0 17 41 17 41 10 33 0 0 0 0 0 0 0 0 17 41 17 41 10 33 0 0 0 0 0 0 0 0 17 41 17 41 10 33 0 0 0 0 0 0 0 0 17 41 17 41 10 33 0 0 0 0 0 0 0 0 17 41 17 41 10 33 0 0 0 0 0 0 0 0
177 0 1000 0 0 1000 0 1000 17 41 17 41 10 33 0 0 0 0 0 0 0 0 17 41 17 41 10 33 0 0 0 0 0 0 0 0 17 41 17 41 10 33 0 0 0 0 0 0 0 0 17 41 17 41 10 33 0 0 0 0 0 0 0 0 17 41 17 41 10 33 0 0 0 0 0 0 0 0 17 41 17 41 10 33 0 0 0 0 0 0 0 0
178 0 1000 0 0 1000 0 1000 17 41 17 41 10 33 25024 92 0 0 0 0 25024 92 17 41 17 41 10 33 25024 92 0 0 0 0 25024 92 17 41 17 41 10 33 25024 92 0 0 0 0 25024 92 17 41 17 41 10 33 25024 92 0 0 0 0 25024 92 17 41 17 41 10 33 25024 92 0 0 0 0 25024 92 17 41 17 41 10 33 25024 92 0 0 0 0 25024 92
179 0 1000 0 0 1000 0 1000 17 41 17 41 11 34 0 0 0 0 0 0 0 0 17 41 17 41 11 34 0 0 0 0 0 0 0 0 17 41 17 41 11 34 0 0 0 0 0 0 0 0 17 41 17 41 11 34 0 0 0 0 0 0 0 0 17 41 17 41 11 34 0 0 0 0 0 0 0 0 17 41 17 41 11 34 0 0 0 0 0 0 0 0
180 0 1000 0 0 1000 0 1000 17 41 17 41 11 34 0 0 0 0 0 0 0 0 17 41 17 41 11 34 0 0 0 0 0 0 0 0 17 41 17 41 11 34 0 0 0 0 0 0 0 0 17 41 17 41 11 34 0 0 0 0 0 0 0 0 17 41 17 41 11 34 0 0 0 0 0 0 0 0 17 41 17 41 11 34 0 0 0 0 0 0 0 0
181 0 1000 0 0 1000 0 1000 17 41 17 41 11 34 0 0 0 0 0 0 0 0 17 41 17 41 11 34 0 0 0 0 0 0 0 0 17 41 17 41 11 34 0 0 0 0 0 0 0 0 17 41 17 41 11 34 0 0 0 0 0 0 0 0 17 41 17 41 11 34 0 0 0 0 0 0 0 0 17 41 17 41 11 34 0 0 0 0 0 0 0 0
182 0 1000 0 0 1000 0 1000 17 41 17 41 11 34 26928 99 0 0 0 0 26928 99 17 41 17 41 11 34 26928 99 0 0 0 0 26928 99 17 41 17 41 11 34 26928 99 0 0 0 0 26928 99 17 41 17 41 11 34 26928 99 0 0 0 0 26928 99 17 41 17 41 11 34 26928 99 0 0 0 0 26928 99 17 41 17 41 11 34 26928 99 0 0 0 0 26928 99
183 0 1000 0 0 1000 0 1000 17 41 17 41 12 35 0 0 0 0 0 0 0 0 17 41 17 41 12 35 0 0 0 0 0 0 0 0 17 41 17 41 12 35 0 0 0 0 0 0 0 0 17 41 17 41 12 35 0 0 0 0 0 0 0 0 17 41 17 41 12 35 0 0 0 0 0 0 0 0 17 41 17 41 12 35 0 0 0 0 0 0 0 0
184 0 1000 0 0 1000 0 1000 17 41 17 41 12 35 0 0 0 0 0 0 0 0 17 41 17 41 12 35 0 0 0 0 0 0 0 0 17 41 17 41 12 35 0 0 0 0 0 0 0 0 17 41 17 41 12 35 0 0 0 0 0 0 0 0 17 41 17 41 12 35 0 0 0 0 0 0 0 0 17 41 17 41 12 35 0 0 0 0 0 0 0 0
185 0 1000 0 0 1000 0 1000 17 41 17 41 12 35 3607 1 3607 1 0 0 0 0 17 41 17 41 12 35 3607 1 3607 1 0 0 0 0 17 41 17 41 12 35 3607 1 3607 1 0 0 0 0 17 41 17 41 12 35 3607 1 3607 1 0 0 0 0 17 41 17 41 12 35 3607 1 3607 1 0 0 0 0 17 41 17 41 12 35 3607 1 3607 1 0 0 0 0
186 0 1000 0 0 1000 0 1000 18 46 18 46 12 35 31027 114 0 0 291 1 30736 113 18 46 18 46 12 35 31027 114 0 0 291 1 30736 113 18 46 18 46 12 35 31027 114 0 0 291 1 30736 113 18 46 18 46 12 35 31027 114 0 0 291 1 30736 113 18 46 18 46 12 35 31027 114 0 0 291 1 30736 113 18 46 18 46 12 35 31027 114 0 0 291 1 30736 113
187 900 100 900 0 100 0 1000 18 46 18 46 12 35 0 0 0 0 0 0 0 0 18 46 18 46 12 35 0 0 0 0 0 0 0 0 18 46 18 46 12 35 0 0 0 0 0 0 0 0 18 46 18 46 12 35 0 0 0 0 0 0 0 0 18 46 18 46 12 35 0 0 0 0 0 0 0 0 18 46 18 46 13 36 0 0 0 0 0 0 0 0
188 900 100 900 0 100 0 1000 18 46 18 46 12 35 0 0 0 0 0 0 0 0 18 46 18 46 12 35 0 0 0 0 0 0 0 0 18 46 18 46 12 35 0 0 0 0 0 0 0 0 18 46 18 46 12 35 0 0 0 0 0 0 0 0 18 46 18 46 12 35 0 0 0 0 0 0 0 0 18 46 18 46 13 36 0 0 0 0 0 0 0 0
189 900 100 900 0 100 0 1000 18 46 18 46 12 35 0 0 0 0 0 0 0 0 18 46 18 46 12 35 0 0 0 0 0 0 0 0 18 46 18 46 12 35 0 0 0 0 0 0 0 0 18 46 18 46 12 35 0 0 0 0 0 0 0 0 18 46 18 46 12 35 0 0 0 0 0 0 0 0 18 46 18 46 13 36 0 0 0 0 0 0 0 0
190 900 100 900 0 100 0 1000 18 46 18 46 12 35 1360 5 0 0 0 0 1360 5 18 46 18 46 12 35 1360 5 0 0 0 0 1360 5 18 46 18 46 12 35 1360 5 0 0 0 0 1360 5 18 46 18 46 12 35 1360 5 0 0 0 0 1360 5 18 46 18 46 12 35 1360 5 0 0 0 0 1360 5 18 46 18 46 13 36 1360 5 0 0 0 0 1360 5
191 900 100 900 0 100 0 1000 18 46 18 46 12 35 0 0 0 0 0 0 0 0 18 46 18 46 12 35 0 0 0 0 0 0 0 0 18 46 18 46 12 35 0 0 0 0 0 0 0 0 18 46 18 46 12 35 0 0 0 0 0 0 0 0 18 46 18 46 12 35 0 0 0 0 0 0 0 0 18 46 18 46 14 37 0 0 0 0 0 0 0 0
192 900 100 900 0 100 0 1000 18 46 18 46 12 35 0 0 0 0 0 0 0 0 18 46 18 46 12 35 0 0 0 0 0 0 0 0 18 46 18 46 12 35 0 0 0 0 0 0 0 0 18 46 18 46 12 35 0 0 0 0 0 0 0 0 18 46 18 46 12 35 0 0 0 0 0 0 0 0 18 46 18 46 14 37 0 0 0 0 0 0 0 0
193 900 100 900 0 100 0 1000 18 46 18 46 12 35 0 0 0 0 0 0 0 0 18 46 18 46 12 35 0 0 0 0 0 0 0 0 18 46 18 46 12 35 0 0 0 0 0 0 0 0 18 46 18 46 12 35 0 0 0 0 0 0 0 0 18 46 18 46 12 35 0 0 0 0 0 0 0 0 18 46 18 46 14 37 0 0 0 0 0 0 0 0
194 900 100 900 0 100 0 1000 18 46 18 46 12 35 3264 12 0 0 0 0 3264 12 18 46 18 46 12 35 3264 12 0 0 0 0 3264 12 18 46 18 46 12 35 3264 12 0 0 0 0 3264 12 18 46 18 46 12 35 3264 12 0 0 0 0 3264 12 18 46 18 46 12 35 3264 12 0 0 0 0 3264 12 18 46 18 46 14 37 3264 12 0 0 0 0 3264 12
195 900 100 900 0 100 0 1000 18 46 18 46 12 35 0 0 0 0 0 0 0 0 18 46 18 46 12 35 0 0 0 0 0 0 0 0 18 46 18 46 12 35 0 0 0 0 0 0 0 0 18 46 18 46 12 35 0 0 0 0 0 0 0 0 18 46 18 46 12 35 0 0 0 0 0 0 0 0 18 46 18 46 14 37 0 0 0 0 0 0 0 0
196 900 100 900 0 100 0 1000 18 46 18 46 12 35 0 0 0 0 0 0 0 0 18 46 18 46 12 35 0 0 0 0 0 0 0 0 18 46 18 46 12 35 0 0 0 0 0 0 0 0 18 46 18 46 12 35 0 0 0 0 0 0 0 0 18 46 18 46 12 35 0 0 0 0 0 0 0 0 18 46 18 46 14 37 0 0 0 0 0 0 0 0
197 900 100 900 0 100 0 1000 18 46 18 46 12 35 0 0 0 0 0 0 0 0 18 46 18 46 12 35 0 0 0 0 0 0 0 0 18 46 18 46 12 35 0 0 0 0 0 0 0 0 18 46 18 46 12 35 0 0 0 0 0 0 0 0 18 46 18 46 12 35 0 0 0 0 0 0 0 0 18 46 18 46 14 37 0 0 0 0 0 0 0 0
198 900 100 900 0 100 0 1000 18 46 18 46 12 35 1632 6 0 0 0 0 1632 6 18 46 18 46 12 35 1632 6 0 0 0 0 1632 6 18 46 18 46 12 35 1632 6 0 0 0 0 1632 6 18 46 18 46 12 35 1632 6 0 0 0 0 1632 6 18 46 18 46 12 35 1632 6 0 0 0 0 1632 6 18 46 18 46 14 37 1632 6 0 0 0 0 1632 6
199 900 100 900 0 100 0 1000 18 46 18 46 12 35 0 0 0 0 0 0 0 0 18 46 18 46 12 35 0 0 0 0 0 0 0 0 18 46 18 46 12 35 0 0 0 0 0 0 0 0 18 46 18 46 12 35 0 0 0 0 0 0 0 0 18 46 18 46 12 35 0 0 0 0 0 0 0 0 18 46 18 46 15 39 0 0 0 0 0 0 0 0
200 900 100 900 0 100 0 1000 18 46 18 46 12 35 0 0 0 0 0 0 0 0 18 46 18 46 12 35 0 0 0 0 0 0 0 0 18 46 18 46 12 35 0 0 0 0 0 0 0 0 18 46 18 46 12 35 0 0 0 0 0 0 0 0 18 46 18 46 12 35 0 0 0 0 0 0 0 0 18 46 18 46 15 39 0 0 0 0 0 0 0 0
201 900 100 900 0 100 0 1000 18 46 18 46 12 35 0 0 0 0 0 0 0 0 18 46 18 46 12 35 0 0 0 0 0 0 0 0 18 46 18 46 12 35 0 0 0 0 0 0 0 0 18 46 18 46 12 35 0 0 0 0 0 0 0 0 18 46 18 46 12 35 0 0 0 0 0 0 0 0 18 46 18 46 15 39 0 0 0 0 0 0 0 0
202 900 100 900 0 100 0 1000 18 46 18 46 12 35 2448 9 0 0 0 0 2448 9 18 46 18 46 12 35 2448 9 0 0 0 0 2448 9 18 46 18 46 12 35 2448 9 0 0 0 0 2448 9 18 46 18 46 12 35 2448 9 0 0 0 0 2448 9 18 46 18 46 12 35 2448 9 0 0 0 0 2448 9 18 46 18 46 15 39 2448 9 0 0 0 0 2448 9
203 900 100 900 0 100 0 1000 18 46 18 46 12 35 0 0 0 0 0 0 0 0 18 46 18 46 12 35 0 0 0 0 0 0 0 0 18 46 18 46 12 35 0 0 0 0 0 0 0 0 18 46 18 46 12 35 0 0 0 0 0 0 0 0 18 46 18 46 12 35 0 0 0 0 0 0 0 0 18 46 18 46 16 40 0 0 0 0 0 0 0 0
204 900 100 900 0 100 0 1000 18 46 18 46 12 35 0 0 0 0 0 0 0 0 18 46 18 46 12 35 0 0 0 0 0 0 0 0 18 46 18 46 12 35 0 0 0 0 0 0 0 0 18 46 18 46 12 35 0 0 0 0 0 0 0 0 18 46 18 46 12 35 0 0 0 0 0 0 0 0 18 46 18 46 16 40 0 0 0 0 0 0 0 0
205 900 100 900 0 100 0 1000 18 46 18 46 12 35 0 0 0 0 0 0 0 0 18 46 18 46 12 35 0 0 0 0 0 0 0 0 18 46 18 46 12 35 0 0 0 0 0 0 0 0 18 46 18 46 12 35 0 0 0 0 0 0 0 0 18 46 18 46 12 35 0 0 0 0 0 0 0 0 18 46 18 46 16 40 0 0 0 0 0 0 0 0
206 900 100 900 0 100 0 1000 18 46 18 46 12 35 2720 10 0 0 0 0 2720 10 18 46 18 46 12 35 2720 10 0 0 0 0 2720 10 18 46 18 46 12 35 2720 10 0 0 0 0 2720 10 18 46 18 46 12 35 2720 10 0 0 0 0 2720 10 18 46 18 46 12 35 2720 10 0 0 0 0 2720 10 18 46 18 46 16 40 2720 10 0 0 0 0 2720 10
207 900 100 900 0 100 0 1000 18 46 18 46 12 35 0 0 0 0 0 0 0 0 18 46 18 46 12 35 0 0 0 0 0 0 0 0 18 46 18 46 12 35 0 0 0 0 0 0 0 0 18 46 18 46 12 35 0 0 0 0 0 0 0 0 18 46 18 46 12 35 0 0 0 0 0 0 0 0 18 46 18 46 17 41 0 0 0 0 0 0 0 0
208 900 100 900 0 100 0 1000 18 46 18 46 12 35 0 0 0 0 0 0 0 0 18 46 18 46 12 35 0 0 0 0 0 0 0 0 18 46 18 46 12 35 0 0 0 0 0 0 0 0 18 46 18 46 12 35 0 0 0 0 0 0 0 0 18 46 18 46 12 35 0 0 0 0 0 0 0 0 18 46 18 46 17 41 0 0 0 0 0 0 0 0
209 900 100 900 0 100 0 1000 18 46 18 46 12 35 0 0 0 0 0 0 0 0 18 46 18 46 12 35 0 0 0 0 0 0 0 0 18 46 18 46 12 35 0 0 0 0 0 0 0 0 18 46 18 46 12 35 0 0 0 0 0 0 0 0 18 46 18 46 12 35 0 0 0 0 0 0 0 0 18 46 18 46 17 41 0 0 0 0 0 0 0 0
210 900 100 900 0 100 0 1000 18 46 18 46 12 35 2992 11 0 0 0 0 2992 11 18 46 18 46 12 35 2992 11 0 0 0 0 2992 11 18 46 18 46 12 35 2992 11 0 0 0 0 2992 11 18 46 18 46 12 35 2992 11 0 0 0 0 2992 11 18 46 18 46 12 35 2992 11 0 0 0 0 2992 11 18 46 18 46 17 41 2992 11 0 0 0 0 2992 11
211 900 100 900 0 100 0 1000 18 46 18 46 12 35 0 0 0 0 0 0 0 0 18 46 18 46 12 35 0 0 0 0 0 0 0 0 18 46 18 46 12 35 0 0 0 0 0 0 0 0 18 46 18 46 12 35 0 0 0 0 0 0 0 0 18 46 18 46 12 35 0 0 0 0 0 0 0 0 18 46 18 46 17 41 0 0 0 0 0 0 0 0
212 900 100 900 0 100 0 1000 18 46 18 46 12 35 0 0 0 0 0 0 0 0 18 46 18 46 12 35 0 0 0 0 0 0 0 0 18 46 18 46 12 35 0 0 0 0 0 0 0 0 18 46 18 46 12 35 0 0 0 0 0 0 0 0 18 46 18 46 12 35 0 0 0 0 0 0 0 0 18 46 18 46 17 41 0 0 0 0 0 0 0 0
213 900 100 900 0 100 0 1000 18 46 18 46 12 35 0 0 0 0 0 0 0 0 18 46 18 46 12 35 0 0 0 0 0 0 0 0 18 46 18 46 12 35 0 0 0 0 0 0 0 0 18 46 18 46 12 35 0 0 0 0 0 0 0 0 18 46 18 46 12 35 0 0 0 0 0 0 0 0 18 46 18 46 17 41 0 0 0 0 0 0 0 0
214 900 100 900 0 100 0 1000 18 46 18 46 12 35 1360 5 0 0 0 0 1360 5 18 46 18 46 12 35 1360 5 0 0 0 0 1360 5 18 46 18 46 12 35 1360 5 0 0 0 0 1360 5 18 46 18 46 12 35 1360 5 0 0 0 0 1360 5 18 46 18 46 12 35 1360 5 0 0 0 0 1360 5 18 46 18 46 17 41 1360 5 0 0 0 0 1360 5
215 900 100 900 0 100 0 1000 18 46 18 46 12 35 0 0 0 0 0 0 0 0 18 46 18 46 12 35 0 0 0 0 0 0 0 0 18 46 18 46 12 35 0 0 0 0 0 0 0 0 18 46 18 46 12 35 0 0 0 0 0 0 0 0 18 46 18 46 12 35 0 0 0 0 0 0 0 0 18 46 18 46 17 41 0 0 0 0 0 0 0 0
216 900 100 900 0 100 0 1000 18 46 18 46 12 35 0 0 0 0 0 0 0 0 18 46 18 46 12 35 0 0 0 0 0 0 0 0 18 46 18 46 12 35 0 0 0 0 0 0 0 0 18 46 18 46 12 35 0 0 0 0 0 0 0 0 18 46 18 46 12 35 0 0 0 0 0 0 0 0 18 46 18 46 17 41 0 0 0 0 0 0 0 0
217 900 100 900 0 100 0 1000 18 46 18 46 12 35 0 0 0 0 0 0 0 0 18 46 18 46 12 35 0 0 0 0 0 0 0 0 18 46 18 46 12 35 0 0 0 0 0 0 0 0 18 46 18 46 12 35 0 0 0 0 0 0 0 0 18 46 18 46 12 35 0 0 0 0 0 0 0 0 18 46 18 46 17 41 0 0 0 0 0 0 0 0
218 900 100 900 0 100 0 1000 18 46 18 46 12 35 2720 10 0 0 0 0 2720 10 18 46 18 46 12 35 2720 10 0 0 0 0 2720 10 18 46 18 46 12 35 2720 10 0 0 0 0 2720 10 18 46 18 46 12 35 2720 10 0 0 0 0 2720 10 18 46 18 46 12 35 2720 10 0 0 0 0 2720 10 18 46 18 46 17 41 2720 10 0 0 0 0 2720 10
219 900 100 900 0 100 0 1000 18 46 18 46 12 35 0 0 0 0 0 0 0 0 18 46 18 46 12 35 0 0 0 0 0 0 0 0 18 46 18 46 12 35 0 0 0 0 0 0 0 0 18 46 18 46 12 35 0 0 0 0 0 0 0 0 18 46 18 46 12 35 0 0 0 0 0 0 0 0 18 46 18 46 17 41 0 0 0 0 0 0 0 0
220 900 100 900 0 100 0 1000 18 46 18 46 12 35 0 0 0 0 0 0 0 0 18 46 18 46 12 35 0 0 0 0 0 0 0 0 18 46 18 46 12 35 0 0 0 0 0 0 0 0 18 46 18 46 12 35 0 0 0 0 0 0 0 0 18 46 18 46 12 35 0 0 0 0 0 0 0 0 18 46 18 46 17 41 0 0 0 0 0 0 0 0
221 900 100 900 0 100 0 1000 18 46 18 46 12 35 0 0 0 0 0 0 0 0 18 46 18 46 12 35 0 0 0 0 0 0 0 0 18 46 18 46 12 35 0 0 0 0 0 0 0 0 18 46 18 46 12 35 0 0 0 0 0 0 0 0 18 46 18 46 12 35 0 0 0 0 0 0 0 0 18 46 18 46 17 41 0 0 0 0 0 0 0 0
222 900 100 900 0 100 0 1000 18 46 18 46 12 35 2448 9 0 0 0 0 2448 9 18 46 18 46 12 35 2448 9 0 0 0 0 2448 9 18 46 18 46 12 35 2448 9 0 0 0 0 2448 9 18 46 18 46 12 35 2448 9 0 0 0 0 2448 9 18 46 18 46 12 35 2448 9 0 0 0 0 2448 9 18 46 18 46 17 41 2448 9 0 0 0 0 2448 9
223 900 100 900 0 100 0 1000 18 46 18 46 12 35 0 0 0 0 0 0 0 0 18 46 18 46 12 35 0 0 0 0 0 0 0 0 18 46 18 46 12 35 0 0 0 0 0 0 0 0 18 46 18 46 12 35 0 0 0 0 0 0 0 0 18 46 18 46 12 35 0 0 0 0 0 0 0 0 18 46 18 46 17 41 0 0 0 0 0 0 0 0
224 900 100 900 0 100 0 1000 18 46 18 46 12 35 0 0 0 0 0 0 0 0 18 46 18 46 12 35 0 0 0 0 0 0 0 0 18 46 18 46 12 35 0 0 0 0 0 0 0 0 18 46 18 46 12 35 0 0 0 0 0 0 0 0 18 46 18 46 12 35 0 0 0 0 0 0 0 0 18 46 18 46 17 41 0 0 0 0 0 0 0 0
225 900 100 900 0 100 0 1000 18 46 18 46 12 35 0 0 0 0 0 0 0 0 18 46 18 46 12 35 0 0 0 0 0 0 0 0 18 46 18 46 12 35 0 0 0 0 0 0 0 0 18 46 18 46 12 35 0 0 0 0 0 0 0 0 18 46 18 46 12 35 0 0 0 0 0 0 0 0 18 46 18 46 17 41 0 0 0 0 0 0 0 0
226 900 100 900 0 100 0 1000 18 46 18 46 12 35 2720 10 0 0 0 0 2720 10 18 46 18 46 12 35 2720 10 0 0 0 0 2720 10 18 46 18 46 12 35 2720 10 0 0 0 0 2720 10 18 46 18 46 12 35 2720 10 0 0 0 0 2720 10 18 46 18 46 12 35 2720 10 0 0 0 0 2720 10 18 46 18 46 17 41 2720 10 0 0 0 0 2720 10
227 900 100 900 0 100 0 1000 18 46 18 46 12 35 0 0 0 0 0 0 0 0 18 46 18 46 12 35 0 0 0 0 0 0 0 0 18 46 18 46 12 35 0 0 0 0 0 0 0 0 18 46 18 46 12 35 0 0 0 0 0 0 0 0 18 46 18 46 12 35 0 0 0 0 0 0 0 0 18 46 18 46 18 46 0 0 0 0 0 0 0 0
228 900 100 900 0 100 0 1000 18 46 18 46 12 35 0 0 0 0 0 0 0 0 18 46 18 46 12 35 0 0 0 0 0 0 0 0 18 46 18 46 12 35 0 0 0 0 0 0 0 0 18 46 18 46 12 35 0 0 0 0 0 0 0 0 18 46 18 46 12 35 0 0 0 0 0 0 0 0 18 46 18 46 18 46 0 0 0 0 0 0 0 0
229 900 100 900 0 100 0 1000 18 46 18 46 12 35 0 0 0 0 0 0 0 0 18 46 18 46 12 35 0 0 0 0 0 0 0 0 18 46 18 46 12 35 0 0 0 0 0 0 0 0 18 46 18 46 12 35 0 0 0 0 0 0 0 0 18 46 18 46 12 35 0 0 0 0 0 0 0 0 18 46 18 46 18 46 0 0 0 0 0 0 0 0
230 900 100 900 0 100 0 1000 18 46 18 46 12 35 2448 9 0 0 0 0 2448 9 18 46 18 46 12 35 2448 9 0 0 0 0 2448 9 18 46 18 46 12 35 2448 9 0 0 0 0 2448 9 18 46 18 46 12 35 2448 9 0 0 0 0 2448 9 18 46 18 46 12 35 2448 9 0 0 0 0 2448 9 18 46 18 46 18 46 2448 9 0 0 0 0 2448 9
231 900 100 900 0 100 0 1000 18 46 18 46 12 35 0 0 0 0 0 0 0 0 18 46 18 46 12 35 0 0 0 0 0 0 0 0 18 46 18 46 12 35 0 0 0 0 0 0 0 0 18 46 18 46 12 35 0 0 0 0 0 0 0 0 18 46 18 46 12 35 0 0 0 0 0 0 0 0 18 46 18 46 18 46 0 0 0 0 0 0 0 0
232 900 100 900 0 100 0 1000 18 46 18 46 12 35 0 0 0 0 0 0 0 0 18 46 18 46 12 35 0 0 0 0 0 0 0 0 18 46 18 46 12 35 0 0 0 0 0 0 0 0 18 46 18 46 12 35 0 0 0 0 0 0 0 0 18 46 18 46 12 35 0 0 0 0 0 0 0 0 18 46 18 46 18 46 0 0 0 0 0 0 0 0
233 900 100 900 0 100 0 1000 18 46 18 46 12 35 0 0 0 0 0 0 0 0 18 46 18 46 12 35 0 0 0 0 0 0 0 0 18 46 18 46 12 35 0 0 0 0 0 0 0 0 18 46 18 46 12 35 0 0 0 0 0 0 0 0 18 46 18 46 12 35 0 0 0 0 0 0 0 0 18 46 18 46 18 46 0 0 0 0 0 0 0 0
234 900 100 900 0 100 0 1000 18 46 18 46 12 35 2720 10 0 0 0 0 2720 10 18 46 18 46 12 35 2720 10 0 0 0 0 2720 10 18 46 18 46 12 35 2720 10 0 0 0 0 2720 10 18 46 18 46 12 35 2720 10 0 0 0 0 2720 10 18 46 18 46 12 35 2720 10 0 0 0 0 2720 10 18 46 18 46 18 46 2720 10 0 0 0 0 2720 10
235 900 100 900 0 100 0 1000 18 46 18 46 12 35 0 0 0 0 0 0 0 0 18 46 18 46 12 35 0 0 0 0 0 0 0 0 18 46 18 46 12 35 0 0 0 0 0 0 0 0 18 46 18 46 12 35 0 0 0 0 0 0 0 0 18 46 18 46 12 35 0 0 0 0 0 0 0 0 18 46 18 46 18 46 0 0 0 0 0 0 0 0
236 900 100 900 0 100 0 1000 18 46 18 46 12 35 0 0 0 0 0 0 0 0 18 46 18 46 12 35 0 0 0 0 0 0 0 0 18 46 18 46 12 35 0 0 0 0 0 0 0 0 18 46 18 46 12 35 0 0 0 0 0 0 0 0 18 46 18 46 12 35 0 0 0 0 0 0 0 0 18 46 18 46 18 46 0 0 0 0 0 0 0 0
237 900 100 900 0 100 0 1000 18 46 18 46 12 35 0 0 0 0 0 0 0 0 18 46 18 46 12 35 0 0 0 0 0 0 0 0 18 46 18 46 12 35 0 0 0 0 0 0 0 0 18 46 18 46 12 35 0 0 0 0 0 0 0 0 18 46 18 46 12 35 0 0 0 0 0 0 0 0 18 46 18 46 18 46 0 0 0 0 0 0 0 0
238 900 100 900 0 100 0 1000 18 46 18 46 12 35 3808 14 0 0 0 0 3808 14 18 46 18 46 12 35 3808 14 0 0 0 0 3808 14 18 46 18 46 12 35 3808 14 0 0 0 0 3808 14 18 46 18 46 12 35 3808 14 0 0 0 0 3808 14 18 46 18 46 12 35 3808 14 0 0 0 0 3808 14 18 46 18 46 18 46 3808 14 0 0 0 0 3808 14
239 900 100 900 0 100 0 1000 18 46 18 46 12 35 0 0 0 0 0 0 0 0 18 46 18 46 12 35 0 0 0 0 0 0 0 0 18 46 18 46 12 35 0 0 0 0 0 0 0 0 18 46 18 46 12 35 0 0 0 0 0 0 0 0 18 46 18 46 12 35 0 0 0 0 0 0 0 0 18 46 18 46 18 46 0 0 0 0 0 0 0 0
240 900 100 900 0 100 0 1000 18 46 18 46 12 35 0 0 0 0 0 0 0 0 18 46 18 46 12 35 0 0 0 0 0 0 0 0 18 46 18 46 12 35 0 0 0 0 0 0 0 0 18 46 18 46 12 35 0 0 0 0 0 0 0 0 18 46 18 46 12 35 0 0 0 0 0 0 0 0 18 46 18 46 18 46 0 0 0 0 0 0 0 0
241 900 100 900 0 100 0 1000 18 46 18 46 12 35 0 0 0 0 0 0 0 0 18 46 18 46 12 35 0 0 0 0 0 0 0 0 18 46 18 46 12 35 0 0 0 0 0 0 0 0 18 46 18 46 12 35 0 0 0 0 0 0 0 0 18 46 18 46 12 35 0 0 0 0 0 0 0 0 18 46 18 46 18 46 0 0 0 0 0 0 0 0
242 900 100 900 0 100 0 1000 18 46 18 46 12 35 2992 11 0 0 0 0 2992 11 18 46 18 46 12 35 2992 11 0 0 0 0 2992 11 18 46 18 46 12 35 2992 11 0 0 0 0 2992 11 18 46 18 46 12 35 2992 11 0 0 0 0 2992 11 18 46 18 46 12 35 2992 11 0 0 0 0 2992 11 18 46 18 46 18 46 2992 11 0 0 0 0 2992 11
243 900 100 900 0 100 0 1000 18 46 18 46 12 35 0 0 0 0 0 0 0 0 18 46 18 46 12 35 0 0 0 0 0 0 0 0 18 46 18 46 12 35 0 0 0 0 0 0 0 0 18 46 18 46 12 35 0 0 0 0 0 0 0 0 18 46 18 46 12 35 0 0 0 0 0 0 0 0 18 46 18 46 18 46 0 0 0 0 0 0 0 0
244 900 100 900 0 100 0 1000 18 46 18 46 12 35 0 0 0 0 0 0 0 0 18 46 18 46 12 35 0 0 0 0 0 0 0 0 18 46 18 46 12 35 0 0 0 0 0 0 0 0 18 46 18 46 12 35 0 0 0 0 0 0 0 0 18 46 18 46 12 35 0 0 0 0 0 0 0 0 18 46 18 46 18 46 0 0 0 0 0 0 0 0
245 900 100 900 0 100 0 1000 18 46 18 46 12 35 0 0 0 0 0 0 0 0 18 46 18 46 12 35 0 0 0 0 0 0 0 0 18 46 18 46 12 35 0 0 0 0 0 0 0 0 18 46 18 46 12 35 0 0 0 0 0 0 0 0 18 46 18 46 12 35 0 0 0 0 0 0 0 0 18 46 18 46 18 46 0 0 0 0 0 0 0 0
246 900 100 900 0 100 0 1000 18 46 18 46 12 35 1360 5 0 0 0 0 1360 5 18 46 18 46 12 35 1360 5 0 0 0 0 1360 5 18 46 18 46 12 35 1360 5 0 0 0 0 1360 5 18 46 18 46 12 35 1360 5 0 0 0 0 1360 5 18 46 18 46 12 35 1360 5 0 0 0 0 1360 5 18 46 18 46 18 46 1360 5 0 0 0 0 1360 5
247 900 100 900 0 100 0 1000 18 46 18 46 12 35 0 0 0 0 0 0 0 0 18 46 18 46 12 35 0 0 0 0 0 0 0 0 18 46 18 46 12 35 0 0 0 0 0 0 0 0 18 46 18 46 12 35 0 0 0 0 0 0 0 0 18 46 18 46 12 35 0 0 0 0 0 0 0 0 18 46 18 46 18 46 0 0 0 0 0 0 0 0
248 0 1000 0 900 100 0 1000 18 46 18 46 12 35 0 0 0 0 0 0 0 0 18 46 18 46 12 35 0 0 0 0 0 0 0 0 18 46 18 46 12 35 0 0 0 0 0 0 0 0 18 46 18 46 12 35 0 0 0 0 0 0 0 0 18 46 18 46 12 35 0 0 0 0 0 0 0 0 18 46 18 46 18 46 0 0 0 0 0 0 0 0
249 0 1000 0 900 100 0 1000 18 46 18 46 12 35 599 1 599 1 0 0 0 0 18 46 18 46 12 35 599 1 599 1 0 0 0 0 18 46 18 46 12 35 599 1 599 1 0 0 0 0 18 46 18 46 12 35 599 1 599 1 0 0 0 0 18 46 18 46 12 35 599 1 599 1 0 0 0 0 18 46 18 46 18 46 599 1 599 1 0 0 0 0
250 0 1000 0 900 100 0 1000 18 46 18 46 12 35 3555 13 0 0 291 1 3264 12 18 46 18 46 12 35 3555 13 0 0 291 1 3264 12 18 46 18 46 12 35 3555 13 0 0 291 1 3264 12 18 46 18 46 12 35 3555 13 0 0 291 1 3264 12 18 46 18 46 12 35 3555 13 0 0 291 1 3264 12 18 46 18 46 18 46 3555 13 0 0 291 1 3264 12
251 0 1000 0 0 1000 0 1000 18 46 18 46 18 46 0 0 0 0 0 0 0 0 18 46 18 46 18 46 0 0 0 0 0 0 0 0 18 46 18 46 18 46 0 0 0 0 0 0 0 0 18 46 18 46 18 46 0 0 0 0 0 0 0 0 18 46 18 46 18 46 0 0 0 0 0 0 0 0 18 46 18 46 18 46 0 0 0 0 0 0 0 0
252 0 1000 0 0 1000 0 1000 18 46 18 46 18 46 0 0 0 0 0 0 0 0 18 46 18 46 18 46 0 0 0 0 0 0 0 0 18 46 18 46 18 46 0 0 0 0 0 0 0 0 18 46 18 46 18 46 0 0 0 0 0 0 0 0 18 46 18 46 18 46 0 0 0 0 0 0 0 0 18 46 18 46 18 46 0 0 0 0 0 0 0 0
253 0 1000 0 0 1000 0 1000 18 46 18 46 18 46 0 0 0 0 0 0 0 0 18 46 18 46 18 46 0 0 0 0 0 0 0 0 18 46 18 46 18 46 0 0 0 0 0 0 0 0 18 46 18 46 18 46 0 0 0 0 0 0 0 0 18 46 18 46 18 46 0 0 0 0 0 0 0 0 18 46 18 46 18 46 0 0 0 0 0 0 0 0
254 0 1000 0 0 1000 0 1000 19 62 19 62 18 46 27744 102 0 0 0 0 27744 102 19 62 19 62 18 46 27744 102 0 0 0 0 27744 102 19 62 19 62 18 46 27744 102 0 0 0 0 27744 102 19 62 19 62 18 46 27744 102 0 0 0 0 27744 102 19 62 19 62 18 46 27744 102 0 0 0 0 27744 102 19 62 19 62 18 46 27744 102 0 0 0 0 27744 102
255 0 1000 0 0 1000 0 1000 19 62 19 62 18 46 0 0 0 0 0 0 0 0 19 62 19 62 18 46 0 0 0 0 0 0 0 0 19 62 19 62 18 46 0 0 0 0 0 0 0 0 19 62 19 62 18 46 0 0 0 0 0 0 0 0 19 62 19 62 18 46 0 0 0 0 0 0 0 0 19 62 19 62 18 46 0 0 0 0 0 0 0 0
256 0 1000 0 0 1000 0 1000 19 62 19 62 18 46 0 0 0 0 0 0 0 0 19 62 19 62 18 46 0 0 0 0 0 0 0 0 19 62 19 62 18 46 0 0 0 0 0 0 0 0 19 62 19 62 18 46 0 0 0 0 0 0 0 0 19 62 19 62 18 46 0 0 0 0 0 0 0 0 19 62 19 62 18 46 0 0 0 0 0 0 0 0
257 0 1000 0 0 1000 0 1000 19 62 19 62 18 46 0 0 0 0 0 0 0 0 19 62 19 62 18 46 0 0 0 0 0 0 0 0 19 62 19 62 18 46 0 0 0 0 0 0 0 0 19 62 19 62 18 46 0 0 0 0 0 0 0 0 19 62 19 62 18 46 0 0 0 0 0 0 0 0 19 62 19 62 18 46 0 0 0 0 0 0 0 0
258 0 1000 0 0 1000 0 1000 19 62 19 62 18 46 22032 81 0 0 0 0 22032 81 19 62 19 62 18 46 22032 81 0 0 0 0 22032 81 19 62 19 62 18 46 22032 81 0 0 0 0 22032 81 19 62 19 62 18 46 22032 81 0 0 0 0 22032 81 19 62 19 62 18 46 22032 81 0 0 0 0 22032 81 19 62 19 62 18 46 22032 81 0 0 0 0 22032 81
259 0 1000 0 0 1000 0 1000 19 62 19 62 18 46 0 0 0 0 0 0 0 0 19 62 19 62 18 46 0 0 0 0 0 0 0 0 19 62 19 62 18 46 0 0 0 0 0 0 0 0 19 62 19 62 18 46 0 0 0 0 0 0 0 0 19 62 19 62 18 46 0 0 0 0 0 0 0 0 19 62 19 62 18 46 0 0 0 0 0 0 0 0
260 0 1000 0 0 1000 0 1000 19 62 19 62 18 46 0 0 0 0 0 0 0 0 19 62 19 62 18 46 0 0 0 0 0 0 0 0 19 62 19 62 18 46 0 0 0 0 0 0 0 0 19 62 19 62 18 46 0 0 0 0 0 0 0 0 19 62 19 62 18 46 0 0 0 0 0 0 0 0 19 62 19 62 18 46 0 0 0 0 0 0 0 0
261 0 1000 0 0 1000 0 1000 19 62 19 62 18 46 6061 2 6061 2 0 0 0 0 19 62 19 62 18 46 6061 2 6061 2 0 0 0 0 19 62 19 62 18 46 6061 2 6061 2 0 0 0 0 19 62 19 62 18 46 6061 2 6061 2 0 0 0 0 19 62 19 62 18 46 6061 2 6061 2 0 0 0 0 19 62 19 62 18 46 6061 2 6061 2 0 0 0 0
262 0 1000 0 0 1000 0 1000 20 65 20 65 18 46 24227 89 0 0 291 1 23936 88 20 65 20 65 18 46 24227 89 0 0 291 1 23936 88 20 65 20 65 18 46 24227 89 0 0 291 1 23936 88 20 65 20 65 18 46 24227 89 0 0 291 1 23936 88 20 65 20 65 18 46 24227 89 0 0 291 1 23936 88 20 65 20 65 18 46 24227 89 0 0 291 1 23936 88
263 0 1000 0 0 1000 0 1000 20 65 20 65 18 46 0 0 0 0 0 0 0 0 20 65 20 65 18 46 0 0 0 0 0 0 0 0 20 65 20 65 18 46 0 0 0 0 0 0 0 0 20 65 20 65 18 46 0 0 0 0 0 0 0 0 20 65 20 65 18 46 0 0 0 0 0 0 0 0 20 65 20 65 18 46 0 0 0 0 0 0 0 0
264 0 1000 0 0 1000 0 1000 20 65 20 65 18 46 0 0 0 0 0 0 0 0 20 65 20 65 18 46 0 0 0 0 0 0 0 0 20 65 20 65 18 46 0 0 0 0 0 0 0 0 20 65 20 65 18 46 0 0 0 0 0 0 0 0 20 65 20 65 18 46 0 0 0 0 0 0 0 0 20 65 20 65 18 46 0 0 0 0 0 0 0 0
265 0 1000 0 0 1000 0 1000 20 65 20 65 18 46 6508 2 6508 2 0 0 0 0 20 65 20 65 18 46 6508 2 6508 2 0 0 0 0 20 65 20 65 18 46 6508 2 6508 2 0 0 0 0 20 65 20 65 18 46 6508 2 6508 2 0 0 0 0 20 65 20 65 18 46 6508 2 6508 2 0 0 0 0 20 65 20 65 18 46 6508 2 6508 2 0 0 0 0
266 0 1000 0 0 1000 0 1000 21 66 21 66 18 46 29393 108 0 0 289 1 29104 107 21 66 21 66 18 46 29393 108 0 0 289 1 29104 107 21 66 21 66 18 46 29393 108 0 0 289 1 29104 107 21 66 21 66 18 46 29393 108 0 0 289 1 29104 107 21 66 21 66 18 46 29393 108 0 0 289 1 29104 107 21 66 21 66 18 46 29393 108 0 0 289 1 29104 107
267 0 1000 0 0 1000 0 1000 21 66 21 66 18 46 0 0 0 0 0 0 0 0 21 66 21 66 18 46 0 0 0 0 0 0 0 0 21 66 21 66 18 46 0 0 0 0 0 0 0 0 21 66 21 66 18 46 0 0 0 0 0 0 0 0 21 66 21 66 18 46 0 0 0 0 0 0 0 0 21 66 21 66 18 46 0 0 0 0 0 0 0 0
268 0 1000 0 0 1000 0 1000 21 66 21 66 18 46 0 0 0 0 0 0 0 0 21 66 21 66 18 46 0 0 0 0 0 0 0 0 21 66 21 66 18 46 0 0 0 0 0 0 0 0 21 66 21 66 18 46 0 0 0 0 0 0 0 0 21 66 21 66 18 46 0 0 0 0 0 0 0 0 21 66 21 66 18 46 0 0 0 0 0 0 0 0
269 0 1000 0 0 1000 0 1000 21 66 21 66 18 46 0 0 0 0 0 0 0 0 21 66 21 66 18 46 0 0 0 0 0 0 0 0 21 66 21 66 18 46 0 0 0 0 0 0 0 0 21 66 21 66 18 46 0 0 0 0 0 0 0 0 21 66 21 66 18 46 0 0 0 0 0 0 0 0 21 66 21 66 18 46 0 0 0 0 0 0 0 0
270 0 1000 0 0 1000 0 1000 21 66 21 66 18 46 28560 105 0 0 0 0 28560 105 21 66 21 66 18 46 28560 105 0 0 0 0 28560 105 21 66 21 66 18 46 28560 105 0 0 0 0 28560 105 21 66 21 66 18 46 28560 105 0 0 0 0 28560 105 21 66 21 66 18 46 28560 105 0 0 0 0 28560 105 21 66 21 66 18 46 28560 105 0 0 0 0 28560 105
271 0 1000 0 0 1000 0 1000 21 66 21 66 18 46 0 0 0 0 0 0 0 0 21 66 21 66 18 46 0 0 0 0 0 0 0 0 21 66 21 66 18 46 0 0 0 0 0 0 0 0 21 66 21 66 18 46 0 0 0 0 0 0 0 0 21 66 21 66 18 46 0 0 0 0 0 0 0 0 21 66 21 66 18 46 0 0 0 0 0 0 0 0
272 0 1000 0 0 1000 0 1000 21 66 21 66 18 46 0 0 0 0 0 0 0 0 21 66 21 66 18 46 0 0 0 0 0 0 0 0 21 66 21 66 18 46 0 0 0 0 0 0 0 0 21 66 21 66 18 46 0 0 0 0 0 0 0 0 21 66 21 66 18 46 0 0 0 0 0 0 0 0 21 66 21 66 18 46 0 0 0 0 0 0 0 0
273 0 1000 0 0 1000 0 1000 21 66 21 66 18 46 3799 1 3799 1 0 0 0 0 21 66 21 66 18 46 3799 1 3799 1 0 0 0 0 21 66 21 66 18 46 3799 1 3799 1 0 0 0 0 21 66 21 66 18 46 3799 1 3799 1 0 0 0 0 21 66 21 66 18 46 3799 1 3799 1 0 0 0 0 21 66 21 66 18 46 3799 1 3799 1 0 0 0 0
274 0 1000 0 0 1000 0 1000 22 68 22 68 18 46 24771 91 0 0 291 1 24480 90 22 68 22 68 18 46 24771 91 0 0 291 1 24480 90 22 68 22 68 18 46 24771 91 0 0 291 1 24480 90 22 68 22 68 18 46 24771 91 0 0 291 1 24480 90 22 68 22 68 18 46 24771 91 0 0 291 1 24480 90 22 68 22 68 18 46 24771 91 0 0 291 1 24480 90
275 0 1000 0 0 1000 0 1000 22 68 22 68 18 46 0 0 0 0 0 0 0 0 22 68 22 68 18 46 0 0 0 0 0 0 0 0 22 68 22 68 18 46 0 0 0 0 0 0 0 0 22 68 22 68 18 46 0 0 0 0 0 0 0 0 22 68 22 68 18 46 0 0 0 0 0 0 0 0 22 68 22 68 18 46 0 0 0 0 0 0 0 0
276 0 1000 0 0 1000 0 1000 22 68 22 68 18 46 0 0 0 0 0 0 0 0 22 68 22 68 18 46 0 0 0 0 0 0 0 0 22 68 22 68 18 46 0 0 0 0 0 0 0 0 22 68 22 68 18 46 0 0 0 0 0 0 0 0 22 68 22 68 18 46 0 0 0 0 0 0 0 0 22 68 22 68 18 46 0 0 0 0 0 0 0 0
277 0 1000 0 0 1000 0 1000 22 68 22 68 18 46 3319 1 3319 1 0 0 0 0 22 68 22 68 18 46 3319 1 3319 1 0 0 0 0 22 68 22 68 18 46 3319 1 3319 1 0 0 0 0 22 68 22 68 18 46 3319 1 3319 1 0 0 0 0 22 68 22 68 18 46 3319 1 3319 1 0 0 0 0 22 68 22 68 18 46 3319 1 3319 1 0 0 0 0
278 0 1000 0 0 1000 0 1000 23 69 23 69 18 46 26947 99 0 0 291 1 26656 98 23 69 23 69 18 46 26947 99 0 0 291 1 26656 98 23 69 23 69 18 46 26947 99 0 0 291 1 26656 98 23 69 23 69 18 46 26947 99 0 0 291 1 26656 98 23 69 23 69 18 46 26947 99 0 0 291 1 26656 98 23 69 23 69 18 46 26947 99 0 0 291 1 26656 98
279 0 1000 0 0 1000 0 1000 23 69 23 69 18 46 0 0 0 0 0 0 0 0 23 69 23 69 18 46 0 0 0 0 0 0 0 0 23 69 23 69 18 46 0 0 0 0 0 0 0 0 23 69 23 69 18 46 0 0 0 0 0 0 0 0 23 69 23 69 18 46 0 0 0 0 0 0 0 0 23 69 23 69 18 46 0 0 0 0 0 0 0 0
280 0 1000 0 0 1000 0 1000 23 69 23 69 18 46 0 0 0 0 0 0 0 0 23 69 23 69 18 46 0 0 0 0 0 0 0 0 23 69 23 69 18 46 0 0 0 0 0 0 0 0 23 69 23 69 18 46 0 0 0 0 0 0 0 0 23 69 23 69 18 46 0 0 0 0 0 0 0 0 23 69 23 69 18 46 0 0 0 0 0 0 0 0
281 0 1000 0 0 1000 0 1000 23 69 23 69 18 46 0 0 0 0 0 0 0 0 23 69 23 69 18 46 0 0 0 0 0 0 0 0 23 69 23 69 18 46 0 0 0 0 0 0 0 0 23 69 23 69 18 46 0 0 0 0 0 0 0 0 23 69 23 69 18 46 0 0 0 0 0 0 0 0 23 69 23 69 18 46 0 0 0 0 0 0 0 0
282 0 1000 0 0 1000 0 1000 23 69 23 69 18 46 26112 96 0 0 0 0 26112 96 23 69 23 69 18 46 26112 96 0 0 0 0 26112 96 23 69 23 69 18 46 26112 96 0 0 0 0 26112 96 23 69 23 69 18 46 26112 96 0 0 0 0 26112 96 23 69 23 69 18 46 26112 96 0 0 0 0 26112 96 23 69 23 69 18 46 26112 96 0 0 0 0 26112 96
283 0 1000 0 0 1000 0 1000 23 69 23 69 18 46 0 0 0 0 0 0 0 0 23 69 23 69 18 46 0 0 0 0 0 0 0 0 23 69 23 69 18 46 0 0 0 0 0 0 0 0 23 69 23 69 18 46 0 0 0 0 0 0 0 0 23 69 23 69 18 46 0 0 0 0 0 0 0 0 23 69 23 69 18 46 0 0 0 0 0 0 0 0
284 0 1000 0 0 1000 0 1000 23 69 23 69 18 46 0 0 0 0 0 0 0 0 23 69 23 69 18 46 0 0 0 0 0 0 0 0 23 69 23 69 18 46 0 0 0 0 0 0 0 0 23 69 23 69 18 46 0 0 0 0 0 0 0 0 23 69 23 69 18 46 0 0 0 0 0 0 0 0 23 69 23 69 18 46 0 0 0 0 0 0 0 0
285 0 1000 0 0 1000 0 1000 23 69 23 69 18 46 0 0 0 0 0 0 0 0 23 69 23 69 18 46 0 0 0 0 0 0 0 0 23 69 23 69 18 46 0 0 0 0 0 0 0 0 23 69 23 69 18 46 0 0 0 0 0 0 0 0 23 69 23 69 18 46 0 0 0 0 0 0 0 0 23 69 23 69 18 46 0 0 0 0 0 0 0 0
286 0 1000 0 0 1000 0 1000 23 69 23 69 18 46 30464 112 0 0 0 0 30464 112 23 69 23 69 18 46 30464 112 0 0 0 0 30464 112 23 69 23 69 18 46 30464 112 0 0 0 0 30464 112 23 69 23 69 18 46 30464 112 0 0 0 0 30464 112 23 69 23 69 18 46 30464 112 0 0 0 0 30464 112 23 69 23 69 18 46 30464 112 0 0 0 0 30464 112
287 0 1000 0 0 1000 0 1000 23 69 23 69 18 46 0 0 0 0 0 0 0 0 23 69 23 69 18 46 0 0 0 0 0 0 0 0 23 69 23 69 18 46 0 0 0 0 0 0 0 0 23 69 23 69 18 46 0 0 0 0 0 0 0 0 23 69 23 69 18 46 0 0 0 0 0 0 0 0 23 69 23 69 18 46 0 0 0 0 0 0 0 0
288 0 1000 0 0 1000 0 1000 23 69 23 69 18 46 0 0 0 0 0 0 0 0 23 69 23 69 18 46 0 0 0 0 0 0 0 0 23 69 23 69 18 46 0 0 0 0 0 0 0 0 23 69 23 69 18 46 0 0 0 0 0 0 0 0 23 69 23 69 18 46 0 0 0 0 0 0 0 0 23 69 23 69 18 46 0 0 0 0 0 0 0 0
289 0 1000 0 0 1000 0 1000 23 69 23 69 18 46 4023 1 4023 1 0 0 0 0 23 69 23 69 18 46 4023 1 4023 1 0 0 0 0 23 69 23 69 18 46 4023 1 4023 1 0 0 0 0 23 69 23 69 18 46 4023 1 4023 1 0 0 0 0 23 69 23 69 18 46 4023 1 4023 1 0 0 0 0 23 69 23 69 18 46 4023 1 4023 1 0 0 0 0
290 0 1000 0 0 1000 0 1000 24 72 24 72 18 46 31571 116 0 0 291 1 31280 115 24 72 24 72 18 46 31571 116 0 0 291 1 31280 115 24 72 24 72 18 46 31571 116 0 0 291 1 31280 115 24 72 24 72 18 46 31571 116 0 0 291 1 31280 115 24 72 24 72 18 46 31571 116 0 0 291 1 31280 115 24 72 24 72 18 46 31571 116 0 0 291 1 31280 115
291 0 1000 0 0 1000 0 1000 24 72 24 72 19 62 0 0 0 0 0 0 0 0 24 72 24 72 19 62 0 0 0 0 0 0 0 0 24 72 24 72 19 62 0 0 0 0 0 0 0 0 24 72 24 72 19 62 0 0 0 0 0 0 0 0 24 72 24 72 19 62 0 0 0 0 0 0 0 0 24 72 24 72 19 62 0 0 0 0 0 0 0 0
292 0 1000 0 0 1000 0 1000 24 72 24 72 19 62 0 0 0 0 0 0 0 0 24 72 24 72 19 62 0 0 0 0 0 0 0 0 24 72 24 72 19 62 0 0 0 0 0 0 0 0 24 72 24 72 19 62 0 0 0 0 0 0 0 0 24 72 24 72 19 62 0 0 0 0 0 0 0 0 24 72 24 72 19 62 0 0 0 0 0 0 0 0
293 0 1000 0 0 1000 0 1000 24 72 24 72 19 62 0 0 0 0 0 0 0 0 24 72 24 72 19 62 0 0 0 0 0 0 0 0 24 72 24 72 19 62 0 0 0 0 0 0 0 0 24 72 24 72 19 62 0 0 0 0 0 0 0 0 24 72 24 72 19 62 0 0 0 0 0 0 0 0 24 72 24 72 19 62 0 0 0 0 0 0 0 0
294 0 1000 0 0 1000 0 1000 24 72 24 72 19 62 26928 99 0 0 0 0 26928 99 24 72 24 72 19 62 26928 99 0 0 0 0 26928 99 24 72 24 72 19 62 26928 99 0 0 0 0 26928 99 24 72 24 72 19 62 26928 99 0 0 0 0 26928 99 24 72 24 72 19 62 26928 99 0 0 0 0 26928 99 24 72 24 72 19 62 26928 99 0 0 0 0 26928 99
295 0 1000 0 0 1000 0 1000 24 72 24 72 19 62 0 0 0 0 0 0 0 0 24 72 24 72 19 62 0 0 0 0 0 0 0 0 24 72 24 72 19 62 0 0 0 0 0 0 0 0 24 72 24 72 19 62 0 0 0 0 0 0 0 0 24 72 24 72 19 62 0 0 0 0 0 0 0 0 24 72 24 72 19 62 0 0 0 0 0 0 0 0
296 0 1000 0 0 1000 0 1000 24 72 24 72 19 62 0 0 0 0 0 0 0 0 24 72 24 72 19 62 0 0 0 0 0 0 0 0 24 72 24 72 19 62 0 0 0 0 0 0 0 0 24 72 24 72 19 62 0 0 0 0 0 0 0 0 24 72 24 72 19 62 0 0 0 0 0 0 0 0 24 72 24 72 19 62 0 0 0 0 0 0 0 0
297 0 1000 0 0 1000 0 1000 24 72 24 72 19 62 0 0 0 0 0 0 0 0 24 72 24 72 19 62 0 0 0 0 0 0 0 0 24 72 24 72 19 62 0 0 0 0 0 0 0 0 24 72 24 72 19 62 0 0 0 0 0 0 0 0 24 72 24 72 19 62 0 0 0 0 0 0 0 0 24 72 24 72 19 62 0 0 0 0 0 0 0 0
298 0 1000 0 0 1000 0 1000 24 72 24 72 19 62 26112 96 0 0 0 0 26112 96 24 72 24 72 19 62 26112 96 0 0 0 0 26112 96 24 72 24 72 19 62 26112 96 0 0 0 0 26112 96 24 72 24 72 19 62 26112 96 0 0 0 0 26112 96 24 72 24 72 19 62 26112 96 0 0 0 0 26112 96 24 72 24 72 19 62 26112 96 0 0 0 0 26112 96
299 0 1000 0 0 1000 0 1000 24 72 24 72 19 62 0 0 0 0 0 0 0 0 24 72 24 72 19 62 0 0 0 0 0 0 0 0 24 72 24 72 19 62 0 0 0 0 0 0 0 0 24 72 24 72 19 62 0 0 0 0 0 0 0 0 24 72 24 72 19 62 0 0 0 0 0 0 0 0 24 72 24 72 19 62 0 0 0 0 0 0 0 0
300 0 1000 0 0 1000 0 1000 24 72 24 72 19 62 0 0 0 0 0 0 0 0 24 72 24 72 19 62 0 0 0 0 0 0 0 0 24 72 24 72 19 62 0 0 0 0 0 0 0 0 24 72 24 72 19 62 0 0 0 0 0 0 0 0 24 72 24 72 19 62 0 0 0 0 0 0 0 0 24 72 24 72 19 62 0 0 0 0 0 0 0 0
301 0 1000 0 0 1000 0 1000 24 72 24 72 19 62 3511 1 3511 1 0 0 0 0 24 72 24 72 19 62 3511 1 3511 1 0 0 0 0 24 72 24 72 19 62 3511 1 3511 1 0 0 0 0 24 72 24 72 19 62 3511 1 3511 1 0 0 0 0 24 72 24 72 19 62 3511 1 3511 1 0 0 0 0 24 72 24 72 19 62 3511 1 3511 1 0 0 0 0
302 0 1000 0 0 1000 0 1000 25 75 25 75 19 62 27219 100 0 0 291 1 26928 99 25 75 25 75 19 62 27219 100 0 0 291 1 26928 99 25 75 25 75 19 62 27219 100 0 0 291 1 26928 99 25 75 25 75 19 62 27219 100 0 0 291 1 26928 99 25 75 25 75 19 62 27219 100 0 0 291 1 26928 99 25 75 25 75 19 62 27219 100 0 0 291 1 26928 99
303 0 1000 0 0 1000 0 1000 25 75 25 75 20 65 0 0 0 0 0 0 0 0 25 75 25 75 20 65 0 0 0 0 0 0 0 0 25 75 25 75 20 65 0 0 0 0 0 0 0 0 25 75 25 75 20 65 0 0 0 0 0 0 0 0 25 75 25 75 20 65 0 0 0 0 0 0 0 0 25 75 25 75 20 65 0 0 0 0 0 0 0 0
