r n_asleep n_awake n_honest_asleep n_honest_dreamy n_honest_awake n_adversary n_all party0_ledger_best_length party0_ledger_best_age party0_ledger_fast_length party0_ledger_fast_age party0_ledger_slow_length party0_ledger_slow_age party0_comms_all_size party0_comms_all_count party0_comms_proposal_size party0_comms_proposal_count party0_comms_piece_block_size party0_comms_piece_block_count party0_comms_piece_vote_size party0_comms_piece_vote_count party1_ledger_best_length party1_ledger_best_age party1_ledger_fast_length party1_ledger_fast_age party1_ledger_slow_length party1_ledger_slow_age party1_comms_all_size party1_comms_all_count party1_comms_proposal_size party1_comms_proposal_count party1_comms_piece_block_size party1_comms_piece_block_count party1_comms_piece_vote_size party1_comms_piece_vote_count party2_ledger_best_length party2_ledger_best_age party2_ledger_fast_length party2_ledger_fast_age party2_ledger_slow_length party2_ledger_slow_age party2_comms_all_size party2_comms_all_count party2_comms_proposal_size party2_comms_proposal_count party2_comms_piece_block_size party2_comms_piece_block_count party2_comms_piece_vote_size party2_comms_piece_vote_count party3_ledger_best_length party3_ledger_best_age party3_ledger_fast_length party3_ledger_fast_age party3_ledger_slow_length party3_ledger_slow_age party3_comms_all_size party3_comms_all_count party3_comms_proposal_size party3_comms_proposal_count party3_comms_piece_block_size party3_comms_piece_block_count party3_comms_piece_vote_size party3_comms_piece_vote_count party4_ledger_best_length party4_ledger_best_age party4_ledger_fast_length party4_ledger_fast_age party4_ledger_slow_length party4_ledger_slow_age party4_comms_all_size party4_comms_all_count party4_comms_proposal_size party4_comms_proposal_count party4_comms_piece_block_size party4_comms_piece_block_count party4_comms_piece_vote_size party4_comms_piece_vote_count partyALWAYSAWAKE_ledger_best_length partyALWAYSAWAKE_ledger_best_age partyALWAYSAWAKE_ledger_fast_length partyALWAYSAWAKE_ledger_fast_age partyALWAYSAWAKE_ledger_slow_length partyALWAYSAWAKE_ledger_slow_age partyALWAYSAWAKE_comms_all_size partyALWAYSAWAKE_comms_all_count partyALWAYSAWAKE_comms_proposal_size partyALWAYSAWAKE_comms_proposal_count partyALWAYSAWAKE_comms_piece_block_size partyALWAYSAWAKE_comms_piece_block_count partyALWAYSAWAKE_comms_piece_vote_size partyALWAYSAWAKE_comms_piece_vote_count
4 0 1000 0 0 1000 0 1000 0 0 0 0 0 0 0 0 0 0 0 0 0 0 0 0 0 0 0 0 0 0 0 0 0 0 0 0 0 0 0 0 0 0 0 0 0 0 0 0 0 0 0 0 0 0 0 0 0 0 0 0 0 0 0 0 0 0 0 0 0 0 0 0 0 0 0 0 0 0 0 0 0 0 0 0 0 0 0 0 0 0 0 0
5 0 1000 0 0 1000 0 1000 0 0 0 0 0 0 321752 4 321752 4 0 0 0 0 0 0 0 0 0 0 321752 4 321752 4 0 0 0 0 0 0 0 0 0 0 321752 4 321752 4 0 0 0 0 0 0 0 0 0 0 321752 4 321752 4 0 0 0 0 0 0 0 0 0 0 321752 4 321752 4 0 0 0 0 0 0 0 0 0 0 321752 4 321752 4 0 0 0 0
6 0 1000 0 0 1000 0 1000 1 1 1 1 0 0 109666 109 0 0 80290 1 29376 108 1 1 1 1 0 0 109666 109 0 0 80290 1 29376 108 1 1 1 1 0 0 109666 109 0 0 80290 1 29376 108 1 1 1 1 0 0 109666 109 0 0 80290 1 29376 108 1 1 1 1 0 0 109666 109 0 0 80290 1 29376 108 1 1 1 1 0 0 109666 109 0 0 80290 1 29376 108
7 0 1000 0 0 1000 0 1000 1 1 1 1 0 0 0 0 0 0 0 0 0 0 1 1 1 1 0 0 0 0 0 0 0 0 0 0 1 1 1 1 0 0 0 0 0 0 0 0 0 0 1 1 1 1 0 0 0 0 0 0 0 0 0 0 1 1 1 1 0 0 0 0 0 0 0 0 0 0 1 1 1 1 0 0 0 0 0 0 0 0 0 0
8 0 1000 0 0 1000 0 1000 1 1 1 1 0 0 0 0 0 0 0 0 0 0 1 1 1 1 0 0 0 0 0 0 0 0 0 0 1 1 1 1 0 0 0 0 0 0 0 0 0 0 1 1 1 1 0 0 0 0 0 0 0 0 0 0 1 1 1 1 0 0 0 0 0 0 0 0 0 0 1 1 1 1 0 0 0 0 0 0 0 0 0 0
9 0 1000 0 0 1000 0 1000 1 1 1 1 0 0 167786 2 167786 2 0 0 0 0 1 1 1 1 0 0 167786 2 167786 2 0 0 0 0 1 1 1 1 0 0 167786 2 167786 2 0 0 0 0 1 1 1 1 0 0 167786 2 167786 2 0 0 0 0 1 1 1 1 0 0 167786 2 167786 2 0 0 0 0 1 1 1 1 0 0 167786 2 167786 2 0 0 0 0
10 0 1000 0 0 1000 0 1000 2 2 2 2 0 0 103680 87 0 0 80288 1 23392 86 2 2 2 2 0 0 103680 87 0 0 80288 1 23392 86 2 2 2 2 0 0 103680 87 0 0 80288 1 23392 86 2 2 2 2 0 0 103680 87 0 0 80288 1 23392 86 2 2 2 2 0 0 103680 87 0 0 80288 1 23392 86 2 2 2 2 0 0 103680 87 0 0 80288 1 23392 86
11 0 1000 0 0 1000 0 1000 2 2 2 2 0 0 0 0 0 0 0 0 0 0 2 2 2 2 0 0 0 0 0 0 0 0 0 0 2 2 2 2 0 0 0 0 0 0 0 0 0 0 2 2 2 2 0 0 0 0 0 0 0 0 0 0 2 2 2 2 0 0 0 0 0 0 0 0 0 0 2 2 2 2 0 0 0 0 0 0 0 0 0 0
12 0 1000 0 0 1000 0 1000 2 2 2 2 0 0 0 0 0 0 0 0 0 0 2 2 2 2 0 0 0 0 0 0 0 0 0 0 2 2 2 2 0 0 0 0 0 0 0 0 0 0 2 2 2 2 0 0 0 0 0 0 0 0 0 0 2 2 2 2 0 0 0 0 0 0 0 0 0 0 2 2 2 2 0 0 0 0 0 0 0 0 0 0
13 0 1000 0 0 1000 0 1000 2 2 2 2 0 0 166380 2 166380 2 0 0 0 0 2 2 2 2 0 0 166380 2 166380 2 0 0 0 0 2 2 2 2 0 0 166380 2 166380 2 0 0 0 0 2 2 2 2 0 0 166380 2 166380 2 0 0 0 0 2 2 2 2 0 0 166380 2 166380 2 0 0 0 0 2 2 2 2 0 0 166380 2 166380 2 0 0 0 0
14 0 1000 0 0 1000 0 1000 3 3 3 3 0 0 111298 115 0 0 80290 1 31008 114 3 3 3 3 0 0 111298 115 0 0 80290 1 31008 114 3 3 3 3 0 0 111298 115 0 0 80290 1 31008 114 3 3 3 3 0 0 111298 115 0 0 80290 1 31008 114 3 3 3 3 0 0 111298 115 0 0 80290 1 31008 114 3 3 3 3 0 0 111298 115 0 0 80290 1 31008 114
15 0 1000 0 0 1000 0 1000 3 3 3 3 0 0 0 0 0 0 0 0 0 0 3 3 3 3 0 0 0 0 0 0 0 0 0 0 3 3 3 3 0 0 0 0 0 0 0 0 0 0 3 3 3 3 0 0 0 0 0 0 0 0 0 0 3 3 3 3 0 0 0 0 0 0 0 0 0 0 3 3 3 3 0 0 0 0 0 0 0 0 0 0
16 0 1000 0 0 1000 0 1000 3 3 3 3 0 0 0 0 0 0 0 0 0 0 3 3 3 3 0 0 0 0 0 0 0 0 0 0 3 3 3 3 0 0 0 0 0 0 0 0 0 0 3 3 3 3 0 0 0 0 0 0 0 0 0 0 3 3 3 3 0 0 0 0 0 0 0 0 0 0 3 3 3 3 0 0 0 0 0 0 0 0 0 0
17 0 1000 0 0 1000 0 1000 3 3 3 3 0 0 252258 3 252258 3 0 0 0 0 3 3 3 3 0 0 252258 3 252258 3 0 0 0 0 3 3 3 3 0 0 252258 3 252258 3 0 0 0 0 3 3 3 3 0 0 252258 3 252258 3 0 0 0 0 3 3 3 3 0 0 252258 3 252258 3 0 0 0 0 3 3 3 3 0 0 252258 3 252258 3 0 0 0 0
18 0 1000 0 0 1000 0 1000 4 4 4 4 0 0 111842 117 0 0 80290 1 31552 116 4 4 4 4 0 0 111842 117 0 0 80290 1 31552 116 4 4 4 4 0 0 111842 117 0 0 80290 1 31552 116 4 4 4 4 0 0 111842 117 0 0 80290 1 31552 116 4 4 4 4 0 0 111842 117 0 0 80290 1 31552 116 4 4 4 4 0 0 111842 117 0 0 80290 1 31552 116
19 0 1000 0 0 1000 0 1000 4 4 4 4 0 0 0 0 0 0 0 0 0 0 4 4 4 4 0 0 0 0 0 0 0 0 0 0 4 4 4 4 0 0 0 0 0 0 0 0 0 0 4 4 4 4 0 0 0 0 0 0 0 0 0 0 4 4 4 4 0 0 0 0 0 0 0 0 0 0 4 4 4 4 0 0 0 0 0 0 0 0 0 0
20 0 1000 0 0 1000 0 1000 4 4 4 4 0 0 0 0 0 0 0 0 0 0 4 4 4 4 0 0 0 0 0 0 0 0 0 0 4 4 4 4 0 0 0 0 0 0 0 0 0 0 4 4 4 4 0 0 0 0 0 0 0 0 0 0 4 4 4 4 0 0 0 0 0 0 0 0 0 0 4 4 4 4 0 0 0 0 0 0 0 0 0 0
21 0 1000 0 0 1000 0 1000 4 4 4 4 0 0 0 0 0 0 0 0 0 0 4 4 4 4 0 0 0 0 0 0 0 0 0 0 4 4 4 4 0 0 0 0 0 0 0 0 0 0 4 4 4 4 0 0 0 0 0 0 0 0 0 0 4 4 4 4 0 0 0 0 0 0 0 0 0 0 4 4 4 4 0 0 0 0 0 0 0 0 0 0
22 0 1000 0 0 1000 0 1000 4 4 4 4 0 0 28288 104 0 0 0 0 28288 104 4 4 4 4 0 0 28288 104 0 0 0 0 28288 104 4 4 4 4 0 0 28288 104 0 0 0 0 28288 104 4 4 4 4 0 0 28288 104 0 0 0 0 28288 104 4 4 4 4 0 0 28288 104 0 0 0 0 28288 104 4 4 4 4 0 0 28288 104 0 0 0 0 28288 104
23 0 1000 0 0 1000 0 1000 4 4 4 4 0 0 0 0 0 0 0 0 0 0 4 4 4 4 0 0 0 0 0 0 0 0 0 0 4 4 4 4 0 0 0 0 0 0 0 0 0 0 4 4 4 4 0 0 0 0 0 0 0 0 0 0 4 4 4 4 0 0 0 0 0 0 0 0 0 0 4 4 4 4 0 0 0 0 0 0 0 0 0 0
24 0 1000 0 0 1000 0 1000 4 4 4 4 0 0 0 0 0 0 0 0 0 0 4 4 4 4 0 0 0 0 0 0 0 0 0 0 4 4 4 4 0 0 0 0 0 0 0 0 0 0 4 4 4 4 0 0 0 0 0 0 0 0 0 0 4 4 4 4 0 0 0 0 0 0 0 0 0 0 4 4 4 4 0 0 0 0 0 0 0 0 0 0
25 0 1000 0 0 1000 0 1000 4 4 4 4 0 0 83766 1 83766 1 0 0 0 0 4 4 4 4 0 0 83766 1 83766 1 0 0 0 0 4 4 4 4 0 0 83766 1 83766 1 0 0 0 0 4 4 4 4 0 0 83766 1 83766 1 0 0 0 0 4 4 4 4 0 0 83766 1 83766 1 0 0 0 0 4 4 4 4 0 0 83766 1 83766 1 0 0 0 0
26 0 1000 0 0 1000 0 1000 5 6 5 6 0 0 113202 122 0 0 80290 1 32912 121 5 6 5 6 0 0 113202 122 0 0 80290 1 32912 121 5 6 5 6 0 0 113202 122 0 0 80290 1 32912 121 5 6 5 6 0 0 113202 122 0 0 80290 1 32912 121 5 6 5 6 0 0 113202 122 0 0 80290 1 32912 121 5 6 5 6 0 0 113202 122 0 0 80290 1 32912 121
27 0 1000 0 0 1000 0 1000 5 6 5 6 0 0 0 0 0 0 0 0 0 0 5 6 5 6 0 0 0 0 0 0 0 0 0 0 5 6 5 6 0 0 0 0 0 0 0 0 0 0 5 6 5 6 0 0 0 0 0 0 0 0 0 0 5 6 5 6 0 0 0 0 0 0 0 0 0 0 5 6 5 6 0 0 0 0 0 0 0 0 0 0
28 0 1000 0 0 1000 0 1000 5 6 5 6 0 0 0 0 0 0 0 0 0 0 5 6 5 6 0 0 0 0 0 0 0 0 0 0 5 6 5 6 0 0 0 0 0 0 0 0 0 0 5 6 5 6 0 0 0 0 0 0 0 0 0 0 5 6 5 6 0 0 0 0 0 0 0 0 0 0 5 6 5 6 0 0 0 0 0 0 0 0 0 0
29 0 1000 0 0 1000 0 1000 5 6 5 6 0 0 0 0 0 0 0 0 0 0 5 6 5 6 0 0 0 0 0 0 0 0 0 0 5 6 5 6 0 0 0 0 0 0 0 0 0 0 5 6 5 6 0 0 0 0 0 0 0 0 0 0 5 6 5 6 0 0 0 0 0 0 0 0 0 0 5 6 5 6 0 0 0 0 0 0 0 0 0 0
30 0 1000 0 0 1000 0 1000 5 6 5 6 0 0 26112 96 0 0 0 0 26112 96 5 6 5 6 0 0 26112 96 0 0 0 0 26112 96 5 6 5 6 0 0 26112 96 0 0 0 0 26112 96 5 6 5 6 0 0 26112 96 0 0 0 0 26112 96 5 6 5 6 0 0 26112 96 0 0 0 0 26112 96 5 6 5 6 0 0 26112 96 0 0 0 0 26112 96
31 0 1000 0 0 1000 0 1000 5 6 5 6 0 0 0 0 0 0 0 0 0 0 5 6 5 6 0 0 0 0 0 0 0 0 0 0 5 6 5 6 0 0 0 0 0 0 0 0 0 0 5 6 5 6 0 0 0 0 0 0 0 0 0 0 5 6 5 6 0 0 0 0 0 0 0 0 0 0 5 6 5 6 0 0 0 0 0 0 0 0 0 0
32 0 1000 0 0 1000 0 1000 5 6 5 6 0 0 0 0 0 0 0 0 0 0 5 6 5 6 0 0 0 0 0 0 0 0 0 0 5 6 5 6 0 0 0 0 0 0 0 0 0 0 5 6 5 6 0 0 0 0 0 0 0 0 0 0 5 6 5 6 0 0 0 0 0 0 0 0 0 0 5 6 5 6 0 0 0 0 0 0 0 0 0 0
33 0 1000 0 0 1000 0 1000 5 6 5 6 0 0 83510 1 83510 1 0 0 0 0 5 6 5 6 0 0 83510 1 83510 1 0 0 0 0 5 6 5 6 0 0 83510 1 83510 1 0 0 0 0 5 6 5 6 0 0 83510 1 83510 1 0 0 0 0 5 6 5 6 0 0 83510 1 83510 1 0 0 0 0 5 6 5 6 0 0 83510 1 83510 1 0 0 0 0
34 0 1000 0 0 1000 0 1000 6 8 6 8 0 0 109122 107 0 0 80290 1 28832 106 6 8 6 8 0 0 109122 107 0 0 80290 1 28832 106 6 8 6 8 0 0 109122 107 0 0 80290 1 28832 106 6 8 6 8 0 0 109122 107 0 0 80290 1 28832 106 6 8 6 8 0 0 109122 107 0 0 80290 1 28832 106 6 8 6 8 0 0 109122 107 0 0 80290 1 28832 106
35 0 1000 0 0 1000 0 1000 6 8 6 8 0 0 0 0 0 0 0 0 0 0 6 8 6 8 0 0 0 0 0 0 0 0 0 0 6 8 6 8 0 0 0 0 0 0 0 0 0 0 6 8 6 8 0 0 0 0 0 0 0 0 0 0 6 8 6 8 0 0 0 0 0 0 0 0 0 0 6 8 6 8 0 0 0 0 0 0 0 0 0 0
36 0 1000 0 0 1000 0 1000 6 8 6 8 0 0 0 0 0 0 0 0 0 0 6 8 6 8 0 0 0 0 0 0 0 0 0 0 6 8 6 8 0 0 0 0 0 0 0 0 0 0 6 8 6 8 0 0 0 0 0 0 0 0 0 0 6 8 6 8 0 0 0 0 0 0 0 0 0 0 6 8 6 8 0 0 0 0 0 0 0 0 0 0
37 0 1000 0 0 1000 0 1000 6 8 6 8 0 0 83830 1 83830 1 0 0 0 0 6 8 6 8 0 0 83830 1 83830 1 0 0 0 0 6 8 6 8 0 0 83830 1 83830 1 0 0 0 0 6 8 6 8 0 0 83830 1 83830 1 0 0 0 0 6 8 6 8 0 0 83830 1 83830 1 0 0 0 0 6 8 6 8 0 0 83830 1 83830 1 0 0 0 0
38 0 1000 0 0 1000 0 1000 7 9 7 9 0 0 108850 106 0 0 80290 1 28560 105 7 9 7 9 0 0 108850 106 0 0 80290 1 28560 105 7 9 7 9 0 0 108850 106 0 0 80290 1 28560 105 7 9 7 9 0 0 108850 106 0 0 80290 1 28560 105 7 9 7 9 0 0 108850 106 0 0 80290 1 28560 105 7 9 7 9 0 0 108850 106 0 0 80290 1 28560 105
39 0 1000 0 0 1000 0 1000 7 9 7 9 0 0 0 0 0 0 0 0 0 0 7 9 7 9 0 0 0 0 0 0 0 0 0 0 7 9 7 9 0 0 0 0 0 0 0 0 0 0 7 9 7 9 0 0 0 0 0 0 0 0 0 0 7 9 7 9 0 0 0 0 0 0 0 0 0 0 7 9 7 9 0 0 0 0 0 0 0 0 0 0
40 0 1000 0 0 1000 0 1000 7 9 7 9 0 0 0 0 0 0 0 0 0 0 7 9 7 9 0 0 0 0 0 0 0 0 0 0 7 9 7 9 0 0 0 0 0 0 0 0 0 0 7 9 7 9 0 0 0 0 0 0 0 0 0 0 7 9 7 9 0 0 0 0 0 0 0 0 0 0 7 9 7 9 0 0 0 0 0 0 0 0 0 0
41 0 1000 0 0 1000 0 1000 7 9 7 9 0 0 83798 1 83798 1 0 0 0 0 7 9 7 9 0 0 83798 1 83798 1 0 0 0 0 7 9 7 9 0 0 83798 1 83798 1 0 0 0 0 7 9 7 9 0 0 83798 1 83798 1 0 0 0 0 7 9 7 9 0 0 83798 1 83798 1 0 0 0 0 7 9 7 9 0 0 83798 1 83798 1 0 0 0 0
42 0 1000 0 0 1000 0 1000 8 10 8 10 0 0 107490 101 0 0 80290 1 27200 100 8 10 8 10 0 0 107490 101 0 0 80290 1 27200 100 8 10 8 10 0 0 107490 101 0 0 80290 1 27200 100 8 10 8 10 0 0 107490 101 0 0 80290 1 27200 100 8 10 8 10 0 0 107490 101 0 0 80290 1 27200 100 8 10 8 10 0 0 107490 101 0 0 80290 1 27200 100
43 0 1000 0 0 1000 0 1000 8 10 8 10 0 0 0 0 0 0 0 0 0 0 8 10 8 10 0 0 0 0 0 0 0 0 0 0 8 10 8 10 0 0 0 0 0 0 0 0 0 0 8 10 8 10 0 0 0 0 0 0 0 0 0 0 8 10 8 10 0 0 0 0 0 0 0 0 0 0 8 10 8 10 0 0 0 0 0 0 0 0 0 0
44 0 1000 0 0 1000 0 1000 8 10 8 10 0 0 0 0 0 0 0 0 0 0 8 10 8 10 0 0 0 0 0 0 0 0 0 0 8 10 8 10 0 0 0 0 0 0 0 0 0 0 8 10 8 10 0 0 0 0 0 0 0 0 0 0 8 10 8 10 0 0 0 0 0 0 0 0 0 0 8 10 8 10 0 0 0 0 0 0 0 0 0 0
45 0 1000 0 0 1000 0 1000 8 10 8 10 0 0 83639 1 83639 1 0 0 0 0 8 10 8 10 0 0 83639 1 83639 1 0 0 0 0 8 10 8 10 0 0 83639 1 83639 1 0 0 0 0 8 10 8 10 0 0 83639 1 83639 1 0 0 0 0 8 10 8 10 0 0 83639 1 83639 1 0 0 0 0 8 10 8 10 0 0 83639 1 83639 1 0 0 0 0
46 0 1000 0 0 1000 0 1000 9 11 9 11 0 0 108035 103 0 0 80291 1 27744 102 9 11 9 11 0 0 108035 103 0 0 80291 1 27744 102 9 11 9 11 0 0 108035 103 0 0 80291 1 27744 102 9 11 9 11 0 0 108035 103 0 0 80291 1 27744 102 9 11 9 11 0 0 108035 103 0 0 80291 1 27744 102 9 11 9 11 0 0 108035 103 0 0 80291 1 27744 102
47 0 1000 0 0 1000 0 1000 9 11 9 11 1 1 0 0 0 0 0 0 0 0 9 11 9 11 1 1 0 0 0 0 0 0 0 0 9 11 9 11 1 1 0 0 0 0 0 0 0 0 9 11 9 11 1 1 0 0 0 0 0 0 0 0 9 11 9 11 1 1 0 0 0 0 0 0 0 0 9 11 9 11 1 1 0 0 0 0 0 0 0 0
48 0 1000 0 0 1000 0 1000 9 11 9 11 1 1 0 0 0 0 0 0 0 0 9 11 9 11 1 1 0 0 0 0 0 0 0 0 9 11 9 11 1 1 0 0 0 0 0 0 0 0 9 11 9 11 1 1 0 0 0 0 0 0 0 0 9 11 9 11 1 1 0 0 0 0 0 0 0 0 9 11 9 11 1 1 0 0 0 0 0 0 0 0
49 0 1000 0 0 1000 0 1000 9 11 9 11 1 1 167406 2 167406 2 0 0 0 0 9 11 9 11 1 1 167406 2 167406 2 0 0 0 0 9 11 9 11 1 1 167406 2 167406 2 0 0 0 0 9 11 9 11 1 1 167406 2 167406 2 0 0 0 0 9 11 9 11 1 1 167406 2 167406 2 0 0 0 0 9 11 9 11 1 1 167406 2 167406 2 0 0 0 0
50 0 1000 0 0 1000 0 1000 10 12 10 12 1 1 104771 91 0 0 80291 1 24480 90 10 12 10 12 1 1 104771 91 0 0 80291 1 24480 90 10 12 10 12 1 1 104771 91 0 0 80291 1 24480 90 10 12 10 12 1 1 104771 91 0 0 80291 1 24480 90 10 12 10 12 1 1 104771 91 0 0 80291 1 24480 90 10 12 10 12 1 1 104771 91 0 0 80291 1 24480 90
51 0 1000 0 0 1000 0 1000 10 12 10 12 2 2 0 0 0 0 0 0 0 0 10 12 10 12 2 2 0 0 0 0 0 0 0 0 10 12 10 12 2 2 0 0 0 0 0 0 0 0 10 12 10 12 2 2 0 0 0 0 0 0 0 0 10 12 10 12 2 2 0 0 0 0 0 0 0 0 10 12 10 12 2 2 0 0 0 0 0 0 0 0
52 0 1000 0 0 1000 0 1000 10 12 10 12 2 2 0 0 0 0 0 0 0 0 10 12 10 12 2 2 0 0 0 0 0 0 0 0 10 12 10 12 2 2 0 0 0 0 0 0 0 0 10 12 10 12 2 2 0 0 0 0 0 0 0 0 10 12 10 12 2 2 0 0 0 0 0 0 0 0 10 12 10 12 2 2 0 0 0 0 0 0 0 0
53 0 1000 0 0 1000 0 1000 10 12 10 12 2 2 83319 1 83319 1 0 0 0 0 10 12 10 12 2 2 83319 1 83319 1 0 0 0 0 10 12 10 12 2 2 83319 1 83319 1 0 0 0 0 10 12 10 12 2 2 83319 1 83319 1 0 0 0 0 10 12 10 12 2 2 83319 1 83319 1 0 0 0 0 10 12 10 12 2 2 83319 1 83319 1 0 0 0 0
54 0 1000 0 0 1000 0 1000 11 13 11 13 2 2 112931 121 0 0 80291 1 32640 120 11 13 11 13 2 2 112931 121 0 0 80291 1 32640 120 11 13 11 13 2 2 112931 121 0 0 80291 1 32640 120 11 13 11 13 2 2 112931 121 0 0 80291 1 32640 120 11 13 11 13 2 2 112931 121 0 0 80291 1 32640 120 11 13 11 13 2 2 112931 121 0 0 80291 1 32640 120
55 0 1000 0 0 1000 0 1000 11 13 11 13 3 3 0 0 0 0 0 0 0 0 11 13 11 13 3 3 0 0 0 0 0 0 0 0 11 13 11 13 3 3 0 0 0 0 0 0 0 0 11 13 11 13 3 3 0 0 0 0 0 0 0 0 11 13 11 13 3 3 0 0 0 0 0 0 0 0 11 13 11 13 3 3 0 0 0 0 0 0 0 0
56 0 1000 0 0 1000 0 1000 11 13 11 13 3 3 0 0 0 0 0 0 0 0 11 13 11 13 3 3 0 0 0 0 0 0 0 0 11 13 11 13 3 3 0 0 0 0 0 0 0 0 11 13 11 13 3 3 0 0 0 0 0 0 0 0 11 13 11 13 3 3 0 0 0 0 0 0 0 0 11 13 11 13 3 3 0 0 0 0 0 0 0 0
57 0 1000 0 0 1000 0 1000 11 13 11 13 3 3 84279 1 84279 1 0 0 0 0 11 13 11 13 3 3 84279 1 84279 1 0 0 0 0 11 13 11 13 3 3 84279 1 84279 1 0 0 0 0 11 13 11 13 3 3 84279 1 84279 1 0 0 0 0 11 13 11 13 3 3 84279 1 84279 1 0 0 0 0 11 13 11 13 3 3 84279 1 84279 1 0 0 0 0
58 0 1000 0 0 1000 0 1000 12 14 12 14 3 3 106403 97 0 0 80291 1 26112 96 12 14 12 14 3 3 106403 97 0 0 80291 1 26112 96 12 14 12 14 3 3 106403 97 0 0 80291 1 26112 96 12 14 12 14 3 3 106403 97 0 0 80291 1 26112 96 12 14 12 14 3 3 106403 97 0 0 80291 1 26112 96 12 14 12 14 3 3 106403 97 0 0 80291 1 26112 96
59 0 1000 0 0 1000 0 1000 12 14 12 14 4 4 0 0 0 0 0 0 0 0 12 14 12 14 4 4 0 0 0 0 0 0 0 0 12 14 12 14 4 4 0 0 0 0 0 0 0 0 12 14 12 14 4 4 0 0 0 0 0 0 0 0 12 14 12 14 4 4 0 0 0 0 0 0 0 0 12 14 12 14 4 4 0 0 0 0 0 0 0 0
60 0 1000 0 0 1000 0 1000 12 14 12 14 4 4 0 0 0 0 0 0 0 0 12 14 12 14 4 4 0 0 0 0 0 0 0 0 12 14 12 14 4 4 0 0 0 0 0 0 0 0 12 14 12 14 4 4 0 0 0 0 0 0 0 0 12 14 12 14 4 4 0 0 0 0 0 0 0 0 12 14 12 14 4 4 0 0 0 0 0 0 0 0
61 0 1000 0 0 1000 0 1000 12 14 12 14 4 4 167021 2 167021 2 0 0 0 0 12 14 12 14 4 4 167021 2 167021 2 0 0 0 0 12 14 12 14 4 4 167021 2 167021 2 0 0 0 0 12 14 12 14 4 4 167021 2 167021 2 0 0 0 0 12 14 12 14 4 4 167021 2 167021 2 0 0 0 0 12 14 12 14 4 4 167021 2 167021 2 0 0 0 0
62 0 1000 0 0 1000 0 1000 13 15 13 15 4 4 111298 115 0 0 80290 1 31008 114 13 15 13 15 4 4 111298 115 0 0 80290 1 31008 114 13 15 13 15 4 4 111298 115 0 0 80290 1 31008 114 13 15 13 15 4 4 111298 115 0 0 80290 1 31008 114 13 15 13 15 4 4 111298 115 0 0 80290 1 31008 114 13 15 13 15 4 4 111298 115 0 0 80290 1 31008 114
63 0 1000 0 0 1000 0 1000 13 15 13 15 4 4 0 0 0 0 0 0 0 0 13 15 13 15 4 4 0 0 0 0 0 0 0 0 13 15 13 15 4 4 0 0 0 0 0 0 0 0 13 15 13 15 4 4 0 0 0 0 0 0 0 0 13 15 13 15 4 4 0 0 0 0 0 0 0 0 13 15 13 15 4 4 0 0 0 0 0 0 0 0
64 0 1000 0 0 1000 0 1000 13 15 13 15 4 4 0 0 0 0 0 0 0 0 13 15 13 15 4 4 0 0 0 0 0 0 0 0 13 15 13 15 4 4 0 0 0 0 0 0 0 0 13 15 13 15 4 4 0 0 0 0 0 0 0 0 13 15 13 15 4 4 0 0 0 0 0 0 0 0 13 15 13 15 4 4 0 0 0 0 0 0 0 0
65 0 1000 0 0 1000 0 1000 13 15 13 15 4 4 252261 3 252261 3 0 0 0 0 13 15 13 15 4 4 252261 3 252261 3 0 0 0 0 13 15 13 15 4 4 252261 3 252261 3 0 0 0 0 13 15 13 15 4 4 252261 3 252261 3 0 0 0 0 13 15 13 15 4 4 252261 3 252261 3 0 0 0 0 13 15 13 15 4 4 252261 3 252261 3 0 0 0 0
66 0 1000 0 0 1000 0 1000 14 16 14 16 4 4 106675 98 0 0 80291 1 26384 97 14 16 14 16 4 4 106675 98 0 0 80291 1 26384 97 14 16 14 16 4 4 106675 98 0 0 80291 1 26384 97 14 16 14 16 4 4 106675 98 0 0 80291 1 26384 97 14 16 14 16 4 4 106675 98 0 0 80291 1 26384 97 14 16 14 16 4 4 106675 98 0 0 80291 1 26384 97
67 0 1000 0 0 1000 0 1000 14 16 14 16 5 6 0 0 0 0 0 0 0 0 14 16 14 16 5 6 0 0 0 0 0 0 0 0 14 16 14 16 5 6 0 0 0 0 0 0 0 0 14 16 14 16 5 6 0 0 0 0 0 0 0 0 14 16 14 16 5 6 0 0 0 0 0 0 0 0 14 16 14 16 5 6 0 0 0 0 0 0 0 0
68 0 1000 0 0 1000 0 1000 14 16 14 16 5 6 0 0 0 0 0 0 0 0 14 16 14 16 5 6 0 0 0 0 0 0 0 0 14 16 14 16 5 6 0 0 0 0 0 0 0 0 14 16 14 16 5 6 0 0 0 0 0 0 0 0 14 16 14 16 5 6 0 0 0 0 0 0 0 0 14 16 14 16 5 6 0 0 0 0 0 0 0 0
69 0 1000 0 0 1000 0 1000 14 16 14 16 5 6 0 0 0 0 0 0 0 0 14 16 14 16 5 6 0 0 0 0 0 0 0 0 14 16 14 16 5 6 0 0 0 0 0 0 0 0 14 16 14 16 5 6 0 0 0 0 0 0 0 0 14 16 14 16 5 6 0 0 0 0 0 0 0 0 14 16 14 16 5 6 0 0 0 0 0 0 0 0
70 0 1000 0 0 1000 0 1000 14 16 14 16 5 6 26384 97 0 0 0 0 26384 97 14 16 14 16 5 6 26384 97 0 0 0 0 26384 97 14 16 14 16 5 6 26384 97 0 0 0 0 26384 97 14 16 14 16 5 6 26384 97 0 0 0 0 26384 97 14 16 14 16 5 6 26384 97 0 0 0 0 26384 97 14 16 14 16 5 6 26384 97 0 0 0 0 26384 97
71 0 1000 0 0 1000 0 1000 14 16 14 16 5 6 0 0 0 0 0 0 0 0 14 16 14 16 5 6 0 0 0 0 0 0 0 0 14 16 14 16 5 6 0 0 0 0 0 0 0 0 14 16 14 16 5 6 0 0 0 0 0 0 0 0 14 16 14 16 5 6 0 0 0 0 0 0 0 0 14 16 14 16 5 6 0 0 0 0 0 0 0 0
72 0 1000 0 0 1000 0 1000 14 16 14 16 5 6 0 0 0 0 0 0 0 0 14 16 14 16 5 6 0 0 0 0 0 0 0 0 14 16 14 16 5 6 0 0 0 0 0 0 0 0 14 16 14 16 5 6 0 0 0 0 0 0 0 0 14 16 14 16 5 6 0 0 0 0 0 0 0 0 14 16 14 16 5 6 0 0 0 0 0 0 0 0
73 0 1000 0 0 1000 0 1000 14 16 14 16 5 6 83543 1 83543 1 0 0 0 0 14 16 14 16 5 6 83543 1 83543 1 0 0 0 0 14 16 14 16 5 6 83543 1 83543 1 0 0 0 0 14 16 14 16 5 6 83543 1 83543 1 0 0 0 0 14 16 14 16 5 6 83543 1 83543 1 0 0 0 0 14 16 14 16 5 6 83543 1 83543 1 0 0 0 0
74 0 1000 0 0 1000 0 1000 15 18 15 18 5 6 108307 104 0 0 80291 1 28016 103 15 18 15 18 5 6 108307 104 0 0 80291 1 28016 103 15 18 15 18 5 6 108307 104 0 0 80291 1 28016 103 15 18 15 18 5 6 108307 104 0 0 80291 1 28016 103 15 18 15 18 5 6 108307 104 0 0 80291 1 28016 103 15 18 15 18 5 6 108307 104 0 0 80291 1 28016 103
75 0 1000 0 0 1000 0 1000 15 18 15 18 6 8 0 0 0 0 0 0 0 0 15 18 15 18 6 8 0 0 0 0 0 0 0 0 15 18 15 18 6 8 0 0 0 0 0 0 0 0 15 18 15 18 6 8 0 0 0 0 0 0 0 0 15 18 15 18 6 8 0 0 0 0 0 0 0 0 15 18 15 18 6 8 0 0 0 0 0 0 0 0
76 0 1000 0 0 1000 0 1000 15 18 15 18 6 8 0 0 0 0 0 0 0 0 15 18 15 18 6 8 0 0 0 0 0 0 0 0 15 18 15 18 6 8 0 0 0 0 0 0 0 0 15 18 15 18 6 8 0 0 0 0 0 0 0 0 15 18 15 18 6 8 0 0 0 0 0 0 0 0 15 18 15 18 6 8 0 0 0 0 0 0 0 0
77 0 1000 0 0 1000 0 1000 15 18 15 18 6 8 167470 2 167470 2 0 0 0 0 15 18 15 18 6 8 167470 2 167470 2 0 0 0 0 15 18 15 18 6 8 167470 2 167470 2 0 0 0 0 15 18 15 18 6 8 167470 2 167470 2 0 0 0 0 15 18 15 18 6 8 167470 2 167470 2 0 0 0 0 15 18 15 18 6 8 167470 2 167470 2 0 0 0 0
78 0 1000 0 0 1000 0 1000 16 19 16 19 6 8 107763 102 0 0 80291 1 27472 101 16 19 16 19 6 8 107763 102 0 0 80291 1 27472 101 16 19 16 19 6 8 107763 102 0 0 80291 1 27472 101 16 19 16 19 6 8 107763 102 0 0 80291 1 27472 101 16 19 16 19 6 8 107763 102 0 0 80291 1 27472 101 16 19 16 19 6 8 107763 102 0 0 80291 1 27472 101
79 0 1000 0 0 1000 0 1000 16 19 16 19 7 9 0 0 0 0 0 0 0 0 16 19 16 19 7 9 0 0 0 0 0 0 0 0 16 19 16 19 7 9 0 0 0 0 0 0 0 0 16 19 16 19 7 9 0 0 0 0 0 0 0 0 16 19 16 19 7 9 0 0 0 0 0 0 0 0 16 19 16 19 7 9 0 0 0 0 0 0 0 0
80 0 1000 0 0 1000 0 1000 16 19 16 19 7 9 0 0 0 0 0 0 0 0 16 19 16 19 7 9 0 0 0 0 0 0 0 0 16 19 16 19 7 9 0 0 0 0 0 0 0 0 16 19 16 19 7 9 0 0 0 0 0 0 0 0 16 19 16 19 7 9 0 0 0 0 0 0 0 0 16 19 16 19 7 9 0 0 0 0 0 0 0 0
81 0 1000 0 0 1000 0 1000 16 19 16 19 7 9 0 0 0 0 0 0 0 0 16 19 16 19 7 9 0 0 0 0 0 0 0 0 16 19 16 19 7 9 0 0 0 0 0 0 0 0 16 19 16 19 7 9 0 0 0 0 0 0 0 0 16 19 16 19 7 9 0 0 0 0 0 0 0 0 16 19 16 19 7 9 0 0 0 0 0 0 0 0
82 0 1000 0 0 1000 0 1000 16 19 16 19 7 9 28832 106 0 0 0 0 28832 106 16 19 16 19 7 9 28832 106 0 0 0 0 28832 106 16 19 16 19 7 9 28832 106 0 0 0 0 28832 106 16 19 16 19 7 9 28832 106 0 0 0 0 28832 106 16 19 16 19 7 9 28832 106 0 0 0 0 28832 106 16 19 16 19 7 9 28832 106 0 0 0 0 28832 106
83 0 1000 0 0 1000 0 1000 16 19 16 19 8 10 0 0 0 0 0 0 0 0 16 19 16 19 8 10 0 0 0 0 0 0 0 0 16 19 16 19 8 10 0 0 0 0 0 0 0 0 16 19 16 19 8 10 0 0 0 0 0 0 0 0 16 19 16 19 8 10 0 0 0 0 0 0 0 0 16 19 16 19 8 10 0 0 0 0 0 0 0 0
84 0 1000 0 0 1000 0 1000 16 19 16 19 8 10 0 0 0 0 0 0 0 0 16 19 16 19 8 10 0 0 0 0 0 0 0 0 16 19 16 19 8 10 0 0 0 0 0 0 0 0 16 19 16 19 8 10 0 0 0 0 0 0 0 0 16 19 16 19 8 10 0 0 0 0 0 0 0 0 16 19 16 19 8 10 0 0 0 0 0 0 0 0
85 0 1000 0 0 1000 0 1000 16 19 16 19 8 10 83831 1 83831 1 0 0 0 0 16 19 16 19 8 10 83831 1 83831 1 0 0 0 0 16 19 16 19 8 10 83831 1 83831 1 0 0 0 0 16 19 16 19 8 10 83831 1 83831 1 0 0 0 0 16 19 16 19 8 10 83831 1 83831 1 0 0 0 0 16 19 16 19 8 10 83831 1 83831 1 0 0 0 0
86 0 1000 0 0 1000 0 1000 17 21 17 21 8 10 104771 91 0 0 80291 1 24480 90 17 21 17 21 8 10 104771 91 0 0 80291 1 24480 90 17 21 17 21 8 10 104771 91 0 0 80291 1 24480 90 17 21 17 21 8 10 104771 91 0 0 80291 1 24480 90 17 21 17 21 8 10 104771 91 0 0 80291 1 24480 90 17 21 17 21 8 10 104771 91 0 0 80291 1 24480 90
87 0 1000 0 0 1000 0 1000 17 21 17 21 9 11 0 0 0 0 0 0 0 0 17 21 17 21 9 11 0 0 0 0 0 0 0 0 17 21 17 21 9 11 0 0 0 0 0 0 0 0 17 21 17 21 9 11 0 0 0 0 0 0 0 0 17 21 17 21 9 11 0 0 0 0 0 0 0 0 17 21 17 21 9 11 0 0 0 0 0 0 0 0
88 0 1000 0 0 1000 0 1000 17 21 17 21 9 11 0 0 0 0 0 0 0 0 17 21 17 21 9 11 0 0 0 0 0 0 0 0 17 21 17 21 9 11 0 0 0 0 0 0 0 0 17 21 17 21 9 11 0 0 0 0 0 0 0 0 17 21 17 21 9 11 0 0 0 0 0 0 0 0 17 21 17 21 9 11 0 0 0 0 0 0 0 0
89 0 1000 0 0 1000 0 1000 17 21 17 21 9 11 0 0 0 0 0 0 0 0 17 21 17 21 9 11 0 0 0 0 0 0 0 0 17 21 17 21 9 11 0 0 0 0 0 0 0 0 17 21 17 21 9 11 0 0 0 0 0 0 0 0 17 21 17 21 9 11 0 0 0 0 0 0 0 0 17 21 17 21 9 11 0 0 0 0 0 0 0 0
90 0 1000 0 0 1000 0 1000 17 21 17 21 9 11 27200 100 0 0 0 0 27200 100 17 21 17 21 9 11 27200 100 0 0 0 0 27200 100 17 21 17 21 9 11 27200 100 0 0 0 0 27200 100 17 21 17 21 9 11 27200 100 0 0 0 0 27200 100 17 21 17 21 9 11 27200 100 0 0 0 0 27200 100 17 21 17 21 9 11 27200 100 0 0 0 0 27200 100
91 0 1000 0 0 1000 0 1000 17 21 17 21 10 12 0 0 0 0 0 0 0 0 17 21 17 21 10 12 0 0 0 0 0 0 0 0 17 21 17 21 10 12 0 0 0 0 0 0 0 0 17 21 17 21 10 12 0 0 0 0 0 0 0 0 17 21 17 21 10 12 0 0 0 0 0 0 0 0 17 21 17 21 10 12 0 0 0 0 0 0 0 0
92 0 1000 0 0 1000 0 1000 17 21 17 21 10 12 0 0 0 0 0 0 0 0 17 21 17 21 10 12 0 0 0 0 0 0 0 0 17 21 17 21 10 12 0 0 0 0 0 0 0 0 17 21 17 21 10 12 0 0 0 0 0 0 0 0 17 21 17 21 10 12 0 0 0 0 0 0 0 0 17 21 17 21 10 12 0 0 0 0 0 0 0 0
93 0 1000 0 0 1000 0 1000 17 21 17 21 10 12 83639 1 83639 1 0 0 0 0 17 21 17 21 10 12 83639 1 83639 1 0 0 0 0 17 21 17 21 10 12 83639 1 83639 1 0 0 0 0 17 21 17 21 10 12 83639 1 83639 1 0 0 0 0 17 21 17 21 10 12 83639 1 83639 1 0 0 0 0 17 21 17 21 10 12 83639 1 83639 1 0 0 0 0
94 0 1000 0 0 1000 0 1000 18 23 18 23 10 12 112387 119 0 0 80291 1 32096 118 18 23 18 23 10 12 112387 119 0 0 80291 1 32096 118 18 23 18 23 10 12 112387 119 0 0 80291 1 32096 118 18 23 18 23 10 12 112387 119 0 0 80291 1 32096 118 18 23 18 23 10 12 112387 119 0 0 80291 1 32096 118 18 23 18 23 10 12 112387 119 0 0 80291 1 32096 118
95 0 1000 0 0 1000 0 1000 18 23 18 23 11 13 0 0 0 0 0 0 0 0 18 23 18 23 11 13 0 0 0 0 0 0 0 0 18 23 18 23 11 13 0 0 0 0 0 0 0 0 18 23 18 23 11 13 0 0 0 0 0 0 0 0 18 23 18 23 11 13 0 0 0 0 0 0 0 0 18 23 18 23 11 13 0 0 0 0 0 0 0 0
96 0 1000 0 0 1000 0 1000 18 23 18 23 11 13 0 0 0 0 0 0 0 0 18 23 18 23 11 13 0 0 0 0 0 0 0 0 18 23 18 23 11 13 0 0 0 0 0 0 0 0 18 23 18 23 11 13 0 0 0 0 0 0 0 0 18 23 18 23 11 13 0 0 0 0 0 0 0 0 18 23 18 23 11 13 0 0 0 0 0 0 0 0
97 0 1000 0 0 1000 0 1000 18 23 18 23 11 13 84215 1 84215 1 0 0 0 0 18 23 18 23 11 13 84215 1 84215 1 0 0 0 0 18 23 18 23 11 13 84215 1 84215 1 0 0 0 0 18 23 18 23 11 13 84215 1 84215 1 0 0 0 0 18 23 18 23 11 13 84215 1 84215 1 0 0 0 0 18 23 18 23 11 13 84215 1 84215 1 0 0 0 0
98 0 1000 0 0 1000 0 1000 19 24 19 24 11 13 109395 108 0 0 80291 1 29104 107 19 24 19 24 11 13 109395 108 0 0 80291 1 29104 107 19 24 19 24 11 13 109395 108 0 0 80291 1 29104 107 19 24 19 24 11 13 109395 108 0 0 80291 1 29104 107 19 24 19 24 11 13 109395 108 0 0 80291 1 29104 107 19 24 19 24 11 13 109395 108 0 0 80291 1 29104 107
99 0 1000 0 0 1000 0 1000 19 24 19 24 12 14 0 0 0 0 0 0 0 0 19 24 19 24 12 14 0 0 0 0 0 0 0 0 19 24 19 24 12 14 0 0 0 0 0 0 0 0 19 24 19 24 12 14 0 0 0 0 0 0 0 0 19 24 19 24 12 14 0 0 0 0 0 0 0 0 19 24 19 24 12 14 0 0 0 0 0 0 0 0
100 0 1000 0 0 1000 0 1000 19 24 19 24 12 14 0 0 0 0 0 0 0 0 19 24 19 24 12 14 0 0 0 0 0 0 0 0 19 24 19 24 12 14 0 0 0 0 0 0 0 0 19 24 19 24 12 14 0 0 0 0 0 0 0 0 19 24 19 24 12 14 0 0 0 0 0 0 0 0 19 24 19 24 12 14 0 0 0 0 0 0 0 0
101 0 1000 0 0 1000 0 1000 19 24 19 24 12 14 83863 1 83863 1 0 0 0 0 19 24 19 24 12 14 83863 1 83863 1 0 0 0 0 19 24 19 24 12 14 83863 1 83863 1 0 0 0 0 19 24 19 24 12 14 83863 1 83863 1 0 0 0 0 19 24 19 24 12 14 83863 1 83863 1 0 0 0 0 19 24 19 24 12 14 83863 1 83863 1 0 0 0 0
102 0 1000 0 0 1000 0 1000 20 25 20 25 12 14 102867 84 0 0 80291 1 22576 83 20 25 20 25 12 14 102867 84 0 0 80291 1 22576 83 20 25 20 25 12 14 102867 84 0 0 80291 1 22576 83 20 25 20 25 12 14 102867 84 0 0 80291 1 22576 83 20 25 20 25 12 14 102867 84 0 0 80291 1 22576 83 20 25 20 25 12 14 102867 84 0 0 80291 1 22576 83
103 0 1000 0 0 1000 0 1000 20 25 20 25 13 15 0 0 0 0 0 0 0 0 20 25 20 25 13 15 0 0 0 0 0 0 0 0 20 25 20 25 13 15 0 0 0 0 0 0 0 0 20 25 20 25 13 15 0 0 0 0 0 0 0 0 20 25 20 25 13 15 0 0 0 0 0 0 0 0 20 25 20 25 13 15 0 0 0 0 0 0 0 0
104 0 1000 0 0 1000 0 1000 20 25 20 25 13 15 0 0 0 0 0 0 0 0 20 25 20 25 13 15 0 0 0 0 0 0 0 0 20 25 20 25 13 15 0 0 0 0 0 0 0 0 20 25 20 25 13 15 0 0 0 0 0 0 0 0 20 25 20 25 13 15 0 0 0 0 0 0 0 0 20 25 20 25 13 15 0 0 0 0 0 0 0 0
105 0 1000 0 0 1000 0 1000 20 25 20 25 13 15 249285 3 249285 3 0 0 0 0 20 25 20 25 13 15 249285 3 249285 3 0 0 0 0 20 25 20 25 13 15 249285 3 249285 3 0 0 0 0 20 25 20 25 13 15 249285 3 249285 3 0 0 0 0 20 25 20 25 13 15 249285 3 249285 3 0 0 0 0 20 25 20 25 13 15 249285 3 249285 3 0 0 0 0
106 0 1000 0 0 1000 0 1000 21 26 21 26 13 15 111843 117 0 0 80291 1 31552 116 21 26 21 26 13 15 111843 117 0 0 80291 1 31552 116 21 26 21 26 13 15 111843 117 0 0 80291 1 31552 116 21 26 21 26 13 15 111843 117 0 0 80291 1 31552 116 21 26 21 26 13 15 111843 117 0 0 80291 1 31552 116 21 26 21 26 13 15 111843 117 0 0 80291 1 31552 116
107 0 1000 0 0 1000 0 1000 21 26 21 26 14 16 0 0 0 0 0 0 0 0 21 26 21 26 14 16 0 0 0 0 0 0 0 0 21 26 21 26 14 16 0 0 0 0 0 0 0 0 21 26 21 26 14 16 0 0 0 0 0 0 0 0 21 26 21 26 14 16 0 0 0 0 0 0 0 0 21 26 21 26 14 16 0 0 0 0 0 0 0 0
108 0 1000 0 0 1000 0 1000 21 26 21 26 14 16 0 0 0 0 0 0 0 0 21 26 21 26 14 16 0 0 0 0 0 0 0 0 21 26 21 26 14 16 0 0 0 0 0 0 0 0 21 26 21 26 14 16 0 0 0 0 0 0 0 0 21 26 21 26 14 16 0 0 0 0 0 0 0 0 21 26 21 26 14 16 0 0 0 0 0 0 0 0
109 0 1000 0 0 1000 0 1000 21 26 21 26 14 16 168301 2 168301 2 0 0 0 0 21 26 21 26 14 16 168301 2 168301 2 0 0 0 0 21 26 21 26 14 16 168301 2 168301 2 0 0 0 0 21 26 21 26 14 16 168301 2 168301 2 0 0 0 0 21 26 21 26 14 16 168301 2 168301 2 0 0 0 0 21 26 21 26 14 16 168301 2 168301 2 0 0 0 0
110 0 1000 0 0 1000 0 1000 22 27 22 27 14 16 105043 92 0 0 80291 1 24752 91 22 27 22 27 14 16 105043 92 0 0 80291 1 24752 91 22 27 22 27 14 16 105043 92 0 0 80291 1 24752 91 22 27 22 27 14 16 105043 92 0 0 80291 1 24752 91 22 27 22 27 14 16 105043 92 0 0 80291 1 24752 91 22 27 22 27 14 16 105043 92 0 0 80291 1 24752 91
111 0 1000 0 0 1000 0 1000 22 27 22 27 14 16 0 0 0 0 0 0 0 0 22 27 22 27 14 16 0 0 0 0 0 0 0 0 22 27 22 27 14 16 0 0 0 0 0 0 0 0 22 27 22 27 14 16 0 0 0 0 0 0 0 0 22 27 22 27 14 16 0 0 0 0 0 0 0 0 22 27 22 27 14 16 0 0 0 0 0 0 0 0
112 0 1000 0 0 1000 0 1000 22 27 22 27 14 16 0 0 0 0 0 0 0 0 22 27 22 27 14 16 0 0 0 0 0 0 0 0 22 27 22 27 14 16 0 0 0 0 0 0 0 0 22 27 22 27 14 16 0 0 0 0 0 0 0 0 22 27 22 27 14 16 0 0 0 0 0 0 0 0 22 27 22 27 14 16 0 0 0 0 0 0 0 0
113 0 1000 0 0 1000 0 1000 22 27 22 27 14 16 83351 1 83351 1 0 0 0 0 22 27 22 27 14 16 83351 1 83351 1 0 0 0 0 22 27 22 27 14 16 83351 1 83351 1 0 0 0 0 22 27 22 27 14 16 83351 1 83351 1 0 0 0 0 22 27 22 27 14 16 83351 1 83351 1 0 0 0 0 22 27 22 27 14 16 83351 1 83351 1 0 0 0 0
114 0 1000 0 0 1000 0 1000 23 28 23 28 14 16 108579 105 0 0 80291 1 28288 104 23 28 23 28 14 16 108579 105 0 0 80291 1 28288 104 23 28 23 28 14 16 108579 105 0 0 80291 1 28288 104 23 28 23 28 14 16 108579 105 0 0 80291 1 28288 104 23 28 23 28 14 16 108579 105 0 0 80291 1 28288 104 23 28 23 28 14 16 108579 105 0 0 80291 1 28288 104
115 0 1000 0 0 1000 0 1000 23 28 23 28 15 18 0 0 0 0 0 0 0 0 23 28 23 28 15 18 0 0 0 0 0 0 0 0 23 28 23 28 15 18 0 0 0 0 0 0 0 0 23 28 23 28 15 18 0 0 0 0 0 0 0 0 23 28 23 28 15 18 0 0 0 0 0 0 0 0 23 28 23 28 15 18 0 0 0 0 0 0 0 0
116 0 1000 0 0 1000 0 1000 23 28 23 28 15 18 0 0 0 0 0 0 0 0 23 28 23 28 15 18 0 0 0 0 0 0 0 0 23 28 23 28 15 18 0 0 0 0 0 0 0 0 23 28 23 28 15 18 0 0 0 0 0 0 0 0 23 28 23 28 15 18 0 0 0 0 0 0 0 0 23 28 23 28 15 18 0 0 0 0 0 0 0 0
117 0 1000 0 0 1000 0 1000 23 28 23 28 15 18 83767 1 83767 1 0 0 0 0 23 28 23 28 15 18 83767 1 83767 1 0 0 0 0 23 28 23 28 15 18 83767 1 83767 1 0 0 0 0 23 28 23 28 15 18 83767 1 83767 1 0 0 0 0 23 28 23 28 15 18 83767 1 83767 1 0 0 0 0 23 28 23 28 15 18 83767 1 83767 1 0 0 0 0
118 0 1000 0 0 1000 0 1000 24 29 24 29 15 18 105859 95 0 0 80291 1 25568 94 24 29 24 29 15 18 105859 95 0 0 80291 1 25568 94 24 29 24 29 15 18 105859 95 0 0 80291 1 25568 94 24 29 24 29 15 18 105859 95 0 0 80291 1 25568 94 24 29 24 29 15 18 105859 95 0 0 80291 1 25568 94 24 29 24 29 15 18 105859 95 0 0 80291 1 25568 94
119 0 1000 0 0 1000 0 1000 24 29 24 29 16 19 0 0 0 0 0 0 0 0 24 29 24 29 16 19 0 0 0 0 0 0 0 0 24 29 24 29 16 19 0 0 0 0 0 0 0 0 24 29 24 29 16 19 0 0 0 0 0 0 0 0 24 29 24 29 16 19 0 0 0 0 0 0 0 0 24 29 24 29 16 19 0 0 0 0 0 0 0 0
120 0 1000 0 0 1000 0 1000 24 29 24 29 16 19 0 0 0 0 0 0 0 0 24 29 24 29 16 19 0 0 0 0 0 0 0 0 24 29 24 29 16 19 0 0 0 0 0 0 0 0 24 29 24 29 16 19 0 0 0 0 0 0 0 0 24 29 24 29 16 19 0 0 0 0 0 0 0 0 24 29 24 29 16 19 0 0 0 0 0 0 0 0
121 0 1000 0 0 1000 0 1000 24 29 24 29 16 19 83447 1 83447 1 0 0 0 0 24 29 24 29 16 19 83447 1 83447 1 0 0 0 0 24 29 24 29 16 19 83447 1 83447 1 0 0 0 0 24 29 24 29 16 19 83447 1 83447 1 0 0 0 0 24 29 24 29 16 19 83447 1 83447 1 0 0 0 0 24 29 24 29 16 19 83447 1 83447 1 0 0 0 0
122 0 1000 0 0 1000 0 1000 25 30 25 30 16 19 108851 106 0 0 80291 1 28560 105 25 30 25 30 16 19 108851 106 0 0 80291 1 28560 105 25 30 25 30 16 19 108851 106 0 0 80291 1 28560 105 25 30 25 30 16 19 108851 106 0 0 80291 1 28560 105 25 30 25 30 16 19 108851 106 0 0 80291 1 28560 105 25 30 25 30 16 19 108851 106 0 0 80291 1 28560 105
123 0 1000 0 0 1000 0 1000 25 30 25 30 16 19 0 0 0 0 0 0 0 0 25 30 25 30 16 19 0 0 0 0 0 0 0 0 25 30 25 30 16 19 0 0 0 0 0 0 0 0 25 30 25 30 16 19 0 0 0 0 0 0 0 0 25 30 25 30 16 19 0 0 0 0 0 0 0 0 25 30 25 30 16 19 0 0 0 0 0 0 0 0
124 0 1000 0 0 1000 0 1000 25 30 25 30 16 19 0 0 0 0 0 0 0 0 25 30 25 30 16 19 0 0 0 0 0 0 0 0 25 30 25 30 16 19 0 0 0 0 0 0 0 0 25 30 25 30 16 19 0 0 0 0 0 0 0 0 25 30 25 30 16 19 0 0 0 0 0 0 0 0 25 30 25 30 16 19 0 0 0 0 0 0 0 0
125 0 1000 0 0 1000 0 1000 25 30 25 30 16 19 83797 1 83797 1 0 0 0 0 25 30 25 30 16 19 83797 1 83797 1 0 0 0 0 25 30 25 30 16 19 83797 1 83797 1 0 0 0 0 25 30 25 30 16 19 83797 1 83797 1 0 0 0 0 25 30 25 30 16 19 83797 1 83797 1 0 0 0 0 25 30 25 30 16 19 83797 1 83797 1 0 0 0 0
126 0 1000 0 0 1000 0 1000 26 31 26 31 16 19 111569 116 0 0 80289 1 31280 115 26 31 26 31 16 19 111569 116 0 0 80289 1 31280 115 26 31 26 31 16 19 111569 116 0 0 80289 1 31280 115 26 31 26 31 16 19 111569 116 0 0 80289 1 31280 115 26 31 26 31 16 19 111569 116 0 0 80289 1 31280 115 26 31 26 31 16 19 111569 116 0 0 80289 1 31280 115
127 0 1000 0 0 1000 0 1000 26 31 26 31 17 21 0 0 0 0 0 0 0 0 26 31 26 31 17 21 0 0 0 0 0 0 0 0 26 31 26 31 17 21 0 0 0 0 0 0 0 0 26 31 26 31 17 21 0 0 0 0 0 0 0 0 26 31 26 31 17 21 0 0 0 0 0 0 0 0 26 31 26 31 17 21 0 0 0 0 0 0 0 0
128 0 1000 0 0 1000 0 1000 26 31 26 31 17 21 0 0 0 0 0 0 0 0 26 31 26 31 17 21 0 0 0 0 0 0 0 0 26 31 26 31 17 21 0 0 0 0 0 0 0 0 26 31 26 31 17 21 0 0 0 0 0 0 0 0 26 31 26 31 17 21 0 0 0 0 0 0 0 0 26 31 26 31 17 21 0 0 0 0 0 0 0 0
129 0 1000 0 0 1000 0 1000 26 31 26 31 17 21 84119 1 84119 1 0 0 0 0 26 31 26 31 17 21 84119 1 84119 1 0 0 0 0 26 31 26 31 17 21 84119 1 84119 1 0 0 0 0 26 31 26 31 17 21 84119 1 84119 1 0 0 0 0 26 31 26 31 17 21 84119 1 84119 1 0 0 0 0 26 31 26 31 17 21 84119 1 84119 1 0 0 0 0
130 0 1000 0 0 1000 0 1000 27 32 27 32 17 21 106675 98 0 0 80291 1 26384 97 27 32 27 32 17 21 106675 98 0 0 80291 1 26384 97 27 32 27 32 17 21 106675 98 0 0 80291 1 26384 97 27 32 27 32 17 21 106675 98 0 0 80291 1 26384 97 27 32 27 32 17 21 106675 98 0 0 80291 1 26384 97 27 32 27 32 17 21 106675 98 0 0 80291 1 26384 97
131 0 1000 0 0 1000 0 1000 27 32 27 32 17 21 0 0 0 0 0 0 0 0 27 32 27 32 17 21 0 0 0 0 0 0 0 0 27 32 27 32 17 21 0 0 0 0 0 0 0 0 27 32 27 32 17 21 0 0 0 0 0 0 0 0 27 32 27 32 17 21 0 0 0 0 0 0 0 0 27 32 27 32 17 21 0 0 0 0 0 0 0 0
132 0 1000 0 0 1000 0 1000 27 32 27 32 17 21 0 0 0 0 0 0 0 0 27 32 27 32 17 21 0 0 0 0 0 0 0 0 27 32 27 32 17 21 0 0 0 0 0 0 0 0 27 32 27 32 17 21 0 0 0 0 0 0 0 0 27 32 27 32 17 21 0 0 0 0 0 0 0 0 27 32 27 32 17 21 0 0 0 0 0 0 0 0
133 0 1000 0 0 1000 0 1000 27 32 27 32 17 21 0 0 0 0 0 0 0 0 27 32 27 32 17 21 0 0 0 0 0 0 0 0 27 32 27 32 17 21 0 0 0 0 0 0 0 0 27 32 27 32 17 21 0 0 0 0 0 0 0 0 27 32 27 32 17 21 0 0 0 0 0 0 0 0 27 32 27 32 17 21 0 0 0 0 0 0 0 0
134 0 1000 0 0 1000 0 1000 27 32 27 32 17 21 26656 98 0 0 0 0 26656 98 27 32 27 32 17 21 26656 98 0 0 0 0 26656 98 27 32 27 32 17 21 26656 98 0 0 0 0 26656 98 27 32 27 32 17 21 26656 98 0 0 0 0 26656 98 27 32 27 32 17 21 26656 98 0 0 0 0 26656 98 27 32 27 32 17 21 26656 98 0 0 0 0 26656 98
135 0 1000 0 0 1000 0 1000 27 32 27 32 18 23 0 0 0 0 0 0 0 0 27 32 27 32 18 23 0 0 0 0 0 0 0 0 27 32 27 32 18 23 0 0 0 0 0 0 0 0 27 32 27 32 18 23 0 0 0 0 0 0 0 0 27 32 27 32 18 23 0 0 0 0 0 0 0 0 27 32 27 32 18 23 0 0 0 0 0 0 0 0
136 0 1000 0 0 1000 0 1000 27 32 27 32 18 23 0 0 0 0 0 0 0 0 27 32 27 32 18 23 0 0 0 0 0 0 0 0 27 32 27 32 18 23 0 0 0 0 0 0 0 0 27 32 27 32 18 23 0 0 0 0 0 0 0 0 27 32 27 32 18 23 0 0 0 0 0 0 0 0 27 32 27 32 18 23 0 0 0 0 0 0 0 0
137 0 1000 0 0 1000 0 1000 27 32 27 32 18 23 334300 4 334300 4 0 0 0 0 27 32 27 32 18 23 334300 4 334300 4 0 0 0 0 27 32 27 32 18 23 334300 4 334300 4 0 0 0 0 27 32 27 32 18 23 334300 4 334300 4 0 0 0 0 27 32 27 32 18 23 334300 4 334300 4 0 0 0 0 27 32 27 32 18 23 334300 4 334300 4 0 0 0 0
138 0 1000 0 0 1000 0 1000 28 34 28 34 18 23 107219 100 0 0 80291 1 26928 99 28 34 28 34 18 23 107219 100 0 0 80291 1 26928 99 28 34 28 34 18 23 107219 100 0 0 80291 1 26928 99 28 34 28 34 18 23 107219 100 0 0 80291 1 26928 99 28 34 28 34 18 23 107219 100 0 0 80291 1 26928 99 28 34 28 34 18 23 107219 100 0 0 80291 1 26928 99
139 0 1000 0 0 1000 0 1000 28 34 28 34 19 24 0 0 0 0 0 0 0 0 28 34 28 34 19 24 0 0 0 0 0 0 0 0 28 34 28 34 19 24 0 0 0 0 0 0 0 0 28 34 28 34 19 24 0 0 0 0 0 0 0 0 28 34 28 34 19 24 0 0 0 0 0 0 0 0 28 34 28 34 19 24 0 0 0 0 0 0 0 0
140 0 1000 0 0 1000 0 1000 28 34 28 34 19 24 0 0 0 0 0 0 0 0 28 34 28 34 19 24 0 0 0 0 0 0 0 0 28 34 28 34 19 24 0 0 0 0 0 0 0 0 28 34 28 34 19 24 0 0 0 0 0 0 0 0 28 34 28 34 19 24 0 0 0 0 0 0 0 0 28 34 28 34 19 24 0 0 0 0 0 0 0 0
141 0 1000 0 0 1000 0 1000 28 34 28 34 19 24 83606 1 83606 1 0 0 0 0 28 34 28 34 19 24 83606 1 83606 1 0 0 0 0 28 34 28 34 19 24 83606 1 83606 1 0 0 0 0 28 34 28 34 19 24 83606 1 83606 1 0 0 0 0 28 34 28 34 19 24 83606 1 83606 1 0 0 0 0 28 34 28 34 19 24 83606 1 83606 1 0 0 0 0
142 0 1000 0 0 1000 0 1000 29 35 29 35 19 24 107762 102 0 0 80290 1 27472 101 29 35 29 35 19 24 107762 102 0 0 80290 1 27472 101 29 35 29 35 19 24 107762 102 0 0 80290 1 27472 101 29 35 29 35 19 24 107762 102 0 0 80290 1 27472 101 29 35 29 35 19 24 107762 102 0 0 80290 1 27472 101 29 35 29 35 19 24 107762 102 0 0 80290 1 27472 101
143 0 1000 0 0 1000 0 1000 29 35 29 35 20 25 0 0 0 0 0 0 0 0 29 35 29 35 20 25 0 0 0 0 0 0 0 0 29 35 29 35 20 25 0 0 0 0 0 0 0 0 29 35 29 35 20 25 0 0 0 0 0 0 0 0 29 35 29 35 20 25 0 0 0 0 0 0 0 0 29 35 29 35 20 25 0 0 0 0 0 0 0 0
144 0 1000 0 0 1000 0 1000 29 35 29 35 20 25 0 0 0 0 0 0 0 0 29 35 29 35 20 25 0 0 0 0 0 0 0 0 29 35 29 35 20 25 0 0 0 0 0 0 0 0 29 35 29 35 20 25 0 0 0 0 0 0 0 0 29 35 29 35 20 25 0 0 0 0 0 0 0 0 29 35 29 35 20 25 0 0 0 0 0 0 0 0
145 0 1000 0 0 1000 0 1000 29 35 29 35 20 25 0 0 0 0 0 0 0 0 29 35 29 35 20 25 0 0 0 0 0 0 0 0 29 35 29 35 20 25 0 0 0 0 0 0 0 0 29 35 29 35 20 25 0 0 0 0 0 0 0 0 29 35 29 35 20 25 0 0 0 0 0 0 0 0 29 35 29 35 20 25 0 0 0 0 0 0 0 0
146 0 1000 0 0 1000 0 1000 29 35 29 35 20 25 23664 87 0 0 0 0 23664 87 29 35 29 35 20 25 23664 87 0 0 0 0 23664 87 29 35 29 35 20 25 23664 87 0 0 0 0 23664 87 29 35 29 35 20 25 23664 87 0 0 0 0 23664 87 29 35 29 35 20 25 23664 87 0 0 0 0 23664 87 29 35 29 35 20 25 23664 87 0 0 0 0 23664 87
147 0 1000 0 0 1000 0 1000 29 35 29 35 21 26 0 0 0 0 0 0 0 0 29 35 29 35 21 26 0 0 0 0 0 0 0 0 29 35 29 35 21 26 0 0 0 0 0 0 0 0 29 35 29 35 21 26 0 0 0 0 0 0 0 0 29 35 29 35 21 26 0 0 0 0 0 0 0 0 29 35 29 35 21 26 0 0 0 0 0 0 0 0
148 0 1000 0 0 1000 0 1000 29 35 29 35 21 26 0 0 0 0 0 0 0 0 29 35 29 35 21 26 0 0 0 0 0 0 0 0 29 35 29 35 21 26 0 0 0 0 0 0 0 0 29 35 29 35 21 26 0 0 0 0 0 0 0 0 29 35 29 35 21 26 0 0 0 0 0 0 0 0 29 35 29 35 21 26 0 0 0 0 0 0 0 0
149 0 1000 0 0 1000 0 1000 29 35 29 35 21 26 83223 1 83223 1 0 0 0 0 29 35 29 35 21 26 83223 1 83223 1 0 0 0 0 29 35 29 35 21 26 83223 1 83223 1 0 0 0 0 29 35 29 35 21 26 83223 1 83223 1 0 0 0 0 29 35 29 35 21 26 83223 1 83223 1 0 0 0 0 29 35 29 35 21 26 83223 1 83223 1 0 0 0 0
150 0 1000 0 0 1000 0 1000 30 37 30 37 21 26 105043 92 0 0 80291 1 24752 91 30 37 30 37 21 26 105043 92 0 0 80291 1 24752 91 30 37 30 37 21 26 105043 92 0 0 80291 1 24752 91 30 37 30 37 21 26 105043 92 0 0 80291 1 24752 91 30 37 30 37 21 26 105043 92 0 0 80291 1 24752 91 30 37 30 37 21 26 105043 92 0 0 80291 1 24752 91
151 0 1000 0 0 1000 0 1000 30 37 30 37 22 27 0 0 0 0 0 0 0 0 30 37 30 37 22 27 0 0 0 0 0 0 0 0 30 37 30 37 22 27 0 0 0 0 0 0 0 0 30 37 30 37 22 27 0 0 0 0 0 0 0 0 30 37 30 37 22 27 0 0 0 0 0 0 0 0 30 37 30 37 22 27 0 0 0 0 0 0 0 0
152 0 1000 0 0 1000 0 1000 30 37 30 37 22 27 0 0 0 0 0 0 0 0 30 37 30 37 22 27 0 0 0 0 0 0 0 0 30 37 30 37 22 27 0 0 0 0 0 0 0 0 30 37 30 37 22 27 0 0 0 0 0 0 0 0 30 37 30 37 22 27 0 0 0 0 0 0 0 0 30 37 30 37 22 27 0 0 0 0 0 0 0 0
153 0 1000 0 0 1000 0 1000 30 37 30 37 22 27 0 0 0 0 0 0 0 0 30 37 30 37 22 27 0 0 0 0 0 0 0 0 30 37 30 37 22 27 0 0 0 0 0 0 0 0 30 37 30 37 22 27 0 0 0 0 0 0 0 0 30 37 30 37 22 27 0 0 0 0 0 0 0 0 30 37 30 37 22 27 0 0 0 0 0 0 0 0
154 0 1000 0 0 1000 0 1000 30 37 30 37 22 27 27744 102 0 0 0 0 27744 102 30 37 30 37 22 27 27744 102 0 0 0 0 27744 102 30 37 30 37 22 27 27744 102 0 0 0 0 27744 102 30 37 30 37 22 27 27744 102 0 0 0 0 27744 102 30 37 30 37 22 27 27744 102 0 0 0 0 27744 102 30 37 30 37 22 27 27744 102 0 0 0 0 27744 102
155 0 1000 0 0 1000 0 1000 30 37 30 37 23 28 0 0 0 0 0 0 0 0 30 37 30 37 23 28 0 0 0 0 0 0 0 0 30 37 30 37 23 28 0 0 0 0 0 0 0 0 30 37 30 37 23 28 0 0 0 0 0 0 0 0 30 37 30 37 23 28 0 0 0 0 0 0 0 0 30 37 30 37 23 28 0 0 0 0 0 0 0 0
156 0 1000 0 0 1000 0 1000 30 37 30 37 23 28 0 0 0 0 0 0 0 0 30 37 30 37 23 28 0 0 0 0 0 0 0 0 30 37 30 37 23 28 0 0 0 0 0 0 0 0 30 37 30 37 23 28 0 0 0 0 0 0 0 0 30 37 30 37 23 28 0 0 0 0 0 0 0 0 30 37 30 37 23 28 0 0 0 0 0 0 0 0
157 0 1000 0 0 1000 0 1000 30 37 30 37 23 28 83703 1 83703 1 0 0 0 0 30 37 30 37 23 28 83703 1 83703 1 0 0 0 0 30 37 30 37 23 28 83703 1 83703 1 0 0 0 0 30 37 30 37 23 28 83703 1 83703 1 0 0 0 0 30 37 30 37 23 28 83703 1 83703 1 0 0 0 0 30 37 30 37 23 28 83703 1 83703 1 0 0 0 0
158 0 1000 0 0 1000 0 1000 31 39 31 39 23 28 109395 108 0 0 80291 1 29104 107 31 39 31 39 23 28 109395 108 0 0 80291 1 29104 107 31 39 31 39 23 28 109395 108 0 0 80291 1 29104 107 31 39 31 39 23 28 109395 108 0 0 80291 1 29104 107 31 39 31 39 23 28 109395 108 0 0 80291 1 29104 107 31 39 31 39 23 28 109395 108 0 0 80291 1 29104 107
159 0 1000 0 0 1000 0 1000 31 39 31 39 24 29 0 0 0 0 0 0 0 0 31 39 31 39 24 29 0 0 0 0 0 0 0 0 31 39 31 39 24 29 0 0 0 0 0 0 0 0 31 39 31 39 24 29 0 0 0 0 0 0 0 0 31 39 31 39 24 29 0 0 0 0 0 0 0 0 31 39 31 39 24 29 0 0 0 0 0 0 0 0
160 0 1000 0 0 1000 0 1000 31 39 31 39 24 29 0 0 0 0 0 0 0 0 31 39 31 39 24 29 0 0 0 0 0 0 0 0 31 39 31 39 24 29 0 0 0 0 0 0 0 0 31 39 31 39 24 29 0 0 0 0 0 0 0 0 31 39 31 39 24 29 0 0 0 0 0 0 0 0 31 39 31 39 24 29 0 0 0 0 0 0 0 0
161 0 1000 0 0 1000 0 1000 31 39 31 39 24 29 0 0 0 0 0 0 0 0 31 39 31 39 24 29 0 0 0 0 0 0 0 0 31 39 31 39 24 29 0 0 0 0 0 0 0 0 31 39 31 39 24 29 0 0 0 0 0 0 0 0 31 39 31 39 24 29 0 0 0 0 0 0 0 0 31 39 31 39 24 29 0 0 0 0 0 0 0 0
162 0 1000 0 0 1000 0 1000 31 39 31 39 24 29 25024 92 0 0 0 0 25024 92 31 39 31 39 24 29 25024 92 0 0 0 0 25024 92 31 39 31 39 24 29 25024 92 0 0 0 0 25024 92 31 39 31 39 24 29 25024 92 0 0 0 0 25024 92 31 39 31 39 24 29 25024 92 0 0 0 0 25024 92 31 39 31 39 24 29 25024 92 0 0 0 0 25024 92
163 0 1000 0 0 1000 0 1000 31 39 31 39 25 30 0 0 0 0 0 0 0 0 31 39 31 39 25 30 0 0 0 0 0 0 0 0 31 39 31 39 25 30 0 0 0 0 0 0 0 0 31 39 31 39 25 30 0 0 0 0 0 0 0 0 31 39 31 39 25 30 0 0 0 0 0 0 0 0 31 39 31 39 25 30 0 0 0 0 0 0 0 0
164 0 1000 0 0 1000 0 1000 31 39 31 39 25 30 0 0 0 0 0 0 0 0 31 39 31 39 25 30 0 0 0 0 0 0 0 0 31 39 31 39 25 30 0 0 0 0 0 0 0 0 31 39 31 39 25 30 0 0 0 0 0 0 0 0 31 39 31 39 25 30 0 0 0 0 0 0 0 0 31 39 31 39 25 30 0 0 0 0 0 0 0 0
165 0 1000 0 0 1000 0 1000 31 39 31 39 25 30 250149 3 250149 3 0 0 0 0 31 39 31 39 25 30 250149 3 250149 3 0 0 0 0 31 39 31 39 25 30 250149 3 250149 3 0 0 0 0 31 39 31 39 25 30 250149 3 250149 3 0 0 0 0 31 39 31 39 25 30 250149 3 250149 3 0 0 0 0 31 39 31 39 25 30 250149 3 250149 3 0 0 0 0
166 0 1000 0 0 1000 0 1000 32 41 32 41 25 30 103139 85 0 0 80291 1 22848 84 32 41 32 41 25 30 103139 85 0 0 80291 1 22848 84 32 41 32 41 25 30 103139 85 0 0 80291 1 22848 84 32 41 32 41 25 30 103139 85 0 0 80291 1 22848 84 32 41 32 41 25 30 103139 85 0 0 80291 1 22848 84 32 41 32 41 25 30 103139 85 0 0 80291 1 22848 84
167 0 1000 0 0 1000 0 1000 32 41 32 41 26 31 0 0 0 0 0 0 0 0 32 41 32 41 26 31 0 0 0 0 0 0 0 0 32 41 32 41 26 31 0 0 0 0 0 0 0 0 32 41 32 41 26 31 0 0 0 0 0 0 0 0 32 41 32 41 26 31 0 0 0 0 0 0 0 0 32 41 32 41 26 31 0 0 0 0 0 0 0 0
168 0 1000 0 0 1000 0 1000 32 41 32 41 26 31 0 0 0 0 0 0 0 0 32 41 32 41 26 31 0 0 0 0 0 0 0 0 32 41 32 41 26 31 0 0 0 0 0 0 0 0 32 41 32 41 26 31 0 0 0 0 0 0 0 0 32 41 32 41 26 31 0 0 0 0 0 0 0 0 32 41 32 41 26 31 0 0 0 0 0 0 0 0
169 0 1000 0 0 1000 0 1000 32 41 32 41 26 31 0 0 0 0 0 0 0 0 32 41 32 41 26 31 0 0 0 0 0 0 0 0 32 41 32 41 26 31 0 0 0 0 0 0 0 0 32 41 32 41 26 31 0 0 0 0 0 0 0 0 32 41 32 41 26 31 0 0 0 0 0 0 0 0 32 41 32 41 26 31 0 0 0 0 0 0 0 0
170 0 1000 0 0 1000 0 1000 32 41 32 41 26 31 26112 96 0 0 0 0 26112 96 32 41 32 41 26 31 26112 96 0 0 0 0 26112 96 32 41 32 41 26 31 26112 96 0 0 0 0 26112 96 32 41 32 41 26 31 26112 96 0 0 0 0 26112 96 32 41 32 41 26 31 26112 96 0 0 0 0 26112 96 32 41 32 41 26 31 26112 96 0 0 0 0 26112 96
171 0 1000 0 0 1000 0 1000 32 41 32 41 27 32 0 0 0 0 0 0 0 0 32 41 32 41 27 32 0 0 0 0 0 0 0 0 32 41 32 41 27 32 0 0 0 0 0 0 0 0 32 41 32 41 27 32 0 0 0 0 0 0 0 0 32 41 32 41 27 32 0 0 0 0 0 0 0 0 32 41 32 41 27 32 0 0 0 0 0 0 0 0
172 0 1000 0 0 1000 0 1000 32 41 32 41 27 32 0 0 0 0 0 0 0 0 32 41 32 41 27 32 0 0 0 0 0 0 0 0 32 41 32 41 27 32 0 0 0 0 0 0 0 0 32 41 32 41 27 32 0 0 0 0 0 0 0 0 32 41 32 41 27 32 0 0 0 0 0 0 0 0 32 41 32 41 27 32 0 0 0 0 0 0 0 0
173 0 1000 0 0 1000 0 1000 32 41 32 41 27 32 83511 1 83511 1 0 0 0 0 32 41 32 41 27 32 83511 1 83511 1 0 0 0 0 32 41 32 41 27 32 83511 1 83511 1 0 0 0 0 32 41 32 41 27 32 83511 1 83511 1 0 0 0 0 32 41 32 41 27 32 83511 1 83511 1 0 0 0 0 32 41 32 41 27 32 83511 1 83511 1 0 0 0 0
174 0 1000 0 0 1000 0 1000 33 43 33 43 27 32 108579 105 0 0 80291 1 28288 104 33 43 33 43 27 32 108579 105 0 0 80291 1 28288 104 33 43 33 43 27 32 108579 105 0 0 80291 1 28288 104 33 43 33 43 27 32 108579 105 0 0 80291 1 28288 104 33 43 33 43 27 32 108579 105 0 0 80291 1 28288 104 33 43 33 43 27 32 108579 105 0 0 80291 1 28288 104
175 0 1000 0 0 1000 0 1000 33 43 33 43 27 32 0 0 0 0 0 0 0 0 33 43 33 43 27 32 0 0 0 0 0 0 0 0 33 43 33 43 27 32 0 0 0 0 0 0 0 0 33 43 33 43 27 32 0 0 0 0 0 0 0 0 33 43 33 43 27 32 0 0 0 0 0 0 0 0 33 43 33 43 27 32 0 0 0 0 0 0 0 0
176 0 1000 0 0 1000 0 1000 33 43 33 43 27 32 0 0 0 0 0 0 0 0 33 43 33 43 27 32 0 0 0 0 0 0 0 0 33 43 33 43 27 32 0 0 0 0 0 0 0 0 33 43 33 43 27 32 0 0 0 0 0 0 0 0 33 43 33 43 27 32 0 0 0 0 0 0 0 0 33 43 33 43 27 32 0 0 0 0 0 0 0 0
177 0 1000 0 0 1000 0 1000 33 43 33 43 27 32 0 0 0 0 0 0 0 0 33 43 33 43 27 32 0 0 0 0 0 0 0 0 33 43 33 43 27 32 0 0 0 0 0 0 0 0 33 43 33 43 27 32 0 0 0 0 0 0 0 0 33 43 33 43 27 32 0 0 0 0 0 0 0 0 33 43 33 43 27 32 0 0 0 0 0 0 0 0
178 0 1000 0 0 1000 0 1000 33 43 33 43 27 32 23936 88 0 0 0 0 23936 88 33 43 33 43 27 32 23936 88 0 0 0 0 23936 88 33 43 33 43 27 32 23936 88 0 0 0 0 23936 88 33 43 33 43 27 32 23936 88 0 0 0 0 23936 88 33 43 33 43 27 32 23936 88 0 0 0 0 23936 88 33 43 33 43 27 32 23936 88 0 0 0 0 23936 88
179 0 1000 0 0 1000 0 1000 33 43 33 43 28 34 0 0 0 0 0 0 0 0 33 43 33 43 28 34 0 0 0 0 0 0 0 0 33 43 33 43 28 34 0 0 0 0 0 0 0 0 33 43 33 43 28 34 0 0 0 0 0 0 0 0 33 43 33 43 28 34 0 0 0 0 0 0 0 0 33 43 33 43 28 34 0 0 0 0 0 0 0 0
180 0 1000 0 0 1000 0 1000 33 43 33 43 28 34 0 0 0 0 0 0 0 0 33 43 33 43 28 34 0 0 0 0 0 0 0 0 33 43 33 43 28 34 0 0 0 0 0 0 0 0 33 43 33 43 28 34 0 0 0 0 0 0 0 0 33 43 33 43 28 34 0 0 0 0 0 0 0 0 33 43 33 43 28 34 0 0 0 0 0 0 0 0
181 0 1000 0 0 1000 0 1000 33 43 33 43 28 34 0 0 0 0 0 0 0 0 33 43 33 43 28 34 0 0 0 0 0 0 0 0 33 43 33 43 28 34 0 0 0 0 0 0 0 0 33 43 33 43 28 34 0 0 0 0 0 0 0 0 33 43 33 43 28 34 0 0 0 0 0 0 0 0 33 43 33 43 28 34 0 0 0 0 0 0 0 0
182 0 1000 0 0 1000 0 1000 33 43 33 43 28 34 27744 102 0 0 0 0 27744 102 33 43 33 43 28 34 27744 102 0 0 0 0 27744 102 33 43 33 43 28 34 27744 102 0 0 0 0 27744 102 33 43 33 43 28 34 27744 102 0 0 0 0 27744 102 33 43 33 43 28 34 27744 102 0 0 0 0 27744 102 33 43 33 43 28 34 27744 102 0 0 0 0 27744 102
183 0 1000 0 0 1000 0 1000 33 43 33 43 29 35 0 0 0 0 0 0 0 0 33 43 33 43 29 35 0 0 0 0 0 0 0 0 33 43 33 43 29 35 0 0 0 0 0 0 0 0 33 43 33 43 29 35 0 0 0 0 0 0 0 0 33 43 33 43 29 35 0 0 0 0 0 0 0 0 33 43 33 43 29 35 0 0 0 0 0 0 0 0
184 0 1000 0 0 1000 0 1000 33 43 33 43 29 35 0 0 0 0 0 0 0 0 33 43 33 43 29 35 0 0 0 0 0 0 0 0 33 43 33 43 29 35 0 0 0 0 0 0 0 0 33 43 33 43 29 35 0 0 0 0 0 0 0 0 33 43 33 43 29 35 0 0 0 0 0 0 0 0 33 43 33 43 29 35 0 0 0 0 0 0 0 0
185 0 1000 0 0 1000 0 1000 33 43 33 43 29 35 0 0 0 0 0 0 0 0 33 43 33 43 29 35 0 0 0 0 0 0 0 0 33 43 33 43 29 35 0 0 0 0 0 0 0 0 33 43 33 43 29 35 0 0 0 0 0 0 0 0 33 43 33 43 29 35 0 0 0 0 0 0 0 0 33 43 33 43 29 35 0 0 0 0 0 0 0 0
186 0 1000 0 0 1000 0 1000 33 43 33 43 29 35 26928 99 0 0 0 0 26928 99 33 43 33 43 29 35 26928 99 0 0 0 0 26928 99 33 43 33 43 29 35 26928 99 0 0 0 0 26928 99 33 43 33 43 29 35 26928 99 0 0 0 0 26928 99 33 43 33 43 29 35 26928 99 0 0 0 0 26928 99 33 43 33 43 29 35 26928 99 0 0 0 0 26928 99
187 0 1000 0 0 1000 0 1000 33 43 33 43 29 35 0 0 0 0 0 0 0 0 33 43 33 43 29 35 0 0 0 0 0 0 0 0 33 43 33 43 29 35 0 0 0 0 0 0 0 0 33 43 33 43 29 35 0 0 0 0 0 0 0 0 33 43 33 43 29 35 0 0 0 0 0 0 0 0 33 43 33 43 29 35 0 0 0 0 0 0 0 0
188 0 1000 0 0 1000 0 1000 33 43 33 43 29 35 0 0 0 0 0 0 0 0 33 43 33 43 29 35 0 0 0 0 0 0 0 0 33 43 33 43 29 35 0 0 0 0 0 0 0 0 33 43 33 43 29 35 0 0 0 0 0 0 0 0 33 43 33 43 29 35 0 0 0 0 0 0 0 0 33 43 33 43 29 35 0 0 0 0 0 0 0 0
189 0 1000 0 0 1000 0 1000 33 43 33 43 29 35 83607 1 83607 1 0 0 0 0 33 43 33 43 29 35 83607 1 83607 1 0 0 0 0 33 43 33 43 29 35 83607 1 83607 1 0 0 0 0 33 43 33 43 29 35 83607 1 83607 1 0 0 0 0 33 43 33 43 29 35 83607 1 83607 1 0 0 0 0 33 43 33 43 29 35 83607 1 83607 1 0 0 0 0
190 0 1000 0 0 1000 0 1000 34 47 34 47 29 35 105043 92 0 0 80291 1 24752 91 34 47 34 47 29 35 105043 92 0 0 80291 1 24752 91 34 47 34 47 29 35 105043 92 0 0 80291 1 24752 91 34 47 34 47 29 35 105043 92 0 0 80291 1 24752 91 34 47 34 47 29 35 105043 92 0 0 80291 1 24752 91 34 47 34 47 29 35 105043 92 0 0 80291 1 24752 91
191 0 1000 0 0 1000 0 1000 34 47 34 47 30 37 0 0 0 0 0 0 0 0 34 47 34 47 30 37 0 0 0 0 0 0 0 0 34 47 34 47 30 37 0 0 0 0 0 0 0 0 34 47 34 47 30 37 0 0 0 0 0 0 0 0 34 47 34 47 30 37 0 0 0 0 0 0 0 0 34 47 34 47 30 37 0 0 0 0 0 0 0 0
192 0 1000 0 0 1000 0 1000 34 47 34 47 30 37 0 0 0 0 0 0 0 0 34 47 34 47 30 37 0 0 0 0 0 0 0 0 34 47 34 47 30 37 0 0 0 0 0 0 0 0 34 47 34 47 30 37 0 0 0 0 0 0 0 0 34 47 34 47 30 37 0 0 0 0 0 0 0 0 34 47 34 47 30 37 0 0 0 0 0 0 0 0
193 0 1000 0 0 1000 0 1000 34 47 34 47 30 37 0 0 0 0 0 0 0 0 34 47 34 47 30 37 0 0 0 0 0 0 0 0 34 47 34 47 30 37 0 0 0 0 0 0 0 0 34 47 34 47 30 37 0 0 0 0 0 0 0 0 34 47 34 47 30 37 0 0 0 0 0 0 0 0 34 47 34 47 30 37 0 0 0 0 0 0 0 0
194 0 1000 0 0 1000 0 1000 34 47 34 47 30 37 28560 105 0 0 0 0 28560 105 34 47 34 47 30 37 28560 105 0 0 0 0 28560 105 34 47 34 47 30 37 28560 105 0 0 0 0 28560 105 34 47 34 47 30 37 28560 105 0 0 0 0 28560 105 34 47 34 47 30 37 28560 105 0 0 0 0 28560 105 34 47 34 47 30 37 28560 105 0 0 0 0 28560 105
195 0 1000 0 0 1000 0 1000 34 47 34 47 30 37 0 0 0 0 0 0 0 0 34 47 34 47 30 37 0 0 0 0 0 0 0 0 34 47 34 47 30 37 0 0 0 0 0 0 0 0 34 47 34 47 30 37 0 0 0 0 0 0 0 0 34 47 34 47 30 37 0 0 0 0 0 0 0 0 34 47 34 47 30 37 0 0 0 0 0 0 0 0
196 0 1000 0 0 1000 0 1000 34 47 34 47 30 37 0 0 0 0 0 0 0 0 34 47 34 47 30 37 0 0 0 0 0 0 0 0 34 47 34 47 30 37 0 0 0 0 0 0 0 0 34 47 34 47 30 37 0 0 0 0 0 0 0 0 34 47 34 47 30 37 0 0 0 0 0 0 0 0 34 47 34 47 30 37 0 0 0 0 0 0 0 0
197 0 1000 0 0 1000 0 1000 34 47 34 47 30 37 167597 2 167597 2 0 0 0 0 34 47 34 47 30 37 167597 2 167597 2 0 0 0 0 34 47 34 47 30 37 167597 2 167597 2 0 0 0 0 34 47 34 47 30 37 167597 2 167597 2 0 0 0 0 34 47 34 47 30 37 167597 2 167597 2 0 0 0 0 34 47 34 47 30 37 167597 2 167597 2 0 0 0 0
198 0 1000 0 0 1000 0 1000 35 49 35 49 30 37 105587 94 0 0 80291 1 25296 93 35 49 35 49 30 37 105587 94 0 0 80291 1 25296 93 35 49 35 49 30 37 105587 94 0 0 80291 1 25296 93 35 49 35 49 30 37 105587 94 0 0 80291 1 25296 93 35 49 35 49 30 37 105587 94 0 0 80291 1 25296 93 35 49 35 49 30 37 105587 94 0 0 80291 1 25296 93
199 0 1000 0 0 1000 0 1000 35 49 35 49 31 39 0 0 0 0 0 0 0 0 35 49 35 49 31 39 0 0 0 0 0 0 0 0 35 49 35 49 31 39 0 0 0 0 0 0 0 0 35 49 35 49 31 39 0 0 0 0 0 0 0 0 35 49 35 49 31 39 0 0 0 0 0 0 0 0 35 49 35 49 31 39 0 0 0 0 0 0 0 0
200 0 1000 0 0 1000 0 1000 35 49 35 49 31 39 0 0 0 0 0 0 0 0 35 49 35 49 31 39 0 0 0 0 0 0 0 0 35 49 35 49 31 39 0 0 0 0 0 0 0 0 35 49 35 49 31 39 0 0 0 0 0 0 0 0 35 49 35 49 31 39 0 0 0 0 0 0 0 0 35 49 35 49 31 39 0 0 0 0 0 0 0 0
201 0 1000 0 0 1000 0 1000 35 49 35 49 31 39 83414 1 83414 1 0 0 0 0 35 49 35 49 31 39 83414 1 83414 1 0 0 0 0 35 49 35 49 31 39 83414 1 83414 1 0 0 0 0 35 49 35 49 31 39 83414 1 83414 1 0 0 0 0 35 49 35 49 31 39 83414 1 83414 1 0 0 0 0 35 49 35 49 31 39 83414 1 83414 1 0 0 0 0
202 0 1000 0 0 1000 0 1000 36 50 36 50 31 39 106674 98 0 0 80290 1 26384 97 36 50 36 50 31 39 106674 98 0 0 80290 1 26384 97 36 50 36 50 31 39 106674 98 0 0 80290 1 26384 97 36 50 36 50 31 39 106674 98 0 0 80290 1 26384 97 36 50 36 50 31 39 106674 98 0 0 80290 1 26384 97 36 50 36 50 31 39 106674 98 0 0 80290 1 26384 97
203 0 1000 0 0 1000 0 1000 36 50 36 50 31 39 0 0 0 0 0 0 0 0 36 50 36 50 31 39 0 0 0 0 0 0 0 0 36 50 36 50 31 39 0 0 0 0 0 0 0 0 36 50 36 50 31 39 0 0 0 0 0 0 0 0 36 50 36 50 31 39 0 0 0 0 0 0 0 0 36 50 36 50 31 39 0 0 0 0 0 0 0 0
204 0 1000 0 0 1000 0 1000 36 50 36 50 31 39 0 0 0 0 0 0 0 0 36 50 36 50 31 39 0 0 0 0 0 0 0 0 36 50 36 50 31 39 0 0 0 0 0 0 0 0 36 50 36 50 31 39 0 0 0 0 0 0 0 0 36 50 36 50 31 39 0 0 0 0 0 0 0 0 36 50 36 50 31 39 0 0 0 0 0 0 0 0
205 0 1000 0 0 1000 0 1000 36 50 36 50 31 39 0 0 0 0 0 0 0 0 36 50 36 50 31 39 0 0 0 0 0 0 0 0 36 50 36 50 31 39 0 0 0 0 0 0 0 0 36 50 36 50 31 39 0 0 0 0 0 0 0 0 36 50 36 50 31 39 0 0 0 0 0 0 0 0 36 50 36 50 31 39 0 0 0 0 0 0 0 0
206 0 1000 0 0 1000 0 1000 36 50 36 50 31 39 28832 106 0 0 0 0 28832 106 36 50 36 50 31 39 28832 106 0 0 0 0 28832 106 36 50 36 50 31 39 28832 106 0 0 0 0 28832 106 36 50 36 50 31 39 28832 106 0 0 0 0 28832 106 36 50 36 50 31 39 28832 106 0 0 0 0 28832 106 36 50 36 50 31 39 28832 106 0 0 0 0 28832 106
207 0 1000 0 0 1000 0 1000 36 50 36 50 32 41 0 0 0 0 0 0 0 0 36 50 36 50 32 41 0 0 0 0 0 0 0 0 36 50 36 50 32 41 0 0 0 0 0 0 0 0 36 50 36 50 32 41 0 0 0 0 0 0 0 0 36 50 36 50 32 41 0 0 0 0 0 0 0 0 36 50 36 50 32 41 0 0 0 0 0 0 0 0
208 0 1000 0 0 1000 0 1000 36 50 36 50 32 41 0 0 0 0 0 0 0 0 36 50 36 50 32 41 0 0 0 0 0 0 0 0 36 50 36 50 32 41 0 0 0 0 0 0 0 0 36 50 36 50 32 41 0 0 0 0 0 0 0 0 36 50 36 50 32 41 0 0 0 0 0 0 0 0 36 50 36 50 32 41 0 0 0 0 0 0 0 0
209 0 1000 0 0 1000 0 1000 36 50 36 50 32 41 83831 1 83831 1 0 0 0 0 36 50 36 50 32 41 83831 1 83831 1 0 0 0 0 36 50 36 50 32 41 83831 1 83831 1 0 0 0 0 36 50 36 50 32 41 83831 1 83831 1 0 0 0 0 36 50 36 50 32 41 83831 1 83831 1 0 0 0 0 36 50 36 50 32 41 83831 1 83831 1 0 0 0 0
210 0 1000 0 0 1000 0 1000 37 52 37 52 32 41 108035 103 0 0 80291 1 27744 102 37 52 37 52 32 41 108035 103 0 0 80291 1 27744 102 37 52 37 52 32 41 108035 103 0 0 80291 1 27744 102 37 52 37 52 32 41 108035 103 0 0 80291 1 27744 102 37 52 37 52 32 41 108035 103 0 0 80291 1 27744 102 37 52 37 52 32 41 108035 103 0 0 80291 1 27744 102
211 0 1000 0 0 1000 0 1000 37 52 37 52 32 41 0 0 0 0 0 0 0 0 37 52 37 52 32 41 0 0 0 0 0 0 0 0 37 52 37 52 32 41 0 0 0 0 0 0 0 0 37 52 37 52 32 41 0 0 0 0 0 0 0 0 37 52 37 52 32 41 0 0 0 0 0 0 0 0 37 52 37 52 32 41 0 0 0 0 0 0 0 0
212 0 1000 0 0 1000 0 1000 37 52 37 52 32 41 0 0 0 0 0 0 0 0 37 52 37 52 32 41 0 0 0 0 0 0 0 0 37 52 37 52 32 41 0 0 0 0 0 0 0 0 37 52 37 52 32 41 0 0 0 0 0 0 0 0 37 52 37 52 32 41 0 0 0 0 0 0 0 0 37 52 37 52 32 41 0 0 0 0 0 0 0 0
213 0 1000 0 0 1000 0 1000 37 52 37 52 32 41 167406 2 167406 2 0 0 0 0 37 52 37 52 32 41 167406 2 167406 2 0 0 0 0 37 52 37 52 32 41 167406 2 167406 2 0 0 0 0 37 52 37 52 32 41 167406 2 167406 2 0 0 0 0 37 52 37 52 32 41 167406 2 167406 2 0 0 0 0 37 52 37 52 32 41 167406 2 167406 2 0 0 0 0
214 0 1000 0 0 1000 0 1000 38 53 38 53 32 41 105859 95 0 0 80291 1 25568 94 38 53 38 53 32 41 105859 95 0 0 80291 1 25568 94 38 53 38 53 32 41 105859 95 0 0 80291 1 25568 94 38 53 38 53 32 41 105859 95 0 0 80291 1 25568 94 38 53 38 53 32 41 105859 95 0 0 80291 1 25568 94 38 53 38 53 32 41 105859 95 0 0 80291 1 25568 94
215 0 1000 0 0 1000 0 1000 38 53 38 53 33 43 0 0 0 0 0 0 0 0 38 53 38 53 33 43 0 0 0 0 0 0 0 0 38 53 38 53 33 43 0 0 0 0 0 0 0 0 38 53 38 53 33 43 0 0 0 0 0 0 0 0 38 53 38 53 33 43 0 0 0 0 0 0 0 0 38 53 38 53 33 43 0 0 0 0 0 0 0 0
216 0 1000 0 0 1000 0 1000 38 53 38 53 33 43 0 0 0 0 0 0 0 0 38 53 38 53 33 43 0 0 0 0 0 0 0 0 38 53 38 53 33 43 0 0 0 0 0 0 0 0 38 53 38 53 33 43 0 0 0 0 0 0 0 0 38 53 38 53 33 43 0 0 0 0 0 0 0 0 38 53 38 53 33 43 0 0 0 0 0 0 0 0
217 0 1000 0 0 1000 0 1000 38 53 38 53 33 43 83447 1 83447 1 0 0 0 0 38 53 38 53 33 43 83447 1 83447 1 0 0 0 0 38 53 38 53 33 43 83447 1 83447 1 0 0 0 0 38 53 38 53 33 43 83447 1 83447 1 0 0 0 0 38 53 38 53 33 43 83447 1 83447 1 0 0 0 0 38 53 38 53 33 43 83447 1 83447 1 0 0 0 0
218 0 1000 0 0 1000 0 1000 39 54 39 54 33 43 104499 90 0 0 80291 1 24208 89 39 54 39 54 33 43 104499 90 0 0 80291 1 24208 89 39 54 39 54 33 43 104499 90 0 0 80291 1 24208 89 39 54 39 54 33 43 104499 90 0 0 80291 1 24208 89 39 54 39 54 33 43 104499 90 0 0 80291 1 24208 89 39 54 39 54 33 43 104499 90 0 0 80291 1 24208 89
219 0 1000 0 0 1000 0 1000 39 54 39 54 33 43 0 0 0 0 0 0 0 0 39 54 39 54 33 43 0 0 0 0 0 0 0 0 39 54 39 54 33 43 0 0 0 0 0 0 0 0 39 54 39 54 33 43 0 0 0 0 0 0 0 0 39 54 39 54 33 43 0 0 0 0 0 0 0 0 39 54 39 54 33 43 0 0 0 0 0 0 0 0
220 0 1000 0 0 1000 0 1000 39 54 39 54 33 43 0 0 0 0 0 0 0 0 39 54 39 54 33 43 0 0 0 0 0 0 0 0 39 54 39 54 33 43 0 0 0 0 0 0 0 0 39 54 39 54 33 43 0 0 0 0 0 0 0 0 39 54 39 54 33 43 0 0 0 0 0 0 0 0 39 54 39 54 33 43 0 0 0 0 0 0 0 0
221 0 1000 0 0 1000 0 1000 39 54 39 54 33 43 166574 2 166574 2 0 0 0 0 39 54 39 54 33 43 166574 2 166574 2 0 0 0 0 39 54 39 54 33 43 166574 2 166574 2 0 0 0 0 39 54 39 54 33 43 166574 2 166574 2 0 0 0 0 39 54 39 54 33 43 166574 2 166574 2 0 0 0 0 39 54 39 54 33 43 166574 2 166574 2 0 0 0 0
222 0 1000 0 0 1000 0 1000 40 55 40 55 33 43 109395 108 0 0 80291 1 29104 107 40 55 40 55 33 43 109395 108 0 0 80291 1 29104 107 40 55 40 55 33 43 109395 108 0 0 80291 1 29104 107 40 55 40 55 33 43 109395 108 0 0 80291 1 29104 107 40 55 40 55 33 43 109395 108 0 0 80291 1 29104 107 40 55 40 55 33 43 109395 108 0 0 80291 1 29104 107
223 0 1000 0 0 1000 0 1000 40 55 40 55 33 43 0 0 0 0 0 0 0 0 40 55 40 55 33 43 0 0 0 0 0 0 0 0 40 55 40 55 33 43 0 0 0 0 0 0 0 0 40 55 40 55 33 43 0 0 0 0 0 0 0 0 40 55 40 55 33 43 0 0 0 0 0 0 0 0 40 55 40 55 33 43 0 0 0 0 0 0 0 0
224 0 1000 0 0 1000 0 1000 40 55 40 55 33 43 0 0 0 0 0 0 0 0 40 55 40 55 33 43 0 0 0 0 0 0 0 0 40 55 40 55 33 43 0 0 0 0 0 0 0 0 40 55 40 55 33 43 0 0 0 0 0 0 0 0 40 55 40 55 33 43 0 0 0 0 0 0 0 0 40 55 40 55 33 43 0 0 0 0 0 0 0 0
225 0 1000 0 0 1000 0 1000 40 55 40 55 33 43 83863 1 83863 1 0 0 0 0 40 55 40 55 33 43 83863 1 83863 1 0 0 0 0 40 55 40 55 33 43 83863 1 83863 1 0 0 0 0 40 55 40 55 33 43 83863 1 83863 1 0 0 0 0 40 55 40 55 33 43 83863 1 83863 1 0 0 0 0 40 55 40 55 33 43 83863 1 83863 1 0 0 0 0
226 0 1000 0 0 1000 0 1000 41 56 41 56 33 43 108035 103 0 0 80291 1 27744 102 41 56 41 56 33 43 108035 103 0 0 80291 1 27744 102 41 56 41 56 33 43 108035 103 0 0 80291 1 27744 102 41 56 41 56 33 43 108035 103 0 0 80291 1 27744 102 41 56 41 56 33 43 108035 103 0 0 80291 1 27744 102 41 56 41 56 33 43 108035 103 0 0 80291 1 27744 102
227 0 1000 0 0 1000 0 1000 41 56 41 56 33 43 0 0 0 0 0 0 0 0 41 56 41 56 33 43 0 0 0 0 0 0 0 0 41 56 41 56 33 43 0 0 0 0 0 0 0 0 41 56 41 56 33 43 0 0 0 0 0 0 0 0 41 56 41 56 33 43 0 0 0 0 0 0 0 0 41 56 41 56 33 43 0 0 0 0 0 0 0 0
228 0 1000 0 0 1000 0 1000 41 56 41 56 33 43 0 0 0 0 0 0 0 0 41 56 41 56 33 43 0 0 0 0 0 0 0 0 41 56 41 56 33 43 0 0 0 0 0 0 0 0 41 56 41 56 33 43 0 0 0 0 0 0 0 0 41 56 41 56 33 43 0 0 0 0 0 0 0 0 41 56 41 56 33 43 0 0 0 0 0 0 0 0
229 0 1000 0 0 1000 0 1000 41 56 41 56 33 43 83703 1 83703 1 0 0 0 0 41 56 41 56 33 43 83703 1 83703 1 0 0 0 0 41 56 41 56 33 43 83703 1 83703 1 0 0 0 0 41 56 41 56 33 43 83703 1 83703 1 0 0 0 0 41 56 41 56 33 43 83703 1 83703 1 0 0 0 0 41 56 41 56 33 43 83703 1 83703 1 0 0 0 0
230 0 1000 0 0 1000 0 1000 42 57 42 57 33 43 104499 90 0 0 80291 1 24208 89 42 57 42 57 33 43 104499 90 0 0 80291 1 24208 89 42 57 42 57 33 43 104499 90 0 0 80291 1 24208 89 42 57 42 57 33 43 104499 90 0 0 80291 1 24208 89 42 57 42 57 33 43 104499 90 0 0 80291 1 24208 89 42 57 42 57 33 43 104499 90 0 0 80291 1 24208 89
231 0 1000 0 0 1000 0 1000 42 57 42 57 34 47 0 0 0 0 0 0 0 0 42 57 42 57 34 47 0 0 0 0 0 0 0 0 42 57 42 57 34 47 0 0 0 0 0 0 0 0 42 57 42 57 34 47 0 0 0 0 0 0 0 0 42 57 42 57 34 47 0 0 0 0 0 0 0 0 42 57 42 57 34 47 0 0 0 0 0 0 0 0
232 0 1000 0 0 1000 0 1000 42 57 42 57 34 47 0 0 0 0 0 0 0 0 42 57 42 57 34 47 0 0 0 0 0 0 0 0 42 57 42 57 34 47 0 0 0 0 0 0 0 0 42 57 42 57 34 47 0 0 0 0 0 0 0 0 42 57 42 57 34 47 0 0 0 0 0 0 0 0 42 57 42 57 34 47 0 0 0 0 0 0 0 0
233 0 1000 0 0 1000 0 1000 42 57 42 57 34 47 83287 1 83287 1 0 0 0 0 42 57 42 57 34 47 83287 1 83287 1 0 0 0 0 42 57 42 57 34 47 83287 1 83287 1 0 0 0 0 42 57 42 57 34 47 83287 1 83287 1 0 0 0 0 42 57 42 57 34 47 83287 1 83287 1 0 0 0 0 42 57 42 57 34 47 83287 1 83287 1 0 0 0 0
234 0 1000 0 0 1000 0 1000 43 58 43 58 34 47 101235 78 0 0 80291 1 20944 77 43 58 43 58 34 47 101235 78 0 0 80291 1 20944 77 43 58 43 58 34 47 101235 78 0 0 80291 1 20944 77 43 58 43 58 34 47 101235 78 0 0 80291 1 20944 77 43 58 43 58 34 47 101235 78 0 0 80291 1 20944 77 43 58 43 58 34 47 101235 78 0 0 80291 1 20944 77
235 0 1000 0 0 1000 0 1000 43 58 43 58 34 47 0 0 0 0 0 0 0 0 43 58 43 58 34 47 0 0 0 0 0 0 0 0 43 58 43 58 34 47 0 0 0 0 0 0 0 0 43 58 43 58 34 47 0 0 0 0 0 0 0 0 43 58 43 58 34 47 0 0 0 0 0 0 0 0 43 58 43 58 34 47 0 0 0 0 0 0 0 0
236 0 1000 0 0 1000 0 1000 43 58 43 58 34 47 0 0 0 0 0 0 0 0 43 58 43 58 34 47 0 0 0 0 0 0 0 0 43 58 43 58 34 47 0 0 0 0 0 0 0 0 43 58 43 58 34 47 0 0 0 0 0 0 0 0 43 58 43 58 34 47 0 0 0 0 0 0 0 0 43 58 43 58 34 47 0 0 0 0 0 0 0 0
237 0 1000 0 0 1000 0 1000 43 58 43 58 34 47 0 0 0 0 0 0 0 0 43 58 43 58 34 47 0 0 0 0 0 0 0 0 43 58 43 58 34 47 0 0 0 0 0 0 0 0 43 58 43 58 34 47 0 0 0 0 0 0 0 0 43 58 43 58 34 47 0 0 0 0 0 0 0 0 43 58 43 58 34 47 0 0 0 0 0 0 0 0
238 0 1000 0 0 1000 0 1000 43 58 43 58 34 47 24752 91 0 0 0 0 24752 91 43 58 43 58 34 47 24752 91 0 0 0 0 24752 91 43 58 43 58 34 47 24752 91 0 0 0 0 24752 91 43 58 43 58 34 47 24752 91 0 0 0 0 24752 91 43 58 43 58 34 47 24752 91 0 0 0 0 24752 91 43 58 43 58 34 47 24752 91 0 0 0 0 24752 91
239 0 1000 0 0 1000 0 1000 43 58 43 58 35 49 0 0 0 0 0 0 0 0 43 58 43 58 35 49 0 0 0 0 0 0 0 0 43 58 43 58 35 49 0 0 0 0 0 0 0 0 43 58 43 58 35 49 0 0 0 0 0 0 0 0 43 58 43 58 35 49 0 0 0 0 0 0 0 0 43 58 43 58 35 49 0 0 0 0 0 0 0 0
240 0 1000 0 0 1000 0 1000 43 58 43 58 35 49 0 0 0 0 0 0 0 0 43 58 43 58 35 49 0 0 0 0 0 0 0 0 43 58 43 58 35 49 0 0 0 0 0 0 0 0 43 58 43 58 35 49 0 0 0 0 0 0 0 0 43 58 43 58 35 49 0 0 0 0 0 0 0 0 43 58 43 58 35 49 0 0 0 0 0 0 0 0
241 0 1000 0 0 1000 0 1000 43 58 43 58 35 49 83351 1 83351 1 0 0 0 0 43 58 43 58 35 49 83351 1 83351 1 0 0 0 0 43 58 43 58 35 49 83351 1 83351 1 0 0 0 0 43 58 43 58 35 49 83351 1 83351 1 0 0 0 0 43 58 43 58 35 49 83351 1 83351 1 0 0 0 0 43 58 43 58 35 49 83351 1 83351 1 0 0 0 0
242 0 1000 0 0 1000 0 1000 44 60 44 60 35 49 105315 93 0 0 80291 1 25024 92 44 60 44 60 35 49 105315 93 0 0 80291 1 25024 92 44 60 44 60 35 49 105315 93 0 0 80291 1 25024 92 44 60 44 60 35 49 105315 93 0 0 80291 1 25024 92 44 60 44 60 35 49 105315 93 0 0 80291 1 25024 92 44 60 44 60 35 49 105315 93 0 0 80291 1 25024 92
243 0 1000 0 0 1000 0 1000 44 60 44 60 36 50 0 0 0 0 0 0 0 0 44 60 44 60 36 50 0 0 0 0 0 0 0 0 44 60 44 60 36 50 0 0 0 0 0 0 0 0 44 60 44 60 36 50 0 0 0 0 0 0 0 0 44 60 44 60 36 50 0 0 0 0 0 0 0 0 44 60 44 60 36 50 0 0 0 0 0 0 0 0
244 0 1000 0 0 1000 0 1000 44 60 44 60 36 50 0 0 0 0 0 0 0 0 44 60 44 60 36 50 0 0 0 0 0 0 0 0 44 60 44 60 36 50 0 0 0 0 0 0 0 0 44 60 44 60 36 50 0 0 0 0 0 0 0 0 44 60 44 60 36 50 0 0 0 0 0 0 0 0 44 60 44 60 36 50 0 0 0 0 0 0 0 0
245 0 1000 0 0 1000 0 1000 44 60 44 60 36 50 0 0 0 0 0 0 0 0 44 60 44 60 36 50 0 0 0 0 0 0 0 0 44 60 44 60 36 50 0 0 0 0 0 0 0 0 44 60 44 60 36 50 0 0 0 0 0 0 0 0 44 60 44 60 36 50 0 0 0 0 0 0 0 0 44 60 44 60 36 50 0 0 0 0 0 0 0 0
246 0 1000 0 0 1000 0 1000 44 60 44 60 36 50 24208 89 0 0 0 0 24208 89 44 60 44 60 36 50 24208 89 0 0 0 0 24208 89 44 60 44 60 36 50 24208 89 0 0 0 0 24208 89 44 60 44 60 36 50 24208 89 0 0 0 0 24208 89 44 60 44 60 36 50 24208 89 0 0 0 0 24208 89 44 60 44 60 36 50 24208 89 0 0 0 0 24208 89
247 0 1000 0 0 1000 0 1000 44 60 44 60 36 50 0 0 0 0 0 0 0 0 44 60 44 60 36 50 0 0 0 0 0 0 0 0 44 60 44 60 36 50 0 0 0 0 0 0 0 0 44 60 44 60 36 50 0 0 0 0 0 0 0 0 44 60 44 60 36 50 0 0 0 0 0 0 0 0 44 60 44 60 36 50 0 0 0 0 0 0 0 0
248 0 1000 0 0 1000 0 1000 44 60 44 60 36 50 0 0 0 0 0 0 0 0 44 60 44 60 36 50 0 0 0 0 0 0 0 0 44 60 44 60 36 50 0 0 0 0 0 0 0 0 44 60 44 60 36 50 0 0 0 0 0 0 0 0 44 60 44 60 36 50 0 0 0 0 0 0 0 0 44 60 44 60 36 50 0 0 0 0 0 0 0 0
249 0 1000 0 0 1000 0 1000 44 60 44 60 36 50 83287 1 83287 1 0 0 0 0 44 60 44 60 36 50 83287 1 83287 1 0 0 0 0 44 60 44 60 36 50 83287 1 83287 1 0 0 0 0 44 60 44 60 36 50 83287 1 83287 1 0 0 0 0 44 60 44 60 36 50 83287 1 83287 1 0 0 0 0 44 60 44 60 36 50 83287 1 83287 1 0 0 0 0
250 0 1000 0 0 1000 0 1000 45 62 45 62 36 50 107219 100 0 0 80291 1 26928 99 45 62 45 62 36 50 107219 100 0 0 80291 1 26928 99 45 62 45 62 36 50 107219 100 0 0 80291 1 26928 99 45 62 45 62 36 50 107219 100 0 0 80291 1 26928 99 45 62 45 62 36 50 107219 100 0 0 80291 1 26928 99 45 62 45 62 36 50 107219 100 0 0 80291 1 26928 99
251 0 1000 0 0 1000 0 1000 45 62 45 62 37 52 0 0 0 0 0 0 0 0 45 62 45 62 37 52 0 0 0 0 0 0 0 0 45 62 45 62 37 52 0 0 0 0 0 0 0 0 45 62 45 62 37 52 0 0 0 0 0 0 0 0 45 62 45 62 37 52 0 0 0 0 0 0 0 0 45 62 45 62 37 52 0 0 0 0 0 0 0 0
252 0 1000 0 0 1000 0 1000 45 62 45 62 37 52 0 0 0 0 0 0 0 0 45 62 45 62 37 52 0 0 0 0 0 0 0 0 45 62 45 62 37 52 0 0 0 0 0 0 0 0 45 62 45 62 37 52 0 0 0 0 0 0 0 0 45 62 45 62 37 52 0 0 0 0 0 0 0 0 45 62 45 62 37 52 0 0 0 0 0 0 0 0
253 0 1000 0 0 1000 0 1000 45 62 45 62 37 52 167214 2 167214 2 0 0 0 0 45 62 45 62 37 52 167214 2 167214 2 0 0 0 0 45 62 45 62 37 52 167214 2 167214 2 0 0 0 0 45 62 45 62 37 52 167214 2 167214 2 0 0 0 0 45 62 45 62 37 52 167214 2 167214 2 0 0 0 0 45 62 45 62 37 52 167214 2 167214 2 0 0 0 0
254 0 1000 0 0 1000 0 1000 46 63 46 63 37 52 112659 120 0 0 80291 1 32368 119 46 63 46 63 37 52 112659 120 0 0 80291 1 32368 119 46 63 46 63 37 52 112659 120 0 0 80291 1 32368 119 46 63 46 63 37 52 112659 120 0 0 80291 1 32368 119 46 63 46 63 37 52 112659 120 0 0 80291 1 32368 119 46 63 46 63 37 52 112659 120 0 0 80291 1 32368 119
255 0 1000 0 0 1000 0 1000 46 63 46 63 38 53 0 0 0 0 0 0 0 0 46 63 46 63 38 53 0 0 0 0 0 0 0 0 46 63 46 63 38 53 0 0 0 0 0 0 0 0 46 63 46 63 38 53 0 0 0 0 0 0 0 0 46 63 46 63 38 53 0 0 0 0 0 0 0 0 46 63 46 63 38 53 0 0 0 0 0 0 0 0
256 0 1000 0 0 1000 0 1000 46 63 46 63 38 53 0 0 0 0 0 0 0 0 46 63 46 63 38 53 0 0 0 0 0 0 0 0 46 63 46 63 38 53 0 0 0 0 0 0 0 0 46 63 46 63 38 53 0 0 0 0 0 0 0 0 46 63 46 63 38 53 0 0 0 0 0 0 0 0 46 63 46 63 38 53 0 0 0 0 0 0 0 0
257 0 1000 0 0 1000 0 1000 46 63 46 63 38 53 84247 1 84247 1 0 0 0 0 46 63 46 63 38 53 84247 1 84247 1 0 0 0 0 46 63 46 63 38 53 84247 1 84247 1 0 0 0 0 46 63 46 63 38 53 84247 1 84247 1 0 0 0 0 46 63 46 63 38 53 84247 1 84247 1 0 0 0 0 46 63 46 63 38 53 84247 1 84247 1 0 0 0 0
258 0 1000 0 0 1000 0 1000 47 64 47 64 38 53 104771 91 0 0 80291 1 24480 90 47 64 47 64 38 53 104771 91 0 0 80291 1 24480 90 47 64 47 64 38 53 104771 91 0 0 80291 1 24480 90 47 64 47 64 38 53 104771 91 0 0 80291 1 24480 90 47 64 47 64 38 53 104771 91 0 0 80291 1 24480 90 47 64 47 64 38 53 104771 91 0 0 80291 1 24480 90
259 0 1000 0 0 1000 0 1000 47 64 47 64 39 54 0 0 0 0 0 0 0 0 47 64 47 64 39 54 0 0 0 0 0 0 0 0 47 64 47 64 39 54 0 0 0 0 0 0 0 0 47 64 47 64 39 54 0 0 0 0 0 0 0 0 47 64 47 64 39 54 0 0 0 0 0 0 0 0 47 64 47 64 39 54 0 0 0 0 0 0 0 0
260 0 1000 0 0 1000 0 1000 47 64 47 64 39 54 0 0 0 0 0 0 0 0 47 64 47 64 39 54 0 0 0 0 0 0 0 0 47 64 47 64 39 54 0 0 0 0 0 0 0 0 47 64 47 64 39 54 0 0 0 0 0 0 0 0 47 64 47 64 39 54 0 0 0 0 0 0 0 0 47 64 47 64 39 54 0 0 0 0 0 0 0 0
261 0 1000 0 0 1000 0 1000 47 64 47 64 39 54 249956 3 249956 3 0 0 0 0 47 64 47 64 39 54 249956 3 249956 3 0 0 0 0 47 64 47 64 39 54 249956 3 249956 3 0 0 0 0 47 64 47 64 39 54 249956 3 249956 3 0 0 0 0 47 64 47 64 39 54 249956 3 249956 3 0 0 0 0 47 64 47 64 39 54 249956 3 249956 3 0 0 0 0
262 0 1000 0 0 1000 0 1000 48 65 48 65 39 54 108578 105 0 0 80290 1 28288 104 48 65 48 65 39 54 108578 105 0 0 80290 1 28288 104 48 65 48 65 39 54 108578 105 0 0 80290 1 28288 104 48 65 48 65 39 54 108578 105 0 0 80290 1 28288 104 48 65 48 65 39 54 108578 105 0 0 80290 1 28288 104 48 65 48 65 39 54 108578 105 0 0 80290 1 28288 104
263 0 1000 0 0 1000 0 1000 48 65 48 65 40 55 0 0 0 0 0 0 0 0 48 65 48 65 40 55 0 0 0 0 0 0 0 0 48 65 48 65 40 55 0 0 0 0 0 0 0 0 48 65 48 65 40 55 0 0 0 0 0 0 0 0 48 65 48 65 40 55 0 0 0 0 0 0 0 0 48 65 48 65 40 55 0 0 0 0 0 0 0 0
264 0 1000 0 0 1000 0 1000 48 65 48 65 40 55 0 0 0 0 0 0 0 0 48 65 48 65 40 55 0 0 0 0 0 0 0 0 48 65 48 65 40 55 0 0 0 0 0 0 0 0 48 65 48 65 40 55 0 0 0 0 0 0 0 0 48 65 48 65 40 55 0 0 0 0 0 0 0 0 48 65 48 65 40 55 0 0 0 0 0 0 0 0
265 0 1000 0 0 1000 0 1000 48 65 48 65 40 55 0 0 0 0 0 0 0 0 48 65 48 65 40 55 0 0 0 0 0 0 0 0 48 65 48 65 40 55 0 0 0 0 0 0 0 0 48 65 48 65 40 55 0 0 0 0 0 0 0 0 48 65 48 65 40 55 0 0 0 0 0 0 0 0 48 65 48 65 40 55 0 0 0 0 0 0 0 0
266 0 1000 0 0 1000 0 1000 48 65 48 65 40 55 25840 95 0 0 0 0 25840 95 48 65 48 65 40 55 25840 95 0 0 0 0 25840 95 48 65 48 65 40 55 25840 95 0 0 0 0 25840 95 48 65 48 65 40 55 25840 95 0 0 0 0 25840 95 48 65 48 65 40 55 25840 95 0 0 0 0 25840 95 48 65 48 65 40 55 25840 95 0 0 0 0 25840 95
267 0 1000 0 0 1000 0 1000 48 65 48 65 41 56 0 0 0 0 0 0 0 0 48 65 48 65 41 56 0 0 0 0 0 0 0 0 48 65 48 65 41 56 0 0 0 0 0 0 0 0 48 65 48 65 41 56 0 0 0 0 0 0 0 0 48 65 48 65 41 56 0 0 0 0 0 0 0 0 48 65 48 65 41 56 0 0 0 0 0 0 0 0
268 0 1000 0 0 1000 0 1000 48 65 48 65 41 56 0 0 0 0 0 0 0 0 48 65 48 65 41 56 0 0 0 0 0 0 0 0 48 65 48 65 41 56 0 0 0 0 0 0 0 0 48 65 48 65 41 56 0 0 0 0 0 0 0 0 48 65 48 65 41 56 0 0 0 0 0 0 0 0 48 65 48 65 41 56 0 0 0 0 0 0 0 0
269 0 1000 0 0 1000 0 1000 48 65 48 65 41 56 83479 1 83479 1 0 0 0 0 48 65 48 65 41 56 83479 1 83479 1 0 0 0 0 48 65 48 65 41 56 83479 1 83479 1 0 0 0 0 48 65 48 65 41 56 83479 1 83479 1 0 0 0 0 48 65 48 65 41 56 83479 1 83479 1 0 0 0 0 48 65 48 65 41 56 83479 1 83479 1 0 0 0 0
270 0 1000 0 0 1000 0 1000 49 67 49 67 41 56 106675 98 0 0 80291 1 26384 97 49 67 49 67 41 56 106675 98 0 0 80291 1 26384 97 49 67 49 67 41 56 106675 98 0 0 80291 1 26384 97 49 67 49 67 41 56 106675 98 0 0 80291 1 26384 97 49 67 49 67 41 56 106675 98 0 0 80291 1 26384 97 49 67 49 67 41 56 106675 98 0 0 80291 1 26384 97
271 0 1000 0 0 1000 0 1000 49 67 49 67 42 57 0 0 0 0 0 0 0 0 49 67 49 67 42 57 0 0 0 0 0 0 0 0 49 67 49 67 42 57 0 0 0 0 0 0 0 0 49 67 49 67 42 57 0 0 0 0 0 0 0 0 49 67 49 67 42 57 0 0 0 0 0 0 0 0 49 67 49 67 42 57 0 0 0 0 0 0 0 0
272 0 1000 0 0 1000 0 1000 49 67 49 67 42 57 0 0 0 0 0 0 0 0 49 67 49 67 42 57 0 0 0 0 0 0 0 0 49 67 49 67 42 57 0 0 0 0 0 0 0 0 49 67 49 67 42 57 0 0 0 0 0 0 0 0 49 67 49 67 42 57 0 0 0 0 0 0 0 0 49 67 49 67 42 57 0 0 0 0 0 0 0 0
273 0 1000 0 0 1000 0 1000 49 67 49 67 42 57 83543 1 83543 1 0 0 0 0 49 67 49 67 42 57 83543 1 83543 1 0 0 0 0 49 67 49 67 42 57 83543 1 83543 1 0 0 0 0 49 67 49 67 42 57 83543 1 83543 1 0 0 0 0 49 67 49 67 42 57 83543 1 83543 1 0 0 0 0 49 67 49 67 42 57 83543 1 83543 1 0 0 0 0
274 0 1000 0 0 1000 0 1000 50 68 50 68 42 57 101235 78 0 0 80291 1 20944 77 50 68 50 68 42 57 101235 78 0 0 80291 1 20944 77 50 68 50 68 42 57 101235 78 0 0 80291 1 20944 77 50 68 50 68 42 57 101235 78 0 0 80291 1 20944 77 50 68 50 68 42 57 101235 78 0 0 80291 1 20944 77 50 68 50 68 42 57 101235 78 0 0 80291 1 20944 77
275 0 1000 0 0 1000 0 1000 50 68 50 68 43 58 0 0 0 0 0 0 0 0 50 68 50 68 43 58 0 0 0 0 0 0 0 0 50 68 50 68 43 58 0 0 0 0 0 0 0 0 50 68 50 68 43 58 0 0 0 0 0 0 0 0 50 68 50 68 43 58 0 0 0 0 0 0 0 0 50 68 50 68 43 58 0 0 0 0 0 0 0 0
276 0 1000 0 0 1000 0 1000 50 68 50 68 43 58 0 0 0 0 0 0 0 0 50 68 50 68 43 58 0 0 0 0 0 0 0 0 50 68 50 68 43 58 0 0 0 0 0 0 0 0 50 68 50 68 43 58 0 0 0 0 0 0 0 0 50 68 50 68 43 58 0 0 0 0 0 0 0 0 50 68 50 68 43 58 0 0 0 0 0 0 0 0
277 0 1000 0 0 1000 0 1000 50 68 50 68 43 58 165806 2 165806 2 0 0 0 0 50 68 50 68 43 58 165806 2 165806 2 0 0 0 0 50 68 50 68 43 58 165806 2 165806 2 0 0 0 0 50 68 50 68 43 58 165806 2 165806 2 0 0 0 0 50 68 50 68 43 58 165806 2 165806 2 0 0 0 0 50 68 50 68 43 58 165806 2 165806 2 0 0 0 0
278 0 1000 0 0 1000 0 1000 51 69 51 69 43 58 109123 107 0 0 80291 1 28832 106 51 69 51 69 43 58 109123 107 0 0 80291 1 28832 106 51 69 51 69 43 58 109123 107 0 0 80291 1 28832 106 51 69 51 69 43 58 109123 107 0 0 80291 1 28832 106 51 69 51 69 43 58 109123 107 0 0 80291 1 28832 106 51 69 51 69 43 58 109123 107 0 0 80291 1 28832 106
279 0 1000 0 0 1000 0 1000 51 69 51 69 43 58 0 0 0 0 0 0 0 0 51 69 51 69 43 58 0 0 0 0 0 0 0 0 51 69 51 69 43 58 0 0 0 0 0 0 0 0 51 69 51 69 43 58 0 0 0 0 0 0 0 0 51 69 51 69 43 58 0 0 0 0 0 0 0 0 51 69 51 69 43 58 0 0 0 0 0 0 0 0
280 0 1000 0 0 1000 0 1000 51 69 51 69 43 58 0 0 0 0 0 0 0 0 51 69 51 69 43 58 0 0 0 0 0 0 0 0 51 69 51 69 43 58 0 0 0 0 0 0 0 0 51 69 51 69 43 58 0 0 0 0 0 0 0 0 51 69 51 69 43 58 0 0 0 0 0 0 0 0 51 69 51 69 43 58 0 0 0 0 0 0 0 0
281 0 1000 0 0 1000 0 1000 51 69 51 69 43 58 167662 2 167662 2 0 0 0 0 51 69 51 69 43 58 167662 2 167662 2 0 0 0 0 51 69 51 69 43 58 167662 2 167662 2 0 0 0 0 51 69 51 69 43 58 167662 2 167662 2 0 0 0 0 51 69 51 69 43 58 167662 2 167662 2 0 0 0 0 51 69 51 69 43 58 167662 2 167662 2 0 0 0 0
282 0 1000 0 0 1000 0 1000 52 70 52 70 43 58 110211 111 0 0 80291 1 29920 110 52 70 52 70 43 58 110211 111 0 0 80291 1 29920 110 52 70 52 70 43 58 110211 111 0 0 80291 1 29920 110 52 70 52 70 43 58 110211 111 0 0 80291 1 29920 110 52 70 52 70 43 58 110211 111 0 0 80291 1 29920 110 52 70 52 70 43 58 110211 111 0 0 80291 1 29920 110
283 0 1000 0 0 1000 0 1000 52 70 52 70 44 60 0 0 0 0 0 0 0 0 52 70 52 70 44 60 0 0 0 0 0 0 0 0 52 70 52 70 44 60 0 0 0 0 0 0 0 0 52 70 52 70 44 60 0 0 0 0 0 0 0 0 52 70 52 70 44 60 0 0 0 0 0 0 0 0 52 70 52 70 44 60 0 0 0 0 0 0 0 0
284 0 1000 0 0 1000 0 1000 52 70 52 70 44 60 0 0 0 0 0 0 0 0 52 70 52 70 44 60 0 0 0 0 0 0 0 0 52 70 52 70 44 60 0 0 0 0 0 0 0 0 52 70 52 70 44 60 0 0 0 0 0 0 0 0 52 70 52 70 44 60 0 0 0 0 0 0 0 0 52 70 52 70 44 60 0 0 0 0 0 0 0 0
285 0 1000 0 0 1000 0 1000 52 70 52 70 44 60 83959 1 83959 1 0 0 0 0 52 70 52 70 44 60 83959 1 83959 1 0 0 0 0 52 70 52 70 44 60 83959 1 83959 1 0 0 0 0 52 70 52 70 44 60 83959 1 83959 1 0 0 0 0 52 70 52 70 44 60 83959 1 83959 1 0 0 0 0 52 70 52 70 44 60 83959 1 83959 1 0 0 0 0
286 0 1000 0 0 1000 0 1000 53 71 53 71 44 60 102867 84 0 0 80291 1 22576 83 53 71 53 71 44 60 102867 84 0 0 80291 1 22576 83 53 71 53 71 44 60 102867 84 0 0 80291 1 22576 83 53 71 53 71 44 60 102867 84 0 0 80291 1 22576 83 53 71 53 71 44 60 102867 84 0 0 80291 1 22576 83 53 71 53 71 44 60 102867 84 0 0 80291 1 22576 83
287 0 1000 0 0 1000 0 1000 53 71 53 71 44 60 0 0 0 0 0 0 0 0 53 71 53 71 44 60 0 0 0 0 0 0 0 0 53 71 53 71 44 60 0 0 0 0 0 0 0 0 53 71 53 71 44 60 0 0 0 0 0 0 0 0 53 71 53 71 44 60 0 0 0 0 0 0 0 0 53 71 53 71 44 60 0 0 0 0 0 0 0 0
288 0 1000 0 0 1000 0 1000 53 71 53 71 44 60 0 0 0 0 0 0 0 0 53 71 53 71 44 60 0 0 0 0 0 0 0 0 53 71 53 71 44 60 0 0 0 0 0 0 0 0 53 71 53 71 44 60 0 0 0 0 0 0 0 0 53 71 53 71 44 60 0 0 0 0 0 0 0 0 53 71 53 71 44 60 0 0 0 0 0 0 0 0
289 0 1000 0 0 1000 0 1000 53 71 53 71 44 60 249285 3 249285 3 0 0 0 0 53 71 53 71 44 60 249285 3 249285 3 0 0 0 0 53 71 53 71 44 60 249285 3 249285 3 0 0 0 0 53 71 53 71 44 60 249285 3 249285 3 0 0 0 0 53 71 53 71 44 60 249285 3 249285 3 0 0 0 0 53 71 53 71 44 60 249285 3 249285 3 0 0 0 0
290 0 1000 0 0 1000 0 1000 54 72 54 72 44 60 105859 95 0 0 80291 1 25568 94 54 72 54 72 44 60 105859 95 0 0 80291 1 25568 94 54 72 54 72 44 60 105859 95 0 0 80291 1 25568 94 54 72 54 72 44 60 105859 95 0 0 80291 1 25568 94 54 72 54 72 44 60 105859 95 0 0 80291 1 25568 94 54 72 54 72 44 60 105859 95 0 0 80291 1 25568 94
291 0 1000 0 0 1000 0 1000 54 72 54 72 45 62 0 0 0 0 0 0 0 0 54 72 54 72 45 62 0 0 0 0 0 0 0 0 54 72 54 72 45 62 0 0 0 0 0 0 0 0 54 72 54 72 45 62 0 0 0 0 0 0 0 0 54 72 54 72 45 62 0 0 0 0 0 0 0 0 54 72 54 72 45 62 0 0 0 0 0 0 0 0
292 0 1000 0 0 1000 0 1000 54 72 54 72 45 62 0 0 0 0 0 0 0 0 54 72 54 72 45 62 0 0 0 0 0 0 0 0 54 72 54 72 45 62 0 0 0 0 0 0 0 0 54 72 54 72 45 62 0 0 0 0 0 0 0 0 54 72 54 72 45 62 0 0 0 0 0 0 0 0 54 72 54 72 45 62 0 0 0 0 0 0 0 0
293 0 1000 0 0 1000 0 1000 54 72 54 72 45 62 250340 3 250340 3 0 0 0 0 54 72 54 72 45 62 250340 3 250340 3 0 0 0 0 54 72 54 72 45 62 250340 3 250340 3 0 0 0 0 54 72 54 72 45 62 250340 3 250340 3 0 0 0 0 54 72 54 72 45 62 250340 3 250340 3 0 0 0 0 54 72 54 72 45 62 250340 3 250340 3 0 0 0 0
294 0 1000 0 0 1000 0 1000 55 73 55 73 45 62 106947 99 0 0 80291 1 26656 98 55 73 55 73 45 62 106947 99 0 0 80291 1 26656 98 55 73 55 73 45 62 106947 99 0 0 80291 1 26656 98 55 73 55 73 45 62 106947 99 0 0 80291 1 26656 98 55 73 55 73 45 62 106947 99 0 0 80291 1 26656 98 55 73 55 73 45 62 106947 99 0 0 80291 1 26656 98
295 0 1000 0 0 1000 0 1000 55 73 55 73 46 63 0 0 0 0 0 0 0 0 55 73 55 73 46 63 0 0 0 0 0 0 0 0 55 73 55 73 46 63 0 0 0 0 0 0 0 0 55 73 55 73 46 63 0 0 0 0 0 0 0 0 55 73 55 73 46 63 0 0 0 0 0 0 0 0 55 73 55 73 46 63 0 0 0 0 0 0 0 0
296 0 1000 0 0 1000 0 1000 55 73 55 73 46 63 0 0 0 0 0 0 0 0 55 73 55 73 46 63 0 0 0 0 0 0 0 0 55 73 55 73 46 63 0 0 0 0 0 0 0 0 55 73 55 73 46 63 0 0 0 0 0 0 0 0 55 73 55 73 46 63 0 0 0 0 0 0 0 0 55 73 55 73 46 63 0 0 0 0 0 0 0 0
297 0 1000 0 0 1000 0 1000 55 73 55 73 46 63 0 0 0 0 0 0 0 0 55 73 55 73 46 63 0 0 0 0 0 0 0 0 55 73 55 73 46 63 0 0 0 0 0 0 0 0 55 73 55 73 46 63 0 0 0 0 0 0 0 0 55 73 55 73 46 63 0 0 0 0 0 0 0 0 55 73 55 73 46 63 0 0 0 0 0 0 0 0
298 0 1000 0 0 1000 0 1000 55 73 55 73 46 63 29376 108 0 0 0 0 29376 108 55 73 55 73 46 63 29376 108 0 0 0 0 29376 108 55 73 55 73 46 63 29376 108 0 0 0 0 29376 108 55 73 55 73 46 63 29376 108 0 0 0 0 29376 108 55 73 55 73 46 63 29376 108 0 0 0 0 29376 108 55 73 55 73 46 63 29376 108 0 0 0 0 29376 108
299 0 1000 0 0 1000 0 1000 55 73 55 73 47 64 0 0 0 0 0 0 0 0 55 73 55 73 47 64 0 0 0 0 0 0 0 0 55 73 55 73 47 64 0 0 0 0 0 0 0 0 55 73 55 73 47 64 0 0 0 0 0 0 0 0 55 73 55 73 47 64 0 0 0 0 0 0 0 0 55 73 55 73 47 64 0 0 0 0 0 0 0 0
300 0 1000 0 0 1000 0 1000 55 73 55 73 47 64 0 0 0 0 0 0 0 0 55 73 55 73 47 64 0 0 0 0 0 0 0 0 55 73 55 73 47 64 0 0 0 0 0 0 0 0 55 73 55 73 47 64 0 0 0 0 0 0 0 0 55 73 55 73 47 64 0 0 0 0 0 0 0 0 55 73 55 73 47 64 0 0 0 0 0 0 0 0
301 0 1000 0 0 1000 0 1000 55 73 55 73 47 64 167790 2 167790 2 0 0 0 0 55 73 55 73 47 64 167790 2 167790 2 0 0 0 0 55 73 55 73 47 64 167790 2 167790 2 0 0 0 0 55 73 55 73 47 64 167790 2 167790 2 0 0 0 0 55 73 55 73 47 64 167790 2 167790 2 0 0 0 0 55 73 55 73 47 64 167790 2 167790 2 0 0 0 0
302 0 1000 0 0 1000 0 1000 56 75 56 75 47 64 113203 122 0 0 80291 1 32912 121 56 75 56 75 47 64 113203 122 0 0 80291 1 32912 121 56 75 56 75 47 64 113203 122 0 0 80291 1 32912 121 56 75 56 75 47 64 113203 122 0 0 80291 1 32912 121 56 75 56 75 47 64 113203 122 0 0 80291 1 32912 121 56 75 56 75 47 64 113203 122 0 0 80291 1 32912 121
303 0 1000 0 0 1000 0 1000 56 75 56 75 48 65 0 0 0 0 0 0 0 0 56 75 56 75 48 65 0 0 0 0 0 0 0 0 56 75 56 75 48 65 0 0 0 0 0 0 0 0 56 75 56 75 48 65 0 0 0 0 0 0 0 0 56 75 56 75 48 65 0 0 0 0 0 0 0 0 56 75 56 75 48 65 0 0 0 0 0 0 0 0
