r n_asleep n_awake n_honest_asleep n_honest_dreamy n_honest_awake n_adversary n_all party0_ledger_best_length party0_ledger_best_age party0_ledger_fast_length party0_ledger_fast_age party0_ledger_slow_length party0_ledger_slow_age party0_comms_all_size party0_comms_all_count party0_comms_proposal_size party0_comms_proposal_count party0_comms_piece_block_size party0_comms_piece_block_count party0_comms_piece_vote_size party0_comms_piece_vote_count party1_ledger_best_length party1_ledger_best_age party1_ledger_fast_length party1_ledger_fast_age party1_ledger_slow_length party1_ledger_slow_age party1_comms_all_size party1_comms_all_count party1_comms_proposal_size party1_comms_proposal_count party1_comms_piece_block_size party1_comms_piece_block_count party1_comms_piece_vote_size party1_comms_piece_vote_count party2_ledger_best_length party2_ledger_best_age party2_ledger_fast_length party2_ledger_fast_age party2_ledger_slow_length party2_ledger_slow_age party2_comms_all_size party2_comms_all_count party2_comms_proposal_size party2_comms_proposal_count party2_comms_piece_block_size party2_comms_piece_block_count party2_comms_piece_vote_size party2_comms_piece_vote_count party3_ledger_best_length party3_ledger_best_age party3_ledger_fast_length party3_ledger_fast_age party3_ledger_slow_length party3_ledger_slow_age party3_comms_all_size party3_comms_all_count party3_comms_proposal_size party3_comms_proposal_count party3_comms_piece_block_size party3_comms_piece_block_count party3_comms_piece_vote_size party3_comms_piece_vote_count party4_ledger_best_length party4_ledger_best_age party4_ledger_fast_length party4_ledger_fast_age party4_ledger_slow_length party4_ledger_slow_age party4_comms_all_size party4_comms_all_count party4_comms_proposal_size party4_comms_proposal_count party4_comms_piece_block_size party4_comms_piece_block_count party4_comms_piece_vote_size party4_comms_piece_vote_count partyALWAYSAWAKE_ledger_best_length partyALWAYSAWAKE_ledger_best_age partyALWAYSAWAKE_ledger_fast_length partyALWAYSAWAKE_ledger_fast_age partyALWAYSAWAKE_ledger_slow_length partyALWAYSAWAKE_ledger_slow_age partyALWAYSAWAKE_comms_all_size partyALWAYSAWAKE_comms_all_count partyALWAYSAWAKE_comms_proposal_size partyALWAYSAWAKE_comms_proposal_count partyALWAYSAWAKE_comms_piece_block_size partyALWAYSAWAKE_comms_piece_block_count partyALWAYSAWAKE_comms_piece_vote_size partyALWAYSAWAKE_comms_piece_vote_count
4 0 1000 0 0 1000 0 1000 0 0 0 0 0 0 0 0 0 0 0 0 0 0 0 0 0 0 0 0 0 0 0 0 0 0 0 0 0 0 0 0 0 0 0 0 0 0 0 0 0 0 0 0 0 0 0 0 0 0 0 0 0 0 0 0 0 0 0 0 0 0 0 0 0 0 0 0 0 0 0 0 0 0 0 0 0 0 0 0 0 0 0 0
5 0 1000 0 0 1000 0 1000 0 0 0 0 0 0 80438 1 80438 1 0 0 0 0 0 0 0 0 0 0 80438 1 80438 1 0 0 0 0 0 0 0 0 0 0 80438 1 80438 1 0 0 0 0 0 0 0 0 0 0 80438 1 80438 1 0 0 0 0 0 0 0 0 0 0 80438 1 80438 1 0 0 0 0 0 0 0 0 0 0 80438 1 80438 1 0 0 0 0
6 0 1000 0 0 1000 0 1000 1 1 1 1 0 0 111298 115 0 0 80290 1 31008 114 1 1 1 1 0 0 111298 115 0 0 80290 1 31008 114 1 1 1 1 0 0 111298 115 0 0 80290 1 31008 114 1 1 1 1 0 0 111298 115 0 0 80290 1 31008 114 1 1 1 1 0 0 111298 115 0 0 80290 1 31008 114 1 1 1 1 0 0 111298 115 0 0 80290 1 31008 114
7 0 1000 0 0 1000 0 1000 1 1 1 1 0 0 0 0 0 0 0 0 0 0 1 1 1 1 0 0 0 0 0 0 0 0 0 0 1 1 1 1 0 0 0 0 0 0 0 0 0 0 1 1 1 1 0 0 0 0 0 0 0 0 0 0 1 1 1 1 0 0 0 0 0 0 0 0 0 0 1 1 1 1 0 0 0 0 0 0 0 0 0 0
8 0 1000 0 0 1000 0 1000 1 1 1 1 0 0 0 0 0 0 0 0 0 0 1 1 1 1 0 0 0 0 0 0 0 0 0 0 1 1 1 1 0 0 0 0 0 0 0 0 0 0 1 1 1 1 0 0 0 0 0 0 0 0 0 0 1 1 1 1 0 0 0 0 0 0 0 0 0 0 1 1 1 1 0 0 0 0 0 0 0 0 0 0
9 0 1000 0 0 1000 0 1000 1 1 1 1 0 0 168172 2 168172 2 0 0 0 0 1 1 1 1 0 0 168172 2 168172 2 0 0 0 0 1 1 1 1 0 0 168172 2 168172 2 0 0 0 0 1 1 1 1 0 0 168172 2 168172 2 0 0 0 0 1 1 1 1 0 0 168172 2 168172 2 0 0 0 0 1 1 1 1 0 0 168172 2 168172 2 0 0 0 0
10 0 1000 0 0 1000 0 1000 2 2 2 2 0 0 104498 90 0 0 80290 1 24208 89 2 2 2 2 0 0 104498 90 0 0 80290 1 24208 89 2 2 2 2 0 0 104498 90 0 0 80290 1 24208 89 2 2 2 2 0 0 104498 90 0 0 80290 1 24208 89 2 2 2 2 0 0 104498 90 0 0 80290 1 24208 89 2 2 2 2 0 0 104498 90 0 0 80290 1 24208 89
11 0 1000 0 0 1000 0 1000 2 2 2 2 0 0 0 0 0 0 0 0 0 0 2 2 2 2 0 0 0 0 0 0 0 0 0 0 2 2 2 2 0 0 0 0 0 0 0 0 0 0 2 2 2 2 0 0 0 0 0 0 0 0 0 0 2 2 2 2 0 0 0 0 0 0 0 0 0 0 2 2 2 2 0 0 0 0 0 0 0 0 0 0
12 0 1000 0 0 1000 0 1000 2 2 2 2 0 0 0 0 0 0 0 0 0 0 2 2 2 2 0 0 0 0 0 0 0 0 0 0 2 2 2 2 0 0 0 0 0 0 0 0 0 0 2 2 2 2 0 0 0 0 0 0 0 0 0 0 2 2 2 2 0 0 0 0 0 0 0 0 0 0 2 2 2 2 0 0 0 0 0 0 0 0 0 0
13 0 1000 0 0 1000 0 1000 2 2 2 2 0 0 0 0 0 0 0 0 0 0 2 2 2 2 0 0 0 0 0 0 0 0 0 0 2 2 2 2 0 0 0 0 0 0 0 0 0 0 2 2 2 2 0 0 0 0 0 0 0 0 0 0 2 2 2 2 0 0 0 0 0 0 0 0 0 0 2 2 2 2 0 0 0 0 0 0 0 0 0 0
14 0 1000 0 0 1000 0 1000 2 2 2 2 0 0 27744 102 0 0 0 0 27744 102 2 2 2 2 0 0 27744 102 0 0 0 0 27744 102 2 2 2 2 0 0 27744 102 0 0 0 0 27744 102 2 2 2 2 0 0 27744 102 0 0 0 0 27744 102 2 2 2 2 0 0 27744 102 0 0 0 0 27744 102 2 2 2 2 0 0 27744 102 0 0 0 0 27744 102
15 0 1000 0 0 1000 0 1000 2 2 2 2 0 0 0 0 0 0 0 0 0 0 2 2 2 2 0 0 0 0 0 0 0 0 0 0 2 2 2 2 0 0 0 0 0 0 0 0 0 0 2 2 2 2 0 0 0 0 0 0 0 0 0 0 2 2 2 2 0 0 0 0 0 0 0 0 0 0 2 2 2 2 0 0 0 0 0 0 0 0 0 0
16 0 1000 0 0 1000 0 1000 2 2 2 2 0 0 0 0 0 0 0 0 0 0 2 2 2 2 0 0 0 0 0 0 0 0 0 0 2 2 2 2 0 0 0 0 0 0 0 0 0 0 2 2 2 2 0 0 0 0 0 0 0 0 0 0 2 2 2 2 0 0 0 0 0 0 0 0 0 0 2 2 2 2 0 0 0 0 0 0 0 0 0 0
17 0 1000 0 0 1000 0 1000 2 2 2 2 0 0 0 0 0 0 0 0 0 0 2 2 2 2 0 0 0 0 0 0 0 0 0 0 2 2 2 2 0 0 0 0 0 0 0 0 0 0 2 2 2 2 0 0 0 0 0 0 0 0 0 0 2 2 2 2 0 0 0 0 0 0 0 0 0 0 2 2 2 2 0 0 0 0 0 0 0 0 0 0
18 0 1000 0 0 1000 0 1000 2 2 2 2 0 0 29376 108 0 0 0 0 29376 108 2 2 2 2 0 0 29376 108 0 0 0 0 29376 108 2 2 2 2 0 0 29376 108 0 0 0 0 29376 108 2 2 2 2 0 0 29376 108 0 0 0 0 29376 108 2 2 2 2 0 0 29376 108 0 0 0 0 29376 108 2 2 2 2 0 0 29376 108 0 0 0 0 29376 108
19 0 1000 0 0 1000 0 1000 2 2 2 2 0 0 0 0 0 0 0 0 0 0 2 2 2 2 0 0 0 0 0 0 0 0 0 0 2 2 2 2 0 0 0 0 0 0 0 0 0 0 2 2 2 2 0 0 0 0 0 0 0 0 0 0 2 2 2 2 0 0 0 0 0 0 0 0 0 0 2 2 2 2 0 0 0 0 0 0 0 0 0 0
20 0 1000 0 0 1000 0 1000 2 2 2 2 0 0 0 0 0 0 0 0 0 0 2 2 2 2 0 0 0 0 0 0 0 0 0 0 2 2 2 2 0 0 0 0 0 0 0 0 0 0 2 2 2 2 0 0 0 0 0 0 0 0 0 0 2 2 2 2 0 0 0 0 0 0 0 0 0 0 2 2 2 2 0 0 0 0 0 0 0 0 0 0
21 0 1000 0 0 1000 0 1000 2 2 2 2 0 0 83894 1 83894 1 0 0 0 0 2 2 2 2 0 0 83894 1 83894 1 0 0 0 0 2 2 2 2 0 0 83894 1 83894 1 0 0 0 0 2 2 2 2 0 0 83894 1 83894 1 0 0 0 0 2 2 2 2 0 0 83894 1 83894 1 0 0 0 0 2 2 2 2 0 0 83894 1 83894 1 0 0 0 0
22 0 1000 0 0 1000 0 1000 3 5 3 5 0 0 105858 95 0 0 80290 1 25568 94 3 5 3 5 0 0 105858 95 0 0 80290 1 25568 94 3 5 3 5 0 0 105858 95 0 0 80290 1 25568 94 3 5 3 5 0 0 105858 95 0 0 80290 1 25568 94 3 5 3 5 0 0 105858 95 0 0 80290 1 25568 94 3 5 3 5 0 0 105858 95 0 0 80290 1 25568 94
23 0 1000 0 0 1000 0 1000 3 5 3 5 0 0 0 0 0 0 0 0 0 0 3 5 3 5 0 0 0 0 0 0 0 0 0 0 3 5 3 5 0 0 0 0 0 0 0 0 0 0 3 5 3 5 0 0 0 0 0 0 0 0 0 0 3 5 3 5 0 0 0 0 0 0 0 0 0 0 3 5 3 5 0 0 0 0 0 0 0 0 0 0
24 0 1000 0 0 1000 0 1000 3 5 3 5 0 0 0 0 0 0 0 0 0 0 3 5 3 5 0 0 0 0 0 0 0 0 0 0 3 5 3 5 0 0 0 0 0 0 0 0 0 0 3 5 3 5 0 0 0 0 0 0 0 0 0 0 3 5 3 5 0 0 0 0 0 0 0 0 0 0 3 5 3 5 0 0 0 0 0 0 0 0 0 0
25 0 1000 0 0 1000 0 1000 3 5 3 5 0 0 0 0 0 0 0 0 0 0 3 5 3 5 0 0 0 0 0 0 0 0 0 0 3 5 3 5 0 0 0 0 0 0 0 0 0 0 3 5 3 5 0 0 0 0 0 0 0 0 0 0 3 5 3 5 0 0 0 0 0 0 0 0 0 0 3 5 3 5 0 0 0 0 0 0 0 0 0 0
26 0 1000 0 0 1000 0 1000 3 5 3 5 0 0 31280 115 0 0 0 0 31280 115 3 5 3 5 0 0 31280 115 0 0 0 0 31280 115 3 5 3 5 0 0 31280 115 0 0 0 0 31280 115 3 5 3 5 0 0 31280 115 0 0 0 0 31280 115 3 5 3 5 0 0 31280 115 0 0 0 0 31280 115 3 5 3 5 0 0 31280 115 0 0 0 0 31280 115
27 0 1000 0 0 1000 0 1000 3 5 3 5 0 0 0 0 0 0 0 0 0 0 3 5 3 5 0 0 0 0 0 0 0 0 0 0 3 5 3 5 0 0 0 0 0 0 0 0 0 0 3 5 3 5 0 0 0 0 0 0 0 0 0 0 3 5 3 5 0 0 0 0 0 0 0 0 0 0 3 5 3 5 0 0 0 0 0 0 0 0 0 0
28 0 1000 0 0 1000 0 1000 3 5 3 5 0 0 0 0 0 0 0 0 0 0 3 5 3 5 0 0 0 0 0 0 0 0 0 0 3 5 3 5 0 0 0 0 0 0 0 0 0 0 3 5 3 5 0 0 0 0 0 0 0 0 0 0 3 5 3 5 0 0 0 0 0 0 0 0 0 0 3 5 3 5 0 0 0 0 0 0 0 0 0 0
29 0 1000 0 0 1000 0 1000 3 5 3 5 0 0 0 0 0 0 0 0 0 0 3 5 3 5 0 0 0 0 0 0 0 0 0 0 3 5 3 5 0 0 0 0 0 0 0 0 0 0 3 5 3 5 0 0 0 0 0 0 0 0 0 0 3 5 3 5 0 0 0 0 0 0 0 0 0 0 3 5 3 5 0 0 0 0 0 0 0 0 0 0
30 0 1000 0 0 1000 0 1000 3 5 3 5 0 0 29648 109 0 0 0 0 29648 109 3 5 3 5 0 0 29648 109 0 0 0 0 29648 109 3 5 3 5 0 0 29648 109 0 0 0 0 29648 109 3 5 3 5 0 0 29648 109 0 0 0 0 29648 109 3 5 3 5 0 0 29648 109 0 0 0 0 29648 109 3 5 3 5 0 0 29648 109 0 0 0 0 29648 109
31 0 1000 0 0 1000 0 1000 3 5 3 5 0 0 0 0 0 0 0 0 0 0 3 5 3 5 0 0 0 0 0 0 0 0 0 0 3 5 3 5 0 0 0 0 0 0 0 0 0 0 3 5 3 5 0 0 0 0 0 0 0 0 0 0 3 5 3 5 0 0 0 0 0 0 0 0 0 0 3 5 3 5 0 0 0 0 0 0 0 0 0 0
32 0 1000 0 0 1000 0 1000 3 5 3 5 0 0 0 0 0 0 0 0 0 0 3 5 3 5 0 0 0 0 0 0 0 0 0 0 3 5 3 5 0 0 0 0 0 0 0 0 0 0 3 5 3 5 0 0 0 0 0 0 0 0 0 0 3 5 3 5 0 0 0 0 0 0 0 0 0 0 3 5 3 5 0 0 0 0 0 0 0 0 0 0
33 0 1000 0 0 1000 0 1000 3 5 3 5 0 0 0 0 0 0 0 0 0 0 3 5 3 5 0 0 0 0 0 0 0 0 0 0 3 5 3 5 0 0 0 0 0 0 0 0 0 0 3 5 3 5 0 0 0 0 0 0 0 0 0 0 3 5 3 5 0 0 0 0 0 0 0 0 0 0 3 5 3 5 0 0 0 0 0 0 0 0 0 0
34 0 1000 0 0 1000 0 1000 3 5 3 5 0 0 27200 100 0 0 0 0 27200 100 3 5 3 5 0 0 27200 100 0 0 0 0 27200 100 3 5 3 5 0 0 27200 100 0 0 0 0 27200 100 3 5 3 5 0 0 27200 100 0 0 0 0 27200 100 3 5 3 5 0 0 27200 100 0 0 0 0 27200 100 3 5 3 5 0 0 27200 100 0 0 0 0 27200 100
35 0 1000 0 0 1000 0 1000 3 5 3 5 0 0 0 0 0 0 0 0 0 0 3 5 3 5 0 0 0 0 0 0 0 0 0 0 3 5 3 5 0 0 0 0 0 0 0 0 0 0 3 5 3 5 0 0 0 0 0 0 0 0 0 0 3 5 3 5 0 0 0 0 0 0 0 0 0 0 3 5 3 5 0 0 0 0 0 0 0 0 0 0
36 0 1000 0 0 1000 0 1000 3 5 3 5 0 0 0 0 0 0 0 0 0 0 3 5 3 5 0 0 0 0 0 0 0 0 0 0 3 5 3 5 0 0 0 0 0 0 0 0 0 0 3 5 3 5 0 0 0 0 0 0 0 0 0 0 3 5 3 5 0 0 0 0 0 0 0 0 0 0 3 5 3 5 0 0 0 0 0 0 0 0 0 0
37 0 1000 0 0 1000 0 1000 3 5 3 5 0 0 167276 2 167276 2 0 0 0 0 3 5 3 5 0 0 167276 2 167276 2 0 0 0 0 3 5 3 5 0 0 167276 2 167276 2 0 0 0 0 3 5 3 5 0 0 167276 2 167276 2 0 0 0 0 3 5 3 5 0 0 167276 2 167276 2 0 0 0 0 3 5 3 5 0 0 167276 2 167276 2 0 0 0 0
38 0 1000 0 0 1000 0 1000 4 9 4 9 0 0 107490 101 0 0 80290 1 27200 100 4 9 4 9 0 0 107490 101 0 0 80290 1 27200 100 4 9 4 9 0 0 107490 101 0 0 80290 1 27200 100 4 9 4 9 0 0 107490 101 0 0 80290 1 27200 100 4 9 4 9 0 0 107490 101 0 0 80290 1 27200 100 4 9 4 9 0 0 107490 101 0 0 80290 1 27200 100
39 0 1000 0 0 1000 0 1000 4 9 4 9 0 0 0 0 0 0 0 0 0 0 4 9 4 9 0 0 0 0 0 0 0 0 0 0 4 9 4 9 0 0 0 0 0 0 0 0 0 0 4 9 4 9 0 0 0 0 0 0 0 0 0 0 4 9 4 9 0 0 0 0 0 0 0 0 0 0 4 9 4 9 0 0 0 0 0 0 0 0 0 0
40 0 1000 0 0 1000 0 1000 4 9 4 9 0 0 0 0 0 0 0 0 0 0 4 9 4 9 0 0 0 0 0 0 0 0 0 0 4 9 4 9 0 0 0 0 0 0 0 0 0 0 4 9 4 9 0 0 0 0 0 0 0 0 0 0 4 9 4 9 0 0 0 0 0 0 0 0 0 0 4 9 4 9 0 0 0 0 0 0 0 0 0 0
41 0 1000 0 0 1000 0 1000 4 9 4 9 0 0 0 0 0 0 0 0 0 0 4 9 4 9 0 0 0 0 0 0 0 0 0 0 4 9 4 9 0 0 0 0 0 0 0 0 0 0 4 9 4 9 0 0 0 0 0 0 0 0 0 0 4 9 4 9 0 0 0 0 0 0 0 0 0 0 4 9 4 9 0 0 0 0 0 0 0 0 0 0
42 0 1000 0 0 1000 0 1000 4 9 4 9 0 0 29648 109 0 0 0 0 29648 109 4 9 4 9 0 0 29648 109 0 0 0 0 29648 109 4 9 4 9 0 0 29648 109 0 0 0 0 29648 109 4 9 4 9 0 0 29648 109 0 0 0 0 29648 109 4 9 4 9 0 0 29648 109 0 0 0 0 29648 109 4 9 4 9 0 0 29648 109 0 0 0 0 29648 109
43 0 1000 0 0 1000 0 1000 4 9 4 9 0 0 0 0 0 0 0 0 0 0 4 9 4 9 0 0 0 0 0 0 0 0 0 0 4 9 4 9 0 0 0 0 0 0 0 0 0 0 4 9 4 9 0 0 0 0 0 0 0 0 0 0 4 9 4 9 0 0 0 0 0 0 0 0 0 0 4 9 4 9 0 0 0 0 0 0 0 0 0 0
44 0 1000 0 0 1000 0 1000 4 9 4 9 0 0 0 0 0 0 0 0 0 0 4 9 4 9 0 0 0 0 0 0 0 0 0 0 4 9 4 9 0 0 0 0 0 0 0 0 0 0 4 9 4 9 0 0 0 0 0 0 0 0 0 0 4 9 4 9 0 0 0 0 0 0 0 0 0 0 4 9 4 9 0 0 0 0 0 0 0 0 0 0
45 0 1000 0 0 1000 0 1000 4 9 4 9 0 0 83927 1 83927 1 0 0 0 0 4 9 4 9 0 0 83927 1 83927 1 0 0 0 0 4 9 4 9 0 0 83927 1 83927 1 0 0 0 0 4 9 4 9 0 0 83927 1 83927 1 0 0 0 0 4 9 4 9 0 0 83927 1 83927 1 0 0 0 0 4 9 4 9 0 0 83927 1 83927 1 0 0 0 0
46 0 1000 0 0 1000 0 1000 5 11 5 11 0 0 107219 100 0 0 80291 1 26928 99 5 11 5 11 0 0 107219 100 0 0 80291 1 26928 99 5 11 5 11 0 0 107219 100 0 0 80291 1 26928 99 5 11 5 11 0 0 107219 100 0 0 80291 1 26928 99 5 11 5 11 0 0 107219 100 0 0 80291 1 26928 99 5 11 5 11 0 0 107219 100 0 0 80291 1 26928 99
47 0 1000 0 0 1000 0 1000 5 11 5 11 1 1 0 0 0 0 0 0 0 0 5 11 5 11 1 1 0 0 0 0 0 0 0 0 5 11 5 11 1 1 0 0 0 0 0 0 0 0 5 11 5 11 1 1 0 0 0 0 0 0 0 0 5 11 5 11 1 1 0 0 0 0 0 0 0 0 5 11 5 11 1 1 0 0 0 0 0 0 0 0
48 0 1000 0 0 1000 0 1000 5 11 5 11 1 1 0 0 0 0 0 0 0 0 5 11 5 11 1 1 0 0 0 0 0 0 0 0 5 11 5 11 1 1 0 0 0 0 0 0 0 0 5 11 5 11 1 1 0 0 0 0 0 0 0 0 5 11 5 11 1 1 0 0 0 0 0 0 0 0 5 11 5 11 1 1 0 0 0 0 0 0 0 0
49 0 1000 0 0 1000 0 1000 5 11 5 11 1 1 0 0 0 0 0 0 0 0 5 11 5 11 1 1 0 0 0 0 0 0 0 0 5 11 5 11 1 1 0 0 0 0 0 0 0 0 5 11 5 11 1 1 0 0 0 0 0 0 0 0 5 11 5 11 1 1 0 0 0 0 0 0 0 0 5 11 5 11 1 1 0 0 0 0 0 0 0 0
50 0 1000 0 0 1000 0 1000 5 11 5 11 1 1 24752 91 0 0 0 0 24752 91 5 11 5 11 1 1 24752 91 0 0 0 0 24752 91 5 11 5 11 1 1 24752 91 0 0 0 0 24752 91 5 11 5 11 1 1 24752 91 0 0 0 0 24752 91 5 11 5 11 1 1 24752 91 0 0 0 0 24752 91 5 11 5 11 1 1 24752 91 0 0 0 0 24752 91
51 0 1000 0 0 1000 0 1000 5 11 5 11 2 2 0 0 0 0 0 0 0 0 5 11 5 11 2 2 0 0 0 0 0 0 0 0 5 11 5 11 2 2 0 0 0 0 0 0 0 0 5 11 5 11 2 2 0 0 0 0 0 0 0 0 5 11 5 11 2 2 0 0 0 0 0 0 0 0 5 11 5 11 2 2 0 0 0 0 0 0 0 0
52 0 1000 0 0 1000 0 1000 5 11 5 11 2 2 0 0 0 0 0 0 0 0 5 11 5 11 2 2 0 0 0 0 0 0 0 0 5 11 5 11 2 2 0 0 0 0 0 0 0 0 5 11 5 11 2 2 0 0 0 0 0 0 0 0 5 11 5 11 2 2 0 0 0 0 0 0 0 0 5 11 5 11 2 2 0 0 0 0 0 0 0 0
53 0 1000 0 0 1000 0 1000 5 11 5 11 2 2 0 0 0 0 0 0 0 0 5 11 5 11 2 2 0 0 0 0 0 0 0 0 5 11 5 11 2 2 0 0 0 0 0 0 0 0 5 11 5 11 2 2 0 0 0 0 0 0 0 0 5 11 5 11 2 2 0 0 0 0 0 0 0 0 5 11 5 11 2 2 0 0 0 0 0 0 0 0
54 0 1000 0 0 1000 0 1000 5 11 5 11 2 2 23392 86 0 0 0 0 23392 86 5 11 5 11 2 2 23392 86 0 0 0 0 23392 86 5 11 5 11 2 2 23392 86 0 0 0 0 23392 86 5 11 5 11 2 2 23392 86 0 0 0 0 23392 86 5 11 5 11 2 2 23392 86 0 0 0 0 23392 86 5 11 5 11 2 2 23392 86 0 0 0 0 23392 86
55 0 1000 0 0 1000 0 1000 5 11 5 11 2 2 0 0 0 0 0 0 0 0 5 11 5 11 2 2 0 0 0 0 0 0 0 0 5 11 5 11 2 2 0 0 0 0 0 0 0 0 5 11 5 11 2 2 0 0 0 0 0 0 0 0 5 11 5 11 2 2 0 0 0 0 0 0 0 0 5 11 5 11 2 2 0 0 0 0 0 0 0 0
56 0 1000 0 0 1000 0 1000 5 11 5 11 2 2 0 0 0 0 0 0 0 0 5 11 5 11 2 2 0 0 0 0 0 0 0 0 5 11 5 11 2 2 0 0 0 0 0 0 0 0 5 11 5 11 2 2 0 0 0 0 0 0 0 0 5 11 5 11 2 2 0 0 0 0 0 0 0 0 5 11 5 11 2 2 0 0 0 0 0 0 0 0
57 0 1000 0 0 1000 0 1000 5 11 5 11 2 2 0 0 0 0 0 0 0 0 5 11 5 11 2 2 0 0 0 0 0 0 0 0 5 11 5 11 2 2 0 0 0 0 0 0 0 0 5 11 5 11 2 2 0 0 0 0 0 0 0 0 5 11 5 11 2 2 0 0 0 0 0 0 0 0 5 11 5 11 2 2 0 0 0 0 0 0 0 0
58 0 1000 0 0 1000 0 1000 5 11 5 11 2 2 26112 96 0 0 0 0 26112 96 5 11 5 11 2 2 26112 96 0 0 0 0 26112 96 5 11 5 11 2 2 26112 96 0 0 0 0 26112 96 5 11 5 11 2 2 26112 96 0 0 0 0 26112 96 5 11 5 11 2 2 26112 96 0 0 0 0 26112 96 5 11 5 11 2 2 26112 96 0 0 0 0 26112 96
59 0 1000 0 0 1000 0 1000 5 11 5 11 2 2 0 0 0 0 0 0 0 0 5 11 5 11 2 2 0 0 0 0 0 0 0 0 5 11 5 11 2 2 0 0 0 0 0 0 0 0 5 11 5 11 2 2 0 0 0 0 0 0 0 0 5 11 5 11 2 2 0 0 0 0 0 0 0 0 5 11 5 11 2 2 0 0 0 0 0 0 0 0
60 0 1000 0 0 1000 0 1000 5 11 5 11 2 2 0 0 0 0 0 0 0 0 5 11 5 11 2 2 0 0 0 0 0 0 0 0 5 11 5 11 2 2 0 0 0 0 0 0 0 0 5 11 5 11 2 2 0 0 0 0 0 0 0 0 5 11 5 11 2 2 0 0 0 0 0 0 0 0 5 11 5 11 2 2 0 0 0 0 0 0 0 0
61 0 1000 0 0 1000 0 1000 5 11 5 11 2 2 0 0 0 0 0 0 0 0 5 11 5 11 2 2 0 0 0 0 0 0 0 0 5 11 5 11 2 2 0 0 0 0 0 0 0 0 5 11 5 11 2 2 0 0 0 0 0 0 0 0 5 11 5 11 2 2 0 0 0 0 0 0 0 0 5 11 5 11 2 2 0 0 0 0 0 0 0 0
62 0 1000 0 0 1000 0 1000 5 11 5 11 2 2 25568 94 0 0 0 0 25568 94 5 11 5 11 2 2 25568 94 0 0 0 0 25568 94 5 11 5 11 2 2 25568 94 0 0 0 0 25568 94 5 11 5 11 2 2 25568 94 0 0 0 0 25568 94 5 11 5 11 2 2 25568 94 0 0 0 0 25568 94 5 11 5 11 2 2 25568 94 0 0 0 0 25568 94
63 0 1000 0 0 1000 0 1000 5 11 5 11 3 5 0 0 0 0 0 0 0 0 5 11 5 11 3 5 0 0 0 0 0 0 0 0 5 11 5 11 3 5 0 0 0 0 0 0 0 0 5 11 5 11 3 5 0 0 0 0 0 0 0 0 5 11 5 11 3 5 0 0 0 0 0 0 0 0 5 11 5 11 3 5 0 0 0 0 0 0 0 0
64 0 1000 0 0 1000 0 1000 5 11 5 11 3 5 0 0 0 0 0 0 0 0 5 11 5 11 3 5 0 0 0 0 0 0 0 0 5 11 5 11 3 5 0 0 0 0 0 0 0 0 5 11 5 11 3 5 0 0 0 0 0 0 0 0 5 11 5 11 3 5 0 0 0 0 0 0 0 0 5 11 5 11 3 5 0 0 0 0 0 0 0 0
65 800 200 800 0 200 0 1000 5 11 5 11 3 5 83447 1 83447 1 0 0 0 0 5 11 5 11 3 5 83447 1 83447 1 0 0 0 0 5 11 5 11 3 5 83447 1 83447 1 0 0 0 0 5 11 5 11 3 5 83447 1 83447 1 0 0 0 0 5 11 5 11 3 5 83447 1 83447 1 0 0 0 0 5 11 5 11 3 5 83447 1 83447 1 0 0 0 0
66 800 200 800 0 200 0 1000 5 11 5 11 3 5 85731 21 0 0 80291 1 5440 20 5 11 5 11 3 5 85731 21 0 0 80291 1 5440 20 5 11 5 11 3 5 85731 21 0 0 80291 1 5440 20 5 11 5 11 3 5 85731 21 0 0 80291 1 5440 20 5 11 5 11 3 5 85731 21 0 0 80291 1 5440 20 5 11 5 11 3 5 85731 21 0 0 80291 1 5440 20
67 800 200 800 0 200 0 1000 5 11 5 11 3 5 0 0 0 0 0 0 0 0 5 11 5 11 3 5 0 0 0 0 0 0 0 0 5 11 5 11 3 5 0 0 0 0 0 0 0 0 5 11 5 11 3 5 0 0 0 0 0 0 0 0 5 11 5 11 3 5 0 0 0 0 0 0 0 0 5 11 5 11 3 5 0 0 0 0 0 0 0 0
68 800 200 800 0 200 0 1000 5 11 5 11 3 5 0 0 0 0 0 0 0 0 5 11 5 11 3 5 0 0 0 0 0 0 0 0 5 11 5 11 3 5 0 0 0 0 0 0 0 0 5 11 5 11 3 5 0 0 0 0 0 0 0 0 5 11 5 11 3 5 0 0 0 0 0 0 0 0 5 11 5 11 3 5 0 0 0 0 0 0 0 0
69 800 200 800 0 200 0 1000 5 11 5 11 3 5 0 0 0 0 0 0 0 0 5 11 5 11 3 5 0 0 0 0 0 0 0 0 5 11 5 11 3 5 0 0 0 0 0 0 0 0 5 11 5 11 3 5 0 0 0 0 0 0 0 0 5 11 5 11 3 5 0 0 0 0 0 0 0 0 5 11 5 11 3 5 0 0 0 0 0 0 0 0
70 800 200 800 0 200 0 1000 5 11 5 11 3 5 6528 24 0 0 0 0 6528 24 5 11 5 11 3 5 6528 24 0 0 0 0 6528 24 5 11 5 11 3 5 6528 24 0 0 0 0 6528 24 5 11 5 11 3 5 6528 24 0 0 0 0 6528 24 5 11 5 11 3 5 6528 24 0 0 0 0 6528 24 5 11 5 11 3 5 6528 24 0 0 0 0 6528 24
71 800 200 800 0 200 0 1000 5 11 5 11 3 5 0 0 0 0 0 0 0 0 5 11 5 11 3 5 0 0 0 0 0 0 0 0 5 11 5 11 3 5 0 0 0 0 0 0 0 0 5 11 5 11 3 5 0 0 0 0 0 0 0 0 5 11 5 11 3 5 0 0 0 0 0 0 0 0 5 11 5 11 3 5 0 0 0 0 0 0 0 0
72 800 200 800 0 200 0 1000 5 11 5 11 3 5 0 0 0 0 0 0 0 0 5 11 5 11 3 5 0 0 0 0 0 0 0 0 5 11 5 11 3 5 0 0 0 0 0 0 0 0 5 11 5 11 3 5 0 0 0 0 0 0 0 0 5 11 5 11 3 5 0 0 0 0 0 0 0 0 5 11 5 11 3 5 0 0 0 0 0 0 0 0
73 800 200 800 0 200 0 1000 5 11 5 11 3 5 81207 1 81207 1 0 0 0 0 5 11 5 11 3 5 81207 1 81207 1 0 0 0 0 5 11 5 11 3 5 81207 1 81207 1 0 0 0 0 5 11 5 11 3 5 81207 1 81207 1 0 0 0 0 5 11 5 11 3 5 81207 1 81207 1 0 0 0 0 5 11 5 11 3 5 81207 1 81207 1 0 0 0 0
74 800 200 800 0 200 0 1000 5 11 5 11 3 5 84371 16 0 0 80291 1 4080 15 5 11 5 11 3 5 84371 16 0 0 80291 1 4080 15 5 11 5 11 3 5 84371 16 0 0 80291 1 4080 15 5 11 5 11 3 5 84371 16 0 0 80291 1 4080 15 5 11 5 11 3 5 84371 16 0 0 80291 1 4080 15 5 11 5 11 3 5 84371 16 0 0 80291 1 4080 15
75 800 200 800 0 200 0 1000 5 11 5 11 3 5 0 0 0 0 0 0 0 0 5 11 5 11 3 5 0 0 0 0 0 0 0 0 5 11 5 11 3 5 0 0 0 0 0 0 0 0 5 11 5 11 3 5 0 0 0 0 0 0 0 0 5 11 5 11 3 5 0 0 0 0 0 0 0 0 5 11 5 11 3 5 0 0 0 0 0 0 0 0
76 800 200 800 0 200 0 1000 5 11 5 11 3 5 0 0 0 0 0 0 0 0 5 11 5 11 3 5 0 0 0 0 0 0 0 0 5 11 5 11 3 5 0 0 0 0 0 0 0 0 5 11 5 11 3 5 0 0 0 0 0 0 0 0 5 11 5 11 3 5 0 0 0 0 0 0 0 0 5 11 5 11 3 5 0 0 0 0 0 0 0 0
77 800 200 800 0 200 0 1000 5 11 5 11 3 5 0 0 0 0 0 0 0 0 5 11 5 11 3 5 0 0 0 0 0 0 0 0 5 11 5 11 3 5 0 0 0 0 0 0 0 0 5 11 5 11 3 5 0 0 0 0 0 0 0 0 5 11 5 11 3 5 0 0 0 0 0 0 0 0 5 11 5 11 3 5 0 0 0 0 0 0 0 0
78 800 200 800 0 200 0 1000 5 11 5 11 3 5 5168 19 0 0 0 0 5168 19 5 11 5 11 3 5 5168 19 0 0 0 0 5168 19 5 11 5 11 3 5 5168 19 0 0 0 0 5168 19 5 11 5 11 3 5 5168 19 0 0 0 0 5168 19 5 11 5 11 3 5 5168 19 0 0 0 0 5168 19 5 11 5 11 3 5 5168 19 0 0 0 0 5168 19
79 800 200 800 0 200 0 1000 5 11 5 11 4 9 0 0 0 0 0 0 0 0 5 11 5 11 3 5 0 0 0 0 0 0 0 0 5 11 5 11 3 5 0 0 0 0 0 0 0 0 5 11 5 11 3 5 0 0 0 0 0 0 0 0 5 11 5 11 3 5 0 0 0 0 0 0 0 0 5 11 5 11 4 9 0 0 0 0 0 0 0 0
80 800 200 800 0 200 0 1000 5 11 5 11 4 9 0 0 0 0 0 0 0 0 5 11 5 11 3 5 0 0 0 0 0 0 0 0 5 11 5 11 3 5 0 0 0 0 0 0 0 0 5 11 5 11 3 5 0 0 0 0 0 0 0 0 5 11 5 11 3 5 0 0 0 0 0 0 0 0 5 11 5 11 4 9 0 0 0 0 0 0 0 0
81 800 200 800 0 200 0 1000 5 11 5 11 4 9 0 0 0 0 0 0 0 0 5 11 5 11 3 5 0 0 0 0 0 0 0 0 5 11 5 11 3 5 0 0 0 0 0 0 0 0 5 11 5 11 3 5 0 0 0 0 0 0 0 0 5 11 5 11 3 5 0 0 0 0 0 0 0 0 5 11 5 11 4 9 0 0 0 0 0 0 0 0
82 800 200 800 0 200 0 1000 5 11 5 11 4 9 5168 19 0 0 0 0 5168 19 5 11 5 11 3 5 5168 19 0 0 0 0 5168 19 5 11 5 11 3 5 5168 19 0 0 0 0 5168 19 5 11 5 11 3 5 5168 19 0 0 0 0 5168 19 5 11 5 11 3 5 5168 19 0 0 0 0 5168 19 5 11 5 11 4 9 5168 19 0 0 0 0 5168 19
83 800 200 800 0 200 0 1000 5 11 5 11 4 9 0 0 0 0 0 0 0 0 5 11 5 11 3 5 0 0 0 0 0 0 0 0 5 11 5 11 3 5 0 0 0 0 0 0 0 0 5 11 5 11 3 5 0 0 0 0 0 0 0 0 5 11 5 11 3 5 0 0 0 0 0 0 0 0 5 11 5 11 4 9 0 0 0 0 0 0 0 0
84 800 200 800 0 200 0 1000 5 11 5 11 4 9 0 0 0 0 0 0 0 0 5 11 5 11 3 5 0 0 0 0 0 0 0 0 5 11 5 11 3 5 0 0 0 0 0 0 0 0 5 11 5 11 3 5 0 0 0 0 0 0 0 0 5 11 5 11 3 5 0 0 0 0 0 0 0 0 5 11 5 11 4 9 0 0 0 0 0 0 0 0
85 800 200 800 0 200 0 1000 5 11 5 11 4 9 0 0 0 0 0 0 0 0 5 11 5 11 3 5 0 0 0 0 0 0 0 0 5 11 5 11 3 5 0 0 0 0 0 0 0 0 5 11 5 11 3 5 0 0 0 0 0 0 0 0 5 11 5 11 3 5 0 0 0 0 0 0 0 0 5 11 5 11 4 9 0 0 0 0 0 0 0 0
86 800 200 800 0 200 0 1000 5 11 5 11 4 9 3808 14 0 0 0 0 3808 14 5 11 5 11 3 5 3808 14 0 0 0 0 3808 14 5 11 5 11 3 5 3808 14 0 0 0 0 3808 14 5 11 5 11 3 5 3808 14 0 0 0 0 3808 14 5 11 5 11 3 5 3808 14 0 0 0 0 3808 14 5 11 5 11 4 9 3808 14 0 0 0 0 3808 14
87 800 200 800 0 200 0 1000 5 11 5 11 5 11 0 0 0 0 0 0 0 0 5 11 5 11 3 5 0 0 0 0 0 0 0 0 5 11 5 11 3 5 0 0 0 0 0 0 0 0 5 11 5 11 3 5 0 0 0 0 0 0 0 0 5 11 5 11 3 5 0 0 0 0 0 0 0 0 5 11 5 11 5 11 0 0 0 0 0 0 0 0
88 800 200 800 0 200 0 1000 5 11 5 11 5 11 0 0 0 0 0 0 0 0 5 11 5 11 3 5 0 0 0 0 0 0 0 0 5 11 5 11 3 5 0 0 0 0 0 0 0 0 5 11 5 11 3 5 0 0 0 0 0 0 0 0 5 11 5 11 3 5 0 0 0 0 0 0 0 0 5 11 5 11 5 11 0 0 0 0 0 0 0 0
89 800 200 800 0 200 0 1000 5 11 5 11 5 11 0 0 0 0 0 0 0 0 5 11 5 11 3 5 0 0 0 0 0 0 0 0 5 11 5 11 3 5 0 0 0 0 0 0 0 0 5 11 5 11 3 5 0 0 0 0 0 0 0 0 5 11 5 11 3 5 0 0 0 0 0 0 0 0 5 11 5 11 5 11 0 0 0 0 0 0 0 0
90 800 200 800 0 200 0 1000 5 11 5 11 5 11 3264 12 0 0 0 0 3264 12 5 11 5 11 3 5 3264 12 0 0 0 0 3264 12 5 11 5 11 3 5 3264 12 0 0 0 0 3264 12 5 11 5 11 3 5 3264 12 0 0 0 0 3264 12 5 11 5 11 3 5 3264 12 0 0 0 0 3264 12 5 11 5 11 5 11 3264 12 0 0 0 0 3264 12
91 800 200 800 0 200 0 1000 5 11 5 11 5 11 0 0 0 0 0 0 0 0 5 11 5 11 3 5 0 0 0 0 0 0 0 0 5 11 5 11 3 5 0 0 0 0 0 0 0 0 5 11 5 11 3 5 0 0 0 0 0 0 0 0 5 11 5 11 3 5 0 0 0 0 0 0 0 0 5 11 5 11 5 11 0 0 0 0 0 0 0 0
92 800 200 800 0 200 0 1000 5 11 5 11 5 11 0 0 0 0 0 0 0 0 5 11 5 11 3 5 0 0 0 0 0 0 0 0 5 11 5 11 3 5 0 0 0 0 0 0 0 0 5 11 5 11 3 5 0 0 0 0 0 0 0 0 5 11 5 11 3 5 0 0 0 0 0 0 0 0 5 11 5 11 5 11 0 0 0 0 0 0 0 0
93 800 200 800 0 200 0 1000 5 11 5 11 5 11 80823 1 80823 1 0 0 0 0 5 11 5 11 3 5 80823 1 80823 1 0 0 0 0 5 11 5 11 3 5 80823 1 80823 1 0 0 0 0 5 11 5 11 3 5 80823 1 80823 1 0 0 0 0 5 11 5 11 3 5 80823 1 80823 1 0 0 0 0 5 11 5 11 5 11 80823 1 80823 1 0 0 0 0
94 800 200 800 0 200 0 1000 5 11 5 11 5 11 85731 21 0 0 80291 1 5440 20 5 11 5 11 3 5 85731 21 0 0 80291 1 5440 20 5 11 5 11 3 5 85731 21 0 0 80291 1 5440 20 5 11 5 11 3 5 85731 21 0 0 80291 1 5440 20 5 11 5 11 3 5 85731 21 0 0 80291 1 5440 20 5 11 5 11 5 11 85731 21 0 0 80291 1 5440 20
95 800 200 800 0 200 0 1000 5 11 5 11 5 11 0 0 0 0 0 0 0 0 5 11 5 11 3 5 0 0 0 0 0 0 0 0 5 11 5 11 3 5 0 0 0 0 0 0 0 0 5 11 5 11 3 5 0 0 0 0 0 0 0 0 5 11 5 11 3 5 0 0 0 0 0 0 0 0 5 11 5 11 5 11 0 0 0 0 0 0 0 0
96 800 200 800 0 200 0 1000 5 11 5 11 5 11 0 0 0 0 0 0 0 0 5 11 5 11 3 5 0 0 0 0 0 0 0 0 5 11 5 11 3 5 0 0 0 0 0 0 0 0 5 11 5 11 3 5 0 0 0 0 0 0 0 0 5 11 5 11 3 5 0 0 0 0 0 0 0 0 5 11 5 11 5 11 0 0 0 0 0 0 0 0
97 800 200 800 0 200 0 1000 5 11 5 11 5 11 0 0 0 0 0 0 0 0 5 11 5 11 3 5 0 0 0 0 0 0 0 0 5 11 5 11 3 5 0 0 0 0 0 0 0 0 5 11 5 11 3 5 0 0 0 0 0 0 0 0 5 11 5 11 3 5 0 0 0 0 0 0 0 0 5 11 5 11 5 11 0 0 0 0 0 0 0 0
98 800 200 800 0 200 0 1000 5 11 5 11 5 11 5440 20 0 0 0 0 5440 20 5 11 5 11 3 5 5440 20 0 0 0 0 5440 20 5 11 5 11 3 5 5440 20 0 0 0 0 5440 20 5 11 5 11 3 5 5440 20 0 0 0 0 5440 20 5 11 5 11 3 5 5440 20 0 0 0 0 5440 20 5 11 5 11 5 11 5440 20 0 0 0 0 5440 20
99 800 200 800 0 200 0 1000 5 11 5 11 5 11 0 0 0 0 0 0 0 0 5 11 5 11 3 5 0 0 0 0 0 0 0 0 5 11 5 11 3 5 0 0 0 0 0 0 0 0 5 11 5 11 3 5 0 0 0 0 0 0 0 0 5 11 5 11 3 5 0 0 0 0 0 0 0 0 5 11 5 11 5 11 0 0 0 0 0 0 0 0
100 800 200 800 0 200 0 1000 5 11 5 11 5 11 0 0 0 0 0 0 0 0 5 11 5 11 3 5 0 0 0 0 0 0 0 0 5 11 5 11 3 5 0 0 0 0 0 0 0 0 5 11 5 11 3 5 0 0 0 0 0 0 0 0 5 11 5 11 3 5 0 0 0 0 0 0 0 0 5 11 5 11 5 11 0 0 0 0 0 0 0 0
101 800 200 800 0 200 0 1000 5 11 5 11 5 11 81079 1 81079 1 0 0 0 0 5 11 5 11 3 5 81079 1 81079 1 0 0 0 0 5 11 5 11 3 5 81079 1 81079 1 0 0 0 0 5 11 5 11 3 5 81079 1 81079 1 0 0 0 0 5 11 5 11 3 5 81079 1 81079 1 0 0 0 0 5 11 5 11 5 11 81079 1 81079 1 0 0 0 0
102 800 200 800 0 200 0 1000 5 11 5 11 5 11 85187 19 0 0 80291 1 4896 18 5 11 5 11 3 5 85187 19 0 0 80291 1 4896 18 5 11 5 11 3 5 85187 19 0 0 80291 1 4896 18 5 11 5 11 3 5 85187 19 0 0 80291 1 4896 18 5 11 5 11 3 5 85187 19 0 0 80291 1 4896 18 5 11 5 11 5 11 85187 19 0 0 80291 1 4896 18
103 800 200 800 0 200 0 1000 5 11 5 11 5 11 0 0 0 0 0 0 0 0 5 11 5 11 3 5 0 0 0 0 0 0 0 0 5 11 5 11 3 5 0 0 0 0 0 0 0 0 5 11 5 11 3 5 0 0 0 0 0 0 0 0 5 11 5 11 3 5 0 0 0 0 0 0 0 0 5 11 5 11 5 11 0 0 0 0 0 0 0 0
104 800 200 800 0 200 0 1000 5 11 5 11 5 11 0 0 0 0 0 0 0 0 5 11 5 11 3 5 0 0 0 0 0 0 0 0 5 11 5 11 3 5 0 0 0 0 0 0 0 0 5 11 5 11 3 5 0 0 0 0 0 0 0 0 5 11 5 11 3 5 0 0 0 0 0 0 0 0 5 11 5 11 5 11 0 0 0 0 0 0 0 0
105 800 200 800 0 200 0 1000 5 11 5 11 5 11 0 0 0 0 0 0 0 0 5 11 5 11 3 5 0 0 0 0 0 0 0 0 5 11 5 11 3 5 0 0 0 0 0 0 0 0 5 11 5 11 3 5 0 0 0 0 0 0 0 0 5 11 5 11 3 5 0 0 0 0 0 0 0 0 5 11 5 11 5 11 0 0 0 0 0 0 0 0
106 800 200 800 0 200 0 1000 5 11 5 11 5 11 4080 15 0 0 0 0 4080 15 5 11 5 11 3 5 4080 15 0 0 0 0 4080 15 5 11 5 11 3 5 4080 15 0 0 0 0 4080 15 5 11 5 11 3 5 4080 15 0 0 0 0 4080 15 5 11 5 11 3 5 4080 15 0 0 0 0 4080 15 5 11 5 11 5 11 4080 15 0 0 0 0 4080 15
107 800 200 800 0 200 0 1000 6 16 5 11 6 16 0 0 0 0 0 0 0 0 5 11 5 11 3 5 0 0 0 0 0 0 0 0 5 11 5 11 3 5 0 0 0 0 0 0 0 0 5 11 5 11 3 5 0 0 0 0 0 0 0 0 5 11 5 11 3 5 0 0 0 0 0 0 0 0 6 16 5 11 6 16 0 0 0 0 0 0 0 0
108 800 200 800 0 200 0 1000 6 16 5 11 6 16 0 0 0 0 0 0 0 0 5 11 5 11 3 5 0 0 0 0 0 0 0 0 5 11 5 11 3 5 0 0 0 0 0 0 0 0 5 11 5 11 3 5 0 0 0 0 0 0 0 0 5 11 5 11 3 5 0 0 0 0 0 0 0 0 6 16 5 11 6 16 0 0 0 0 0 0 0 0
109 800 200 800 0 200 0 1000 6 16 5 11 6 16 0 0 0 0 0 0 0 0 5 11 5 11 3 5 0 0 0 0 0 0 0 0 5 11 5 11 3 5 0 0 0 0 0 0 0 0 5 11 5 11 3 5 0 0 0 0 0 0 0 0 5 11 5 11 3 5 0 0 0 0 0 0 0 0 6 16 5 11 6 16 0 0 0 0 0 0 0 0
110 800 200 800 0 200 0 1000 6 16 5 11 6 16 3808 14 0 0 0 0 3808 14 5 11 5 11 3 5 3808 14 0 0 0 0 3808 14 5 11 5 11 3 5 3808 14 0 0 0 0 3808 14 5 11 5 11 3 5 3808 14 0 0 0 0 3808 14 5 11 5 11 3 5 3808 14 0 0 0 0 3808 14 6 16 5 11 6 16 3808 14 0 0 0 0 3808 14
111 800 200 800 0 200 0 1000 6 16 5 11 6 16 0 0 0 0 0 0 0 0 5 11 5 11 3 5 0 0 0 0 0 0 0 0 5 11 5 11 3 5 0 0 0 0 0 0 0 0 5 11 5 11 3 5 0 0 0 0 0 0 0 0 5 11 5 11 3 5 0 0 0 0 0 0 0 0 6 16 5 11 6 16 0 0 0 0 0 0 0 0
112 800 200 800 0 200 0 1000 6 16 5 11 6 16 0 0 0 0 0 0 0 0 5 11 5 11 3 5 0 0 0 0 0 0 0 0 5 11 5 11 3 5 0 0 0 0 0 0 0 0 5 11 5 11 3 5 0 0 0 0 0 0 0 0 5 11 5 11 3 5 0 0 0 0 0 0 0 0 6 16 5 11 6 16 0 0 0 0 0 0 0 0
113 800 200 800 0 200 0 1000 6 16 5 11 6 16 0 0 0 0 0 0 0 0 5 11 5 11 3 5 0 0 0 0 0 0 0 0 5 11 5 11 3 5 0 0 0 0 0 0 0 0 5 11 5 11 3 5 0 0 0 0 0 0 0 0 5 11 5 11 3 5 0 0 0 0 0 0 0 0 6 16 5 11 6 16 0 0 0 0 0 0 0 0
114 800 200 800 0 200 0 1000 6 16 5 11 6 16 4624 17 0 0 0 0 4624 17 5 11 5 11 3 5 4624 17 0 0 0 0 4624 17 5 11 5 11 3 5 4624 17 0 0 0 0 4624 17 5 11 5 11 3 5 4624 17 0 0 0 0 4624 17 5 11 5 11 3 5 4624 17 0 0 0 0 4624 17 6 16 5 11 6 16 4624 17 0 0 0 0 4624 17
115 800 200 800 0 200 0 1000 7 18 5 11 7 18 0 0 0 0 0 0 0 0 5 11 5 11 3 5 0 0 0 0 0 0 0 0 5 11 5 11 3 5 0 0 0 0 0 0 0 0 5 11 5 11 3 5 0 0 0 0 0 0 0 0 5 11 5 11 3 5 0 0 0 0 0 0 0 0 7 18 5 11 7 18 0 0 0 0 0 0 0 0
116 800 200 800 0 200 0 1000 7 18 5 11 7 18 0 0 0 0 0 0 0 0 5 11 5 11 3 5 0 0 0 0 0 0 0 0 5 11 5 11 3 5 0 0 0 0 0 0 0 0 5 11 5 11 3 5 0 0 0 0 0 0 0 0 5 11 5 11 3 5 0 0 0 0 0 0 0 0 7 18 5 11 7 18 0 0 0 0 0 0 0 0
117 800 200 800 0 200 0 1000 7 18 5 11 7 18 0 0 0 0 0 0 0 0 5 11 5 11 3 5 0 0 0 0 0 0 0 0 5 11 5 11 3 5 0 0 0 0 0 0 0 0 5 11 5 11 3 5 0 0 0 0 0 0 0 0 5 11 5 11 3 5 0 0 0 0 0 0 0 0 7 18 5 11 7 18 0 0 0 0 0 0 0 0
118 800 200 800 0 200 0 1000 7 18 5 11 7 18 7616 28 0 0 0 0 7616 28 5 11 5 11 3 5 7616 28 0 0 0 0 7616 28 5 11 5 11 3 5 7616 28 0 0 0 0 7616 28 5 11 5 11 3 5 7616 28 0 0 0 0 7616 28 5 11 5 11 3 5 7616 28 0 0 0 0 7616 28 7 18 5 11 7 18 7616 28 0 0 0 0 7616 28
119 800 200 800 0 200 0 1000 7 18 5 11 7 18 0 0 0 0 0 0 0 0 5 11 5 11 3 5 0 0 0 0 0 0 0 0 5 11 5 11 3 5 0 0 0 0 0 0 0 0 5 11 5 11 3 5 0 0 0 0 0 0 0 0 5 11 5 11 3 5 0 0 0 0 0 0 0 0 7 18 5 11 7 18 0 0 0 0 0 0 0 0
120 800 200 800 0 200 0 1000 7 18 5 11 7 18 0 0 0 0 0 0 0 0 5 11 5 11 3 5 0 0 0 0 0 0 0 0 5 11 5 11 3 5 0 0 0 0 0 0 0 0 5 11 5 11 3 5 0 0 0 0 0 0 0 0 5 11 5 11 3 5 0 0 0 0 0 0 0 0 7 18 5 11 7 18 0 0 0 0 0 0 0 0
121 800 200 800 0 200 0 1000 7 18 5 11 7 18 0 0 0 0 0 0 0 0 5 11 5 11 3 5 0 0 0 0 0 0 0 0 5 11 5 11 3 5 0 0 0 0 0 0 0 0 5 11 5 11 3 5 0 0 0 0 0 0 0 0 5 11 5 11 3 5 0 0 0 0 0 0 0 0 7 18 5 11 7 18 0 0 0 0 0 0 0 0
122 800 200 800 0 200 0 1000 7 18 5 11 7 18 6256 23 0 0 0 0 6256 23 5 11 5 11 3 5 6256 23 0 0 0 0 6256 23 5 11 5 11 3 5 6256 23 0 0 0 0 6256 23 5 11 5 11 3 5 6256 23 0 0 0 0 6256 23 5 11 5 11 3 5 6256 23 0 0 0 0 6256 23 7 18 5 11 7 18 6256 23 0 0 0 0 6256 23
123 800 200 800 0 200 0 1000 7 18 5 11 7 18 0 0 0 0 0 0 0 0 5 11 5 11 3 5 0 0 0 0 0 0 0 0 5 11 5 11 3 5 0 0 0 0 0 0 0 0 5 11 5 11 3 5 0 0 0 0 0 0 0 0 5 11 5 11 3 5 0 0 0 0 0 0 0 0 7 18 5 11 7 18 0 0 0 0 0 0 0 0
124 800 200 800 0 200 0 1000 7 18 5 11 7 18 0 0 0 0 0 0 0 0 5 11 5 11 3 5 0 0 0 0 0 0 0 0 5 11 5 11 3 5 0 0 0 0 0 0 0 0 5 11 5 11 3 5 0 0 0 0 0 0 0 0 5 11 5 11 3 5 0 0 0 0 0 0 0 0 7 18 5 11 7 18 0 0 0 0 0 0 0 0
125 800 200 800 0 200 0 1000 7 18 5 11 7 18 0 0 0 0 0 0 0 0 5 11 5 11 3 5 0 0 0 0 0 0 0 0 5 11 5 11 3 5 0 0 0 0 0 0 0 0 5 11 5 11 3 5 0 0 0 0 0 0 0 0 5 11 5 11 3 5 0 0 0 0 0 0 0 0 7 18 5 11 7 18 0 0 0 0 0 0 0 0
126 0 1000 0 800 200 0 1000 7 18 5 11 7 18 5440 20 0 0 0 0 5440 20 5 11 5 11 3 5 5440 20 0 0 0 0 5440 20 5 11 5 11 3 5 5440 20 0 0 0 0 5440 20 5 11 5 11 3 5 5440 20 0 0 0 0 5440 20 5 11 5 11 3 5 5440 20 0 0 0 0 5440 20 7 18 5 11 7 18 5440 20 0 0 0 0 5440 20
127 0 1000 0 0 1000 0 1000 7 18 5 11 7 18 0 0 0 0 0 0 0 0 7 18 5 11 7 18 0 0 0 0 0 0 0 0 7 18 5 11 7 18 0 0 0 0 0 0 0 0 7 18 5 11 7 18 0 0 0 0 0 0 0 0 7 18 5 11 7 18 0 0 0 0 0 0 0 0 7 18 5 11 7 18 0 0 0 0 0 0 0 0
128 0 1000 0 0 1000 0 1000 7 18 5 11 7 18 0 0 0 0 0 0 0 0 7 18 5 11 7 18 0 0 0 0 0 0 0 0 7 18 5 11 7 18 0 0 0 0 0 0 0 0 7 18 5 11 7 18 0 0 0 0 0 0 0 0 7 18 5 11 7 18 0 0 0 0 0 0 0 0 7 18 5 11 7 18 0 0 0 0 0 0 0 0
129 0 1000 0 0 1000 0 1000 7 18 5 11 7 18 81079 1 81079 1 0 0 0 0 7 18 5 11 7 18 81079 1 81079 1 0 0 0 0 7 18 5 11 7 18 81079 1 81079 1 0 0 0 0 7 18 5 11 7 18 81079 1 81079 1 0 0 0 0 7 18 5 11 7 18 81079 1 81079 1 0 0 0 0 7 18 5 11 7 18 81079 1 81079 1 0 0 0 0
130 0 1000 0 0 1000 0 1000 10 32 10 32 7 18 108035 103 0 0 80291 1 27744 102 10 32 10 32 7 18 108035 103 0 0 80291 1 27744 102 10 32 10 32 7 18 108035 103 0 0 80291 1 27744 102 10 32 10 32 7 18 108035 103 0 0 80291 1 27744 102 10 32 10 32 7 18 108035 103 0 0 80291 1 27744 102 10 32 10 32 7 18 108035 103 0 0 80291 1 27744 102
131 0 1000 0 0 1000 0 1000 10 32 10 32 7 18 0 0 0 0 0 0 0 0 10 32 10 32 7 18 0 0 0 0 0 0 0 0 10 32 10 32 7 18 0 0 0 0 0 0 0 0 10 32 10 32 7 18 0 0 0 0 0 0 0 0 10 32 10 32 7 18 0 0 0 0 0 0 0 0 10 32 10 32 7 18 0 0 0 0 0 0 0 0
132 0 1000 0 0 1000 0 1000 10 32 10 32 7 18 0 0 0 0 0 0 0 0 10 32 10 32 7 18 0 0 0 0 0 0 0 0 10 32 10 32 7 18 0 0 0 0 0 0 0 0 10 32 10 32 7 18 0 0 0 0 0 0 0 0 10 32 10 32 7 18 0 0 0 0 0 0 0 0 10 32 10 32 7 18 0 0 0 0 0 0 0 0
133 0 1000 0 0 1000 0 1000 10 32 10 32 7 18 0 0 0 0 0 0 0 0 10 32 10 32 7 18 0 0 0 0 0 0 0 0 10 32 10 32 7 18 0 0 0 0 0 0 0 0 10 32 10 32 7 18 0 0 0 0 0 0 0 0 10 32 10 32 7 18 0 0 0 0 0 0 0 0 10 32 10 32 7 18 0 0 0 0 0 0 0 0
134 0 1000 0 0 1000 0 1000 10 32 10 32 7 18 26384 97 0 0 0 0 26384 97 10 32 10 32 7 18 26384 97 0 0 0 0 26384 97 10 32 10 32 7 18 26384 97 0 0 0 0 26384 97 10 32 10 32 7 18 26384 97 0 0 0 0 26384 97 10 32 10 32 7 18 26384 97 0 0 0 0 26384 97 10 32 10 32 7 18 26384 97 0 0 0 0 26384 97
135 0 1000 0 0 1000 0 1000 10 32 10 32 8 23 0 0 0 0 0 0 0 0 10 32 10 32 8 23 0 0 0 0 0 0 0 0 10 32 10 32 8 23 0 0 0 0 0 0 0 0 10 32 10 32 8 23 0 0 0 0 0 0 0 0 10 32 10 32 8 23 0 0 0 0 0 0 0 0 10 32 10 32 8 23 0 0 0 0 0 0 0 0
136 0 1000 0 0 1000 0 1000 10 32 10 32 8 23 0 0 0 0 0 0 0 0 10 32 10 32 8 23 0 0 0 0 0 0 0 0 10 32 10 32 8 23 0 0 0 0 0 0 0 0 10 32 10 32 8 23 0 0 0 0 0 0 0 0 10 32 10 32 8 23 0 0 0 0 0 0 0 0 10 32 10 32 8 23 0 0 0 0 0 0 0 0
137 0 1000 0 0 1000 0 1000 10 32 10 32 8 23 0 0 0 0 0 0 0 0 10 32 10 32 8 23 0 0 0 0 0 0 0 0 10 32 10 32 8 23 0 0 0 0 0 0 0 0 10 32 10 32 8 23 0 0 0 0 0 0 0 0 10 32 10 32 8 23 0 0 0 0 0 0 0 0 10 32 10 32 8 23 0 0 0 0 0 0 0 0
138 0 1000 0 0 1000 0 1000 10 32 10 32 8 23 27200 100 0 0 0 0 27200 100 10 32 10 32 8 23 27200 100 0 0 0 0 27200 100 10 32 10 32 8 23 27200 100 0 0 0 0 27200 100 10 32 10 32 8 23 27200 100 0 0 0 0 27200 100 10 32 10 32 8 23 27200 100 0 0 0 0 27200 100 10 32 10 32 8 23 27200 100 0 0 0 0 27200 100
139 0 1000 0 0 1000 0 1000 10 32 10 32 8 23 0 0 0 0 0 0 0 0 10 32 10 32 8 23 0 0 0 0 0 0 0 0 10 32 10 32 8 23 0 0 0 0 0 0 0 0 10 32 10 32 8 23 0 0 0 0 0 0 0 0 10 32 10 32 8 23 0 0 0 0 0 0 0 0 10 32 10 32 8 23 0 0 0 0 0 0 0 0
140 0 1000 0 0 1000 0 1000 10 32 10 32 8 23 0 0 0 0 0 0 0 0 10 32 10 32 8 23 0 0 0 0 0 0 0 0 10 32 10 32 8 23 0 0 0 0 0 0 0 0 10 32 10 32 8 23 0 0 0 0 0 0 0 0 10 32 10 32 8 23 0 0 0 0 0 0 0 0 10 32 10 32 8 23 0 0 0 0 0 0 0 0
141 0 1000 0 0 1000 0 1000 10 32 10 32 8 23 0 0 0 0 0 0 0 0 10 32 10 32 8 23 0 0 0 0 0 0 0 0 10 32 10 32 8 23 0 0 0 0 0 0 0 0 10 32 10 32 8 23 0 0 0 0 0 0 0 0 10 32 10 32 8 23 0 0 0 0 0 0 0 0 10 32 10 32 8 23 0 0 0 0 0 0 0 0
142 0 1000 0 0 1000 0 1000 10 32 10 32 8 23 21216 78 0 0 0 0 21216 78 10 32 10 32 8 23 21216 78 0 0 0 0 21216 78 10 32 10 32 8 23 21216 78 0 0 0 0 21216 78 10 32 10 32 8 23 21216 78 0 0 0 0 21216 78 10 32 10 32 8 23 21216 78 0 0 0 0 21216 78 10 32 10 32 8 23 21216 78 0 0 0 0 21216 78
143 0 1000 0 0 1000 0 1000 10 32 10 32 9 25 0 0 0 0 0 0 0 0 10 32 10 32 9 25 0 0 0 0 0 0 0 0 10 32 10 32 9 25 0 0 0 0 0 0 0 0 10 32 10 32 9 25 0 0 0 0 0 0 0 0 10 32 10 32 9 25 0 0 0 0 0 0 0 0 10 32 10 32 9 25 0 0 0 0 0 0 0 0
144 0 1000 0 0 1000 0 1000 10 32 10 32 9 25 0 0 0 0 0 0 0 0 10 32 10 32 9 25 0 0 0 0 0 0 0 0 10 32 10 32 9 25 0 0 0 0 0 0 0 0 10 32 10 32 9 25 0 0 0 0 0 0 0 0 10 32 10 32 9 25 0 0 0 0 0 0 0 0 10 32 10 32 9 25 0 0 0 0 0 0 0 0
145 0 1000 0 0 1000 0 1000 10 32 10 32 9 25 0 0 0 0 0 0 0 0 10 32 10 32 9 25 0 0 0 0 0 0 0 0 10 32 10 32 9 25 0 0 0 0 0 0 0 0 10 32 10 32 9 25 0 0 0 0 0 0 0 0 10 32 10 32 9 25 0 0 0 0 0 0 0 0 10 32 10 32 9 25 0 0 0 0 0 0 0 0
146 0 1000 0 0 1000 0 1000 10 32 10 32 9 25 28560 105 0 0 0 0 28560 105 10 32 10 32 9 25 28560 105 0 0 0 0 28560 105 10 32 10 32 9 25 28560 105 0 0 0 0 28560 105 10 32 10 32 9 25 28560 105 0 0 0 0 28560 105 10 32 10 32 9 25 28560 105 0 0 0 0 28560 105 10 32 10 32 9 25 28560 105 0 0 0 0 28560 105
147 0 1000 0 0 1000 0 1000 10 32 10 32 9 25 0 0 0 0 0 0 0 0 10 32 10 32 9 25 0 0 0 0 0 0 0 0 10 32 10 32 9 25 0 0 0 0 0 0 0 0 10 32 10 32 9 25 0 0 0 0 0 0 0 0 10 32 10 32 9 25 0 0 0 0 0 0 0 0 10 32 10 32 9 25 0 0 0 0 0 0 0 0
148 0 1000 0 0 1000 0 1000 10 32 10 32 9 25 0 0 0 0 0 0 0 0 10 32 10 32 9 25 0 0 0 0 0 0 0 0 10 32 10 32 9 25 0 0 0 0 0 0 0 0 10 32 10 32 9 25 0 0 0 0 0 0 0 0 10 32 10 32 9 25 0 0 0 0 0 0 0 0 10 32 10 32 9 25 0 0 0 0 0 0 0 0
149 0 1000 0 0 1000 0 1000 10 32 10 32 9 25 167598 2 167598 2 0 0 0 0 10 32 10 32 9 25 167598 2 167598 2 0 0 0 0 10 32 10 32 9 25 167598 2 167598 2 0 0 0 0 10 32 10 32 9 25 167598 2 167598 2 0 0 0 0 10 32 10 32 9 25 167598 2 167598 2 0 0 0 0 10 32 10 32 9 25 167598 2 167598 2 0 0 0 0
150 0 1000 0 0 1000 0 1000 11 37 11 37 9 25 106675 98 0 0 80291 1 26384 97 11 37 11 37 9 25 106675 98 0 0 80291 1 26384 97 11 37 11 37 9 25 106675 98 0 0 80291 1 26384 97 11 37 11 37 9 25 106675 98 0 0 80291 1 26384 97 11 37 11 37 9 25 106675 98 0 0 80291 1 26384 97 11 37 11 37 9 25 106675 98 0 0 80291 1 26384 97
151 0 1000 0 0 1000 0 1000 11 37 11 37 9 25 0 0 0 0 0 0 0 0 11 37 11 37 9 25 0 0 0 0 0 0 0 0 11 37 11 37 9 25 0 0 0 0 0 0 0 0 11 37 11 37 9 25 0 0 0 0 0 0 0 0 11 37 11 37 9 25 0 0 0 0 0 0 0 0 11 37 11 37 9 25 0 0 0 0 0 0 0 0
152 0 1000 0 0 1000 0 1000 11 37 11 37 9 25 0 0 0 0 0 0 0 0 11 37 11 37 9 25 0 0 0 0 0 0 0 0 11 37 11 37 9 25 0 0 0 0 0 0 0 0 11 37 11 37 9 25 0 0 0 0 0 0 0 0 11 37 11 37 9 25 0 0 0 0 0 0 0 0 11 37 11 37 9 25 0 0 0 0 0 0 0 0
153 0 1000 0 0 1000 0 1000 11 37 11 37 9 25 0 0 0 0 0 0 0 0 11 37 11 37 9 25 0 0 0 0 0 0 0 0 11 37 11 37 9 25 0 0 0 0 0 0 0 0 11 37 11 37 9 25 0 0 0 0 0 0 0 0 11 37 11 37 9 25 0 0 0 0 0 0 0 0 11 37 11 37 9 25 0 0 0 0 0 0 0 0
154 0 1000 0 0 1000 0 1000 11 37 11 37 9 25 26928 99 0 0 0 0 26928 99 11 37 11 37 9 25 26928 99 0 0 0 0 26928 99 11 37 11 37 9 25 26928 99 0 0 0 0 26928 99 11 37 11 37 9 25 26928 99 0 0 0 0 26928 99 11 37 11 37 9 25 26928 99 0 0 0 0 26928 99 11 37 11 37 9 25 26928 99 0 0 0 0 26928 99
155 0 1000 0 0 1000 0 1000 11 37 11 37 9 25 0 0 0 0 0 0 0 0 11 37 11 37 9 25 0 0 0 0 0 0 0 0 11 37 11 37 9 25 0 0 0 0 0 0 0 0 11 37 11 37 9 25 0 0 0 0 0 0 0 0 11 37 11 37 9 25 0 0 0 0 0 0 0 0 11 37 11 37 9 25 0 0 0 0 0 0 0 0
156 0 1000 0 0 1000 0 1000 11 37 11 37 9 25 0 0 0 0 0 0 0 0 11 37 11 37 9 25 0 0 0 0 0 0 0 0 11 37 11 37 9 25 0 0 0 0 0 0 0 0 11 37 11 37 9 25 0 0 0 0 0 0 0 0 11 37 11 37 9 25 0 0 0 0 0 0 0 0 11 37 11 37 9 25 0 0 0 0 0 0 0 0
157 0 1000 0 0 1000 0 1000 11 37 11 37 9 25 83607 1 83607 1 0 0 0 0 11 37 11 37 9 25 83607 1 83607 1 0 0 0 0 11 37 11 37 9 25 83607 1 83607 1 0 0 0 0 11 37 11 37 9 25 83607 1 83607 1 0 0 0 0 11 37 11 37 9 25 83607 1 83607 1 0 0 0 0 11 37 11 37 9 25 83607 1 83607 1 0 0 0 0
158 0 1000 0 0 1000 0 1000 12 39 12 39 9 25 108579 105 0 0 80291 1 28288 104 12 39 12 39 9 25 108579 105 0 0 80291 1 28288 104 12 39 12 39 9 25 108579 105 0 0 80291 1 28288 104 12 39 12 39 9 25 108579 105 0 0 80291 1 28288 104 12 39 12 39 9 25 108579 105 0 0 80291 1 28288 104 12 39 12 39 9 25 108579 105 0 0 80291 1 28288 104
159 0 1000 0 0 1000 0 1000 12 39 12 39 9 25 0 0 0 0 0 0 0 0 12 39 12 39 9 25 0 0 0 0 0 0 0 0 12 39 12 39 9 25 0 0 0 0 0 0 0 0 12 39 12 39 9 25 0 0 0 0 0 0 0 0 12 39 12 39 9 25 0 0 0 0 0 0 0 0 12 39 12 39 9 25 0 0 0 0 0 0 0 0
160 0 1000 0 0 1000 0 1000 12 39 12 39 9 25 0 0 0 0 0 0 0 0 12 39 12 39 9 25 0 0 0 0 0 0 0 0 12 39 12 39 9 25 0 0 0 0 0 0 0 0 12 39 12 39 9 25 0 0 0 0 0 0 0 0 12 39 12 39 9 25 0 0 0 0 0 0 0 0 12 39 12 39 9 25 0 0 0 0 0 0 0 0
161 0 1000 0 0 1000 0 1000 12 39 12 39 9 25 0 0 0 0 0 0 0 0 12 39 12 39 9 25 0 0 0 0 0 0 0 0 12 39 12 39 9 25 0 0 0 0 0 0 0 0 12 39 12 39 9 25 0 0 0 0 0 0 0 0 12 39 12 39 9 25 0 0 0 0 0 0 0 0 12 39 12 39 9 25 0 0 0 0 0 0 0 0
162 0 1000 0 0 1000 0 1000 12 39 12 39 9 25 26928 99 0 0 0 0 26928 99 12 39 12 39 9 25 26928 99 0 0 0 0 26928 99 12 39 12 39 9 25 26928 99 0 0 0 0 26928 99 12 39 12 39 9 25 26928 99 0 0 0 0 26928 99 12 39 12 39 9 25 26928 99 0 0 0 0 26928 99 12 39 12 39 9 25 26928 99 0 0 0 0 26928 99
163 0 1000 0 0 1000 0 1000 12 39 12 39 9 25 0 0 0 0 0 0 0 0 12 39 12 39 9 25 0 0 0 0 0 0 0 0 12 39 12 39 9 25 0 0 0 0 0 0 0 0 12 39 12 39 9 25 0 0 0 0 0 0 0 0 12 39 12 39 9 25 0 0 0 0 0 0 0 0 12 39 12 39 9 25 0 0 0 0 0 0 0 0
164 0 1000 0 0 1000 0 1000 12 39 12 39 9 25 0 0 0 0 0 0 0 0 12 39 12 39 9 25 0 0 0 0 0 0 0 0 12 39 12 39 9 25 0 0 0 0 0 0 0 0 12 39 12 39 9 25 0 0 0 0 0 0 0 0 12 39 12 39 9 25 0 0 0 0 0 0 0 0 12 39 12 39 9 25 0 0 0 0 0 0 0 0
165 0 1000 0 0 1000 0 1000 12 39 12 39 9 25 0 0 0 0 0 0 0 0 12 39 12 39 9 25 0 0 0 0 0 0 0 0 12 39 12 39 9 25 0 0 0 0 0 0 0 0 12 39 12 39 9 25 0 0 0 0 0 0 0 0 12 39 12 39 9 25 0 0 0 0 0 0 0 0 12 39 12 39 9 25 0 0 0 0 0 0 0 0
166 0 1000 0 0 1000 0 1000 12 39 12 39 9 25 31280 115 0 0 0 0 31280 115 12 39 12 39 9 25 31280 115 0 0 0 0 31280 115 12 39 12 39 9 25 31280 115 0 0 0 0 31280 115 12 39 12 39 9 25 31280 115 0 0 0 0 31280 115 12 39 12 39 9 25 31280 115 0 0 0 0 31280 115 12 39 12 39 9 25 31280 115 0 0 0 0 31280 115
167 0 1000 0 0 1000 0 1000 12 39 12 39 9 25 0 0 0 0 0 0 0 0 12 39 12 39 9 25 0 0 0 0 0 0 0 0 12 39 12 39 9 25 0 0 0 0 0 0 0 0 12 39 12 39 9 25 0 0 0 0 0 0 0 0 12 39 12 39 9 25 0 0 0 0 0 0 0 0 12 39 12 39 9 25 0 0 0 0 0 0 0 0
168 0 1000 0 0 1000 0 1000 12 39 12 39 9 25 0 0 0 0 0 0 0 0 12 39 12 39 9 25 0 0 0 0 0 0 0 0 12 39 12 39 9 25 0 0 0 0 0 0 0 0 12 39 12 39 9 25 0 0 0 0 0 0 0 0 12 39 12 39 9 25 0 0 0 0 0 0 0 0 12 39 12 39 9 25 0 0 0 0 0 0 0 0
169 0 1000 0 0 1000 0 1000 12 39 12 39 9 25 0 0 0 0 0 0 0 0 12 39 12 39 9 25 0 0 0 0 0 0 0 0 12 39 12 39 9 25 0 0 0 0 0 0 0 0 12 39 12 39 9 25 0 0 0 0 0 0 0 0 12 39 12 39 9 25 0 0 0 0 0 0 0 0 12 39 12 39 9 25 0 0 0 0 0 0 0 0
170 0 1000 0 0 1000 0 1000 12 39 12 39 9 25 27472 101 0 0 0 0 27472 101 12 39 12 39 9 25 27472 101 0 0 0 0 27472 101 12 39 12 39 9 25 27472 101 0 0 0 0 27472 101 12 39 12 39 9 25 27472 101 0 0 0 0 27472 101 12 39 12 39 9 25 27472 101 0 0 0 0 27472 101 12 39 12 39 9 25 27472 101 0 0 0 0 27472 101
171 0 1000 0 0 1000 0 1000 12 39 12 39 10 32 0 0 0 0 0 0 0 0 12 39 12 39 10 32 0 0 0 0 0 0 0 0 12 39 12 39 10 32 0 0 0 0 0 0 0 0 12 39 12 39 10 32 0 0 0 0 0 0 0 0 12 39 12 39 10 32 0 0 0 0 0 0 0 0 12 39 12 39 10 32 0 0 0 0 0 0 0 0
172 0 1000 0 0 1000 0 1000 12 39 12 39 10 32 0 0 0 0 0 0 0 0 12 39 12 39 10 32 0 0 0 0 0 0 0 0 12 39 12 39 10 32 0 0 0 0 0 0 0 0 12 39 12 39 10 32 0 0 0 0 0 0 0 0 12 39 12 39 10 32 0 0 0 0 0 0 0 0 12 39 12 39 10 32 0 0 0 0 0 0 0 0
173 0 1000 0 0 1000 0 1000 12 39 12 39 10 32 0 0 0 0 0 0 0 0 12 39 12 39 10 32 0 0 0 0 0 0 0 0 12 39 12 39 10 32 0 0 0 0 0 0 0 0 12 39 12 39 10 32 0 0 0 0 0 0 0 0 12 39 12 39 10 32 0 0 0 0 0 0 0 0 12 39 12 39 10 32 0 0 0 0 0 0 0 0
174 0 1000 0 0 1000 0 1000 12 39 12 39 10 32 26384 97 0 0 0 0 26384 97 12 39 12 39 10 32 26384 97 0 0 0 0 26384 97 12 39 12 39 10 32 26384 97 0 0 0 0 26384 97 12 39 12 39 10 32 26384 97 0 0 0 0 26384 97 12 39 12 39 10 32 26384 97 0 0 0 0 26384 97 12 39 12 39 10 32 26384 97 0 0 0 0 26384 97
175 0 1000 0 0 1000 0 1000 12 39 12 39 10 32 0 0 0 0 0 0 0 0 12 39 12 39 10 32 0 0 0 0 0 0 0 0 12 39 12 39 10 32 0 0 0 0 0 0 0 0 12 39 12 39 10 32 0 0 0 0 0 0 0 0 12 39 12 39 10 32 0 0 0 0 0 0 0 0 12 39 12 39 10 32 0 0 0 0 0 0 0 0
176 0 1000 0 0 1000 0 1000 12 39 12 39 10 32 0 0 0 0 0 0 0 0 12 39 12 39 10 32 0 0 0 0 0 0 0 0 12 39 12 39 10 32 0 0 0 0 0 0 0 0 12 39 12 39 10 32 0 0 0 0 0 0 0 0 12 39 12 39 10 32 0 0 0 0 0 0 0 0 12 39 12 39 10 32 0 0 0 0 0 0 0 0
177 0 1000 0 0 1000 0 1000 12 39 12 39 10 32 0 0 0 0 0 0 0 0 12 39 12 39 10 32 0 0 0 0 0 0 0 0 12 39 12 39 10 32 0 0 0 0 0 0 0 0 12 39 12 39 10 32 0 0 0 0 0 0 0 0 12 39 12 39 10 32 0 0 0 0 0 0 0 0 12 39 12 39 10 32 0 0 0 0 0 0 0 0
178 0 1000 0 0 1000 0 1000 12 39 12 39 10 32 28016 103 0 0 0 0 28016 103 12 39 12 39 10 32 28016 103 0 0 0 0 28016 103 12 39 12 39 10 32 28016 103 0 0 0 0 28016 103 12 39 12 39 10 32 28016 103 0 0 0 0 28016 103 12 39 12 39 10 32 28016 103 0 0 0 0 28016 103 12 39 12 39 10 32 28016 103 0 0 0 0 28016 103
179 0 1000 0 0 1000 0 1000 12 39 12 39 10 32 0 0 0 0 0 0 0 0 12 39 12 39 10 32 0 0 0 0 0 0 0 0 12 39 12 39 10 32 0 0 0 0 0 0 0 0 12 39 12 39 10 32 0 0 0 0 0 0 0 0 12 39 12 39 10 32 0 0 0 0 0 0 0 0 12 39 12 39 10 32 0 0 0 0 0 0 0 0
180 0 1000 0 0 1000 0 1000 12 39 12 39 10 32 0 0 0 0 0 0 0 0 12 39 12 39 10 32 0 0 0 0 0 0 0 0 12 39 12 39 10 32 0 0 0 0 0 0 0 0 12 39 12 39 10 32 0 0 0 0 0 0 0 0 12 39 12 39 10 32 0 0 0 0 0 0 0 0 12 39 12 39 10 32 0 0 0 0 0 0 0 0
181 0 1000 0 0 1000 0 1000 12 39 12 39 10 32 0 0 0 0 0 0 0 0 12 39 12 39 10 32 0 0 0 0 0 0 0 0 12 39 12 39 10 32 0 0 0 0 0 0 0 0 12 39 12 39 10 32 0 0 0 0 0 0 0 0 12 39 12 39 10 32 0 0 0 0 0 0 0 0 12 39 12 39 10 32 0 0 0 0 0 0 0 0
182 0 1000 0 0 1000 0 1000 12 39 12 39 10 32 26384 97 0 0 0 0 26384 97 12 39 12 39 10 32 26384 97 0 0 0 0 26384 97 12 39 12 39 10 32 26384 97 0 0 0 0 26384 97 12 39 12 39 10 32 26384 97 0 0 0 0 26384 97 12 39 12 39 10 32 26384 97 0 0 0 0 26384 97 12 39 12 39 10 32 26384 97 0 0 0 0 26384 97
183 0 1000 0 0 1000 0 1000 12 39 12 39 10 32 0 0 0 0 0 0 0 0 12 39 12 39 10 32 0 0 0 0 0 0 0 0 12 39 12 39 10 32 0 0 0 0 0 0 0 0 12 39 12 39 10 32 0 0 0 0 0 0 0 0 12 39 12 39 10 32 0 0 0 0 0 0 0 0 12 39 12 39 10 32 0 0 0 0 0 0 0 0
184 0 1000 0 0 1000 0 1000 12 39 12 39 10 32 0 0 0 0 0 0 0 0 12 39 12 39 10 32 0 0 0 0 0 0 0 0 12 39 12 39 10 32 0 0 0 0 0 0 0 0 12 39 12 39 10 32 0 0 0 0 0 0 0 0 12 39 12 39 10 32 0 0 0 0 0 0 0 0 12 39 12 39 10 32 0 0 0 0 0 0 0 0
185 0 1000 0 0 1000 0 1000 12 39 12 39 10 32 0 0 0 0 0 0 0 0 12 39 12 39 10 32 0 0 0 0 0 0 0 0 12 39 12 39 10 32 0 0 0 0 0 0 0 0 12 39 12 39 10 32 0 0 0 0 0 0 0 0 12 39 12 39 10 32 0 0 0 0 0 0 0 0 12 39 12 39 10 32 0 0 0 0 0 0 0 0
186 0 1000 0 0 1000 0 1000 12 39 12 39 10 32 27744 102 0 0 0 0 27744 102 12 39 12 39 10 32 27744 102 0 0 0 0 27744 102 12 39 12 39 10 32 27744 102 0 0 0 0 27744 102 12 39 12 39 10 32 27744 102 0 0 0 0 27744 102 12 39 12 39 10 32 27744 102 0 0 0 0 27744 102 12 39 12 39 10 32 27744 102 0 0 0 0 27744 102
187 800 200 800 0 200 0 1000 12 39 12 39 10 32 0 0 0 0 0 0 0 0 12 39 12 39 10 32 0 0 0 0 0 0 0 0 12 39 12 39 10 32 0 0 0 0 0 0 0 0 12 39 12 39 10 32 0 0 0 0 0 0 0 0 12 39 12 39 10 32 0 0 0 0 0 0 0 0 12 39 12 39 10 32 0 0 0 0 0 0 0 0
188 800 200 800 0 200 0 1000 12 39 12 39 10 32 0 0 0 0 0 0 0 0 12 39 12 39 10 32 0 0 0 0 0 0 0 0 12 39 12 39 10 32 0 0 0 0 0 0 0 0 12 39 12 39 10 32 0 0 0 0 0 0 0 0 12 39 12 39 10 32 0 0 0 0 0 0 0 0 12 39 12 39 10 32 0 0 0 0 0 0 0 0
189 800 200 800 0 200 0 1000 12 39 12 39 10 32 83703 1 83703 1 0 0 0 0 12 39 12 39 10 32 83703 1 83703 1 0 0 0 0 12 39 12 39 10 32 83703 1 83703 1 0 0 0 0 12 39 12 39 10 32 83703 1 83703 1 0 0 0 0 12 39 12 39 10 32 83703 1 83703 1 0 0 0 0 12 39 12 39 10 32 83703 1 83703 1 0 0 0 0
190 800 200 800 0 200 0 1000 12 39 12 39 10 32 86275 23 0 0 80291 1 5984 22 12 39 12 39 10 32 86275 23 0 0 80291 1 5984 22 12 39 12 39 10 32 86275 23 0 0 80291 1 5984 22 12 39 12 39 10 32 86275 23 0 0 80291 1 5984 22 12 39 12 39 10 32 86275 23 0 0 80291 1 5984 22 12 39 12 39 10 32 86275 23 0 0 80291 1 5984 22
191 800 200 800 0 200 0 1000 12 39 12 39 11 37 0 0 0 0 0 0 0 0 12 39 12 39 10 32 0 0 0 0 0 0 0 0 12 39 12 39 10 32 0 0 0 0 0 0 0 0 12 39 12 39 10 32 0 0 0 0 0 0 0 0 12 39 12 39 10 32 0 0 0 0 0 0 0 0 12 39 12 39 11 37 0 0 0 0 0 0 0 0
192 800 200 800 0 200 0 1000 12 39 12 39 11 37 0 0 0 0 0 0 0 0 12 39 12 39 10 32 0 0 0 0 0 0 0 0 12 39 12 39 10 32 0 0 0 0 0 0 0 0 12 39 12 39 10 32 0 0 0 0 0 0 0 0 12 39 12 39 10 32 0 0 0 0 0 0 0 0 12 39 12 39 11 37 0 0 0 0 0 0 0 0
193 800 200 800 0 200 0 1000 12 39 12 39 11 37 0 0 0 0 0 0 0 0 12 39 12 39 10 32 0 0 0 0 0 0 0 0 12 39 12 39 10 32 0 0 0 0 0 0 0 0 12 39 12 39 10 32 0 0 0 0 0 0 0 0 12 39 12 39 10 32 0 0 0 0 0 0 0 0 12 39 12 39 11 37 0 0 0 0 0 0 0 0
194 800 200 800 0 200 0 1000 12 39 12 39 11 37 5712 21 0 0 0 0 5712 21 12 39 12 39 10 32 5712 21 0 0 0 0 5712 21 12 39 12 39 10 32 5712 21 0 0 0 0 5712 21 12 39 12 39 10 32 5712 21 0 0 0 0 5712 21 12 39 12 39 10 32 5712 21 0 0 0 0 5712 21 12 39 12 39 11 37 5712 21 0 0 0 0 5712 21
195 800 200 800 0 200 0 1000 12 39 12 39 11 37 0 0 0 0 0 0 0 0 12 39 12 39 10 32 0 0 0 0 0 0 0 0 12 39 12 39 10 32 0 0 0 0 0 0 0 0 12 39 12 39 10 32 0 0 0 0 0 0 0 0 12 39 12 39 10 32 0 0 0 0 0 0 0 0 12 39 12 39 11 37 0 0 0 0 0 0 0 0
196 800 200 800 0 200 0 1000 12 39 12 39 11 37 0 0 0 0 0 0 0 0 12 39 12 39 10 32 0 0 0 0 0 0 0 0 12 39 12 39 10 32 0 0 0 0 0 0 0 0 12 39 12 39 10 32 0 0 0 0 0 0 0 0 12 39 12 39 10 32 0 0 0 0 0 0 0 0 12 39 12 39 11 37 0 0 0 0 0 0 0 0
197 800 200 800 0 200 0 1000 12 39 12 39 11 37 0 0 0 0 0 0 0 0 12 39 12 39 10 32 0 0 0 0 0 0 0 0 12 39 12 39 10 32 0 0 0 0 0 0 0 0 12 39 12 39 10 32 0 0 0 0 0 0 0 0 12 39 12 39 10 32 0 0 0 0 0 0 0 0 12 39 12 39 11 37 0 0 0 0 0 0 0 0
198 800 200 800 0 200 0 1000 12 39 12 39 11 37 3536 13 0 0 0 0 3536 13 12 39 12 39 10 32 3536 13 0 0 0 0 3536 13 12 39 12 39 10 32 3536 13 0 0 0 0 3536 13 12 39 12 39 10 32 3536 13 0 0 0 0 3536 13 12 39 12 39 10 32 3536 13 0 0 0 0 3536 13 12 39 12 39 11 37 3536 13 0 0 0 0 3536 13
199 800 200 800 0 200 0 1000 12 39 12 39 12 39 0 0 0 0 0 0 0 0 12 39 12 39 10 32 0 0 0 0 0 0 0 0 12 39 12 39 10 32 0 0 0 0 0 0 0 0 12 39 12 39 10 32 0 0 0 0 0 0 0 0 12 39 12 39 10 32 0 0 0 0 0 0 0 0 12 39 12 39 12 39 0 0 0 0 0 0 0 0
200 800 200 800 0 200 0 1000 12 39 12 39 12 39 0 0 0 0 0 0 0 0 12 39 12 39 10 32 0 0 0 0 0 0 0 0 12 39 12 39 10 32 0 0 0 0 0 0 0 0 12 39 12 39 10 32 0 0 0 0 0 0 0 0 12 39 12 39 10 32 0 0 0 0 0 0 0 0 12 39 12 39 12 39 0 0 0 0 0 0 0 0
201 800 200 800 0 200 0 1000 12 39 12 39 12 39 0 0 0 0 0 0 0 0 12 39 12 39 10 32 0 0 0 0 0 0 0 0 12 39 12 39 10 32 0 0 0 0 0 0 0 0 12 39 12 39 10 32 0 0 0 0 0 0 0 0 12 39 12 39 10 32 0 0 0 0 0 0 0 0 12 39 12 39 12 39 0 0 0 0 0 0 0 0
202 800 200 800 0 200 0 1000 12 39 12 39 12 39 4352 16 0 0 0 0 4352 16 12 39 12 39 10 32 4352 16 0 0 0 0 4352 16 12 39 12 39 10 32 4352 16 0 0 0 0 4352 16 12 39 12 39 10 32 4352 16 0 0 0 0 4352 16 12 39 12 39 10 32 4352 16 0 0 0 0 4352 16 12 39 12 39 12 39 4352 16 0 0 0 0 4352 16
203 800 200 800 0 200 0 1000 12 39 12 39 12 39 0 0 0 0 0 0 0 0 12 39 12 39 10 32 0 0 0 0 0 0 0 0 12 39 12 39 10 32 0 0 0 0 0 0 0 0 12 39 12 39 10 32 0 0 0 0 0 0 0 0 12 39 12 39 10 32 0 0 0 0 0 0 0 0 12 39 12 39 12 39 0 0 0 0 0 0 0 0
204 800 200 800 0 200 0 1000 12 39 12 39 12 39 0 0 0 0 0 0 0 0 12 39 12 39 10 32 0 0 0 0 0 0 0 0 12 39 12 39 10 32 0 0 0 0 0 0 0 0 12 39 12 39 10 32 0 0 0 0 0 0 0 0 12 39 12 39 10 32 0 0 0 0 0 0 0 0 12 39 12 39 12 39 0 0 0 0 0 0 0 0
205 800 200 800 0 200 0 1000 12 39 12 39 12 39 0 0 0 0 0 0 0 0 12 39 12 39 10 32 0 0 0 0 0 0 0 0 12 39 12 39 10 32 0 0 0 0 0 0 0 0 12 39 12 39 10 32 0 0 0 0 0 0 0 0 12 39 12 39 10 32 0 0 0 0 0 0 0 0 12 39 12 39 12 39 0 0 0 0 0 0 0 0
206 800 200 800 0 200 0 1000 12 39 12 39 12 39 6528 24 0 0 0 0 6528 24 12 39 12 39 10 32 6528 24 0 0 0 0 6528 24 12 39 12 39 10 32 6528 24 0 0 0 0 6528 24 12 39 12 39 10 32 6528 24 0 0 0 0 6528 24 12 39 12 39 10 32 6528 24 0 0 0 0 6528 24 12 39 12 39 12 39 6528 24 0 0 0 0 6528 24
207 800 200 800 0 200 0 1000 12 39 12 39 12 39 0 0 0 0 0 0 0 0 12 39 12 39 10 32 0 0 0 0 0 0 0 0 12 39 12 39 10 32 0 0 0 0 0 0 0 0 12 39 12 39 10 32 0 0 0 0 0 0 0 0 12 39 12 39 10 32 0 0 0 0 0 0 0 0 12 39 12 39 12 39 0 0 0 0 0 0 0 0
208 800 200 800 0 200 0 1000 12 39 12 39 12 39 0 0 0 0 0 0 0 0 12 39 12 39 10 32 0 0 0 0 0 0 0 0 12 39 12 39 10 32 0 0 0 0 0 0 0 0 12 39 12 39 10 32 0 0 0 0 0 0 0 0 12 39 12 39 10 32 0 0 0 0 0 0 0 0 12 39 12 39 12 39 0 0 0 0 0 0 0 0
209 800 200 800 0 200 0 1000 12 39 12 39 12 39 0 0 0 0 0 0 0 0 12 39 12 39 10 32 0 0 0 0 0 0 0 0 12 39 12 39 10 32 0 0 0 0 0 0 0 0 12 39 12 39 10 32 0 0 0 0 0 0 0 0 12 39 12 39 10 32 0 0 0 0 0 0 0 0 12 39 12 39 12 39 0 0 0 0 0 0 0 0
210 800 200 800 0 200 0 1000 12 39 12 39 12 39 6256 23 0 0 0 0 6256 23 12 39 12 39 10 32 6256 23 0 0 0 0 6256 23 12 39 12 39 10 32 6256 23 0 0 0 0 6256 23 12 39 12 39 10 32 6256 23 0 0 0 0 6256 23 12 39 12 39 10 32 6256 23 0 0 0 0 6256 23 12 39 12 39 12 39 6256 23 0 0 0 0 6256 23
211 800 200 800 0 200 0 1000 12 39 12 39 12 39 0 0 0 0 0 0 0 0 12 39 12 39 10 32 0 0 0 0 0 0 0 0 12 39 12 39 10 32 0 0 0 0 0 0 0 0 12 39 12 39 10 32 0 0 0 0 0 0 0 0 12 39 12 39 10 32 0 0 0 0 0 0 0 0 12 39 12 39 12 39 0 0 0 0 0 0 0 0
212 800 200 800 0 200 0 1000 12 39 12 39 12 39 0 0 0 0 0 0 0 0 12 39 12 39 10 32 0 0 0 0 0 0 0 0 12 39 12 39 10 32 0 0 0 0 0 0 0 0 12 39 12 39 10 32 0 0 0 0 0 0 0 0 12 39 12 39 10 32 0 0 0 0 0 0 0 0 12 39 12 39 12 39 0 0 0 0 0 0 0 0
213 800 200 800 0 200 0 1000 12 39 12 39 12 39 0 0 0 0 0 0 0 0 12 39 12 39 10 32 0 0 0 0 0 0 0 0 12 39 12 39 10 32 0 0 0 0 0 0 0 0 12 39 12 39 10 32 0 0 0 0 0 0 0 0 12 39 12 39 10 32 0 0 0 0 0 0 0 0 12 39 12 39 12 39 0 0 0 0 0 0 0 0
214 800 200 800 0 200 0 1000 12 39 12 39 12 39 7072 26 0 0 0 0 7072 26 12 39 12 39 10 32 7072 26 0 0 0 0 7072 26 12 39 12 39 10 32 7072 26 0 0 0 0 7072 26 12 39 12 39 10 32 7072 26 0 0 0 0 7072 26 12 39 12 39 10 32 7072 26 0 0 0 0 7072 26 12 39 12 39 12 39 7072 26 0 0 0 0 7072 26
215 800 200 800 0 200 0 1000 12 39 12 39 12 39 0 0 0 0 0 0 0 0 12 39 12 39 10 32 0 0 0 0 0 0 0 0 12 39 12 39 10 32 0 0 0 0 0 0 0 0 12 39 12 39 10 32 0 0 0 0 0 0 0 0 12 39 12 39 10 32 0 0 0 0 0 0 0 0 12 39 12 39 12 39 0 0 0 0 0 0 0 0
216 800 200 800 0 200 0 1000 12 39 12 39 12 39 0 0 0 0 0 0 0 0 12 39 12 39 10 32 0 0 0 0 0 0 0 0 12 39 12 39 10 32 0 0 0 0 0 0 0 0 12 39 12 39 10 32 0 0 0 0 0 0 0 0 12 39 12 39 10 32 0 0 0 0 0 0 0 0 12 39 12 39 12 39 0 0 0 0 0 0 0 0
217 800 200 800 0 200 0 1000 12 39 12 39 12 39 0 0 0 0 0 0 0 0 12 39 12 39 10 32 0 0 0 0 0 0 0 0 12 39 12 39 10 32 0 0 0 0 0 0 0 0 12 39 12 39 10 32 0 0 0 0 0 0 0 0 12 39 12 39 10 32 0 0 0 0 0 0 0 0 12 39 12 39 12 39 0 0 0 0 0 0 0 0
218 800 200 800 0 200 0 1000 12 39 12 39 12 39 7072 26 0 0 0 0 7072 26 12 39 12 39 10 32 7072 26 0 0 0 0 7072 26 12 39 12 39 10 32 7072 26 0 0 0 0 7072 26 12 39 12 39 10 32 7072 26 0 0 0 0 7072 26 12 39 12 39 10 32 7072 26 0 0 0 0 7072 26 12 39 12 39 12 39 7072 26 0 0 0 0 7072 26
219 800 200 800 0 200 0 1000 12 39 12 39 12 39 0 0 0 0 0 0 0 0 12 39 12 39 10 32 0 0 0 0 0 0 0 0 12 39 12 39 10 32 0 0 0 0 0 0 0 0 12 39 12 39 10 32 0 0 0 0 0 0 0 0 12 39 12 39 10 32 0 0 0 0 0 0 0 0 12 39 12 39 12 39 0 0 0 0 0 0 0 0
220 800 200 800 0 200 0 1000 12 39 12 39 12 39 0 0 0 0 0 0 0 0 12 39 12 39 10 32 0 0 0 0 0 0 0 0 12 39 12 39 10 32 0 0 0 0 0 0 0 0 12 39 12 39 10 32 0 0 0 0 0 0 0 0 12 39 12 39 10 32 0 0 0 0 0 0 0 0 12 39 12 39 12 39 0 0 0 0 0 0 0 0
221 800 200 800 0 200 0 1000 12 39 12 39 12 39 81271 1 81271 1 0 0 0 0 12 39 12 39 10 32 81271 1 81271 1 0 0 0 0 12 39 12 39 10 32 81271 1 81271 1 0 0 0 0 12 39 12 39 10 32 81271 1 81271 1 0 0 0 0 12 39 12 39 10 32 81271 1 81271 1 0 0 0 0 12 39 12 39 12 39 81271 1 81271 1 0 0 0 0
222 800 200 800 0 200 0 1000 12 39 12 39 12 39 87091 26 0 0 80291 1 6800 25 12 39 12 39 10 32 87091 26 0 0 80291 1 6800 25 12 39 12 39 10 32 87091 26 0 0 80291 1 6800 25 12 39 12 39 10 32 87091 26 0 0 80291 1 6800 25 12 39 12 39 10 32 87091 26 0 0 80291 1 6800 25 12 39 12 39 12 39 87091 26 0 0 80291 1 6800 25
223 800 200 800 0 200 0 1000 12 39 12 39 12 39 0 0 0 0 0 0 0 0 12 39 12 39 10 32 0 0 0 0 0 0 0 0 12 39 12 39 10 32 0 0 0 0 0 0 0 0 12 39 12 39 10 32 0 0 0 0 0 0 0 0 12 39 12 39 10 32 0 0 0 0 0 0 0 0 12 39 12 39 12 39 0 0 0 0 0 0 0 0
224 800 200 800 0 200 0 1000 12 39 12 39 12 39 0 0 0 0 0 0 0 0 12 39 12 39 10 32 0 0 0 0 0 0 0 0 12 39 12 39 10 32 0 0 0 0 0 0 0 0 12 39 12 39 10 32 0 0 0 0 0 0 0 0 12 39 12 39 10 32 0 0 0 0 0 0 0 0 12 39 12 39 12 39 0 0 0 0 0 0 0 0
225 800 200 800 0 200 0 1000 12 39 12 39 12 39 0 0 0 0 0 0 0 0 12 39 12 39 10 32 0 0 0 0 0 0 0 0 12 39 12 39 10 32 0 0 0 0 0 0 0 0 12 39 12 39 10 32 0 0 0 0 0 0 0 0 12 39 12 39 10 32 0 0 0 0 0 0 0 0 12 39 12 39 12 39 0 0 0 0 0 0 0 0
226 800 200 800 0 200 0 1000 12 39 12 39 12 39 6800 25 0 0 0 0 6800 25 12 39 12 39 10 32 6800 25 0 0 0 0 6800 25 12 39 12 39 10 32 6800 25 0 0 0 0 6800 25 12 39 12 39 10 32 6800 25 0 0 0 0 6800 25 12 39 12 39 10 32 6800 25 0 0 0 0 6800 25 12 39 12 39 12 39 6800 25 0 0 0 0 6800 25
227 800 200 800 0 200 0 1000 12 39 12 39 12 39 0 0 0 0 0 0 0 0 12 39 12 39 10 32 0 0 0 0 0 0 0 0 12 39 12 39 10 32 0 0 0 0 0 0 0 0 12 39 12 39 10 32 0 0 0 0 0 0 0 0 12 39 12 39 10 32 0 0 0 0 0 0 0 0 12 39 12 39 12 39 0 0 0 0 0 0 0 0
228 800 200 800 0 200 0 1000 12 39 12 39 12 39 0 0 0 0 0 0 0 0 12 39 12 39 10 32 0 0 0 0 0 0 0 0 12 39 12 39 10 32 0 0 0 0 0 0 0 0 12 39 12 39 10 32 0 0 0 0 0 0 0 0 12 39 12 39 10 32 0 0 0 0 0 0 0 0 12 39 12 39 12 39 0 0 0 0 0 0 0 0
229 800 200 800 0 200 0 1000 12 39 12 39 12 39 0 0 0 0 0 0 0 0 12 39 12 39 10 32 0 0 0 0 0 0 0 0 12 39 12 39 10 32 0 0 0 0 0 0 0 0 12 39 12 39 10 32 0 0 0 0 0 0 0 0 12 39 12 39 10 32 0 0 0 0 0 0 0 0 12 39 12 39 12 39 0 0 0 0 0 0 0 0
230 800 200 800 0 200 0 1000 12 39 12 39 12 39 6800 25 0 0 0 0 6800 25 12 39 12 39 10 32 6800 25 0 0 0 0 6800 25 12 39 12 39 10 32 6800 25 0 0 0 0 6800 25 12 39 12 39 10 32 6800 25 0 0 0 0 6800 25 12 39 12 39 10 32 6800 25 0 0 0 0 6800 25 12 39 12 39 12 39 6800 25 0 0 0 0 6800 25
231 800 200 800 0 200 0 1000 13 47 12 39 13 47 0 0 0 0 0 0 0 0 12 39 12 39 10 32 0 0 0 0 0 0 0 0 12 39 12 39 10 32 0 0 0 0 0 0 0 0 12 39 12 39 10 32 0 0 0 0 0 0 0 0 12 39 12 39 10 32 0 0 0 0 0 0 0 0 13 47 12 39 13 47 0 0 0 0 0 0 0 0
232 800 200 800 0 200 0 1000 13 47 12 39 13 47 0 0 0 0 0 0 0 0 12 39 12 39 10 32 0 0 0 0 0 0 0 0 12 39 12 39 10 32 0 0 0 0 0 0 0 0 12 39 12 39 10 32 0 0 0 0 0 0 0 0 12 39 12 39 10 32 0 0 0 0 0 0 0 0 13 47 12 39 13 47 0 0 0 0 0 0 0 0
233 800 200 800 0 200 0 1000 13 47 12 39 13 47 0 0 0 0 0 0 0 0 12 39 12 39 10 32 0 0 0 0 0 0 0 0 12 39 12 39 10 32 0 0 0 0 0 0 0 0 12 39 12 39 10 32 0 0 0 0 0 0 0 0 12 39 12 39 10 32 0 0 0 0 0 0 0 0 13 47 12 39 13 47 0 0 0 0 0 0 0 0
234 800 200 800 0 200 0 1000 13 47 12 39 13 47 5440 20 0 0 0 0 5440 20 12 39 12 39 10 32 5440 20 0 0 0 0 5440 20 12 39 12 39 10 32 5440 20 0 0 0 0 5440 20 12 39 12 39 10 32 5440 20 0 0 0 0 5440 20 12 39 12 39 10 32 5440 20 0 0 0 0 5440 20 13 47 12 39 13 47 5440 20 0 0 0 0 5440 20
235 800 200 800 0 200 0 1000 13 47 12 39 13 47 0 0 0 0 0 0 0 0 12 39 12 39 10 32 0 0 0 0 0 0 0 0 12 39 12 39 10 32 0 0 0 0 0 0 0 0 12 39 12 39 10 32 0 0 0 0 0 0 0 0 12 39 12 39 10 32 0 0 0 0 0 0 0 0 13 47 12 39 13 47 0 0 0 0 0 0 0 0
236 800 200 800 0 200 0 1000 13 47 12 39 13 47 0 0 0 0 0 0 0 0 12 39 12 39 10 32 0 0 0 0 0 0 0 0 12 39 12 39 10 32 0 0 0 0 0 0 0 0 12 39 12 39 10 32 0 0 0 0 0 0 0 0 12 39 12 39 10 32 0 0 0 0 0 0 0 0 13 47 12 39 13 47 0 0 0 0 0 0 0 0
237 800 200 800 0 200 0 1000 13 47 12 39 13 47 0 0 0 0 0 0 0 0 12 39 12 39 10 32 0 0 0 0 0 0 0 0 12 39 12 39 10 32 0 0 0 0 0 0 0 0 12 39 12 39 10 32 0 0 0 0 0 0 0 0 12 39 12 39 10 32 0 0 0 0 0 0 0 0 13 47 12 39 13 47 0 0 0 0 0 0 0 0
238 800 200 800 0 200 0 1000 13 47 12 39 13 47 3264 12 0 0 0 0 3264 12 12 39 12 39 10 32 3264 12 0 0 0 0 3264 12 12 39 12 39 10 32 3264 12 0 0 0 0 3264 12 12 39 12 39 10 32 3264 12 0 0 0 0 3264 12 12 39 12 39 10 32 3264 12 0 0 0 0 3264 12 13 47 12 39 13 47 3264 12 0 0 0 0 3264 12
239 800 200 800 0 200 0 1000 13 47 12 39 13 47 0 0 0 0 0 0 0 0 12 39 12 39 10 32 0 0 0 0 0 0 0 0 12 39 12 39 10 32 0 0 0 0 0 0 0 0 12 39 12 39 10 32 0 0 0 0 0 0 0 0 12 39 12 39 10 32 0 0 0 0 0 0 0 0 13 47 12 39 13 47 0 0 0 0 0 0 0 0
240 800 200 800 0 200 0 1000 13 47 12 39 13 47 0 0 0 0 0 0 0 0 12 39 12 39 10 32 0 0 0 0 0 0 0 0 12 39 12 39 10 32 0 0 0 0 0 0 0 0 12 39 12 39 10 32 0 0 0 0 0 0 0 0 12 39 12 39 10 32 0 0 0 0 0 0 0 0 13 47 12 39 13 47 0 0 0 0 0 0 0 0
241 800 200 800 0 200 0 1000 13 47 12 39 13 47 0 0 0 0 0 0 0 0 12 39 12 39 10 32 0 0 0 0 0 0 0 0 12 39 12 39 10 32 0 0 0 0 0 0 0 0 12 39 12 39 10 32 0 0 0 0 0 0 0 0 12 39 12 39 10 32 0 0 0 0 0 0 0 0 13 47 12 39 13 47 0 0 0 0 0 0 0 0
242 800 200 800 0 200 0 1000 13 47 12 39 13 47 4624 17 0 0 0 0 4624 17 12 39 12 39 10 32 4624 17 0 0 0 0 4624 17 12 39 12 39 10 32 4624 17 0 0 0 0 4624 17 12 39 12 39 10 32 4624 17 0 0 0 0 4624 17 12 39 12 39 10 32 4624 17 0 0 0 0 4624 17 13 47 12 39 13 47 4624 17 0 0 0 0 4624 17
243 800 200 800 0 200 0 1000 13 47 12 39 13 47 0 0 0 0 0 0 0 0 12 39 12 39 10 32 0 0 0 0 0 0 0 0 12 39 12 39 10 32 0 0 0 0 0 0 0 0 12 39 12 39 10 32 0 0 0 0 0 0 0 0 12 39 12 39 10 32 0 0 0 0 0 0 0 0 13 47 12 39 13 47 0 0 0 0 0 0 0 0
244 800 200 800 0 200 0 1000 13 47 12 39 13 47 0 0 0 0 0 0 0 0 12 39 12 39 10 32 0 0 0 0 0 0 0 0 12 39 12 39 10 32 0 0 0 0 0 0 0 0 12 39 12 39 10 32 0 0 0 0 0 0 0 0 12 39 12 39 10 32 0 0 0 0 0 0 0 0 13 47 12 39 13 47 0 0 0 0 0 0 0 0
245 800 200 800 0 200 0 1000 13 47 12 39 13 47 0 0 0 0 0 0 0 0 12 39 12 39 10 32 0 0 0 0 0 0 0 0 12 39 12 39 10 32 0 0 0 0 0 0 0 0 12 39 12 39 10 32 0 0 0 0 0 0 0 0 12 39 12 39 10 32 0 0 0 0 0 0 0 0 13 47 12 39 13 47 0 0 0 0 0 0 0 0
246 800 200 800 0 200 0 1000 13 47 12 39 13 47 3536 13 0 0 0 0 3536 13 12 39 12 39 10 32 3536 13 0 0 0 0 3536 13 12 39 12 39 10 32 3536 13 0 0 0 0 3536 13 12 39 12 39 10 32 3536 13 0 0 0 0 3536 13 12 39 12 39 10 32 3536 13 0 0 0 0 3536 13 13 47 12 39 13 47 3536 13 0 0 0 0 3536 13
247 800 200 800 0 200 0 1000 13 47 12 39 13 47 0 0 0 0 0 0 0 0 12 39 12 39 10 32 0 0 0 0 0 0 0 0 12 39 12 39 10 32 0 0 0 0 0 0 0 0 12 39 12 39 10 32 0 0 0 0 0 0 0 0 12 39 12 39 10 32 0 0 0 0 0 0 0 0 13 47 12 39 13 47 0 0 0 0 0 0 0 0
248 0 1000 0 800 200 0 1000 13 47 12 39 13 47 0 0 0 0 0 0 0 0 12 39 12 39 10 32 0 0 0 0 0 0 0 0 12 39 12 39 10 32 0 0 0 0 0 0 0 0 12 39 12 39 10 32 0 0 0 0 0 0 0 0 12 39 12 39 10 32 0 0 0 0 0 0 0 0 13 47 12 39 13 47 0 0 0 0 0 0 0 0
249 0 1000 0 800 200 0 1000 13 47 12 39 13 47 0 0 0 0 0 0 0 0 12 39 12 39 10 32 0 0 0 0 0 0 0 0 12 39 12 39 10 32 0 0 0 0 0 0 0 0 12 39 12 39 10 32 0 0 0 0 0 0 0 0 12 39 12 39 10 32 0 0 0 0 0 0 0 0 13 47 12 39 13 47 0 0 0 0 0 0 0 0
250 0 1000 0 800 200 0 1000 13 47 12 39 13 47 6528 24 0 0 0 0 6528 24 12 39 12 39 10 32 6528 24 0 0 0 0 6528 24 12 39 12 39 10 32 6528 24 0 0 0 0 6528 24 12 39 12 39 10 32 6528 24 0 0 0 0 6528 24 12 39 12 39 10 32 6528 24 0 0 0 0 6528 24 13 47 12 39 13 47 6528 24 0 0 0 0 6528 24
251 0 1000 0 0 1000 0 1000 13 47 12 39 13 47 0 0 0 0 0 0 0 0 13 47 12 39 13 47 0 0 0 0 0 0 0 0 13 47 12 39 13 47 0 0 0 0 0 0 0 0 13 47 12 39 13 47 0 0 0 0 0 0 0 0 13 47 12 39 13 47 0 0 0 0 0 0 0 0 13 47 12 39 13 47 0 0 0 0 0 0 0 0
252 0 1000 0 0 1000 0 1000 13 47 12 39 13 47 0 0 0 0 0 0 0 0 13 47 12 39 13 47 0 0 0 0 0 0 0 0 13 47 12 39 13 47 0 0 0 0 0 0 0 0 13 47 12 39 13 47 0 0 0 0 0 0 0 0 13 47 12 39 13 47 0 0 0 0 0 0 0 0 13 47 12 39 13 47 0 0 0 0 0 0 0 0
253 0 1000 0 0 1000 0 1000 13 47 12 39 13 47 0 0 0 0 0 0 0 0 13 47 12 39 13 47 0 0 0 0 0 0 0 0 13 47 12 39 13 47 0 0 0 0 0 0 0 0 13 47 12 39 13 47 0 0 0 0 0 0 0 0 13 47 12 39 13 47 0 0 0 0 0 0 0 0 13 47 12 39 13 47 0 0 0 0 0 0 0 0
254 0 1000 0 0 1000 0 1000 14 55 14 55 13 47 28016 103 0 0 0 0 28016 103 14 55 14 55 13 47 28016 103 0 0 0 0 28016 103 14 55 14 55 13 47 28016 103 0 0 0 0 28016 103 14 55 14 55 13 47 28016 103 0 0 0 0 28016 103 14 55 14 55 13 47 28016 103 0 0 0 0 28016 103 14 55 14 55 13 47 28016 103 0 0 0 0 28016 103
255 0 1000 0 0 1000 0 1000 14 55 14 55 13 47 0 0 0 0 0 0 0 0 14 55 14 55 13 47 0 0 0 0 0 0 0 0 14 55 14 55 13 47 0 0 0 0 0 0 0 0 14 55 14 55 13 47 0 0 0 0 0 0 0 0 14 55 14 55 13 47 0 0 0 0 0 0 0 0 14 55 14 55 13 47 0 0 0 0 0 0 0 0
256 0 1000 0 0 1000 0 1000 14 55 14 55 13 47 0 0 0 0 0 0 0 0 14 55 14 55 13 47 0 0 0 0 0 0 0 0 14 55 14 55 13 47 0 0 0 0 0 0 0 0 14 55 14 55 13 47 0 0 0 0 0 0 0 0 14 55 14 55 13 47 0 0 0 0 0 0 0 0 14 55 14 55 13 47 0 0 0 0 0 0 0 0
257 0 1000 0 0 1000 0 1000 14 55 14 55 13 47 0 0 0 0 0 0 0 0 14 55 14 55 13 47 0 0 0 0 0 0 0 0 14 55 14 55 13 47 0 0 0 0 0 0 0 0 14 55 14 55 13 47 0 0 0 0 0 0 0 0 14 55 14 55 13 47 0 0 0 0 0 0 0 0 14 55 14 55 13 47 0 0 0 0 0 0 0 0
258 0 1000 0 0 1000 0 1000 14 55 14 55 13 47 27744 102 0 0 0 0 27744 102 14 55 14 55 13 47 27744 102 0 0 0 0 27744 102 14 55 14 55 13 47 27744 102 0 0 0 0 27744 102 14 55 14 55 13 47 27744 102 0 0 0 0 27744 102 14 55 14 55 13 47 27744 102 0 0 0 0 27744 102 14 55 14 55 13 47 27744 102 0 0 0 0 27744 102
259 0 1000 0 0 1000 0 1000 14 55 14 55 13 47 0 0 0 0 0 0 0 0 14 55 14 55 13 47 0 0 0 0 0 0 0 0 14 55 14 55 13 47 0 0 0 0 0 0 0 0 14 55 14 55 13 47 0 0 0 0 0 0 0 0 14 55 14 55 13 47 0 0 0 0 0 0 0 0 14 55 14 55 13 47 0 0 0 0 0 0 0 0
260 0 1000 0 0 1000 0 1000 14 55 14 55 13 47 0 0 0 0 0 0 0 0 14 55 14 55 13 47 0 0 0 0 0 0 0 0 14 55 14 55 13 47 0 0 0 0 0 0 0 0 14 55 14 55 13 47 0 0 0 0 0 0 0 0 14 55 14 55 13 47 0 0 0 0 0 0 0 0 14 55 14 55 13 47 0 0 0 0 0 0 0 0
261 0 1000 0 0 1000 0 1000 14 55 14 55 13 47 0 0 0 0 0 0 0 0 14 55 14 55 13 47 0 0 0 0 0 0 0 0 14 55 14 55 13 47 0 0 0 0 0 0 0 0 14 55 14 55 13 47 0 0 0 0 0 0 0 0 14 55 14 55 13 47 0 0 0 0 0 0 0 0 14 55 14 55 13 47 0 0 0 0 0 0 0 0
262 0 1000 0 0 1000 0 1000 14 55 14 55 13 47 26112 96 0 0 0 0 26112 96 14 55 14 55 13 47 26112 96 0 0 0 0 26112 96 14 55 14 55 13 47 26112 96 0 0 0 0 26112 96 14 55 14 55 13 47 26112 96 0 0 0 0 26112 96 14 55 14 55 13 47 26112 96 0 0 0 0 26112 96 14 55 14 55 13 47 26112 96 0 0 0 0 26112 96
263 0 1000 0 0 1000 0 1000 14 55 14 55 14 55 0 0 0 0 0 0 0 0 14 55 14 55 14 55 0 0 0 0 0 0 0 0 14 55 14 55 14 55 0 0 0 0 0 0 0 0 14 55 14 55 14 55 0 0 0 0 0 0 0 0 14 55 14 55 14 55 0 0 0 0 0 0 0 0 14 55 14 55 14 55 0 0 0 0 0 0 0 0
264 0 1000 0 0 1000 0 1000 14 55 14 55 14 55 0 0 0 0 0 0 0 0 14 55 14 55 14 55 0 0 0 0 0 0 0 0 14 55 14 55 14 55 0 0 0 0 0 0 0 0 14 55 14 55 14 55 0 0 0 0 0 0 0 0 14 55 14 55 14 55 0 0 0 0 0 0 0 0 14 55 14 55 14 55 0 0 0 0 0 0 0 0
265 0 1000 0 0 1000 0 1000 14 55 14 55 14 55 83511 1 83511 1 0 0 0 0 14 55 14 55 14 55 83511 1 83511 1 0 0 0 0 14 55 14 55 14 55 83511 1 83511 1 0 0 0 0 14 55 14 55 14 55 83511 1 83511 1 0 0 0 0 14 55 14 55 14 55 83511 1 83511 1 0 0 0 0 14 55 14 55 14 55 83511 1 83511 1 0 0 0 0
266 0 1000 0 0 1000 0 1000 15 66 15 66 14 55 109939 110 0 0 80291 1 29648 109 15 66 15 66 14 55 109939 110 0 0 80291 1 29648 109 15 66 15 66 14 55 109939 110 0 0 80291 1 29648 109 15 66 15 66 14 55 109939 110 0 0 80291 1 29648 109 15 66 15 66 14 55 109939 110 0 0 80291 1 29648 109 15 66 15 66 14 55 109939 110 0 0 80291 1 29648 109
267 0 1000 0 0 1000 0 1000 15 66 15 66 14 55 0 0 0 0 0 0 0 0 15 66 15 66 14 55 0 0 0 0 0 0 0 0 15 66 15 66 14 55 0 0 0 0 0 0 0 0 15 66 15 66 14 55 0 0 0 0 0 0 0 0 15 66 15 66 14 55 0 0 0 0 0 0 0 0 15 66 15 66 14 55 0 0 0 0 0 0 0 0
268 0 1000 0 0 1000 0 1000 15 66 15 66 14 55 0 0 0 0 0 0 0 0 15 66 15 66 14 55 0 0 0 0 0 0 0 0 15 66 15 66 14 55 0 0 0 0 0 0 0 0 15 66 15 66 14 55 0 0 0 0 0 0 0 0 15 66 15 66 14 55 0 0 0 0 0 0 0 0 15 66 15 66 14 55 0 0 0 0 0 0 0 0
269 0 1000 0 0 1000 0 1000 15 66 15 66 14 55 0 0 0 0 0 0 0 0 15 66 15 66 14 55 0 0 0 0 0 0 0 0 15 66 15 66 14 55 0 0 0 0 0 0 0 0 15 66 15 66 14 55 0 0 0 0 0 0 0 0 15 66 15 66 14 55 0 0 0 0 0 0 0 0 15 66 15 66 14 55 0 0 0 0 0 0 0 0
270 0 1000 0 0 1000 0 1000 15 66 15 66 14 55 23120 85 0 0 0 0 23120 85 15 66 15 66 14 55 23120 85 0 0 0 0 23120 85 15 66 15 66 14 55 23120 85 0 0 0 0 23120 85 15 66 15 66 14 55 23120 85 0 0 0 0 23120 85 15 66 15 66 14 55 23120 85 0 0 0 0 23120 85 15 66 15 66 14 55 23120 85 0 0 0 0 23120 85
271 0 1000 0 0 1000 0 1000 15 66 15 66 14 55 0 0 0 0 0 0 0 0 15 66 15 66 14 55 0 0 0 0 0 0 0 0 15 66 15 66 14 55 0 0 0 0 0 0 0 0 15 66 15 66 14 55 0 0 0 0 0 0 0 0 15 66 15 66 14 55 0 0 0 0 0 0 0 0 15 66 15 66 14 55 0 0 0 0 0 0 0 0
272 0 1000 0 0 1000 0 1000 15 66 15 66 14 55 0 0 0 0 0 0 0 0 15 66 15 66 14 55 0 0 0 0 0 0 0 0 15 66 15 66 14 55 0 0 0 0 0 0 0 0 15 66 15 66 14 55 0 0 0 0 0 0 0 0 15 66 15 66 14 55 0 0 0 0 0 0 0 0 15 66 15 66 14 55 0 0 0 0 0 0 0 0
273 0 1000 0 0 1000 0 1000 15 66 15 66 14 55 0 0 0 0 0 0 0 0 15 66 15 66 14 55 0 0 0 0 0 0 0 0 15 66 15 66 14 55 0 0 0 0 0 0 0 0 15 66 15 66 14 55 0 0 0 0 0 0 0 0 15 66 15 66 14 55 0 0 0 0 0 0 0 0 15 66 15 66 14 55 0 0 0 0 0 0 0 0
274 0 1000 0 0 1000 0 1000 15 66 15 66 14 55 25024 92 0 0 0 0 25024 92 15 66 15 66 14 55 25024 92 0 0 0 0 25024 92 15 66 15 66 14 55 25024 92 0 0 0 0 25024 92 15 66 15 66 14 55 25024 92 0 0 0 0 25024 92 15 66 15 66 14 55 25024 92 0 0 0 0 25024 92 15 66 15 66 14 55 25024 92 0 0 0 0 25024 92
275 0 1000 0 0 1000 0 1000 15 66 15 66 14 55 0 0 0 0 0 0 0 0 15 66 15 66 14 55 0 0 0 0 0 0 0 0 15 66 15 66 14 55 0 0 0 0 0 0 0 0 15 66 15 66 14 55 0 0 0 0 0 0 0 0 15 66 15 66 14 55 0 0 0 0 0 0 0 0 15 66 15 66 14 55 0 0 0 0 0 0 0 0
276 0 1000 0 0 1000 0 1000 15 66 15 66 14 55 0 0 0 0 0 0 0 0 15 66 15 66 14 55 0 0 0 0 0 0 0 0 15 66 15 66 14 55 0 0 0 0 0 0 0 0 15 66 15 66 14 55 0 0 0 0 0 0 0 0 15 66 15 66 14 55 0 0 0 0 0 0 0 0 15 66 15 66 14 55 0 0 0 0 0 0 0 0
277 0 1000 0 0 1000 0 1000 15 66 15 66 14 55 0 0 0 0 0 0 0 0 15 66 15 66 14 55 0 0 0 0 0 0 0 0 15 66 15 66 14 55 0 0 0 0 0 0 0 0 15 66 15 66 14 55 0 0 0 0 0 0 0 0 15 66 15 66 14 55 0 0 0 0 0 0 0 0 15 66 15 66 14 55 0 0 0 0 0 0 0 0
278 0 1000 0 0 1000 0 1000 15 66 15 66 14 55 27472 101 0 0 0 0 27472 101 15 66 15 66 14 55 27472 101 0 0 0 0 27472 101 15 66 15 66 14 55 27472 101 0 0 0 0 27472 101 15 66 15 66 14 55 27472 101 0 0 0 0 27472 101 15 66 15 66 14 55 27472 101 0 0 0 0 27472 101 15 66 15 66 14 55 27472 101 0 0 0 0 27472 101
279 0 1000 0 0 1000 0 1000 15 66 15 66 14 55 0 0 0 0 0 0 0 0 15 66 15 66 14 55 0 0 0 0 0 0 0 0 15 66 15 66 14 55 0 0 0 0 0 0 0 0 15 66 15 66 14 55 0 0 0 0 0 0 0 0 15 66 15 66 14 55 0 0 0 0 0 0 0 0 15 66 15 66 14 55 0 0 0 0 0 0 0 0
280 0 1000 0 0 1000 0 1000 15 66 15 66 14 55 0 0 0 0 0 0 0 0 15 66 15 66 14 55 0 0 0 0 0 0 0 0 15 66 15 66 14 55 0 0 0 0 0 0 0 0 15 66 15 66 14 55 0 0 0 0 0 0 0 0 15 66 15 66 14 55 0 0 0 0 0 0 0 0 15 66 15 66 14 55 0 0 0 0 0 0 0 0
281 0 1000 0 0 1000 0 1000 15 66 15 66 14 55 0 0 0 0 0 0 0 0 15 66 15 66 14 55 0 0 0 0 0 0 0 0 15 66 15 66 14 55 0 0 0 0 0 0 0 0 15 66 15 66 14 55 0 0 0 0 0 0 0 0 15 66 15 66 14 55 0 0 0 0 0 0 0 0 15 66 15 66 14 55 0 0 0 0 0 0 0 0
282 0 1000 0 0 1000 0 1000 15 66 15 66 14 55 18768 69 0 0 0 0 18768 69 15 66 15 66 14 55 18768 69 0 0 0 0 18768 69 15 66 15 66 14 55 18768 69 0 0 0 0 18768 69 15 66 15 66 14 55 18768 69 0 0 0 0 18768 69 15 66 15 66 14 55 18768 69 0 0 0 0 18768 69 15 66 15 66 14 55 18768 69 0 0 0 0 18768 69
283 0 1000 0 0 1000 0 1000 15 66 15 66 14 55 0 0 0 0 0 0 0 0 15 66 15 66 14 55 0 0 0 0 0 0 0 0 15 66 15 66 14 55 0 0 0 0 0 0 0 0 15 66 15 66 14 55 0 0 0 0 0 0 0 0 15 66 15 66 14 55 0 0 0 0 0 0 0 0 15 66 15 66 14 55 0 0 0 0 0 0 0 0
284 0 1000 0 0 1000 0 1000 15 66 15 66 14 55 0 0 0 0 0 0 0 0 15 66 15 66 14 55 0 0 0 0 0 0 0 0 15 66 15 66 14 55 0 0 0 0 0 0 0 0 15 66 15 66 14 55 0 0 0 0 0 0 0 0 15 66 15 66 14 55 0 0 0 0 0 0 0 0 15 66 15 66 14 55 0 0 0 0 0 0 0 0
285 0 1000 0 0 1000 0 1000 15 66 15 66 14 55 82647 1 82647 1 0 0 0 0 15 66 15 66 14 55 82647 1 82647 1 0 0 0 0 15 66 15 66 14 55 82647 1 82647 1 0 0 0 0 15 66 15 66 14 55 82647 1 82647 1 0 0 0 0 15 66 15 66 14 55 82647 1 82647 1 0 0 0 0 15 66 15 66 14 55 82647 1 82647 1 0 0 0 0
286 0 1000 0 0 1000 0 1000 16 71 16 71 14 55 106131 96 0 0 80291 1 25840 95 16 71 16 71 14 55 106131 96 0 0 80291 1 25840 95 16 71 16 71 14 55 106131 96 0 0 80291 1 25840 95 16 71 16 71 14 55 106131 96 0 0 80291 1 25840 95 16 71 16 71 14 55 106131 96 0 0 80291 1 25840 95 16 71 16 71 14 55 106131 96 0 0 80291 1 25840 95
287 0 1000 0 0 1000 0 1000 16 71 16 71 14 55 0 0 0 0 0 0 0 0 16 71 16 71 14 55 0 0 0 0 0 0 0 0 16 71 16 71 14 55 0 0 0 0 0 0 0 0 16 71 16 71 14 55 0 0 0 0 0 0 0 0 16 71 16 71 14 55 0 0 0 0 0 0 0 0 16 71 16 71 14 55 0 0 0 0 0 0 0 0
288 0 1000 0 0 1000 0 1000 16 71 16 71 14 55 0 0 0 0 0 0 0 0 16 71 16 71 14 55 0 0 0 0 0 0 0 0 16 71 16 71 14 55 0 0 0 0 0 0 0 0 16 71 16 71 14 55 0 0 0 0 0 0 0 0 16 71 16 71 14 55 0 0 0 0 0 0 0 0 16 71 16 71 14 55 0 0 0 0 0 0 0 0
289 0 1000 0 0 1000 0 1000 16 71 16 71 14 55 83479 1 83479 1 0 0 0 0 16 71 16 71 14 55 83479 1 83479 1 0 0 0 0 16 71 16 71 14 55 83479 1 83479 1 0 0 0 0 16 71 16 71 14 55 83479 1 83479 1 0 0 0 0 16 71 16 71 14 55 83479 1 83479 1 0 0 0 0 16 71 16 71 14 55 83479 1 83479 1 0 0 0 0
290 0 1000 0 0 1000 0 1000 17 72 17 72 14 55 105315 93 0 0 80291 1 25024 92 17 72 17 72 14 55 105315 93 0 0 80291 1 25024 92 17 72 17 72 14 55 105315 93 0 0 80291 1 25024 92 17 72 17 72 14 55 105315 93 0 0 80291 1 25024 92 17 72 17 72 14 55 105315 93 0 0 80291 1 25024 92 17 72 17 72 14 55 105315 93 0 0 80291 1 25024 92
291 0 1000 0 0 1000 0 1000 17 72 17 72 14 55 0 0 0 0 0 0 0 0 17 72 17 72 14 55 0 0 0 0 0 0 0 0 17 72 17 72 14 55 0 0 0 0 0 0 0 0 17 72 17 72 14 55 0 0 0 0 0 0 0 0 17 72 17 72 14 55 0 0 0 0 0 0 0 0 17 72 17 72 14 55 0 0 0 0 0 0 0 0
292 0 1000 0 0 1000 0 1000 17 72 17 72 14 55 0 0 0 0 0 0 0 0 17 72 17 72 14 55 0 0 0 0 0 0 0 0 17 72 17 72 14 55 0 0 0 0 0 0 0 0 17 72 17 72 14 55 0 0 0 0 0 0 0 0 17 72 17 72 14 55 0 0 0 0 0 0 0 0 17 72 17 72 14 55 0 0 0 0 0 0 0 0
293 0 1000 0 0 1000 0 1000 17 72 17 72 14 55 0 0 0 0 0 0 0 0 17 72 17 72 14 55 0 0 0 0 0 0 0 0 17 72 17 72 14 55 0 0 0 0 0 0 0 0 17 72 17 72 14 55 0 0 0 0 0 0 0 0 17 72 17 72 14 55 0 0 0 0 0 0 0 0 17 72 17 72 14 55 0 0 0 0 0 0 0 0
294 0 1000 0 0 1000 0 1000 17 72 17 72 14 55 25024 92 0 0 0 0 25024 92 17 72 17 72 14 55 25024 92 0 0 0 0 25024 92 17 72 17 72 14 55 25024 92 0 0 0 0 25024 92 17 72 17 72 14 55 25024 92 0 0 0 0 25024 92 17 72 17 72 14 55 25024 92 0 0 0 0 25024 92 17 72 17 72 14 55 25024 92 0 0 0 0 25024 92
295 0 1000 0 0 1000 0 1000 17 72 17 72 14 55 0 0 0 0 0 0 0 0 17 72 17 72 14 55 0 0 0 0 0 0 0 0 17 72 17 72 14 55 0 0 0 0 0 0 0 0 17 72 17 72 14 55 0 0 0 0 0 0 0 0 17 72 17 72 14 55 0 0 0 0 0 0 0 0 17 72 17 72 14 55 0 0 0 0 0 0 0 0
296 0 1000 0 0 1000 0 1000 17 72 17 72 14 55 0 0 0 0 0 0 0 0 17 72 17 72 14 55 0 0 0 0 0 0 0 0 17 72 17 72 14 55 0 0 0 0 0 0 0 0 17 72 17 72 14 55 0 0 0 0 0 0 0 0 17 72 17 72 14 55 0 0 0 0 0 0 0 0 17 72 17 72 14 55 0 0 0 0 0 0 0 0
297 0 1000 0 0 1000 0 1000 17 72 17 72 14 55 0 0 0 0 0 0 0 0 17 72 17 72 14 55 0 0 0 0 0 0 0 0 17 72 17 72 14 55 0 0 0 0 0 0 0 0 17 72 17 72 14 55 0 0 0 0 0 0 0 0 17 72 17 72 14 55 0 0 0 0 0 0 0 0 17 72 17 72 14 55 0 0 0 0 0 0 0 0
298 0 1000 0 0 1000 0 1000 17 72 17 72 14 55 28560 105 0 0 0 0 28560 105 17 72 17 72 14 55 28560 105 0 0 0 0 28560 105 17 72 17 72 14 55 28560 105 0 0 0 0 28560 105 17 72 17 72 14 55 28560 105 0 0 0 0 28560 105 17 72 17 72 14 55 28560 105 0 0 0 0 28560 105 17 72 17 72 14 55 28560 105 0 0 0 0 28560 105
299 0 1000 0 0 1000 0 1000 17 72 17 72 14 55 0 0 0 0 0 0 0 0 17 72 17 72 14 55 0 0 0 0 0 0 0 0 17 72 17 72 14 55 0 0 0 0 0 0 0 0 17 72 17 72 14 55 0 0 0 0 0 0 0 0 17 72 17 72 14 55 0 0 0 0 0 0 0 0 17 72 17 72 14 55 0 0 0 0 0 0 0 0
300 0 1000 0 0 1000 0 1000 17 72 17 72 14 55 0 0 0 0 0 0 0 0 17 72 17 72 14 55 0 0 0 0 0 0 0 0 17 72 17 72 14 55 0 0 0 0 0 0 0 0 17 72 17 72 14 55 0 0 0 0 0 0 0 0 17 72 17 72 14 55 0 0 0 0 0 0 0 0 17 72 17 72 14 55 0 0 0 0 0 0 0 0
301 0 1000 0 0 1000 0 1000 17 72 17 72 14 55 0 0 0 0 0 0 0 0 17 72 17 72 14 55 0 0 0 0 0 0 0 0 17 72 17 72 14 55 0 0 0 0 0 0 0 0 17 72 17 72 14 55 0 0 0 0 0 0 0 0 17 72 17 72 14 55 0 0 0 0 0 0 0 0 17 72 17 72 14 55 0 0 0 0 0 0 0 0
302 0 1000 0 0 1000 0 1000 17 72 17 72 14 55 25296 93 0 0 0 0 25296 93 17 72 17 72 14 55 25296 93 0 0 0 0 25296 93 17 72 17 72 14 55 25296 93 0 0 0 0 25296 93 17 72 17 72 14 55 25296 93 0 0 0 0 25296 93 17 72 17 72 14 55 25296 93 0 0 0 0 25296 93 17 72 17 72 14 55 25296 93 0 0 0 0 25296 93
303 0 1000 0 0 1000 0 1000 17 72 17 72 14 55 0 0 0 0 0 0 0 0 17 72 17 72 14 55 0 0 0 0 0 0 0 0 17 72 17 72 14 55 0 0 0 0 0 0 0 0 17 72 17 72 14 55 0 0 0 0 0 0 0 0 17 72 17 72 14 55 0 0 0 0 0 0 0 0 17 72 17 72 14 55 0 0 0 0 0 0 0 0
