r n_asleep n_awake n_honest_asleep n_honest_dreamy n_honest_awake n_adversary n_all party0_ledger_best_length party0_ledger_best_age party0_ledger_fast_length party0_ledger_fast_age party0_ledger_slow_length party0_ledger_slow_age party0_comms_all_size party0_comms_all_count party0_comms_proposal_size party0_comms_proposal_count party0_comms_piece_block_size party0_comms_piece_block_count party0_comms_piece_vote_size party0_comms_piece_vote_count party1_ledger_best_length party1_ledger_best_age party1_ledger_fast_length party1_ledger_fast_age party1_ledger_slow_length party1_ledger_slow_age party1_comms_all_size party1_comms_all_count party1_comms_proposal_size party1_comms_proposal_count party1_comms_piece_block_size party1_comms_piece_block_count party1_comms_piece_vote_size party1_comms_piece_vote_count party2_ledger_best_length party2_ledger_best_age party2_ledger_fast_length party2_ledger_fast_age party2_ledger_slow_length party2_ledger_slow_age party2_comms_all_size party2_comms_all_count party2_comms_proposal_size party2_comms_proposal_count party2_comms_piece_block_size party2_comms_piece_block_count party2_comms_piece_vote_size party2_comms_piece_vote_count party3_ledger_best_length party3_ledger_best_age party3_ledger_fast_length party3_ledger_fast_age party3_ledger_slow_length party3_ledger_slow_age party3_comms_all_size party3_comms_all_count party3_comms_proposal_size party3_comms_proposal_count party3_comms_piece_block_size party3_comms_piece_block_count party3_comms_piece_vote_size party3_comms_piece_vote_count party4_ledger_best_length party4_ledger_best_age party4_ledger_fast_length party4_ledger_fast_age party4_ledger_slow_length party4_ledger_slow_age party4_comms_all_size party4_comms_all_count party4_comms_proposal_size party4_comms_proposal_count party4_comms_piece_block_size party4_comms_piece_block_count party4_comms_piece_vote_size party4_comms_piece_vote_count partyALWAYSAWAKE_ledger_best_length partyALWAYSAWAKE_ledger_best_age partyALWAYSAWAKE_ledger_fast_length partyALWAYSAWAKE_ledger_fast_age partyALWAYSAWAKE_ledger_slow_length partyALWAYSAWAKE_ledger_slow_age partyALWAYSAWAKE_comms_all_size partyALWAYSAWAKE_comms_all_count partyALWAYSAWAKE_comms_proposal_size partyALWAYSAWAKE_comms_proposal_count partyALWAYSAWAKE_comms_piece_block_size partyALWAYSAWAKE_comms_piece_block_count partyALWAYSAWAKE_comms_piece_vote_size partyALWAYSAWAKE_comms_piece_vote_count
4 0 1000 0 0 1000 0 1000 0 0 0 0 0 0 0 0 0 0 0 0 0 0 0 0 0 0 0 0 0 0 0 0 0 0 0 0 0 0 0 0 0 0 0 0 0 0 0 0 0 0 0 0 0 0 0 0 0 0 0 0 0 0 0 0 0 0 0 0 0 0 0 0 0 0 0 0 0 0 0 0 0 0 0 0 0 0 0 0 0 0 0 0
5 0 1000 0 0 1000 0 1000 0 0 0 0 0 0 0 0 0 0 0 0 0 0 0 0 0 0 0 0 0 0 0 0 0 0 0 0 0 0 0 0 0 0 0 0 0 0 0 0 0 0 0 0 0 0 0 0 0 0 0 0 0 0 0 0 0 0 0 0 0 0 0 0 0 0 0 0 0 0 0 0 0 0 0 0 0 0 0 0 0 0 0 0
6 0 1000 0 0 1000 0 1000 0 0 0 0 0 0 27472 101 0 0 0 0 27472 101 0 0 0 0 0 0 27472 101 0 0 0 0 27472 101 0 0 0 0 0 0 27472 101 0 0 0 0 27472 101 0 0 0 0 0 0 27472 101 0 0 0 0 27472 101 0 0 0 0 0 0 27472 101 0 0 0 0 27472 101 0 0 0 0 0 0 27472 101 0 0 0 0 27472 101
7 0 1000 0 0 1000 0 1000 0 0 0 0 0 0 0 0 0 0 0 0 0 0 0 0 0 0 0 0 0 0 0 0 0 0 0 0 0 0 0 0 0 0 0 0 0 0 0 0 0 0 0 0 0 0 0 0 0 0 0 0 0 0 0 0 0 0 0 0 0 0 0 0 0 0 0 0 0 0 0 0 0 0 0 0 0 0 0 0 0 0 0 0
8 0 1000 0 0 1000 0 1000 0 0 0 0 0 0 0 0 0 0 0 0 0 0 0 0 0 0 0 0 0 0 0 0 0 0 0 0 0 0 0 0 0 0 0 0 0 0 0 0 0 0 0 0 0 0 0 0 0 0 0 0 0 0 0 0 0 0 0 0 0 0 0 0 0 0 0 0 0 0 0 0 0 0 0 0 0 0 0 0 0 0 0 0
9 0 1000 0 0 1000 0 1000 0 0 0 0 0 0 0 0 0 0 0 0 0 0 0 0 0 0 0 0 0 0 0 0 0 0 0 0 0 0 0 0 0 0 0 0 0 0 0 0 0 0 0 0 0 0 0 0 0 0 0 0 0 0 0 0 0 0 0 0 0 0 0 0 0 0 0 0 0 0 0 0 0 0 0 0 0 0 0 0 0 0 0 0
10 0 1000 0 0 1000 0 1000 0 0 0 0 0 0 33728 124 0 0 0 0 33728 124 0 0 0 0 0 0 33728 124 0 0 0 0 33728 124 0 0 0 0 0 0 33728 124 0 0 0 0 33728 124 0 0 0 0 0 0 33728 124 0 0 0 0 33728 124 0 0 0 0 0 0 33728 124 0 0 0 0 33728 124 0 0 0 0 0 0 33728 124 0 0 0 0 33728 124
11 0 1000 0 0 1000 0 1000 0 0 0 0 0 0 0 0 0 0 0 0 0 0 0 0 0 0 0 0 0 0 0 0 0 0 0 0 0 0 0 0 0 0 0 0 0 0 0 0 0 0 0 0 0 0 0 0 0 0 0 0 0 0 0 0 0 0 0 0 0 0 0 0 0 0 0 0 0 0 0 0 0 0 0 0 0 0 0 0 0 0 0 0
12 0 1000 0 0 1000 0 1000 0 0 0 0 0 0 0 0 0 0 0 0 0 0 0 0 0 0 0 0 0 0 0 0 0 0 0 0 0 0 0 0 0 0 0 0 0 0 0 0 0 0 0 0 0 0 0 0 0 0 0 0 0 0 0 0 0 0 0 0 0 0 0 0 0 0 0 0 0 0 0 0 0 0 0 0 0 0 0 0 0 0 0 0
13 0 1000 0 0 1000 0 1000 0 0 0 0 0 0 84406 1 84406 1 0 0 0 0 0 0 0 0 0 0 84406 1 84406 1 0 0 0 0 0 0 0 0 0 0 84406 1 84406 1 0 0 0 0 0 0 0 0 0 0 84406 1 84406 1 0 0 0 0 0 0 0 0 0 0 84406 1 84406 1 0 0 0 0 0 0 0 0 0 0 84406 1 84406 1 0 0 0 0
14 0 1000 0 0 1000 0 1000 1 3 1 3 0 0 106946 99 0 0 80290 1 26656 98 1 3 1 3 0 0 106946 99 0 0 80290 1 26656 98 1 3 1 3 0 0 106946 99 0 0 80290 1 26656 98 1 3 1 3 0 0 106946 99 0 0 80290 1 26656 98 1 3 1 3 0 0 106946 99 0 0 80290 1 26656 98 1 3 1 3 0 0 106946 99 0 0 80290 1 26656 98
15 0 1000 0 0 1000 0 1000 1 3 1 3 0 0 0 0 0 0 0 0 0 0 1 3 1 3 0 0 0 0 0 0 0 0 0 0 1 3 1 3 0 0 0 0 0 0 0 0 0 0 1 3 1 3 0 0 0 0 0 0 0 0 0 0 1 3 1 3 0 0 0 0 0 0 0 0 0 0 1 3 1 3 0 0 0 0 0 0 0 0 0 0
16 0 1000 0 0 1000 0 1000 1 3 1 3 0 0 0 0 0 0 0 0 0 0 1 3 1 3 0 0 0 0 0 0 0 0 0 0 1 3 1 3 0 0 0 0 0 0 0 0 0 0 1 3 1 3 0 0 0 0 0 0 0 0 0 0 1 3 1 3 0 0 0 0 0 0 0 0 0 0 1 3 1 3 0 0 0 0 0 0 0 0 0 0
17 0 1000 0 0 1000 0 1000 1 3 1 3 0 0 0 0 0 0 0 0 0 0 1 3 1 3 0 0 0 0 0 0 0 0 0 0 1 3 1 3 0 0 0 0 0 0 0 0 0 0 1 3 1 3 0 0 0 0 0 0 0 0 0 0 1 3 1 3 0 0 0 0 0 0 0 0 0 0 1 3 1 3 0 0 0 0 0 0 0 0 0 0
18 0 1000 0 0 1000 0 1000 1 3 1 3 0 0 26112 96 0 0 0 0 26112 96 1 3 1 3 0 0 26112 96 0 0 0 0 26112 96 1 3 1 3 0 0 26112 96 0 0 0 0 26112 96 1 3 1 3 0 0 26112 96 0 0 0 0 26112 96 1 3 1 3 0 0 26112 96 0 0 0 0 26112 96 1 3 1 3 0 0 26112 96 0 0 0 0 26112 96
19 0 1000 0 0 1000 0 1000 1 3 1 3 0 0 0 0 0 0 0 0 0 0 1 3 1 3 0 0 0 0 0 0 0 0 0 0 1 3 1 3 0 0 0 0 0 0 0 0 0 0 1 3 1 3 0 0 0 0 0 0 0 0 0 0 1 3 1 3 0 0 0 0 0 0 0 0 0 0 1 3 1 3 0 0 0 0 0 0 0 0 0 0
20 0 1000 0 0 1000 0 1000 1 3 1 3 0 0 0 0 0 0 0 0 0 0 1 3 1 3 0 0 0 0 0 0 0 0 0 0 1 3 1 3 0 0 0 0 0 0 0 0 0 0 1 3 1 3 0 0 0 0 0 0 0 0 0 0 1 3 1 3 0 0 0 0 0 0 0 0 0 0 1 3 1 3 0 0 0 0 0 0 0 0 0 0
21 0 1000 0 0 1000 0 1000 1 3 1 3 0 0 0 0 0 0 0 0 0 0 1 3 1 3 0 0 0 0 0 0 0 0 0 0 1 3 1 3 0 0 0 0 0 0 0 0 0 0 1 3 1 3 0 0 0 0 0 0 0 0 0 0 1 3 1 3 0 0 0 0 0 0 0 0 0 0 1 3 1 3 0 0 0 0 0 0 0 0 0 0
22 0 1000 0 0 1000 0 1000 1 3 1 3 0 0 26656 98 0 0 0 0 26656 98 1 3 1 3 0 0 26656 98 0 0 0 0 26656 98 1 3 1 3 0 0 26656 98 0 0 0 0 26656 98 1 3 1 3 0 0 26656 98 0 0 0 0 26656 98 1 3 1 3 0 0 26656 98 0 0 0 0 26656 98 1 3 1 3 0 0 26656 98 0 0 0 0 26656 98
23 0 1000 0 0 1000 0 1000 1 3 1 3 0 0 0 0 0 0 0 0 0 0 1 3 1 3 0 0 0 0 0 0 0 0 0 0 1 3 1 3 0 0 0 0 0 0 0 0 0 0 1 3 1 3 0 0 0 0 0 0 0 0 0 0 1 3 1 3 0 0 0 0 0 0 0 0 0 0 1 3 1 3 0 0 0 0 0 0 0 0 0 0
24 0 1000 0 0 1000 0 1000 1 3 1 3 0 0 0 0 0 0 0 0 0 0 1 3 1 3 0 0 0 0 0 0 0 0 0 0 1 3 1 3 0 0 0 0 0 0 0 0 0 0 1 3 1 3 0 0 0 0 0 0 0 0 0 0 1 3 1 3 0 0 0 0 0 0 0 0 0 0 1 3 1 3 0 0 0 0 0 0 0 0 0 0
25 0 1000 0 0 1000 0 1000 1 3 1 3 0 0 0 0 0 0 0 0 0 0 1 3 1 3 0 0 0 0 0 0 0 0 0 0 1 3 1 3 0 0 0 0 0 0 0 0 0 0 1 3 1 3 0 0 0 0 0 0 0 0 0 0 1 3 1 3 0 0 0 0 0 0 0 0 0 0 1 3 1 3 0 0 0 0 0 0 0 0 0 0
26 0 1000 0 0 1000 0 1000 1 3 1 3 0 0 27200 100 0 0 0 0 27200 100 1 3 1 3 0 0 27200 100 0 0 0 0 27200 100 1 3 1 3 0 0 27200 100 0 0 0 0 27200 100 1 3 1 3 0 0 27200 100 0 0 0 0 27200 100 1 3 1 3 0 0 27200 100 0 0 0 0 27200 100 1 3 1 3 0 0 27200 100 0 0 0 0 27200 100
27 0 1000 0 0 1000 0 1000 1 3 1 3 0 0 0 0 0 0 0 0 0 0 1 3 1 3 0 0 0 0 0 0 0 0 0 0 1 3 1 3 0 0 0 0 0 0 0 0 0 0 1 3 1 3 0 0 0 0 0 0 0 0 0 0 1 3 1 3 0 0 0 0 0 0 0 0 0 0 1 3 1 3 0 0 0 0 0 0 0 0 0 0
28 0 1000 0 0 1000 0 1000 1 3 1 3 0 0 0 0 0 0 0 0 0 0 1 3 1 3 0 0 0 0 0 0 0 0 0 0 1 3 1 3 0 0 0 0 0 0 0 0 0 0 1 3 1 3 0 0 0 0 0 0 0 0 0 0 1 3 1 3 0 0 0 0 0 0 0 0 0 0 1 3 1 3 0 0 0 0 0 0 0 0 0 0
29 0 1000 0 0 1000 0 1000 1 3 1 3 0 0 0 0 0 0 0 0 0 0 1 3 1 3 0 0 0 0 0 0 0 0 0 0 1 3 1 3 0 0 0 0 0 0 0 0 0 0 1 3 1 3 0 0 0 0 0 0 0 0 0 0 1 3 1 3 0 0 0 0 0 0 0 0 0 0 1 3 1 3 0 0 0 0 0 0 0 0 0 0
30 0 1000 0 0 1000 0 1000 1 3 1 3 0 0 27200 100 0 0 0 0 27200 100 1 3 1 3 0 0 27200 100 0 0 0 0 27200 100 1 3 1 3 0 0 27200 100 0 0 0 0 27200 100 1 3 1 3 0 0 27200 100 0 0 0 0 27200 100 1 3 1 3 0 0 27200 100 0 0 0 0 27200 100 1 3 1 3 0 0 27200 100 0 0 0 0 27200 100
31 0 1000 0 0 1000 0 1000 1 3 1 3 0 0 0 0 0 0 0 0 0 0 1 3 1 3 0 0 0 0 0 0 0 0 0 0 1 3 1 3 0 0 0 0 0 0 0 0 0 0 1 3 1 3 0 0 0 0 0 0 0 0 0 0 1 3 1 3 0 0 0 0 0 0 0 0 0 0 1 3 1 3 0 0 0 0 0 0 0 0 0 0
32 0 1000 0 0 1000 0 1000 1 3 1 3 0 0 0 0 0 0 0 0 0 0 1 3 1 3 0 0 0 0 0 0 0 0 0 0 1 3 1 3 0 0 0 0 0 0 0 0 0 0 1 3 1 3 0 0 0 0 0 0 0 0 0 0 1 3 1 3 0 0 0 0 0 0 0 0 0 0 1 3 1 3 0 0 0 0 0 0 0 0 0 0
33 0 1000 0 0 1000 0 1000 1 3 1 3 0 0 0 0 0 0 0 0 0 0 1 3 1 3 0 0 0 0 0 0 0 0 0 0 1 3 1 3 0 0 0 0 0 0 0 0 0 0 1 3 1 3 0 0 0 0 0 0 0 0 0 0 1 3 1 3 0 0 0 0 0 0 0 0 0 0 1 3 1 3 0 0 0 0 0 0 0 0 0 0
34 0 1000 0 0 1000 0 1000 1 3 1 3 0 0 28560 105 0 0 0 0 28560 105 1 3 1 3 0 0 28560 105 0 0 0 0 28560 105 1 3 1 3 0 0 28560 105 0 0 0 0 28560 105 1 3 1 3 0 0 28560 105 0 0 0 0 28560 105 1 3 1 3 0 0 28560 105 0 0 0 0 28560 105 1 3 1 3 0 0 28560 105 0 0 0 0 28560 105
35 0 1000 0 0 1000 0 1000 1 3 1 3 0 0 0 0 0 0 0 0 0 0 1 3 1 3 0 0 0 0 0 0 0 0 0 0 1 3 1 3 0 0 0 0 0 0 0 0 0 0 1 3 1 3 0 0 0 0 0 0 0 0 0 0 1 3 1 3 0 0 0 0 0 0 0 0 0 0 1 3 1 3 0 0 0 0 0 0 0 0 0 0
36 0 1000 0 0 1000 0 1000 1 3 1 3 0 0 0 0 0 0 0 0 0 0 1 3 1 3 0 0 0 0 0 0 0 0 0 0 1 3 1 3 0 0 0 0 0 0 0 0 0 0 1 3 1 3 0 0 0 0 0 0 0 0 0 0 1 3 1 3 0 0 0 0 0 0 0 0 0 0 1 3 1 3 0 0 0 0 0 0 0 0 0 0
37 0 1000 0 0 1000 0 1000 1 3 1 3 0 0 0 0 0 0 0 0 0 0 1 3 1 3 0 0 0 0 0 0 0 0 0 0 1 3 1 3 0 0 0 0 0 0 0 0 0 0 1 3 1 3 0 0 0 0 0 0 0 0 0 0 1 3 1 3 0 0 0 0 0 0 0 0 0 0 1 3 1 3 0 0 0 0 0 0 0 0 0 0
38 0 1000 0 0 1000 0 1000 1 3 1 3 0 0 27744 102 0 0 0 0 27744 102 1 3 1 3 0 0 27744 102 0 0 0 0 27744 102 1 3 1 3 0 0 27744 102 0 0 0 0 27744 102 1 3 1 3 0 0 27744 102 0 0 0 0 27744 102 1 3 1 3 0 0 27744 102 0 0 0 0 27744 102 1 3 1 3 0 0 27744 102 0 0 0 0 27744 102
39 0 1000 0 0 1000 0 1000 1 3 1 3 0 0 0 0 0 0 0 0 0 0 1 3 1 3 0 0 0 0 0 0 0 0 0 0 1 3 1 3 0 0 0 0 0 0 0 0 0 0 1 3 1 3 0 0 0 0 0 0 0 0 0 0 1 3 1 3 0 0 0 0 0 0 0 0 0 0 1 3 1 3 0 0 0 0 0 0 0 0 0 0
40 0 1000 0 0 1000 0 1000 1 3 1 3 0 0 0 0 0 0 0 0 0 0 1 3 1 3 0 0 0 0 0 0 0 0 0 0 1 3 1 3 0 0 0 0 0 0 0 0 0 0 1 3 1 3 0 0 0 0 0 0 0 0 0 0 1 3 1 3 0 0 0 0 0 0 0 0 0 0 1 3 1 3 0 0 0 0 0 0 0 0 0 0
41 0 1000 0 0 1000 0 1000 1 3 1 3 0 0 0 0 0 0 0 0 0 0 1 3 1 3 0 0 0 0 0 0 0 0 0 0 1 3 1 3 0 0 0 0 0 0 0 0 0 0 1 3 1 3 0 0 0 0 0 0 0 0 0 0 1 3 1 3 0 0 0 0 0 0 0 0 0 0 1 3 1 3 0 0 0 0 0 0 0 0 0 0
42 0 1000 0 0 1000 0 1000 1 3 1 3 0 0 23120 85 0 0 0 0 23120 85 1 3 1 3 0 0 23120 85 0 0 0 0 23120 85 1 3 1 3 0 0 23120 85 0 0 0 0 23120 85 1 3 1 3 0 0 23120 85 0 0 0 0 23120 85 1 3 1 3 0 0 23120 85 0 0 0 0 23120 85 1 3 1 3 0 0 23120 85 0 0 0 0 23120 85
43 0 1000 0 0 1000 0 1000 1 3 1 3 0 0 0 0 0 0 0 0 0 0 1 3 1 3 0 0 0 0 0 0 0 0 0 0 1 3 1 3 0 0 0 0 0 0 0 0 0 0 1 3 1 3 0 0 0 0 0 0 0 0 0 0 1 3 1 3 0 0 0 0 0 0 0 0 0 0 1 3 1 3 0 0 0 0 0 0 0 0 0 0
44 0 1000 0 0 1000 0 1000 1 3 1 3 0 0 0 0 0 0 0 0 0 0 1 3 1 3 0 0 0 0 0 0 0 0 0 0 1 3 1 3 0 0 0 0 0 0 0 0 0 0 1 3 1 3 0 0 0 0 0 0 0 0 0 0 1 3 1 3 0 0 0 0 0 0 0 0 0 0 1 3 1 3 0 0 0 0 0 0 0 0 0 0
45 0 1000 0 0 1000 0 1000 1 3 1 3 0 0 0 0 0 0 0 0 0 0 1 3 1 3 0 0 0 0 0 0 0 0 0 0 1 3 1 3 0 0 0 0 0 0 0 0 0 0 1 3 1 3 0 0 0 0 0 0 0 0 0 0 1 3 1 3 0 0 0 0 0 0 0 0 0 0 1 3 1 3 0 0 0 0 0 0 0 0 0 0
46 0 1000 0 0 1000 0 1000 1 3 1 3 0 0 28832 106 0 0 0 0 28832 106 1 3 1 3 0 0 28832 106 0 0 0 0 28832 106 1 3 1 3 0 0 28832 106 0 0 0 0 28832 106 1 3 1 3 0 0 28832 106 0 0 0 0 28832 106 1 3 1 3 0 0 28832 106 0 0 0 0 28832 106 1 3 1 3 0 0 28832 106 0 0 0 0 28832 106
47 0 1000 0 0 1000 0 1000 1 3 1 3 0 0 0 0 0 0 0 0 0 0 1 3 1 3 0 0 0 0 0 0 0 0 0 0 1 3 1 3 0 0 0 0 0 0 0 0 0 0 1 3 1 3 0 0 0 0 0 0 0 0 0 0 1 3 1 3 0 0 0 0 0 0 0 0 0 0 1 3 1 3 0 0 0 0 0 0 0 0 0 0
48 0 1000 0 0 1000 0 1000 1 3 1 3 0 0 0 0 0 0 0 0 0 0 1 3 1 3 0 0 0 0 0 0 0 0 0 0 1 3 1 3 0 0 0 0 0 0 0 0 0 0 1 3 1 3 0 0 0 0 0 0 0 0 0 0 1 3 1 3 0 0 0 0 0 0 0 0 0 0 1 3 1 3 0 0 0 0 0 0 0 0 0 0
49 0 1000 0 0 1000 0 1000 1 3 1 3 0 0 0 0 0 0 0 0 0 0 1 3 1 3 0 0 0 0 0 0 0 0 0 0 1 3 1 3 0 0 0 0 0 0 0 0 0 0 1 3 1 3 0 0 0 0 0 0 0 0 0 0 1 3 1 3 0 0 0 0 0 0 0 0 0 0 1 3 1 3 0 0 0 0 0 0 0 0 0 0
50 0 1000 0 0 1000 0 1000 1 3 1 3 0 0 26384 97 0 0 0 0 26384 97 1 3 1 3 0 0 26384 97 0 0 0 0 26384 97 1 3 1 3 0 0 26384 97 0 0 0 0 26384 97 1 3 1 3 0 0 26384 97 0 0 0 0 26384 97 1 3 1 3 0 0 26384 97 0 0 0 0 26384 97 1 3 1 3 0 0 26384 97 0 0 0 0 26384 97
51 0 1000 0 0 1000 0 1000 1 3 1 3 0 0 0 0 0 0 0 0 0 0 1 3 1 3 0 0 0 0 0 0 0 0 0 0 1 3 1 3 0 0 0 0 0 0 0 0 0 0 1 3 1 3 0 0 0 0 0 0 0 0 0 0 1 3 1 3 0 0 0 0 0 0 0 0 0 0 1 3 1 3 0 0 0 0 0 0 0 0 0 0
52 0 1000 0 0 1000 0 1000 1 3 1 3 0 0 0 0 0 0 0 0 0 0 1 3 1 3 0 0 0 0 0 0 0 0 0 0 1 3 1 3 0 0 0 0 0 0 0 0 0 0 1 3 1 3 0 0 0 0 0 0 0 0 0 0 1 3 1 3 0 0 0 0 0 0 0 0 0 0 1 3 1 3 0 0 0 0 0 0 0 0 0 0
53 0 1000 0 0 1000 0 1000 1 3 1 3 0 0 0 0 0 0 0 0 0 0 1 3 1 3 0 0 0 0 0 0 0 0 0 0 1 3 1 3 0 0 0 0 0 0 0 0 0 0 1 3 1 3 0 0 0 0 0 0 0 0 0 0 1 3 1 3 0 0 0 0 0 0 0 0 0 0 1 3 1 3 0 0 0 0 0 0 0 0 0 0
54 0 1000 0 0 1000 0 1000 1 3 1 3 0 0 28560 105 0 0 0 0 28560 105 1 3 1 3 0 0 28560 105 0 0 0 0 28560 105 1 3 1 3 0 0 28560 105 0 0 0 0 28560 105 1 3 1 3 0 0 28560 105 0 0 0 0 28560 105 1 3 1 3 0 0 28560 105 0 0 0 0 28560 105 1 3 1 3 0 0 28560 105 0 0 0 0 28560 105
55 0 1000 0 0 1000 0 1000 1 3 1 3 1 3 0 0 0 0 0 0 0 0 1 3 1 3 1 3 0 0 0 0 0 0 0 0 1 3 1 3 1 3 0 0 0 0 0 0 0 0 1 3 1 3 1 3 0 0 0 0 0 0 0 0 1 3 1 3 1 3 0 0 0 0 0 0 0 0 1 3 1 3 1 3 0 0 0 0 0 0 0 0
56 0 1000 0 0 1000 0 1000 1 3 1 3 1 3 0 0 0 0 0 0 0 0 1 3 1 3 1 3 0 0 0 0 0 0 0 0 1 3 1 3 1 3 0 0 0 0 0 0 0 0 1 3 1 3 1 3 0 0 0 0 0 0 0 0 1 3 1 3 1 3 0 0 0 0 0 0 0 0 1 3 1 3 1 3 0 0 0 0 0 0 0 0
57 0 1000 0 0 1000 0 1000 1 3 1 3 1 3 0 0 0 0 0 0 0 0 1 3 1 3 1 3 0 0 0 0 0 0 0 0 1 3 1 3 1 3 0 0 0 0 0 0 0 0 1 3 1 3 1 3 0 0 0 0 0 0 0 0 1 3 1 3 1 3 0 0 0 0 0 0 0 0 1 3 1 3 1 3 0 0 0 0 0 0 0 0
58 0 1000 0 0 1000 0 1000 1 3 1 3 1 3 28560 105 0 0 0 0 28560 105 1 3 1 3 1 3 28560 105 0 0 0 0 28560 105 1 3 1 3 1 3 28560 105 0 0 0 0 28560 105 1 3 1 3 1 3 28560 105 0 0 0 0 28560 105 1 3 1 3 1 3 28560 105 0 0 0 0 28560 105 1 3 1 3 1 3 28560 105 0 0 0 0 28560 105
59 0 1000 0 0 1000 0 1000 1 3 1 3 1 3 0 0 0 0 0 0 0 0 1 3 1 3 1 3 0 0 0 0 0 0 0 0 1 3 1 3 1 3 0 0 0 0 0 0 0 0 1 3 1 3 1 3 0 0 0 0 0 0 0 0 1 3 1 3 1 3 0 0 0 0 0 0 0 0 1 3 1 3 1 3 0 0 0 0 0 0 0 0
60 0 1000 0 0 1000 0 1000 1 3 1 3 1 3 0 0 0 0 0 0 0 0 1 3 1 3 1 3 0 0 0 0 0 0 0 0 1 3 1 3 1 3 0 0 0 0 0 0 0 0 1 3 1 3 1 3 0 0 0 0 0 0 0 0 1 3 1 3 1 3 0 0 0 0 0 0 0 0 1 3 1 3 1 3 0 0 0 0 0 0 0 0
61 0 1000 0 0 1000 0 1000 1 3 1 3 1 3 0 0 0 0 0 0 0 0 1 3 1 3 1 3 0 0 0 0 0 0 0 0 1 3 1 3 1 3 0 0 0 0 0 0 0 0 1 3 1 3 1 3 0 0 0 0 0 0 0 0 1 3 1 3 1 3 0 0 0 0 0 0 0 0 1 3 1 3 1 3 0 0 0 0 0 0 0 0
62 0 1000 0 0 1000 0 1000 1 3 1 3 1 3 27200 100 0 0 0 0 27200 100 1 3 1 3 1 3 27200 100 0 0 0 0 27200 100 1 3 1 3 1 3 27200 100 0 0 0 0 27200 100 1 3 1 3 1 3 27200 100 0 0 0 0 27200 100 1 3 1 3 1 3 27200 100 0 0 0 0 27200 100 1 3 1 3 1 3 27200 100 0 0 0 0 27200 100
63 0 1000 0 0 1000 0 1000 1 3 1 3 1 3 0 0 0 0 0 0 0 0 1 3 1 3 1 3 0 0 0 0 0 0 0 0 1 3 1 3 1 3 0 0 0 0 0 0 0 0 1 3 1 3 1 3 0 0 0 0 0 0 0 0 1 3 1 3 1 3 0 0 0 0 0 0 0 0 1 3 1 3 1 3 0 0 0 0 0 0 0 0
64 0 1000 0 0 1000 0 1000 1 3 1 3 1 3 0 0 0 0 0 0 0 0 1 3 1 3 1 3 0 0 0 0 0 0 0 0 1 3 1 3 1 3 0 0 0 0 0 0 0 0 1 3 1 3 1 3 0 0 0 0 0 0 0 0 1 3 1 3 1 3 0 0 0 0 0 0 0 0 1 3 1 3 1 3 0 0 0 0 0 0 0 0
65 0 1000 0 0 1000 0 1000 1 3 1 3 1 3 0 0 0 0 0 0 0 0 1 3 1 3 1 3 0 0 0 0 0 0 0 0 1 3 1 3 1 3 0 0 0 0 0 0 0 0 1 3 1 3 1 3 0 0 0 0 0 0 0 0 1 3 1 3 1 3 0 0 0 0 0 0 0 0 1 3 1 3 1 3 0 0 0 0 0 0 0 0
66 0 1000 0 0 1000 0 1000 1 3 1 3 1 3 24480 90 0 0 0 0 24480 90 1 3 1 3 1 3 24480 90 0 0 0 0 24480 90 1 3 1 3 1 3 24480 90 0 0 0 0 24480 90 1 3 1 3 1 3 24480 90 0 0 0 0 24480 90 1 3 1 3 1 3 24480 90 0 0 0 0 24480 90 1 3 1 3 1 3 24480 90 0 0 0 0 24480 90
67 0 1000 0 0 1000 0 1000 1 3 1 3 1 3 0 0 0 0 0 0 0 0 1 3 1 3 1 3 0 0 0 0 0 0 0 0 1 3 1 3 1 3 0 0 0 0 0 0 0 0 1 3 1 3 1 3 0 0 0 0 0 0 0 0 1 3 1 3 1 3 0 0 0 0 0 0 0 0 1 3 1 3 1 3 0 0 0 0 0 0 0 0
68 0 1000 0 0 1000 0 1000 1 3 1 3 1 3 0 0 0 0 0 0 0 0 1 3 1 3 1 3 0 0 0 0 0 0 0 0 1 3 1 3 1 3 0 0 0 0 0 0 0 0 1 3 1 3 1 3 0 0 0 0 0 0 0 0 1 3 1 3 1 3 0 0 0 0 0 0 0 0 1 3 1 3 1 3 0 0 0 0 0 0 0 0
69 0 1000 0 0 1000 0 1000 1 3 1 3 1 3 166637 2 166637 2 0 0 0 0 1 3 1 3 1 3 166637 2 166637 2 0 0 0 0 1 3 1 3 1 3 166637 2 166637 2 0 0 0 0 1 3 1 3 1 3 166637 2 166637 2 0 0 0 0 1 3 1 3 1 3 166637 2 166637 2 0 0 0 0 1 3 1 3 1 3 166637 2 166637 2 0 0 0 0
70 0 1000 0 0 1000 0 1000 2 17 2 17 1 3 111298 115 0 0 80290 1 31008 114 2 17 2 17 1 3 111298 115 0 0 80290 1 31008 114 2 17 2 17 1 3 111298 115 0 0 80290 1 31008 114 2 17 2 17 1 3 111298 115 0 0 80290 1 31008 114 2 17 2 17 1 3 111298 115 0 0 80290 1 31008 114 2 17 2 17 1 3 111298 115 0 0 80290 1 31008 114
71 0 1000 0 0 1000 0 1000 2 17 2 17 1 3 0 0 0 0 0 0 0 0 2 17 2 17 1 3 0 0 0 0 0 0 0 0 2 17 2 17 1 3 0 0 0 0 0 0 0 0 2 17 2 17 1 3 0 0 0 0 0 0 0 0 2 17 2 17 1 3 0 0 0 0 0 0 0 0 2 17 2 17 1 3 0 0 0 0 0 0 0 0
72 0 1000 0 0 1000 0 1000 2 17 2 17 1 3 0 0 0 0 0 0 0 0 2 17 2 17 1 3 0 0 0 0 0 0 0 0 2 17 2 17 1 3 0 0 0 0 0 0 0 0 2 17 2 17 1 3 0 0 0 0 0 0 0 0 2 17 2 17 1 3 0 0 0 0 0 0 0 0 2 17 2 17 1 3 0 0 0 0 0 0 0 0
73 0 1000 0 0 1000 0 1000 2 17 2 17 1 3 168174 2 168174 2 0 0 0 0 2 17 2 17 1 3 168174 2 168174 2 0 0 0 0 2 17 2 17 1 3 168174 2 168174 2 0 0 0 0 2 17 2 17 1 3 168174 2 168174 2 0 0 0 0 2 17 2 17 1 3 168174 2 168174 2 0 0 0 0 2 17 2 17 1 3 168174 2 168174 2 0 0 0 0
74 0 1000 0 0 1000 0 1000 3 18 3 18 1 3 111571 116 0 0 80291 1 31280 115 3 18 3 18 1 3 111571 116 0 0 80291 1 31280 115 3 18 3 18 1 3 111571 116 0 0 80291 1 31280 115 3 18 3 18 1 3 111571 116 0 0 80291 1 31280 115 3 18 3 18 1 3 111571 116 0 0 80291 1 31280 115 3 18 3 18 1 3 111571 116 0 0 80291 1 31280 115
75 0 1000 0 0 1000 0 1000 3 18 3 18 1 3 0 0 0 0 0 0 0 0 3 18 3 18 1 3 0 0 0 0 0 0 0 0 3 18 3 18 1 3 0 0 0 0 0 0 0 0 3 18 3 18 1 3 0 0 0 0 0 0 0 0 3 18 3 18 1 3 0 0 0 0 0 0 0 0 3 18 3 18 1 3 0 0 0 0 0 0 0 0
76 0 1000 0 0 1000 0 1000 3 18 3 18 1 3 0 0 0 0 0 0 0 0 3 18 3 18 1 3 0 0 0 0 0 0 0 0 3 18 3 18 1 3 0 0 0 0 0 0 0 0 3 18 3 18 1 3 0 0 0 0 0 0 0 0 3 18 3 18 1 3 0 0 0 0 0 0 0 0 3 18 3 18 1 3 0 0 0 0 0 0 0 0
77 0 1000 0 0 1000 0 1000 3 18 3 18 1 3 84119 1 84119 1 0 0 0 0 3 18 3 18 1 3 84119 1 84119 1 0 0 0 0 3 18 3 18 1 3 84119 1 84119 1 0 0 0 0 3 18 3 18 1 3 84119 1 84119 1 0 0 0 0 3 18 3 18 1 3 84119 1 84119 1 0 0 0 0 3 18 3 18 1 3 84119 1 84119 1 0 0 0 0
78 0 1000 0 0 1000 0 1000 4 19 4 19 1 3 106675 98 0 0 80291 1 26384 97 4 19 4 19 1 3 106675 98 0 0 80291 1 26384 97 4 19 4 19 1 3 106675 98 0 0 80291 1 26384 97 4 19 4 19 1 3 106675 98 0 0 80291 1 26384 97 4 19 4 19 1 3 106675 98 0 0 80291 1 26384 97 4 19 4 19 1 3 106675 98 0 0 80291 1 26384 97
79 0 1000 0 0 1000 0 1000 4 19 4 19 1 3 0 0 0 0 0 0 0 0 4 19 4 19 1 3 0 0 0 0 0 0 0 0 4 19 4 19 1 3 0 0 0 0 0 0 0 0 4 19 4 19 1 3 0 0 0 0 0 0 0 0 4 19 4 19 1 3 0 0 0 0 0 0 0 0 4 19 4 19 1 3 0 0 0 0 0 0 0 0
80 0 1000 0 0 1000 0 1000 4 19 4 19 1 3 0 0 0 0 0 0 0 0 4 19 4 19 1 3 0 0 0 0 0 0 0 0 4 19 4 19 1 3 0 0 0 0 0 0 0 0 4 19 4 19 1 3 0 0 0 0 0 0 0 0 4 19 4 19 1 3 0 0 0 0 0 0 0 0 4 19 4 19 1 3 0 0 0 0 0 0 0 0
81 0 1000 0 0 1000 0 1000 4 19 4 19 1 3 250629 3 250629 3 0 0 0 0 4 19 4 19 1 3 250629 3 250629 3 0 0 0 0 4 19 4 19 1 3 250629 3 250629 3 0 0 0 0 4 19 4 19 1 3 250629 3 250629 3 0 0 0 0 4 19 4 19 1 3 250629 3 250629 3 0 0 0 0 4 19 4 19 1 3 250629 3 250629 3 0 0 0 0
82 0 1000 0 0 1000 0 1000 5 20 5 20 1 3 109123 107 0 0 80291 1 28832 106 5 20 5 20 1 3 109123 107 0 0 80291 1 28832 106 5 20 5 20 1 3 109123 107 0 0 80291 1 28832 106 5 20 5 20 1 3 109123 107 0 0 80291 1 28832 106 5 20 5 20 1 3 109123 107 0 0 80291 1 28832 106 5 20 5 20 1 3 109123 107 0 0 80291 1 28832 106
83 0 1000 0 0 1000 0 1000 5 20 5 20 1 3 0 0 0 0 0 0 0 0 5 20 5 20 1 3 0 0 0 0 0 0 0 0 5 20 5 20 1 3 0 0 0 0 0 0 0 0 5 20 5 20 1 3 0 0 0 0 0 0 0 0 5 20 5 20 1 3 0 0 0 0 0 0 0 0 5 20 5 20 1 3 0 0 0 0 0 0 0 0
84 0 1000 0 0 1000 0 1000 5 20 5 20 1 3 0 0 0 0 0 0 0 0 5 20 5 20 1 3 0 0 0 0 0 0 0 0 5 20 5 20 1 3 0 0 0 0 0 0 0 0 5 20 5 20 1 3 0 0 0 0 0 0 0 0 5 20 5 20 1 3 0 0 0 0 0 0 0 0 5 20 5 20 1 3 0 0 0 0 0 0 0 0
85 0 1000 0 0 1000 0 1000 5 20 5 20 1 3 83831 1 83831 1 0 0 0 0 5 20 5 20 1 3 83831 1 83831 1 0 0 0 0 5 20 5 20 1 3 83831 1 83831 1 0 0 0 0 5 20 5 20 1 3 83831 1 83831 1 0 0 0 0 5 20 5 20 1 3 83831 1 83831 1 0 0 0 0 5 20 5 20 1 3 83831 1 83831 1 0 0 0 0
86 0 1000 0 0 1000 0 1000 6 21 6 21 1 3 111027 114 0 0 80291 1 30736 113 6 21 6 21 1 3 111027 114 0 0 80291 1 30736 113 6 21 6 21 1 3 111027 114 0 0 80291 1 30736 113 6 21 6 21 1 3 111027 114 0 0 80291 1 30736 113 6 21 6 21 1 3 111027 114 0 0 80291 1 30736 113 6 21 6 21 1 3 111027 114 0 0 80291 1 30736 113
87 0 1000 0 0 1000 0 1000 6 21 6 21 1 3 0 0 0 0 0 0 0 0 6 21 6 21 1 3 0 0 0 0 0 0 0 0 6 21 6 21 1 3 0 0 0 0 0 0 0 0 6 21 6 21 1 3 0 0 0 0 0 0 0 0 6 21 6 21 1 3 0 0 0 0 0 0 0 0 6 21 6 21 1 3 0 0 0 0 0 0 0 0
88 0 1000 0 0 1000 0 1000 6 21 6 21 1 3 0 0 0 0 0 0 0 0 6 21 6 21 1 3 0 0 0 0 0 0 0 0 6 21 6 21 1 3 0 0 0 0 0 0 0 0 6 21 6 21 1 3 0 0 0 0 0 0 0 0 6 21 6 21 1 3 0 0 0 0 0 0 0 0 6 21 6 21 1 3 0 0 0 0 0 0 0 0
89 0 1000 0 0 1000 0 1000 6 21 6 21 1 3 168110 2 168110 2 0 0 0 0 6 21 6 21 1 3 168110 2 168110 2 0 0 0 0 6 21 6 21 1 3 168110 2 168110 2 0 0 0 0 6 21 6 21 1 3 168110 2 168110 2 0 0 0 0 6 21 6 21 1 3 168110 2 168110 2 0 0 0 0 6 21 6 21 1 3 168110 2 168110 2 0 0 0 0
90 0 1000 0 0 1000 0 1000 7 22 7 22 1 3 106947 99 0 0 80291 1 26656 98 7 22 7 22 1 3 106947 99 0 0 80291 1 26656 98 7 22 7 22 1 3 106947 99 0 0 80291 1 26656 98 7 22 7 22 1 3 106947 99 0 0 80291 1 26656 98 7 22 7 22 1 3 106947 99 0 0 80291 1 26656 98 7 22 7 22 1 3 106947 99 0 0 80291 1 26656 98
91 0 1000 0 0 1000 0 1000 7 22 7 22 1 3 0 0 0 0 0 0 0 0 7 22 7 22 1 3 0 0 0 0 0 0 0 0 7 22 7 22 1 3 0 0 0 0 0 0 0 0 7 22 7 22 1 3 0 0 0 0 0 0 0 0 7 22 7 22 1 3 0 0 0 0 0 0 0 0 7 22 7 22 1 3 0 0 0 0 0 0 0 0
92 0 1000 0 0 1000 0 1000 7 22 7 22 1 3 0 0 0 0 0 0 0 0 7 22 7 22 1 3 0 0 0 0 0 0 0 0 7 22 7 22 1 3 0 0 0 0 0 0 0 0 7 22 7 22 1 3 0 0 0 0 0 0 0 0 7 22 7 22 1 3 0 0 0 0 0 0 0 0 7 22 7 22 1 3 0 0 0 0 0 0 0 0
93 0 1000 0 0 1000 0 1000 7 22 7 22 1 3 0 0 0 0 0 0 0 0 7 22 7 22 1 3 0 0 0 0 0 0 0 0 7 22 7 22 1 3 0 0 0 0 0 0 0 0 7 22 7 22 1 3 0 0 0 0 0 0 0 0 7 22 7 22 1 3 0 0 0 0 0 0 0 0 7 22 7 22 1 3 0 0 0 0 0 0 0 0
94 0 1000 0 0 1000 0 1000 7 22 7 22 1 3 32640 120 0 0 0 0 32640 120 7 22 7 22 1 3 32640 120 0 0 0 0 32640 120 7 22 7 22 1 3 32640 120 0 0 0 0 32640 120 7 22 7 22 1 3 32640 120 0 0 0 0 32640 120 7 22 7 22 1 3 32640 120 0 0 0 0 32640 120 7 22 7 22 1 3 32640 120 0 0 0 0 32640 120
95 0 1000 0 0 1000 0 1000 7 22 7 22 1 3 0 0 0 0 0 0 0 0 7 22 7 22 1 3 0 0 0 0 0 0 0 0 7 22 7 22 1 3 0 0 0 0 0 0 0 0 7 22 7 22 1 3 0 0 0 0 0 0 0 0 7 22 7 22 1 3 0 0 0 0 0 0 0 0 7 22 7 22 1 3 0 0 0 0 0 0 0 0
96 0 1000 0 0 1000 0 1000 7 22 7 22 1 3 0 0 0 0 0 0 0 0 7 22 7 22 1 3 0 0 0 0 0 0 0 0 7 22 7 22 1 3 0 0 0 0 0 0 0 0 7 22 7 22 1 3 0 0 0 0 0 0 0 0 7 22 7 22 1 3 0 0 0 0 0 0 0 0 7 22 7 22 1 3 0 0 0 0 0 0 0 0
97 0 1000 0 0 1000 0 1000 7 22 7 22 1 3 84279 1 84279 1 0 0 0 0 7 22 7 22 1 3 84279 1 84279 1 0 0 0 0 7 22 7 22 1 3 84279 1 84279 1 0 0 0 0 7 22 7 22 1 3 84279 1 84279 1 0 0 0 0 7 22 7 22 1 3 84279 1 84279 1 0 0 0 0 7 22 7 22 1 3 84279 1 84279 1 0 0 0 0
98 0 1000 0 0 1000 0 1000 8 24 8 24 1 3 106403 97 0 0 80291 1 26112 96 8 24 8 24 1 3 106403 97 0 0 80291 1 26112 96 8 24 8 24 1 3 106403 97 0 0 80291 1 26112 96 8 24 8 24 1 3 106403 97 0 0 80291 1 26112 96 8 24 8 24 1 3 106403 97 0 0 80291 1 26112 96 8 24 8 24 1 3 106403 97 0 0 80291 1 26112 96
99 0 1000 0 0 1000 0 1000 8 24 8 24 1 3 0 0 0 0 0 0 0 0 8 24 8 24 1 3 0 0 0 0 0 0 0 0 8 24 8 24 1 3 0 0 0 0 0 0 0 0 8 24 8 24 1 3 0 0 0 0 0 0 0 0 8 24 8 24 1 3 0 0 0 0 0 0 0 0 8 24 8 24 1 3 0 0 0 0 0 0 0 0
100 0 1000 0 0 1000 0 1000 8 24 8 24 1 3 0 0 0 0 0 0 0 0 8 24 8 24 1 3 0 0 0 0 0 0 0 0 8 24 8 24 1 3 0 0 0 0 0 0 0 0 8 24 8 24 1 3 0 0 0 0 0 0 0 0 8 24 8 24 1 3 0 0 0 0 0 0 0 0 8 24 8 24 1 3 0 0 0 0 0 0 0 0
101 0 1000 0 0 1000 0 1000 8 24 8 24 1 3 0 0 0 0 0 0 0 0 8 24 8 24 1 3 0 0 0 0 0 0 0 0 8 24 8 24 1 3 0 0 0 0 0 0 0 0 8 24 8 24 1 3 0 0 0 0 0 0 0 0 8 24 8 24 1 3 0 0 0 0 0 0 0 0 8 24 8 24 1 3 0 0 0 0 0 0 0 0
102 0 1000 0 0 1000 0 1000 8 24 8 24 1 3 25296 93 0 0 0 0 25296 93 8 24 8 24 1 3 25296 93 0 0 0 0 25296 93 8 24 8 24 1 3 25296 93 0 0 0 0 25296 93 8 24 8 24 1 3 25296 93 0 0 0 0 25296 93 8 24 8 24 1 3 25296 93 0 0 0 0 25296 93 8 24 8 24 1 3 25296 93 0 0 0 0 25296 93
103 0 1000 0 0 1000 0 1000 8 24 8 24 1 3 0 0 0 0 0 0 0 0 8 24 8 24 1 3 0 0 0 0 0 0 0 0 8 24 8 24 1 3 0 0 0 0 0 0 0 0 8 24 8 24 1 3 0 0 0 0 0 0 0 0 8 24 8 24 1 3 0 0 0 0 0 0 0 0 8 24 8 24 1 3 0 0 0 0 0 0 0 0
104 0 1000 0 0 1000 0 1000 8 24 8 24 1 3 0 0 0 0 0 0 0 0 8 24 8 24 1 3 0 0 0 0 0 0 0 0 8 24 8 24 1 3 0 0 0 0 0 0 0 0 8 24 8 24 1 3 0 0 0 0 0 0 0 0 8 24 8 24 1 3 0 0 0 0 0 0 0 0 8 24 8 24 1 3 0 0 0 0 0 0 0 0
105 0 1000 0 0 1000 0 1000 8 24 8 24 1 3 166830 2 166830 2 0 0 0 0 8 24 8 24 1 3 166830 2 166830 2 0 0 0 0 8 24 8 24 1 3 166830 2 166830 2 0 0 0 0 8 24 8 24 1 3 166830 2 166830 2 0 0 0 0 8 24 8 24 1 3 166830 2 166830 2 0 0 0 0 8 24 8 24 1 3 166830 2 166830 2 0 0 0 0
106 0 1000 0 0 1000 0 1000 9 26 9 26 1 3 103411 86 0 0 80291 1 23120 85 9 26 9 26 1 3 103411 86 0 0 80291 1 23120 85 9 26 9 26 1 3 103411 86 0 0 80291 1 23120 85 9 26 9 26 1 3 103411 86 0 0 80291 1 23120 85 9 26 9 26 1 3 103411 86 0 0 80291 1 23120 85 9 26 9 26 1 3 103411 86 0 0 80291 1 23120 85
107 0 1000 0 0 1000 0 1000 9 26 9 26 1 3 0 0 0 0 0 0 0 0 9 26 9 26 1 3 0 0 0 0 0 0 0 0 9 26 9 26 1 3 0 0 0 0 0 0 0 0 9 26 9 26 1 3 0 0 0 0 0 0 0 0 9 26 9 26 1 3 0 0 0 0 0 0 0 0 9 26 9 26 1 3 0 0 0 0 0 0 0 0
108 0 1000 0 0 1000 0 1000 9 26 9 26 1 3 0 0 0 0 0 0 0 0 9 26 9 26 1 3 0 0 0 0 0 0 0 0 9 26 9 26 1 3 0 0 0 0 0 0 0 0 9 26 9 26 1 3 0 0 0 0 0 0 0 0 9 26 9 26 1 3 0 0 0 0 0 0 0 0 9 26 9 26 1 3 0 0 0 0 0 0 0 0
109 0 1000 0 0 1000 0 1000 9 26 9 26 1 3 83159 1 83159 1 0 0 0 0 9 26 9 26 1 3 83159 1 83159 1 0 0 0 0 9 26 9 26 1 3 83159 1 83159 1 0 0 0 0 9 26 9 26 1 3 83159 1 83159 1 0 0 0 0 9 26 9 26 1 3 83159 1 83159 1 0 0 0 0 9 26 9 26 1 3 83159 1 83159 1 0 0 0 0
110 0 1000 0 0 1000 0 1000 10 27 10 27 1 3 107763 102 0 0 80291 1 27472 101 10 27 10 27 1 3 107763 102 0 0 80291 1 27472 101 10 27 10 27 1 3 107763 102 0 0 80291 1 27472 101 10 27 10 27 1 3 107763 102 0 0 80291 1 27472 101 10 27 10 27 1 3 107763 102 0 0 80291 1 27472 101 10 27 10 27 1 3 107763 102 0 0 80291 1 27472 101
111 0 1000 0 0 1000 0 1000 10 27 10 27 2 17 0 0 0 0 0 0 0 0 10 27 10 27 2 17 0 0 0 0 0 0 0 0 10 27 10 27 2 17 0 0 0 0 0 0 0 0 10 27 10 27 2 17 0 0 0 0 0 0 0 0 10 27 10 27 2 17 0 0 0 0 0 0 0 0 10 27 10 27 2 17 0 0 0 0 0 0 0 0
112 0 1000 0 0 1000 0 1000 10 27 10 27 2 17 0 0 0 0 0 0 0 0 10 27 10 27 2 17 0 0 0 0 0 0 0 0 10 27 10 27 2 17 0 0 0 0 0 0 0 0 10 27 10 27 2 17 0 0 0 0 0 0 0 0 10 27 10 27 2 17 0 0 0 0 0 0 0 0 10 27 10 27 2 17 0 0 0 0 0 0 0 0
113 0 1000 0 0 1000 0 1000 10 27 10 27 2 17 0 0 0 0 0 0 0 0 10 27 10 27 2 17 0 0 0 0 0 0 0 0 10 27 10 27 2 17 0 0 0 0 0 0 0 0 10 27 10 27 2 17 0 0 0 0 0 0 0 0 10 27 10 27 2 17 0 0 0 0 0 0 0 0 10 27 10 27 2 17 0 0 0 0 0 0 0 0
114 0 1000 0 0 1000 0 1000 10 27 10 27 2 17 29920 110 0 0 0 0 29920 110 10 27 10 27 2 17 29920 110 0 0 0 0 29920 110 10 27 10 27 2 17 29920 110 0 0 0 0 29920 110 10 27 10 27 2 17 29920 110 0 0 0 0 29920 110 10 27 10 27 2 17 29920 110 0 0 0 0 29920 110 10 27 10 27 2 17 29920 110 0 0 0 0 29920 110
115 0 1000 0 0 1000 0 1000 10 27 10 27 3 18 0 0 0 0 0 0 0 0 10 27 10 27 3 18 0 0 0 0 0 0 0 0 10 27 10 27 3 18 0 0 0 0 0 0 0 0 10 27 10 27 3 18 0 0 0 0 0 0 0 0 10 27 10 27 3 18 0 0 0 0 0 0 0 0 10 27 10 27 3 18 0 0 0 0 0 0 0 0
116 0 1000 0 0 1000 0 1000 10 27 10 27 3 18 0 0 0 0 0 0 0 0 10 27 10 27 3 18 0 0 0 0 0 0 0 0 10 27 10 27 3 18 0 0 0 0 0 0 0 0 10 27 10 27 3 18 0 0 0 0 0 0 0 0 10 27 10 27 3 18 0 0 0 0 0 0 0 0 10 27 10 27 3 18 0 0 0 0 0 0 0 0
117 0 1000 0 0 1000 0 1000 10 27 10 27 3 18 0 0 0 0 0 0 0 0 10 27 10 27 3 18 0 0 0 0 0 0 0 0 10 27 10 27 3 18 0 0 0 0 0 0 0 0 10 27 10 27 3 18 0 0 0 0 0 0 0 0 10 27 10 27 3 18 0 0 0 0 0 0 0 0 10 27 10 27 3 18 0 0 0 0 0 0 0 0
118 0 1000 0 0 1000 0 1000 10 27 10 27 3 18 32640 120 0 0 0 0 32640 120 10 27 10 27 3 18 32640 120 0 0 0 0 32640 120 10 27 10 27 3 18 32640 120 0 0 0 0 32640 120 10 27 10 27 3 18 32640 120 0 0 0 0 32640 120 10 27 10 27 3 18 32640 120 0 0 0 0 32640 120 10 27 10 27 3 18 32640 120 0 0 0 0 32640 120
119 0 1000 0 0 1000 0 1000 10 27 10 27 4 19 0 0 0 0 0 0 0 0 10 27 10 27 4 19 0 0 0 0 0 0 0 0 10 27 10 27 4 19 0 0 0 0 0 0 0 0 10 27 10 27 4 19 0 0 0 0 0 0 0 0 10 27 10 27 4 19 0 0 0 0 0 0 0 0 10 27 10 27 4 19 0 0 0 0 0 0 0 0
120 0 1000 0 0 1000 0 1000 10 27 10 27 4 19 0 0 0 0 0 0 0 0 10 27 10 27 4 19 0 0 0 0 0 0 0 0 10 27 10 27 4 19 0 0 0 0 0 0 0 0 10 27 10 27 4 19 0 0 0 0 0 0 0 0 10 27 10 27 4 19 0 0 0 0 0 0 0 0 10 27 10 27 4 19 0 0 0 0 0 0 0 0
121 0 1000 0 0 1000 0 1000 10 27 10 27 4 19 0 0 0 0 0 0 0 0 10 27 10 27 4 19 0 0 0 0 0 0 0 0 10 27 10 27 4 19 0 0 0 0 0 0 0 0 10 27 10 27 4 19 0 0 0 0 0 0 0 0 10 27 10 27 4 19 0 0 0 0 0 0 0 0 10 27 10 27 4 19 0 0 0 0 0 0 0 0
122 0 1000 0 0 1000 0 1000 10 27 10 27 4 19 26656 98 0 0 0 0 26656 98 10 27 10 27 4 19 26656 98 0 0 0 0 26656 98 10 27 10 27 4 19 26656 98 0 0 0 0 26656 98 10 27 10 27 4 19 26656 98 0 0 0 0 26656 98 10 27 10 27 4 19 26656 98 0 0 0 0 26656 98 10 27 10 27 4 19 26656 98 0 0 0 0 26656 98
123 0 1000 0 0 1000 0 1000 10 27 10 27 5 20 0 0 0 0 0 0 0 0 10 27 10 27 5 20 0 0 0 0 0 0 0 0 10 27 10 27 5 20 0 0 0 0 0 0 0 0 10 27 10 27 5 20 0 0 0 0 0 0 0 0 10 27 10 27 5 20 0 0 0 0 0 0 0 0 10 27 10 27 5 20 0 0 0 0 0 0 0 0
124 0 1000 0 0 1000 0 1000 10 27 10 27 5 20 0 0 0 0 0 0 0 0 10 27 10 27 5 20 0 0 0 0 0 0 0 0 10 27 10 27 5 20 0 0 0 0 0 0 0 0 10 27 10 27 5 20 0 0 0 0 0 0 0 0 10 27 10 27 5 20 0 0 0 0 0 0 0 0 10 27 10 27 5 20 0 0 0 0 0 0 0 0
125 0 1000 0 0 1000 0 1000 10 27 10 27 5 20 0 0 0 0 0 0 0 0 10 27 10 27 5 20 0 0 0 0 0 0 0 0 10 27 10 27 5 20 0 0 0 0 0 0 0 0 10 27 10 27 5 20 0 0 0 0 0 0 0 0 10 27 10 27 5 20 0 0 0 0 0 0 0 0 10 27 10 27 5 20 0 0 0 0 0 0 0 0
126 0 1000 0 0 1000 0 1000 10 27 10 27 5 20 23392 86 0 0 0 0 23392 86 10 27 10 27 5 20 23392 86 0 0 0 0 23392 86 10 27 10 27 5 20 23392 86 0 0 0 0 23392 86 10 27 10 27 5 20 23392 86 0 0 0 0 23392 86 10 27 10 27 5 20 23392 86 0 0 0 0 23392 86 10 27 10 27 5 20 23392 86 0 0 0 0 23392 86
127 0 1000 0 0 1000 0 1000 10 27 10 27 6 21 0 0 0 0 0 0 0 0 10 27 10 27 6 21 0 0 0 0 0 0 0 0 10 27 10 27 6 21 0 0 0 0 0 0 0 0 10 27 10 27 6 21 0 0 0 0 0 0 0 0 10 27 10 27 6 21 0 0 0 0 0 0 0 0 10 27 10 27 6 21 0 0 0 0 0 0 0 0
128 0 1000 0 0 1000 0 1000 10 27 10 27 6 21 0 0 0 0 0 0 0 0 10 27 10 27 6 21 0 0 0 0 0 0 0 0 10 27 10 27 6 21 0 0 0 0 0 0 0 0 10 27 10 27 6 21 0 0 0 0 0 0 0 0 10 27 10 27 6 21 0 0 0 0 0 0 0 0 10 27 10 27 6 21 0 0 0 0 0 0 0 0
129 0 1000 0 0 1000 0 1000 10 27 10 27 6 21 83191 1 83191 1 0 0 0 0 10 27 10 27 6 21 83191 1 83191 1 0 0 0 0 10 27 10 27 6 21 83191 1 83191 1 0 0 0 0 10 27 10 27 6 21 83191 1 83191 1 0 0 0 0 10 27 10 27 6 21 83191 1 83191 1 0 0 0 0 10 27 10 27 6 21 83191 1 83191 1 0 0 0 0
130 0 1000 0 0 1000 0 1000 11 32 11 32 6 21 108307 104 0 0 80291 1 28016 103 11 32 11 32 6 21 108307 104 0 0 80291 1 28016 103 11 32 11 32 6 21 108307 104 0 0 80291 1 28016 103 11 32 11 32 6 21 108307 104 0 0 80291 1 28016 103 11 32 11 32 6 21 108307 104 0 0 80291 1 28016 103 11 32 11 32 6 21 108307 104 0 0 80291 1 28016 103
131 0 1000 0 0 1000 0 1000 11 32 11 32 7 22 0 0 0 0 0 0 0 0 11 32 11 32 7 22 0 0 0 0 0 0 0 0 11 32 11 32 7 22 0 0 0 0 0 0 0 0 11 32 11 32 7 22 0 0 0 0 0 0 0 0 11 32 11 32 7 22 0 0 0 0 0 0 0 0 11 32 11 32 7 22 0 0 0 0 0 0 0 0
132 0 1000 0 0 1000 0 1000 11 32 11 32 7 22 0 0 0 0 0 0 0 0 11 32 11 32 7 22 0 0 0 0 0 0 0 0 11 32 11 32 7 22 0 0 0 0 0 0 0 0 11 32 11 32 7 22 0 0 0 0 0 0 0 0 11 32 11 32 7 22 0 0 0 0 0 0 0 0 11 32 11 32 7 22 0 0 0 0 0 0 0 0
133 0 1000 0 0 1000 0 1000 11 32 11 32 7 22 0 0 0 0 0 0 0 0 11 32 11 32 7 22 0 0 0 0 0 0 0 0 11 32 11 32 7 22 0 0 0 0 0 0 0 0 11 32 11 32 7 22 0 0 0 0 0 0 0 0 11 32 11 32 7 22 0 0 0 0 0 0 0 0 11 32 11 32 7 22 0 0 0 0 0 0 0 0
134 0 1000 0 0 1000 0 1000 11 32 11 32 7 22 24208 89 0 0 0 0 24208 89 11 32 11 32 7 22 24208 89 0 0 0 0 24208 89 11 32 11 32 7 22 24208 89 0 0 0 0 24208 89 11 32 11 32 7 22 24208 89 0 0 0 0 24208 89 11 32 11 32 7 22 24208 89 0 0 0 0 24208 89 11 32 11 32 7 22 24208 89 0 0 0 0 24208 89
135 0 1000 0 0 1000 0 1000 11 32 11 32 7 22 0 0 0 0 0 0 0 0 11 32 11 32 7 22 0 0 0 0 0 0 0 0 11 32 11 32 7 22 0 0 0 0 0 0 0 0 11 32 11 32 7 22 0 0 0 0 0 0 0 0 11 32 11 32 7 22 0 0 0 0 0 0 0 0 11 32 11 32 7 22 0 0 0 0 0 0 0 0
136 0 1000 0 0 1000 0 1000 11 32 11 32 7 22 0 0 0 0 0 0 0 0 11 32 11 32 7 22 0 0 0 0 0 0 0 0 11 32 11 32 7 22 0 0 0 0 0 0 0 0 11 32 11 32 7 22 0 0 0 0 0 0 0 0 11 32 11 32 7 22 0 0 0 0 0 0 0 0 11 32 11 32 7 22 0 0 0 0 0 0 0 0
137 0 1000 0 0 1000 0 1000 11 32 11 32 7 22 83287 1 83287 1 0 0 0 0 11 32 11 32 7 22 83287 1 83287 1 0 0 0 0 11 32 11 32 7 22 83287 1 83287 1 0 0 0 0 11 32 11 32 7 22 83287 1 83287 1 0 0 0 0 11 32 11 32 7 22 83287 1 83287 1 0 0 0 0 11 32 11 32 7 22 83287 1 83287 1 0 0 0 0
138 0 1000 0 0 1000 0 1000 12 34 12 34 7 22 109123 107 0 0 80291 1 28832 106 12 34 12 34 7 22 109123 107 0 0 80291 1 28832 106 12 34 12 34 7 22 109123 107 0 0 80291 1 28832 106 12 34 12 34 7 22 109123 107 0 0 80291 1 28832 106 12 34 12 34 7 22 109123 107 0 0 80291 1 28832 106 12 34 12 34 7 22 109123 107 0 0 80291 1 28832 106
139 0 1000 0 0 1000 0 1000 12 34 12 34 8 24 0 0 0 0 0 0 0 0 12 34 12 34 8 24 0 0 0 0 0 0 0 0 12 34 12 34 8 24 0 0 0 0 0 0 0 0 12 34 12 34 8 24 0 0 0 0 0 0 0 0 12 34 12 34 8 24 0 0 0 0 0 0 0 0 12 34 12 34 8 24 0 0 0 0 0 0 0 0
140 0 1000 0 0 1000 0 1000 12 34 12 34 8 24 0 0 0 0 0 0 0 0 12 34 12 34 8 24 0 0 0 0 0 0 0 0 12 34 12 34 8 24 0 0 0 0 0 0 0 0 12 34 12 34 8 24 0 0 0 0 0 0 0 0 12 34 12 34 8 24 0 0 0 0 0 0 0 0 12 34 12 34 8 24 0 0 0 0 0 0 0 0
141 0 1000 0 0 1000 0 1000 12 34 12 34 8 24 0 0 0 0 0 0 0 0 12 34 12 34 8 24 0 0 0 0 0 0 0 0 12 34 12 34 8 24 0 0 0 0 0 0 0 0 12 34 12 34 8 24 0 0 0 0 0 0 0 0 12 34 12 34 8 24 0 0 0 0 0 0 0 0 12 34 12 34 8 24 0 0 0 0 0 0 0 0
142 0 1000 0 0 1000 0 1000 12 34 12 34 8 24 24208 89 0 0 0 0 24208 89 12 34 12 34 8 24 24208 89 0 0 0 0 24208 89 12 34 12 34 8 24 24208 89 0 0 0 0 24208 89 12 34 12 34 8 24 24208 89 0 0 0 0 24208 89 12 34 12 34 8 24 24208 89 0 0 0 0 24208 89 12 34 12 34 8 24 24208 89 0 0 0 0 24208 89
143 0 1000 0 0 1000 0 1000 12 34 12 34 8 24 0 0 0 0 0 0 0 0 12 34 12 34 8 24 0 0 0 0 0 0 0 0 12 34 12 34 8 24 0 0 0 0 0 0 0 0 12 34 12 34 8 24 0 0 0 0 0 0 0 0 12 34 12 34 8 24 0 0 0 0 0 0 0 0 12 34 12 34 8 24 0 0 0 0 0 0 0 0
144 0 1000 0 0 1000 0 1000 12 34 12 34 8 24 0 0 0 0 0 0 0 0 12 34 12 34 8 24 0 0 0 0 0 0 0 0 12 34 12 34 8 24 0 0 0 0 0 0 0 0 12 34 12 34 8 24 0 0 0 0 0 0 0 0 12 34 12 34 8 24 0 0 0 0 0 0 0 0 12 34 12 34 8 24 0 0 0 0 0 0 0 0
145 0 1000 0 0 1000 0 1000 12 34 12 34 8 24 83286 1 83286 1 0 0 0 0 12 34 12 34 8 24 83286 1 83286 1 0 0 0 0 12 34 12 34 8 24 83286 1 83286 1 0 0 0 0 12 34 12 34 8 24 83286 1 83286 1 0 0 0 0 12 34 12 34 8 24 83286 1 83286 1 0 0 0 0 12 34 12 34 8 24 83286 1 83286 1 0 0 0 0
146 0 1000 0 0 1000 0 1000 13 36 13 36 8 24 111298 115 0 0 80290 1 31008 114 13 36 13 36 8 24 111298 115 0 0 80290 1 31008 114 13 36 13 36 8 24 111298 115 0 0 80290 1 31008 114 13 36 13 36 8 24 111298 115 0 0 80290 1 31008 114 13 36 13 36 8 24 111298 115 0 0 80290 1 31008 114 13 36 13 36 8 24 111298 115 0 0 80290 1 31008 114
147 0 1000 0 0 1000 0 1000 13 36 13 36 9 26 0 0 0 0 0 0 0 0 13 36 13 36 9 26 0 0 0 0 0 0 0 0 13 36 13 36 9 26 0 0 0 0 0 0 0 0 13 36 13 36 9 26 0 0 0 0 0 0 0 0 13 36 13 36 9 26 0 0 0 0 0 0 0 0 13 36 13 36 9 26 0 0 0 0 0 0 0 0
148 0 1000 0 0 1000 0 1000 13 36 13 36 9 26 0 0 0 0 0 0 0 0 13 36 13 36 9 26 0 0 0 0 0 0 0 0 13 36 13 36 9 26 0 0 0 0 0 0 0 0 13 36 13 36 9 26 0 0 0 0 0 0 0 0 13 36 13 36 9 26 0 0 0 0 0 0 0 0 13 36 13 36 9 26 0 0 0 0 0 0 0 0
149 0 1000 0 0 1000 0 1000 13 36 13 36 9 26 84085 1 84085 1 0 0 0 0 13 36 13 36 9 26 84085 1 84085 1 0 0 0 0 13 36 13 36 9 26 84085 1 84085 1 0 0 0 0 13 36 13 36 9 26 84085 1 84085 1 0 0 0 0 13 36 13 36 9 26 84085 1 84085 1 0 0 0 0 13 36 13 36 9 26 84085 1 84085 1 0 0 0 0
150 0 1000 0 0 1000 0 1000 14 37 14 37 9 26 106945 99 0 0 80289 1 26656 98 14 37 14 37 9 26 106945 99 0 0 80289 1 26656 98 14 37 14 37 9 26 106945 99 0 0 80289 1 26656 98 14 37 14 37 9 26 106945 99 0 0 80289 1 26656 98 14 37 14 37 9 26 106945 99 0 0 80289 1 26656 98 14 37 14 37 9 26 106945 99 0 0 80289 1 26656 98
151 0 1000 0 0 1000 0 1000 14 37 14 37 10 27 0 0 0 0 0 0 0 0 14 37 14 37 10 27 0 0 0 0 0 0 0 0 14 37 14 37 10 27 0 0 0 0 0 0 0 0 14 37 14 37 10 27 0 0 0 0 0 0 0 0 14 37 14 37 10 27 0 0 0 0 0 0 0 0 14 37 14 37 10 27 0 0 0 0 0 0 0 0
152 0 1000 0 0 1000 0 1000 14 37 14 37 10 27 0 0 0 0 0 0 0 0 14 37 14 37 10 27 0 0 0 0 0 0 0 0 14 37 14 37 10 27 0 0 0 0 0 0 0 0 14 37 14 37 10 27 0 0 0 0 0 0 0 0 14 37 14 37 10 27 0 0 0 0 0 0 0 0 14 37 14 37 10 27 0 0 0 0 0 0 0 0
153 0 1000 0 0 1000 0 1000 14 37 14 37 10 27 0 0 0 0 0 0 0 0 14 37 14 37 10 27 0 0 0 0 0 0 0 0 14 37 14 37 10 27 0 0 0 0 0 0 0 0 14 37 14 37 10 27 0 0 0 0 0 0 0 0 14 37 14 37 10 27 0 0 0 0 0 0 0 0 14 37 14 37 10 27 0 0 0 0 0 0 0 0
154 0 1000 0 0 1000 0 1000 14 37 14 37 10 27 27200 100 0 0 0 0 27200 100 14 37 14 37 10 27 27200 100 0 0 0 0 27200 100 14 37 14 37 10 27 27200 100 0 0 0 0 27200 100 14 37 14 37 10 27 27200 100 0 0 0 0 27200 100 14 37 14 37 10 27 27200 100 0 0 0 0 27200 100 14 37 14 37 10 27 27200 100 0 0 0 0 27200 100
155 0 1000 0 0 1000 0 1000 14 37 14 37 10 27 0 0 0 0 0 0 0 0 14 37 14 37 10 27 0 0 0 0 0 0 0 0 14 37 14 37 10 27 0 0 0 0 0 0 0 0 14 37 14 37 10 27 0 0 0 0 0 0 0 0 14 37 14 37 10 27 0 0 0 0 0 0 0 0 14 37 14 37 10 27 0 0 0 0 0 0 0 0
156 0 1000 0 0 1000 0 1000 14 37 14 37 10 27 0 0 0 0 0 0 0 0 14 37 14 37 10 27 0 0 0 0 0 0 0 0 14 37 14 37 10 27 0 0 0 0 0 0 0 0 14 37 14 37 10 27 0 0 0 0 0 0 0 0 14 37 14 37 10 27 0 0 0 0 0 0 0 0 14 37 14 37 10 27 0 0 0 0 0 0 0 0
157 0 1000 0 0 1000 0 1000 14 37 14 37 10 27 0 0 0 0 0 0 0 0 14 37 14 37 10 27 0 0 0 0 0 0 0 0 14 37 14 37 10 27 0 0 0 0 0 0 0 0 14 37 14 37 10 27 0 0 0 0 0 0 0 0 14 37 14 37 10 27 0 0 0 0 0 0 0 0 14 37 14 37 10 27 0 0 0 0 0 0 0 0
158 0 1000 0 0 1000 0 1000 14 37 14 37 10 27 32368 119 0 0 0 0 32368 119 14 37 14 37 10 27 32368 119 0 0 0 0 32368 119 14 37 14 37 10 27 32368 119 0 0 0 0 32368 119 14 37 14 37 10 27 32368 119 0 0 0 0 32368 119 14 37 14 37 10 27 32368 119 0 0 0 0 32368 119 14 37 14 37 10 27 32368 119 0 0 0 0 32368 119
159 0 1000 0 0 1000 0 1000 14 37 14 37 10 27 0 0 0 0 0 0 0 0 14 37 14 37 10 27 0 0 0 0 0 0 0 0 14 37 14 37 10 27 0 0 0 0 0 0 0 0 14 37 14 37 10 27 0 0 0 0 0 0 0 0 14 37 14 37 10 27 0 0 0 0 0 0 0 0 14 37 14 37 10 27 0 0 0 0 0 0 0 0
160 0 1000 0 0 1000 0 1000 14 37 14 37 10 27 0 0 0 0 0 0 0 0 14 37 14 37 10 27 0 0 0 0 0 0 0 0 14 37 14 37 10 27 0 0 0 0 0 0 0 0 14 37 14 37 10 27 0 0 0 0 0 0 0 0 14 37 14 37 10 27 0 0 0 0 0 0 0 0 14 37 14 37 10 27 0 0 0 0 0 0 0 0
161 0 1000 0 0 1000 0 1000 14 37 14 37 10 27 0 0 0 0 0 0 0 0 14 37 14 37 10 27 0 0 0 0 0 0 0 0 14 37 14 37 10 27 0 0 0 0 0 0 0 0 14 37 14 37 10 27 0 0 0 0 0 0 0 0 14 37 14 37 10 27 0 0 0 0 0 0 0 0 14 37 14 37 10 27 0 0 0 0 0 0 0 0
162 0 1000 0 0 1000 0 1000 14 37 14 37 10 27 28832 106 0 0 0 0 28832 106 14 37 14 37 10 27 28832 106 0 0 0 0 28832 106 14 37 14 37 10 27 28832 106 0 0 0 0 28832 106 14 37 14 37 10 27 28832 106 0 0 0 0 28832 106 14 37 14 37 10 27 28832 106 0 0 0 0 28832 106 14 37 14 37 10 27 28832 106 0 0 0 0 28832 106
163 0 1000 0 0 1000 0 1000 14 37 14 37 10 27 0 0 0 0 0 0 0 0 14 37 14 37 10 27 0 0 0 0 0 0 0 0 14 37 14 37 10 27 0 0 0 0 0 0 0 0 14 37 14 37 10 27 0 0 0 0 0 0 0 0 14 37 14 37 10 27 0 0 0 0 0 0 0 0 14 37 14 37 10 27 0 0 0 0 0 0 0 0
164 0 1000 0 0 1000 0 1000 14 37 14 37 10 27 0 0 0 0 0 0 0 0 14 37 14 37 10 27 0 0 0 0 0 0 0 0 14 37 14 37 10 27 0 0 0 0 0 0 0 0 14 37 14 37 10 27 0 0 0 0 0 0 0 0 14 37 14 37 10 27 0 0 0 0 0 0 0 0 14 37 14 37 10 27 0 0 0 0 0 0 0 0
165 0 1000 0 0 1000 0 1000 14 37 14 37 10 27 83831 1 83831 1 0 0 0 0 14 37 14 37 10 27 83831 1 83831 1 0 0 0 0 14 37 14 37 10 27 83831 1 83831 1 0 0 0 0 14 37 14 37 10 27 83831 1 83831 1 0 0 0 0 14 37 14 37 10 27 83831 1 83831 1 0 0 0 0 14 37 14 37 10 27 83831 1 83831 1 0 0 0 0
166 0 1000 0 0 1000 0 1000 15 41 15 41 10 27 108851 106 0 0 80291 1 28560 105 15 41 15 41 10 27 108851 106 0 0 80291 1 28560 105 15 41 15 41 10 27 108851 106 0 0 80291 1 28560 105 15 41 15 41 10 27 108851 106 0 0 80291 1 28560 105 15 41 15 41 10 27 108851 106 0 0 80291 1 28560 105 15 41 15 41 10 27 108851 106 0 0 80291 1 28560 105
167 0 1000 0 0 1000 0 1000 15 41 15 41 10 27 0 0 0 0 0 0 0 0 15 41 15 41 10 27 0 0 0 0 0 0 0 0 15 41 15 41 10 27 0 0 0 0 0 0 0 0 15 41 15 41 10 27 0 0 0 0 0 0 0 0 15 41 15 41 10 27 0 0 0 0 0 0 0 0 15 41 15 41 10 27 0 0 0 0 0 0 0 0
168 0 1000 0 0 1000 0 1000 15 41 15 41 10 27 0 0 0 0 0 0 0 0 15 41 15 41 10 27 0 0 0 0 0 0 0 0 15 41 15 41 10 27 0 0 0 0 0 0 0 0 15 41 15 41 10 27 0 0 0 0 0 0 0 0 15 41 15 41 10 27 0 0 0 0 0 0 0 0 15 41 15 41 10 27 0 0 0 0 0 0 0 0
169 0 1000 0 0 1000 0 1000 15 41 15 41 10 27 83799 1 83799 1 0 0 0 0 15 41 15 41 10 27 83799 1 83799 1 0 0 0 0 15 41 15 41 10 27 83799 1 83799 1 0 0 0 0 15 41 15 41 10 27 83799 1 83799 1 0 0 0 0 15 41 15 41 10 27 83799 1 83799 1 0 0 0 0 15 41 15 41 10 27 83799 1 83799 1 0 0 0 0
170 0 1000 0 0 1000 0 1000 16 42 16 42 10 27 105315 93 0 0 80291 1 25024 92 16 42 16 42 10 27 105315 93 0 0 80291 1 25024 92 16 42 16 42 10 27 105315 93 0 0 80291 1 25024 92 16 42 16 42 10 27 105315 93 0 0 80291 1 25024 92 16 42 16 42 10 27 105315 93 0 0 80291 1 25024 92 16 42 16 42 10 27 105315 93 0 0 80291 1 25024 92
171 0 1000 0 0 1000 0 1000 16 42 16 42 11 32 0 0 0 0 0 0 0 0 16 42 16 42 11 32 0 0 0 0 0 0 0 0 16 42 16 42 11 32 0 0 0 0 0 0 0 0 16 42 16 42 11 32 0 0 0 0 0 0 0 0 16 42 16 42 11 32 0 0 0 0 0 0 0 0 16 42 16 42 11 32 0 0 0 0 0 0 0 0
172 0 1000 0 0 1000 0 1000 16 42 16 42 11 32 0 0 0 0 0 0 0 0 16 42 16 42 11 32 0 0 0 0 0 0 0 0 16 42 16 42 11 32 0 0 0 0 0 0 0 0 16 42 16 42 11 32 0 0 0 0 0 0 0 0 16 42 16 42 11 32 0 0 0 0 0 0 0 0 16 42 16 42 11 32 0 0 0 0 0 0 0 0
173 0 1000 0 0 1000 0 1000 16 42 16 42 11 32 0 0 0 0 0 0 0 0 16 42 16 42 11 32 0 0 0 0 0 0 0 0 16 42 16 42 11 32 0 0 0 0 0 0 0 0 16 42 16 42 11 32 0 0 0 0 0 0 0 0 16 42 16 42 11 32 0 0 0 0 0 0 0 0 16 42 16 42 11 32 0 0 0 0 0 0 0 0
174 0 1000 0 0 1000 0 1000 16 42 16 42 11 32 29648 109 0 0 0 0 29648 109 16 42 16 42 11 32 29648 109 0 0 0 0 29648 109 16 42 16 42 11 32 29648 109 0 0 0 0 29648 109 16 42 16 42 11 32 29648 109 0 0 0 0 29648 109 16 42 16 42 11 32 29648 109 0 0 0 0 29648 109 16 42 16 42 11 32 29648 109 0 0 0 0 29648 109
175 0 1000 0 0 1000 0 1000 16 42 16 42 11 32 0 0 0 0 0 0 0 0 16 42 16 42 11 32 0 0 0 0 0 0 0 0 16 42 16 42 11 32 0 0 0 0 0 0 0 0 16 42 16 42 11 32 0 0 0 0 0 0 0 0 16 42 16 42 11 32 0 0 0 0 0 0 0 0 16 42 16 42 11 32 0 0 0 0 0 0 0 0
176 0 1000 0 0 1000 0 1000 16 42 16 42 11 32 0 0 0 0 0 0 0 0 16 42 16 42 11 32 0 0 0 0 0 0 0 0 16 42 16 42 11 32 0 0 0 0 0 0 0 0 16 42 16 42 11 32 0 0 0 0 0 0 0 0 16 42 16 42 11 32 0 0 0 0 0 0 0 0 16 42 16 42 11 32 0 0 0 0 0 0 0 0
177 0 1000 0 0 1000 0 1000 16 42 16 42 11 32 83927 1 83927 1 0 0 0 0 16 42 16 42 11 32 83927 1 83927 1 0 0 0 0 16 42 16 42 11 32 83927 1 83927 1 0 0 0 0 16 42 16 42 11 32 83927 1 83927 1 0 0 0 0 16 42 16 42 11 32 83927 1 83927 1 0 0 0 0 16 42 16 42 11 32 83927 1 83927 1 0 0 0 0
178 0 1000 0 0 1000 0 1000 17 44 17 44 11 32 107763 102 0 0 80291 1 27472 101 17 44 17 44 11 32 107763 102 0 0 80291 1 27472 101 17 44 17 44 11 32 107763 102 0 0 80291 1 27472 101 17 44 17 44 11 32 107763 102 0 0 80291 1 27472 101 17 44 17 44 11 32 107763 102 0 0 80291 1 27472 101 17 44 17 44 11 32 107763 102 0 0 80291 1 27472 101
179 0 1000 0 0 1000 0 1000 17 44 17 44 12 34 0 0 0 0 0 0 0 0 17 44 17 44 12 34 0 0 0 0 0 0 0 0 17 44 17 44 12 34 0 0 0 0 0 0 0 0 17 44 17 44 12 34 0 0 0 0 0 0 0 0 17 44 17 44 12 34 0 0 0 0 0 0 0 0 17 44 17 44 12 34 0 0 0 0 0 0 0 0
180 0 1000 0 0 1000 0 1000 17 44 17 44 12 34 0 0 0 0 0 0 0 0 17 44 17 44 12 34 0 0 0 0 0 0 0 0 17 44 17 44 12 34 0 0 0 0 0 0 0 0 17 44 17 44 12 34 0 0 0 0 0 0 0 0 17 44 17 44 12 34 0 0 0 0 0 0 0 0 17 44 17 44 12 34 0 0 0 0 0 0 0 0
181 0 1000 0 0 1000 0 1000 17 44 17 44 12 34 0 0 0 0 0 0 0 0 17 44 17 44 12 34 0 0 0 0 0 0 0 0 17 44 17 44 12 34 0 0 0 0 0 0 0 0 17 44 17 44 12 34 0 0 0 0 0 0 0 0 17 44 17 44 12 34 0 0 0 0 0 0 0 0 17 44 17 44 12 34 0 0 0 0 0 0 0 0
182 0 1000 0 0 1000 0 1000 17 44 17 44 12 34 32912 121 0 0 0 0 32912 121 17 44 17 44 12 34 32912 121 0 0 0 0 32912 121 17 44 17 44 12 34 32912 121 0 0 0 0 32912 121 17 44 17 44 12 34 32912 121 0 0 0 0 32912 121 17 44 17 44 12 34 32912 121 0 0 0 0 32912 121 17 44 17 44 12 34 32912 121 0 0 0 0 32912 121
183 0 1000 0 0 1000 0 1000 17 44 17 44 12 34 0 0 0 0 0 0 0 0 17 44 17 44 12 34 0 0 0 0 0 0 0 0 17 44 17 44 12 34 0 0 0 0 0 0 0 0 17 44 17 44 12 34 0 0 0 0 0 0 0 0 17 44 17 44 12 34 0 0 0 0 0 0 0 0 17 44 17 44 12 34 0 0 0 0 0 0 0 0
184 0 1000 0 0 1000 0 1000 17 44 17 44 12 34 0 0 0 0 0 0 0 0 17 44 17 44 12 34 0 0 0 0 0 0 0 0 17 44 17 44 12 34 0 0 0 0 0 0 0 0 17 44 17 44 12 34 0 0 0 0 0 0 0 0 17 44 17 44 12 34 0 0 0 0 0 0 0 0 17 44 17 44 12 34 0 0 0 0 0 0 0 0
185 0 1000 0 0 1000 0 1000 17 44 17 44 12 34 0 0 0 0 0 0 0 0 17 44 17 44 12 34 0 0 0 0 0 0 0 0 17 44 17 44 12 34 0 0 0 0 0 0 0 0 17 44 17 44 12 34 0 0 0 0 0 0 0 0 17 44 17 44 12 34 0 0 0 0 0 0 0 0 17 44 17 44 12 34 0 0 0 0 0 0 0 0
186 0 1000 0 0 1000 0 1000 17 44 17 44 12 34 27744 102 0 0 0 0 27744 102 17 44 17 44 12 34 27744 102 0 0 0 0 27744 102 17 44 17 44 12 34 27744 102 0 0 0 0 27744 102 17 44 17 44 12 34 27744 102 0 0 0 0 27744 102 17 44 17 44 12 34 27744 102 0 0 0 0 27744 102 17 44 17 44 12 34 27744 102 0 0 0 0 27744 102
187 0 1000 0 0 1000 0 1000 17 44 17 44 13 36 0 0 0 0 0 0 0 0 17 44 17 44 13 36 0 0 0 0 0 0 0 0 17 44 17 44 13 36 0 0 0 0 0 0 0 0 17 44 17 44 13 36 0 0 0 0 0 0 0 0 17 44 17 44 13 36 0 0 0 0 0 0 0 0 17 44 17 44 13 36 0 0 0 0 0 0 0 0
188 0 1000 0 0 1000 0 1000 17 44 17 44 13 36 0 0 0 0 0 0 0 0 17 44 17 44 13 36 0 0 0 0 0 0 0 0 17 44 17 44 13 36 0 0 0 0 0 0 0 0 17 44 17 44 13 36 0 0 0 0 0 0 0 0 17 44 17 44 13 36 0 0 0 0 0 0 0 0 17 44 17 44 13 36 0 0 0 0 0 0 0 0
189 0 1000 0 0 1000 0 1000 17 44 17 44 13 36 0 0 0 0 0 0 0 0 17 44 17 44 13 36 0 0 0 0 0 0 0 0 17 44 17 44 13 36 0 0 0 0 0 0 0 0 17 44 17 44 13 36 0 0 0 0 0 0 0 0 17 44 17 44 13 36 0 0 0 0 0 0 0 0 17 44 17 44 13 36 0 0 0 0 0 0 0 0
190 0 1000 0 0 1000 0 1000 17 44 17 44 13 36 26112 96 0 0 0 0 26112 96 17 44 17 44 13 36 26112 96 0 0 0 0 26112 96 17 44 17 44 13 36 26112 96 0 0 0 0 26112 96 17 44 17 44 13 36 26112 96 0 0 0 0 26112 96 17 44 17 44 13 36 26112 96 0 0 0 0 26112 96 17 44 17 44 13 36 26112 96 0 0 0 0 26112 96
191 0 1000 0 0 1000 0 1000 17 44 17 44 14 37 0 0 0 0 0 0 0 0 17 44 17 44 14 37 0 0 0 0 0 0 0 0 17 44 17 44 14 37 0 0 0 0 0 0 0 0 17 44 17 44 14 37 0 0 0 0 0 0 0 0 17 44 17 44 14 37 0 0 0 0 0 0 0 0 17 44 17 44 14 37 0 0 0 0 0 0 0 0
192 0 1000 0 0 1000 0 1000 17 44 17 44 14 37 0 0 0 0 0 0 0 0 17 44 17 44 14 37 0 0 0 0 0 0 0 0 17 44 17 44 14 37 0 0 0 0 0 0 0 0 17 44 17 44 14 37 0 0 0 0 0 0 0 0 17 44 17 44 14 37 0 0 0 0 0 0 0 0 17 44 17 44 14 37 0 0 0 0 0 0 0 0
193 0 1000 0 0 1000 0 1000 17 44 17 44 14 37 0 0 0 0 0 0 0 0 17 44 17 44 14 37 0 0 0 0 0 0 0 0 17 44 17 44 14 37 0 0 0 0 0 0 0 0 17 44 17 44 14 37 0 0 0 0 0 0 0 0 17 44 17 44 14 37 0 0 0 0 0 0 0 0 17 44 17 44 14 37 0 0 0 0 0 0 0 0
194 0 1000 0 0 1000 0 1000 17 44 17 44 14 37 31280 115 0 0 0 0 31280 115 17 44 17 44 14 37 31280 115 0 0 0 0 31280 115 17 44 17 44 14 37 31280 115 0 0 0 0 31280 115 17 44 17 44 14 37 31280 115 0 0 0 0 31280 115 17 44 17 44 14 37 31280 115 0 0 0 0 31280 115 17 44 17 44 14 37 31280 115 0 0 0 0 31280 115
195 0 1000 0 0 1000 0 1000 17 44 17 44 14 37 0 0 0 0 0 0 0 0 17 44 17 44 14 37 0 0 0 0 0 0 0 0 17 44 17 44 14 37 0 0 0 0 0 0 0 0 17 44 17 44 14 37 0 0 0 0 0 0 0 0 17 44 17 44 14 37 0 0 0 0 0 0 0 0 17 44 17 44 14 37 0 0 0 0 0 0 0 0
196 0 1000 0 0 1000 0 1000 17 44 17 44 14 37 0 0 0 0 0 0 0 0 17 44 17 44 14 37 0 0 0 0 0 0 0 0 17 44 17 44 14 37 0 0 0 0 0 0 0 0 17 44 17 44 14 37 0 0 0 0 0 0 0 0 17 44 17 44 14 37 0 0 0 0 0 0 0 0 17 44 17 44 14 37 0 0 0 0 0 0 0 0
197 0 1000 0 0 1000 0 1000 17 44 17 44 14 37 0 0 0 0 0 0 0 0 17 44 17 44 14 37 0 0 0 0 0 0 0 0 17 44 17 44 14 37 0 0 0 0 0 0 0 0 17 44 17 44 14 37 0 0 0 0 0 0 0 0 17 44 17 44 14 37 0 0 0 0 0 0 0 0 17 44 17 44 14 37 0 0 0 0 0 0 0 0
198 0 1000 0 0 1000 0 1000 17 44 17 44 14 37 25296 93 0 0 0 0 25296 93 17 44 17 44 14 37 25296 93 0 0 0 0 25296 93 17 44 17 44 14 37 25296 93 0 0 0 0 25296 93 17 44 17 44 14 37 25296 93 0 0 0 0 25296 93 17 44 17 44 14 37 25296 93 0 0 0 0 25296 93 17 44 17 44 14 37 25296 93 0 0 0 0 25296 93
199 0 1000 0 0 1000 0 1000 17 44 17 44 14 37 0 0 0 0 0 0 0 0 17 44 17 44 14 37 0 0 0 0 0 0 0 0 17 44 17 44 14 37 0 0 0 0 0 0 0 0 17 44 17 44 14 37 0 0 0 0 0 0 0 0 17 44 17 44 14 37 0 0 0 0 0 0 0 0 17 44 17 44 14 37 0 0 0 0 0 0 0 0
200 0 1000 0 0 1000 0 1000 17 44 17 44 14 37 0 0 0 0 0 0 0 0 17 44 17 44 14 37 0 0 0 0 0 0 0 0 17 44 17 44 14 37 0 0 0 0 0 0 0 0 17 44 17 44 14 37 0 0 0 0 0 0 0 0 17 44 17 44 14 37 0 0 0 0 0 0 0 0 17 44 17 44 14 37 0 0 0 0 0 0 0 0
201 0 1000 0 0 1000 0 1000 17 44 17 44 14 37 83415 1 83415 1 0 0 0 0 17 44 17 44 14 37 83415 1 83415 1 0 0 0 0 17 44 17 44 14 37 83415 1 83415 1 0 0 0 0 17 44 17 44 14 37 83415 1 83415 1 0 0 0 0 17 44 17 44 14 37 83415 1 83415 1 0 0 0 0 17 44 17 44 14 37 83415 1 83415 1 0 0 0 0
202 0 1000 0 0 1000 0 1000 18 50 18 50 14 37 107763 102 0 0 80291 1 27472 101 18 50 18 50 14 37 107763 102 0 0 80291 1 27472 101 18 50 18 50 14 37 107763 102 0 0 80291 1 27472 101 18 50 18 50 14 37 107763 102 0 0 80291 1 27472 101 18 50 18 50 14 37 107763 102 0 0 80291 1 27472 101 18 50 18 50 14 37 107763 102 0 0 80291 1 27472 101
203 0 1000 0 0 1000 0 1000 18 50 18 50 14 37 0 0 0 0 0 0 0 0 18 50 18 50 14 37 0 0 0 0 0 0 0 0 18 50 18 50 14 37 0 0 0 0 0 0 0 0 18 50 18 50 14 37 0 0 0 0 0 0 0 0 18 50 18 50 14 37 0 0 0 0 0 0 0 0 18 50 18 50 14 37 0 0 0 0 0 0 0 0
204 0 1000 0 0 1000 0 1000 18 50 18 50 14 37 0 0 0 0 0 0 0 0 18 50 18 50 14 37 0 0 0 0 0 0 0 0 18 50 18 50 14 37 0 0 0 0 0 0 0 0 18 50 18 50 14 37 0 0 0 0 0 0 0 0 18 50 18 50 14 37 0 0 0 0 0 0 0 0 18 50 18 50 14 37 0 0 0 0 0 0 0 0
205 0 1000 0 0 1000 0 1000 18 50 18 50 14 37 0 0 0 0 0 0 0 0 18 50 18 50 14 37 0 0 0 0 0 0 0 0 18 50 18 50 14 37 0 0 0 0 0 0 0 0 18 50 18 50 14 37 0 0 0 0 0 0 0 0 18 50 18 50 14 37 0 0 0 0 0 0 0 0 18 50 18 50 14 37 0 0 0 0 0 0 0 0
206 0 1000 0 0 1000 0 1000 18 50 18 50 14 37 31008 114 0 0 0 0 31008 114 18 50 18 50 14 37 31008 114 0 0 0 0 31008 114 18 50 18 50 14 37 31008 114 0 0 0 0 31008 114 18 50 18 50 14 37 31008 114 0 0 0 0 31008 114 18 50 18 50 14 37 31008 114 0 0 0 0 31008 114 18 50 18 50 14 37 31008 114 0 0 0 0 31008 114
207 0 1000 0 0 1000 0 1000 18 50 18 50 15 41 0 0 0 0 0 0 0 0 18 50 18 50 15 41 0 0 0 0 0 0 0 0 18 50 18 50 15 41 0 0 0 0 0 0 0 0 18 50 18 50 15 41 0 0 0 0 0 0 0 0 18 50 18 50 15 41 0 0 0 0 0 0 0 0 18 50 18 50 15 41 0 0 0 0 0 0 0 0
208 0 1000 0 0 1000 0 1000 18 50 18 50 15 41 0 0 0 0 0 0 0 0 18 50 18 50 15 41 0 0 0 0 0 0 0 0 18 50 18 50 15 41 0 0 0 0 0 0 0 0 18 50 18 50 15 41 0 0 0 0 0 0 0 0 18 50 18 50 15 41 0 0 0 0 0 0 0 0 18 50 18 50 15 41 0 0 0 0 0 0 0 0
209 0 1000 0 0 1000 0 1000 18 50 18 50 15 41 0 0 0 0 0 0 0 0 18 50 18 50 15 41 0 0 0 0 0 0 0 0 18 50 18 50 15 41 0 0 0 0 0 0 0 0 18 50 18 50 15 41 0 0 0 0 0 0 0 0 18 50 18 50 15 41 0 0 0 0 0 0 0 0 18 50 18 50 15 41 0 0 0 0 0 0 0 0
210 0 1000 0 0 1000 0 1000 18 50 18 50 15 41 31552 116 0 0 0 0 31552 116 18 50 18 50 15 41 31552 116 0 0 0 0 31552 116 18 50 18 50 15 41 31552 116 0 0 0 0 31552 116 18 50 18 50 15 41 31552 116 0 0 0 0 31552 116 18 50 18 50 15 41 31552 116 0 0 0 0 31552 116 18 50 18 50 15 41 31552 116 0 0 0 0 31552 116
211 0 1000 0 0 1000 0 1000 18 50 18 50 16 42 0 0 0 0 0 0 0 0 18 50 18 50 16 42 0 0 0 0 0 0 0 0 18 50 18 50 16 42 0 0 0 0 0 0 0 0 18 50 18 50 16 42 0 0 0 0 0 0 0 0 18 50 18 50 16 42 0 0 0 0 0 0 0 0 18 50 18 50 16 42 0 0 0 0 0 0 0 0
212 0 1000 0 0 1000 0 1000 18 50 18 50 16 42 0 0 0 0 0 0 0 0 18 50 18 50 16 42 0 0 0 0 0 0 0 0 18 50 18 50 16 42 0 0 0 0 0 0 0 0 18 50 18 50 16 42 0 0 0 0 0 0 0 0 18 50 18 50 16 42 0 0 0 0 0 0 0 0 18 50 18 50 16 42 0 0 0 0 0 0 0 0
213 0 1000 0 0 1000 0 1000 18 50 18 50 16 42 0 0 0 0 0 0 0 0 18 50 18 50 16 42 0 0 0 0 0 0 0 0 18 50 18 50 16 42 0 0 0 0 0 0 0 0 18 50 18 50 16 42 0 0 0 0 0 0 0 0 18 50 18 50 16 42 0 0 0 0 0 0 0 0 18 50 18 50 16 42 0 0 0 0 0 0 0 0
214 0 1000 0 0 1000 0 1000 18 50 18 50 16 42 27200 100 0 0 0 0 27200 100 18 50 18 50 16 42 27200 100 0 0 0 0 27200 100 18 50 18 50 16 42 27200 100 0 0 0 0 27200 100 18 50 18 50 16 42 27200 100 0 0 0 0 27200 100 18 50 18 50 16 42 27200 100 0 0 0 0 27200 100 18 50 18 50 16 42 27200 100 0 0 0 0 27200 100
215 0 1000 0 0 1000 0 1000 18 50 18 50 16 42 0 0 0 0 0 0 0 0 18 50 18 50 16 42 0 0 0 0 0 0 0 0 18 50 18 50 16 42 0 0 0 0 0 0 0 0 18 50 18 50 16 42 0 0 0 0 0 0 0 0 18 50 18 50 16 42 0 0 0 0 0 0 0 0 18 50 18 50 16 42 0 0 0 0 0 0 0 0
216 0 1000 0 0 1000 0 1000 18 50 18 50 16 42 0 0 0 0 0 0 0 0 18 50 18 50 16 42 0 0 0 0 0 0 0 0 18 50 18 50 16 42 0 0 0 0 0 0 0 0 18 50 18 50 16 42 0 0 0 0 0 0 0 0 18 50 18 50 16 42 0 0 0 0 0 0 0 0 18 50 18 50 16 42 0 0 0 0 0 0 0 0
217 0 1000 0 0 1000 0 1000 18 50 18 50 16 42 83639 1 83639 1 0 0 0 0 18 50 18 50 16 42 83639 1 83639 1 0 0 0 0 18 50 18 50 16 42 83639 1 83639 1 0 0 0 0 18 50 18 50 16 42 83639 1 83639 1 0 0 0 0 18 50 18 50 16 42 83639 1 83639 1 0 0 0 0 18 50 18 50 16 42 83639 1 83639 1 0 0 0 0
218 0 1000 0 0 1000 0 1000 19 54 19 54 16 42 107219 100 0 0 80291 1 26928 99 19 54 19 54 16 42 107219 100 0 0 80291 1 26928 99 19 54 19 54 16 42 107219 100 0 0 80291 1 26928 99 19 54 19 54 16 42 107219 100 0 0 80291 1 26928 99 19 54 19 54 16 42 107219 100 0 0 80291 1 26928 99 19 54 19 54 16 42 107219 100 0 0 80291 1 26928 99
219 0 1000 0 0 1000 0 1000 19 54 19 54 17 44 0 0 0 0 0 0 0 0 19 54 19 54 17 44 0 0 0 0 0 0 0 0 19 54 19 54 17 44 0 0 0 0 0 0 0 0 19 54 19 54 17 44 0 0 0 0 0 0 0 0 19 54 19 54 17 44 0 0 0 0 0 0 0 0 19 54 19 54 17 44 0 0 0 0 0 0 0 0
220 0 1000 0 0 1000 0 1000 19 54 19 54 17 44 0 0 0 0 0 0 0 0 19 54 19 54 17 44 0 0 0 0 0 0 0 0 19 54 19 54 17 44 0 0 0 0 0 0 0 0 19 54 19 54 17 44 0 0 0 0 0 0 0 0 19 54 19 54 17 44 0 0 0 0 0 0 0 0 19 54 19 54 17 44 0 0 0 0 0 0 0 0
221 0 1000 0 0 1000 0 1000 19 54 19 54 17 44 83607 1 83607 1 0 0 0 0 19 54 19 54 17 44 83607 1 83607 1 0 0 0 0 19 54 19 54 17 44 83607 1 83607 1 0 0 0 0 19 54 19 54 17 44 83607 1 83607 1 0 0 0 0 19 54 19 54 17 44 83607 1 83607 1 0 0 0 0 19 54 19 54 17 44 83607 1 83607 1 0 0 0 0
222 0 1000 0 0 1000 0 1000 20 55 20 55 17 44 104771 91 0 0 80291 1 24480 90 20 55 20 55 17 44 104771 91 0 0 80291 1 24480 90 20 55 20 55 17 44 104771 91 0 0 80291 1 24480 90 20 55 20 55 17 44 104771 91 0 0 80291 1 24480 90 20 55 20 55 17 44 104771 91 0 0 80291 1 24480 90 20 55 20 55 17 44 104771 91 0 0 80291 1 24480 90
223 0 1000 0 0 1000 0 1000 20 55 20 55 17 44 0 0 0 0 0 0 0 0 20 55 20 55 17 44 0 0 0 0 0 0 0 0 20 55 20 55 17 44 0 0 0 0 0 0 0 0 20 55 20 55 17 44 0 0 0 0 0 0 0 0 20 55 20 55 17 44 0 0 0 0 0 0 0 0 20 55 20 55 17 44 0 0 0 0 0 0 0 0
224 0 1000 0 0 1000 0 1000 20 55 20 55 17 44 0 0 0 0 0 0 0 0 20 55 20 55 17 44 0 0 0 0 0 0 0 0 20 55 20 55 17 44 0 0 0 0 0 0 0 0 20 55 20 55 17 44 0 0 0 0 0 0 0 0 20 55 20 55 17 44 0 0 0 0 0 0 0 0 20 55 20 55 17 44 0 0 0 0 0 0 0 0
225 0 1000 0 0 1000 0 1000 20 55 20 55 17 44 83319 1 83319 1 0 0 0 0 20 55 20 55 17 44 83319 1 83319 1 0 0 0 0 20 55 20 55 17 44 83319 1 83319 1 0 0 0 0 20 55 20 55 17 44 83319 1 83319 1 0 0 0 0 20 55 20 55 17 44 83319 1 83319 1 0 0 0 0 20 55 20 55 17 44 83319 1 83319 1 0 0 0 0
226 0 1000 0 0 1000 0 1000 21 56 21 56 17 44 107219 100 0 0 80291 1 26928 99 21 56 21 56 17 44 107219 100 0 0 80291 1 26928 99 21 56 21 56 17 44 107219 100 0 0 80291 1 26928 99 21 56 21 56 17 44 107219 100 0 0 80291 1 26928 99 21 56 21 56 17 44 107219 100 0 0 80291 1 26928 99 21 56 21 56 17 44 107219 100 0 0 80291 1 26928 99
227 0 1000 0 0 1000 0 1000 21 56 21 56 17 44 0 0 0 0 0 0 0 0 21 56 21 56 17 44 0 0 0 0 0 0 0 0 21 56 21 56 17 44 0 0 0 0 0 0 0 0 21 56 21 56 17 44 0 0 0 0 0 0 0 0 21 56 21 56 17 44 0 0 0 0 0 0 0 0 21 56 21 56 17 44 0 0 0 0 0 0 0 0
228 0 1000 0 0 1000 0 1000 21 56 21 56 17 44 0 0 0 0 0 0 0 0 21 56 21 56 17 44 0 0 0 0 0 0 0 0 21 56 21 56 17 44 0 0 0 0 0 0 0 0 21 56 21 56 17 44 0 0 0 0 0 0 0 0 21 56 21 56 17 44 0 0 0 0 0 0 0 0 21 56 21 56 17 44 0 0 0 0 0 0 0 0
229 0 1000 0 0 1000 0 1000 21 56 21 56 17 44 0 0 0 0 0 0 0 0 21 56 21 56 17 44 0 0 0 0 0 0 0 0 21 56 21 56 17 44 0 0 0 0 0 0 0 0 21 56 21 56 17 44 0 0 0 0 0 0 0 0 21 56 21 56 17 44 0 0 0 0 0 0 0 0 21 56 21 56 17 44 0 0 0 0 0 0 0 0
230 0 1000 0 0 1000 0 1000 21 56 21 56 17 44 25296 93 0 0 0 0 25296 93 21 56 21 56 17 44 25296 93 0 0 0 0 25296 93 21 56 21 56 17 44 25296 93 0 0 0 0 25296 93 21 56 21 56 17 44 25296 93 0 0 0 0 25296 93 21 56 21 56 17 44 25296 93 0 0 0 0 25296 93 21 56 21 56 17 44 25296 93 0 0 0 0 25296 93
231 0 1000 0 0 1000 0 1000 21 56 21 56 17 44 0 0 0 0 0 0 0 0 21 56 21 56 17 44 0 0 0 0 0 0 0 0 21 56 21 56 17 44 0 0 0 0 0 0 0 0 21 56 21 56 17 44 0 0 0 0 0 0 0 0 21 56 21 56 17 44 0 0 0 0 0 0 0 0 21 56 21 56 17 44 0 0 0 0 0 0 0 0
232 0 1000 0 0 1000 0 1000 21 56 21 56 17 44 0 0 0 0 0 0 0 0 21 56 21 56 17 44 0 0 0 0 0 0 0 0 21 56 21 56 17 44 0 0 0 0 0 0 0 0 21 56 21 56 17 44 0 0 0 0 0 0 0 0 21 56 21 56 17 44 0 0 0 0 0 0 0 0 21 56 21 56 17 44 0 0 0 0 0 0 0 0
233 0 1000 0 0 1000 0 1000 21 56 21 56 17 44 0 0 0 0 0 0 0 0 21 56 21 56 17 44 0 0 0 0 0 0 0 0 21 56 21 56 17 44 0 0 0 0 0 0 0 0 21 56 21 56 17 44 0 0 0 0 0 0 0 0 21 56 21 56 17 44 0 0 0 0 0 0 0 0 21 56 21 56 17 44 0 0 0 0 0 0 0 0
234 0 1000 0 0 1000 0 1000 21 56 21 56 17 44 22576 83 0 0 0 0 22576 83 21 56 21 56 17 44 22576 83 0 0 0 0 22576 83 21 56 21 56 17 44 22576 83 0 0 0 0 22576 83 21 56 21 56 17 44 22576 83 0 0 0 0 22576 83 21 56 21 56 17 44 22576 83 0 0 0 0 22576 83 21 56 21 56 17 44 22576 83 0 0 0 0 22576 83
235 0 1000 0 0 1000 0 1000 21 56 21 56 17 44 0 0 0 0 0 0 0 0 21 56 21 56 17 44 0 0 0 0 0 0 0 0 21 56 21 56 17 44 0 0 0 0 0 0 0 0 21 56 21 56 17 44 0 0 0 0 0 0 0 0 21 56 21 56 17 44 0 0 0 0 0 0 0 0 21 56 21 56 17 44 0 0 0 0 0 0 0 0
236 0 1000 0 0 1000 0 1000 21 56 21 56 17 44 0 0 0 0 0 0 0 0 21 56 21 56 17 44 0 0 0 0 0 0 0 0 21 56 21 56 17 44 0 0 0 0 0 0 0 0 21 56 21 56 17 44 0 0 0 0 0 0 0 0 21 56 21 56 17 44 0 0 0 0 0 0 0 0 21 56 21 56 17 44 0 0 0 0 0 0 0 0
237 0 1000 0 0 1000 0 1000 21 56 21 56 17 44 0 0 0 0 0 0 0 0 21 56 21 56 17 44 0 0 0 0 0 0 0 0 21 56 21 56 17 44 0 0 0 0 0 0 0 0 21 56 21 56 17 44 0 0 0 0 0 0 0 0 21 56 21 56 17 44 0 0 0 0 0 0 0 0 21 56 21 56 17 44 0 0 0 0 0 0 0 0
238 0 1000 0 0 1000 0 1000 21 56 21 56 17 44 29104 107 0 0 0 0 29104 107 21 56 21 56 17 44 29104 107 0 0 0 0 29104 107 21 56 21 56 17 44 29104 107 0 0 0 0 29104 107 21 56 21 56 17 44 29104 107 0 0 0 0 29104 107 21 56 21 56 17 44 29104 107 0 0 0 0 29104 107 21 56 21 56 17 44 29104 107 0 0 0 0 29104 107
239 0 1000 0 0 1000 0 1000 21 56 21 56 17 44 0 0 0 0 0 0 0 0 21 56 21 56 17 44 0 0 0 0 0 0 0 0 21 56 21 56 17 44 0 0 0 0 0 0 0 0 21 56 21 56 17 44 0 0 0 0 0 0 0 0 21 56 21 56 17 44 0 0 0 0 0 0 0 0 21 56 21 56 17 44 0 0 0 0 0 0 0 0
240 0 1000 0 0 1000 0 1000 21 56 21 56 17 44 0 0 0 0 0 0 0 0 21 56 21 56 17 44 0 0 0 0 0 0 0 0 21 56 21 56 17 44 0 0 0 0 0 0 0 0 21 56 21 56 17 44 0 0 0 0 0 0 0 0 21 56 21 56 17 44 0 0 0 0 0 0 0 0 21 56 21 56 17 44 0 0 0 0 0 0 0 0
241 0 1000 0 0 1000 0 1000 21 56 21 56 17 44 0 0 0 0 0 0 0 0 21 56 21 56 17 44 0 0 0 0 0 0 0 0 21 56 21 56 17 44 0 0 0 0 0 0 0 0 21 56 21 56 17 44 0 0 0 0 0 0 0 0 21 56 21 56 17 44 0 0 0 0 0 0 0 0 21 56 21 56 17 44 0 0 0 0 0 0 0 0
242 0 1000 0 0 1000 0 1000 21 56 21 56 17 44 29648 109 0 0 0 0 29648 109 21 56 21 56 17 44 29648 109 0 0 0 0 29648 109 21 56 21 56 17 44 29648 109 0 0 0 0 29648 109 21 56 21 56 17 44 29648 109 0 0 0 0 29648 109 21 56 21 56 17 44 29648 109 0 0 0 0 29648 109 21 56 21 56 17 44 29648 109 0 0 0 0 29648 109
243 0 1000 0 0 1000 0 1000 21 56 21 56 18 50 0 0 0 0 0 0 0 0 21 56 21 56 18 50 0 0 0 0 0 0 0 0 21 56 21 56 18 50 0 0 0 0 0 0 0 0 21 56 21 56 18 50 0 0 0 0 0 0 0 0 21 56 21 56 18 50 0 0 0 0 0 0 0 0 21 56 21 56 18 50 0 0 0 0 0 0 0 0
244 0 1000 0 0 1000 0 1000 21 56 21 56 18 50 0 0 0 0 0 0 0 0 21 56 21 56 18 50 0 0 0 0 0 0 0 0 21 56 21 56 18 50 0 0 0 0 0 0 0 0 21 56 21 56 18 50 0 0 0 0 0 0 0 0 21 56 21 56 18 50 0 0 0 0 0 0 0 0 21 56 21 56 18 50 0 0 0 0 0 0 0 0
245 0 1000 0 0 1000 0 1000 21 56 21 56 18 50 251781 3 251781 3 0 0 0 0 21 56 21 56 18 50 251781 3 251781 3 0 0 0 0 21 56 21 56 18 50 251781 3 251781 3 0 0 0 0 21 56 21 56 18 50 251781 3 251781 3 0 0 0 0 21 56 21 56 18 50 251781 3 251781 3 0 0 0 0 21 56 21 56 18 50 251781 3 251781 3 0 0 0 0
246 0 1000 0 0 1000 0 1000 22 61 22 61 18 50 105043 92 0 0 80291 1 24752 91 22 61 22 61 18 50 105043 92 0 0 80291 1 24752 91 22 61 22 61 18 50 105043 92 0 0 80291 1 24752 91 22 61 22 61 18 50 105043 92 0 0 80291 1 24752 91 22 61 22 61 18 50 105043 92 0 0 80291 1 24752 91 22 61 22 61 18 50 105043 92 0 0 80291 1 24752 91
247 0 1000 0 0 1000 0 1000 22 61 22 61 18 50 0 0 0 0 0 0 0 0 22 61 22 61 18 50 0 0 0 0 0 0 0 0 22 61 22 61 18 50 0 0 0 0 0 0 0 0 22 61 22 61 18 50 0 0 0 0 0 0 0 0 22 61 22 61 18 50 0 0 0 0 0 0 0 0 22 61 22 61 18 50 0 0 0 0 0 0 0 0
248 0 1000 0 0 1000 0 1000 22 61 22 61 18 50 0 0 0 0 0 0 0 0 22 61 22 61 18 50 0 0 0 0 0 0 0 0 22 61 22 61 18 50 0 0 0 0 0 0 0 0 22 61 22 61 18 50 0 0 0 0 0 0 0 0 22 61 22 61 18 50 0 0 0 0 0 0 0 0 22 61 22 61 18 50 0 0 0 0 0 0 0 0
249 0 1000 0 0 1000 0 1000 22 61 22 61 18 50 83351 1 83351 1 0 0 0 0 22 61 22 61 18 50 83351 1 83351 1 0 0 0 0 22 61 22 61 18 50 83351 1 83351 1 0 0 0 0 22 61 22 61 18 50 83351 1 83351 1 0 0 0 0 22 61 22 61 18 50 83351 1 83351 1 0 0 0 0 22 61 22 61 18 50 83351 1 83351 1 0 0 0 0
250 0 1000 0 0 1000 0 1000 23 62 23 62 18 50 109667 109 0 0 80291 1 29376 108 23 62 23 62 18 50 109667 109 0 0 80291 1 29376 108 23 62 23 62 18 50 109667 109 0 0 80291 1 29376 108 23 62 23 62 18 50 109667 109 0 0 80291 1 29376 108 23 62 23 62 18 50 109667 109 0 0 80291 1 29376 108 23 62 23 62 18 50 109667 109 0 0 80291 1 29376 108
251 0 1000 0 0 1000 0 1000 23 62 23 62 18 50 0 0 0 0 0 0 0 0 23 62 23 62 18 50 0 0 0 0 0 0 0 0 23 62 23 62 18 50 0 0 0 0 0 0 0 0 23 62 23 62 18 50 0 0 0 0 0 0 0 0 23 62 23 62 18 50 0 0 0 0 0 0 0 0 23 62 23 62 18 50 0 0 0 0 0 0 0 0
252 0 1000 0 0 1000 0 1000 23 62 23 62 18 50 0 0 0 0 0 0 0 0 23 62 23 62 18 50 0 0 0 0 0 0 0 0 23 62 23 62 18 50 0 0 0 0 0 0 0 0 23 62 23 62 18 50 0 0 0 0 0 0 0 0 23 62 23 62 18 50 0 0 0 0 0 0 0 0 23 62 23 62 18 50 0 0 0 0 0 0 0 0
253 0 1000 0 0 1000 0 1000 23 62 23 62 18 50 0 0 0 0 0 0 0 0 23 62 23 62 18 50 0 0 0 0 0 0 0 0 23 62 23 62 18 50 0 0 0 0 0 0 0 0 23 62 23 62 18 50 0 0 0 0 0 0 0 0 23 62 23 62 18 50 0 0 0 0 0 0 0 0 23 62 23 62 18 50 0 0 0 0 0 0 0 0
254 0 1000 0 0 1000 0 1000 23 62 23 62 18 50 32368 119 0 0 0 0 32368 119 23 62 23 62 18 50 32368 119 0 0 0 0 32368 119 23 62 23 62 18 50 32368 119 0 0 0 0 32368 119 23 62 23 62 18 50 32368 119 0 0 0 0 32368 119 23 62 23 62 18 50 32368 119 0 0 0 0 32368 119 23 62 23 62 18 50 32368 119 0 0 0 0 32368 119
255 0 1000 0 0 1000 0 1000 23 62 23 62 18 50 0 0 0 0 0 0 0 0 23 62 23 62 18 50 0 0 0 0 0 0 0 0 23 62 23 62 18 50 0 0 0 0 0 0 0 0 23 62 23 62 18 50 0 0 0 0 0 0 0 0 23 62 23 62 18 50 0 0 0 0 0 0 0 0 23 62 23 62 18 50 0 0 0 0 0 0 0 0
256 0 1000 0 0 1000 0 1000 23 62 23 62 18 50 0 0 0 0 0 0 0 0 23 62 23 62 18 50 0 0 0 0 0 0 0 0 23 62 23 62 18 50 0 0 0 0 0 0 0 0 23 62 23 62 18 50 0 0 0 0 0 0 0 0 23 62 23 62 18 50 0 0 0 0 0 0 0 0 23 62 23 62 18 50 0 0 0 0 0 0 0 0
257 0 1000 0 0 1000 0 1000 23 62 23 62 18 50 168494 2 168494 2 0 0 0 0 23 62 23 62 18 50 168494 2 168494 2 0 0 0 0 23 62 23 62 18 50 168494 2 168494 2 0 0 0 0 23 62 23 62 18 50 168494 2 168494 2 0 0 0 0 23 62 23 62 18 50 168494 2 168494 2 0 0 0 0 23 62 23 62 18 50 168494 2 168494 2 0 0 0 0
258 0 1000 0 0 1000 0 1000 24 64 24 64 18 50 108307 104 0 0 80291 1 28016 103 24 64 24 64 18 50 108307 104 0 0 80291 1 28016 103 24 64 24 64 18 50 108307 104 0 0 80291 1 28016 103 24 64 24 64 18 50 108307 104 0 0 80291 1 28016 103 24 64 24 64 18 50 108307 104 0 0 80291 1 28016 103 24 64 24 64 18 50 108307 104 0 0 80291 1 28016 103
259 0 1000 0 0 1000 0 1000 24 64 24 64 19 54 0 0 0 0 0 0 0 0 24 64 24 64 19 54 0 0 0 0 0 0 0 0 24 64 24 64 19 54 0 0 0 0 0 0 0 0 24 64 24 64 19 54 0 0 0 0 0 0 0 0 24 64 24 64 19 54 0 0 0 0 0 0 0 0 24 64 24 64 19 54 0 0 0 0 0 0 0 0
260 0 1000 0 0 1000 0 1000 24 64 24 64 19 54 0 0 0 0 0 0 0 0 24 64 24 64 19 54 0 0 0 0 0 0 0 0 24 64 24 64 19 54 0 0 0 0 0 0 0 0 24 64 24 64 19 54 0 0 0 0 0 0 0 0 24 64 24 64 19 54 0 0 0 0 0 0 0 0 24 64 24 64 19 54 0 0 0 0 0 0 0 0
261 0 1000 0 0 1000 0 1000 24 64 24 64 19 54 0 0 0 0 0 0 0 0 24 64 24 64 19 54 0 0 0 0 0 0 0 0 24 64 24 64 19 54 0 0 0 0 0 0 0 0 24 64 24 64 19 54 0 0 0 0 0 0 0 0 24 64 24 64 19 54 0 0 0 0 0 0 0 0 24 64 24 64 19 54 0 0 0 0 0 0 0 0
262 0 1000 0 0 1000 0 1000 24 64 24 64 19 54 27744 102 0 0 0 0 27744 102 24 64 24 64 19 54 27744 102 0 0 0 0 27744 102 24 64 24 64 19 54 27744 102 0 0 0 0 27744 102 24 64 24 64 19 54 27744 102 0 0 0 0 27744 102 24 64 24 64 19 54 27744 102 0 0 0 0 27744 102 24 64 24 64 19 54 27744 102 0 0 0 0 27744 102
263 0 1000 0 0 1000 0 1000 24 64 24 64 20 55 0 0 0 0 0 0 0 0 24 64 24 64 20 55 0 0 0 0 0 0 0 0 24 64 24 64 20 55 0 0 0 0 0 0 0 0 24 64 24 64 20 55 0 0 0 0 0 0 0 0 24 64 24 64 20 55 0 0 0 0 0 0 0 0 24 64 24 64 20 55 0 0 0 0 0 0 0 0
264 0 1000 0 0 1000 0 1000 24 64 24 64 20 55 0 0 0 0 0 0 0 0 24 64 24 64 20 55 0 0 0 0 0 0 0 0 24 64 24 64 20 55 0 0 0 0 0 0 0 0 24 64 24 64 20 55 0 0 0 0 0 0 0 0 24 64 24 64 20 55 0 0 0 0 0 0 0 0 24 64 24 64 20 55 0 0 0 0 0 0 0 0
265 0 1000 0 0 1000 0 1000 24 64 24 64 20 55 251109 3 251109 3 0 0 0 0 24 64 24 64 20 55 251109 3 251109 3 0 0 0 0 24 64 24 64 20 55 251109 3 251109 3 0 0 0 0 24 64 24 64 20 55 251109 3 251109 3 0 0 0 0 24 64 24 64 20 55 251109 3 251109 3 0 0 0 0 24 64 24 64 20 55 251109 3 251109 3 0 0 0 0
266 0 1000 0 0 1000 0 1000 25 66 25 66 20 55 102051 81 0 0 80291 1 21760 80 25 66 25 66 20 55 102051 81 0 0 80291 1 21760 80 25 66 25 66 20 55 102051 81 0 0 80291 1 21760 80 25 66 25 66 20 55 102051 81 0 0 80291 1 21760 80 25 66 25 66 20 55 102051 81 0 0 80291 1 21760 80 25 66 25 66 20 55 102051 81 0 0 80291 1 21760 80
267 0 1000 0 0 1000 0 1000 25 66 25 66 21 56 0 0 0 0 0 0 0 0 25 66 25 66 21 56 0 0 0 0 0 0 0 0 25 66 25 66 21 56 0 0 0 0 0 0 0 0 25 66 25 66 21 56 0 0 0 0 0 0 0 0 25 66 25 66 21 56 0 0 0 0 0 0 0 0 25 66 25 66 21 56 0 0 0 0 0 0 0 0
268 0 1000 0 0 1000 0 1000 25 66 25 66 21 56 0 0 0 0 0 0 0 0 25 66 25 66 21 56 0 0 0 0 0 0 0 0 25 66 25 66 21 56 0 0 0 0 0 0 0 0 25 66 25 66 21 56 0 0 0 0 0 0 0 0 25 66 25 66 21 56 0 0 0 0 0 0 0 0 25 66 25 66 21 56 0 0 0 0 0 0 0 0
269 0 1000 0 0 1000 0 1000 25 66 25 66 21 56 0 0 0 0 0 0 0 0 25 66 25 66 21 56 0 0 0 0 0 0 0 0 25 66 25 66 21 56 0 0 0 0 0 0 0 0 25 66 25 66 21 56 0 0 0 0 0 0 0 0 25 66 25 66 21 56 0 0 0 0 0 0 0 0 25 66 25 66 21 56 0 0 0 0 0 0 0 0
270 0 1000 0 0 1000 0 1000 25 66 25 66 21 56 29648 109 0 0 0 0 29648 109 25 66 25 66 21 56 29648 109 0 0 0 0 29648 109 25 66 25 66 21 56 29648 109 0 0 0 0 29648 109 25 66 25 66 21 56 29648 109 0 0 0 0 29648 109 25 66 25 66 21 56 29648 109 0 0 0 0 29648 109 25 66 25 66 21 56 29648 109 0 0 0 0 29648 109
271 0 1000 0 0 1000 0 1000 25 66 25 66 21 56 0 0 0 0 0 0 0 0 25 66 25 66 21 56 0 0 0 0 0 0 0 0 25 66 25 66 21 56 0 0 0 0 0 0 0 0 25 66 25 66 21 56 0 0 0 0 0 0 0 0 25 66 25 66 21 56 0 0 0 0 0 0 0 0 25 66 25 66 21 56 0 0 0 0 0 0 0 0
272 0 1000 0 0 1000 0 1000 25 66 25 66 21 56 0 0 0 0 0 0 0 0 25 66 25 66 21 56 0 0 0 0 0 0 0 0 25 66 25 66 21 56 0 0 0 0 0 0 0 0 25 66 25 66 21 56 0 0 0 0 0 0 0 0 25 66 25 66 21 56 0 0 0 0 0 0 0 0 25 66 25 66 21 56 0 0 0 0 0 0 0 0
273 0 1000 0 0 1000 0 1000 25 66 25 66 21 56 0 0 0 0 0 0 0 0 25 66 25 66 21 56 0 0 0 0 0 0 0 0 25 66 25 66 21 56 0 0 0 0 0 0 0 0 25 66 25 66 21 56 0 0 0 0 0 0 0 0 25 66 25 66 21 56 0 0 0 0 0 0 0 0 25 66 25 66 21 56 0 0 0 0 0 0 0 0
274 0 1000 0 0 1000 0 1000 25 66 25 66 21 56 30736 113 0 0 0 0 30736 113 25 66 25 66 21 56 30736 113 0 0 0 0 30736 113 25 66 25 66 21 56 30736 113 0 0 0 0 30736 113 25 66 25 66 21 56 30736 113 0 0 0 0 30736 113 25 66 25 66 21 56 30736 113 0 0 0 0 30736 113 25 66 25 66 21 56 30736 113 0 0 0 0 30736 113
275 0 1000 0 0 1000 0 1000 25 66 25 66 21 56 0 0 0 0 0 0 0 0 25 66 25 66 21 56 0 0 0 0 0 0 0 0 25 66 25 66 21 56 0 0 0 0 0 0 0 0 25 66 25 66 21 56 0 0 0 0 0 0 0 0 25 66 25 66 21 56 0 0 0 0 0 0 0 0 25 66 25 66 21 56 0 0 0 0 0 0 0 0
276 0 1000 0 0 1000 0 1000 25 66 25 66 21 56 0 0 0 0 0 0 0 0 25 66 25 66 21 56 0 0 0 0 0 0 0 0 25 66 25 66 21 56 0 0 0 0 0 0 0 0 25 66 25 66 21 56 0 0 0 0 0 0 0 0 25 66 25 66 21 56 0 0 0 0 0 0 0 0 25 66 25 66 21 56 0 0 0 0 0 0 0 0
277 0 1000 0 0 1000 0 1000 25 66 25 66 21 56 0 0 0 0 0 0 0 0 25 66 25 66 21 56 0 0 0 0 0 0 0 0 25 66 25 66 21 56 0 0 0 0 0 0 0 0 25 66 25 66 21 56 0 0 0 0 0 0 0 0 25 66 25 66 21 56 0 0 0 0 0 0 0 0 25 66 25 66 21 56 0 0 0 0 0 0 0 0
278 0 1000 0 0 1000 0 1000 25 66 25 66 21 56 26384 97 0 0 0 0 26384 97 25 66 25 66 21 56 26384 97 0 0 0 0 26384 97 25 66 25 66 21 56 26384 97 0 0 0 0 26384 97 25 66 25 66 21 56 26384 97 0 0 0 0 26384 97 25 66 25 66 21 56 26384 97 0 0 0 0 26384 97 25 66 25 66 21 56 26384 97 0 0 0 0 26384 97
279 0 1000 0 0 1000 0 1000 25 66 25 66 21 56 0 0 0 0 0 0 0 0 25 66 25 66 21 56 0 0 0 0 0 0 0 0 25 66 25 66 21 56 0 0 0 0 0 0 0 0 25 66 25 66 21 56 0 0 0 0 0 0 0 0 25 66 25 66 21 56 0 0 0 0 0 0 0 0 25 66 25 66 21 56 0 0 0 0 0 0 0 0
280 0 1000 0 0 1000 0 1000 25 66 25 66 21 56 0 0 0 0 0 0 0 0 25 66 25 66 21 56 0 0 0 0 0 0 0 0 25 66 25 66 21 56 0 0 0 0 0 0 0 0 25 66 25 66 21 56 0 0 0 0 0 0 0 0 25 66 25 66 21 56 0 0 0 0 0 0 0 0 25 66 25 66 21 56 0 0 0 0 0 0 0 0
281 0 1000 0 0 1000 0 1000 25 66 25 66 21 56 0 0 0 0 0 0 0 0 25 66 25 66 21 56 0 0 0 0 0 0 0 0 25 66 25 66 21 56 0 0 0 0 0 0 0 0 25 66 25 66 21 56 0 0 0 0 0 0 0 0 25 66 25 66 21 56 0 0 0 0 0 0 0 0 25 66 25 66 21 56 0 0 0 0 0 0 0 0
282 0 1000 0 0 1000 0 1000 25 66 25 66 21 56 25840 95 0 0 0 0 25840 95 25 66 25 66 21 56 25840 95 0 0 0 0 25840 95 25 66 25 66 21 56 25840 95 0 0 0 0 25840 95 25 66 25 66 21 56 25840 95 0 0 0 0 25840 95 25 66 25 66 21 56 25840 95 0 0 0 0 25840 95 25 66 25 66 21 56 25840 95 0 0 0 0 25840 95
283 0 1000 0 0 1000 0 1000 25 66 25 66 21 56 0 0 0 0 0 0 0 0 25 66 25 66 21 56 0 0 0 0 0 0 0 0 25 66 25 66 21 56 0 0 0 0 0 0 0 0 25 66 25 66 21 56 0 0 0 0 0 0 0 0 25 66 25 66 21 56 0 0 0 0 0 0 0 0 25 66 25 66 21 56 0 0 0 0 0 0 0 0
284 0 1000 0 0 1000 0 1000 25 66 25 66 21 56 0 0 0 0 0 0 0 0 25 66 25 66 21 56 0 0 0 0 0 0 0 0 25 66 25 66 21 56 0 0 0 0 0 0 0 0 25 66 25 66 21 56 0 0 0 0 0 0 0 0 25 66 25 66 21 56 0 0 0 0 0 0 0 0 25 66 25 66 21 56 0 0 0 0 0 0 0 0
285 0 1000 0 0 1000 0 1000 25 66 25 66 21 56 0 0 0 0 0 0 0 0 25 66 25 66 21 56 0 0 0 0 0 0 0 0 25 66 25 66 21 56 0 0 0 0 0 0 0 0 25 66 25 66 21 56 0 0 0 0 0 0 0 0 25 66 25 66 21 56 0 0 0 0 0 0 0 0 25 66 25 66 21 56 0 0 0 0 0 0 0 0
286 0 1000 0 0 1000 0 1000 25 66 25 66 21 56 26656 98 0 0 0 0 26656 98 25 66 25 66 21 56 26656 98 0 0 0 0 26656 98 25 66 25 66 21 56 26656 98 0 0 0 0 26656 98 25 66 25 66 21 56 26656 98 0 0 0 0 26656 98 25 66 25 66 21 56 26656 98 0 0 0 0 26656 98 25 66 25 66 21 56 26656 98 0 0 0 0 26656 98
287 0 1000 0 0 1000 0 1000 25 66 25 66 22 61 0 0 0 0 0 0 0 0 25 66 25 66 22 61 0 0 0 0 0 0 0 0 25 66 25 66 22 61 0 0 0 0 0 0 0 0 25 66 25 66 22 61 0 0 0 0 0 0 0 0 25 66 25 66 22 61 0 0 0 0 0 0 0 0 25 66 25 66 22 61 0 0 0 0 0 0 0 0
288 0 1000 0 0 1000 0 1000 25 66 25 66 22 61 0 0 0 0 0 0 0 0 25 66 25 66 22 61 0 0 0 0 0 0 0 0 25 66 25 66 22 61 0 0 0 0 0 0 0 0 25 66 25 66 22 61 0 0 0 0 0 0 0 0 25 66 25 66 22 61 0 0 0 0 0 0 0 0 25 66 25 66 22 61 0 0 0 0 0 0 0 0
289 0 1000 0 0 1000 0 1000 25 66 25 66 22 61 0 0 0 0 0 0 0 0 25 66 25 66 22 61 0 0 0 0 0 0 0 0 25 66 25 66 22 61 0 0 0 0 0 0 0 0 25 66 25 66 22 61 0 0 0 0 0 0 0 0 25 66 25 66 22 61 0 0 0 0 0 0 0 0 25 66 25 66 22 61 0 0 0 0 0 0 0 0
290 0 1000 0 0 1000 0 1000 25 66 25 66 22 61 24208 89 0 0 0 0 24208 89 25 66 25 66 22 61 24208 89 0 0 0 0 24208 89 25 66 25 66 22 61 24208 89 0 0 0 0 24208 89 25 66 25 66 22 61 24208 89 0 0 0 0 24208 89 25 66 25 66 22 61 24208 89 0 0 0 0 24208 89 25 66 25 66 22 61 24208 89 0 0 0 0 24208 89
291 0 1000 0 0 1000 0 1000 25 66 25 66 23 62 0 0 0 0 0 0 0 0 25 66 25 66 23 62 0 0 0 0 0 0 0 0 25 66 25 66 23 62 0 0 0 0 0 0 0 0 25 66 25 66 23 62 0 0 0 0 0 0 0 0 25 66 25 66 23 62 0 0 0 0 0 0 0 0 25 66 25 66 23 62 0 0 0 0 0 0 0 0
292 0 1000 0 0 1000 0 1000 25 66 25 66 23 62 0 0 0 0 0 0 0 0 25 66 25 66 23 62 0 0 0 0 0 0 0 0 25 66 25 66 23 62 0 0 0 0 0 0 0 0 25 66 25 66 23 62 0 0 0 0 0 0 0 0 25 66 25 66 23 62 0 0 0 0 0 0 0 0 25 66 25 66 23 62 0 0 0 0 0 0 0 0
293 0 1000 0 0 1000 0 1000 25 66 25 66 23 62 0 0 0 0 0 0 0 0 25 66 25 66 23 62 0 0 0 0 0 0 0 0 25 66 25 66 23 62 0 0 0 0 0 0 0 0 25 66 25 66 23 62 0 0 0 0 0 0 0 0 25 66 25 66 23 62 0 0 0 0 0 0 0 0 25 66 25 66 23 62 0 0 0 0 0 0 0 0
294 0 1000 0 0 1000 0 1000 25 66 25 66 23 62 26384 97 0 0 0 0 26384 97 25 66 25 66 23 62 26384 97 0 0 0 0 26384 97 25 66 25 66 23 62 26384 97 0 0 0 0 26384 97 25 66 25 66 23 62 26384 97 0 0 0 0 26384 97 25 66 25 66 23 62 26384 97 0 0 0 0 26384 97 25 66 25 66 23 62 26384 97 0 0 0 0 26384 97
295 0 1000 0 0 1000 0 1000 25 66 25 66 23 62 0 0 0 0 0 0 0 0 25 66 25 66 23 62 0 0 0 0 0 0 0 0 25 66 25 66 23 62 0 0 0 0 0 0 0 0 25 66 25 66 23 62 0 0 0 0 0 0 0 0 25 66 25 66 23 62 0 0 0 0 0 0 0 0 25 66 25 66 23 62 0 0 0 0 0 0 0 0
296 0 1000 0 0 1000 0 1000 25 66 25 66 23 62 0 0 0 0 0 0 0 0 25 66 25 66 23 62 0 0 0 0 0 0 0 0 25 66 25 66 23 62 0 0 0 0 0 0 0 0 25 66 25 66 23 62 0 0 0 0 0 0 0 0 25 66 25 66 23 62 0 0 0 0 0 0 0 0 25 66 25 66 23 62 0 0 0 0 0 0 0 0
297 0 1000 0 0 1000 0 1000 25 66 25 66 23 62 83543 1 83543 1 0 0 0 0 25 66 25 66 23 62 83543 1 83543 1 0 0 0 0 25 66 25 66 23 62 83543 1 83543 1 0 0 0 0 25 66 25 66 23 62 83543 1 83543 1 0 0 0 0 25 66 25 66 23 62 83543 1 83543 1 0 0 0 0 25 66 25 66 23 62 83543 1 83543 1 0 0 0 0
298 0 1000 0 0 1000 0 1000 26 74 26 74 23 62 108035 103 0 0 80291 1 27744 102 26 74 26 74 23 62 108035 103 0 0 80291 1 27744 102 26 74 26 74 23 62 108035 103 0 0 80291 1 27744 102 26 74 26 74 23 62 108035 103 0 0 80291 1 27744 102 26 74 26 74 23 62 108035 103 0 0 80291 1 27744 102 26 74 26 74 23 62 108035 103 0 0 80291 1 27744 102
299 0 1000 0 0 1000 0 1000 26 74 26 74 24 64 0 0 0 0 0 0 0 0 26 74 26 74 24 64 0 0 0 0 0 0 0 0 26 74 26 74 24 64 0 0 0 0 0 0 0 0 26 74 26 74 24 64 0 0 0 0 0 0 0 0 26 74 26 74 24 64 0 0 0 0 0 0 0 0 26 74 26 74 24 64 0 0 0 0 0 0 0 0
300 0 1000 0 0 1000 0 1000 26 74 26 74 24 64 0 0 0 0 0 0 0 0 26 74 26 74 24 64 0 0 0 0 0 0 0 0 26 74 26 74 24 64 0 0 0 0 0 0 0 0 26 74 26 74 24 64 0 0 0 0 0 0 0 0 26 74 26 74 24 64 0 0 0 0 0 0 0 0 26 74 26 74 24 64 0 0 0 0 0 0 0 0
301 0 1000 0 0 1000 0 1000 26 74 26 74 24 64 0 0 0 0 0 0 0 0 26 74 26 74 24 64 0 0 0 0 0 0 0 0 26 74 26 74 24 64 0 0 0 0 0 0 0 0 26 74 26 74 24 64 0 0 0 0 0 0 0 0 26 74 26 74 24 64 0 0 0 0 0 0 0 0 26 74 26 74 24 64 0 0 0 0 0 0 0 0
302 0 1000 0 0 1000 0 1000 26 74 26 74 24 64 25024 92 0 0 0 0 25024 92 26 74 26 74 24 64 25024 92 0 0 0 0 25024 92 26 74 26 74 24 64 25024 92 0 0 0 0 25024 92 26 74 26 74 24 64 25024 92 0 0 0 0 25024 92 26 74 26 74 24 64 25024 92 0 0 0 0 25024 92 26 74 26 74 24 64 25024 92 0 0 0 0 25024 92
303 0 1000 0 0 1000 0 1000 26 74 26 74 24 64 0 0 0 0 0 0 0 0 26 74 26 74 24 64 0 0 0 0 0 0 0 0 26 74 26 74 24 64 0 0 0 0 0 0 0 0 26 74 26 74 24 64 0 0 0 0 0 0 0 0 26 74 26 74 24 64 0 0 0 0 0 0 0 0 26 74 26 74 24 64 0 0 0 0 0 0 0 0
