r n_asleep n_awake n_honest_asleep n_honest_dreamy n_honest_awake n_adversary n_all party0_ledger_best_length party0_ledger_best_age party0_ledger_fast_length party0_ledger_fast_age party0_ledger_slow_length party0_ledger_slow_age party0_comms_all_size party0_comms_all_count party0_comms_proposal_size party0_comms_proposal_count party0_comms_piece_block_size party0_comms_piece_block_count party0_comms_piece_vote_size party0_comms_piece_vote_count party1_ledger_best_length party1_ledger_best_age party1_ledger_fast_length party1_ledger_fast_age party1_ledger_slow_length party1_ledger_slow_age party1_comms_all_size party1_comms_all_count party1_comms_proposal_size party1_comms_proposal_count party1_comms_piece_block_size party1_comms_piece_block_count party1_comms_piece_vote_size party1_comms_piece_vote_count party2_ledger_best_length party2_ledger_best_age party2_ledger_fast_length party2_ledger_fast_age party2_ledger_slow_length party2_ledger_slow_age party2_comms_all_size party2_comms_all_count party2_comms_proposal_size party2_comms_proposal_count party2_comms_piece_block_size party2_comms_piece_block_count party2_comms_piece_vote_size party2_comms_piece_vote_count party3_ledger_best_length party3_ledger_best_age party3_ledger_fast_length party3_ledger_fast_age party3_ledger_slow_length party3_ledger_slow_age party3_comms_all_size party3_comms_all_count party3_comms_proposal_size party3_comms_proposal_count party3_comms_piece_block_size party3_comms_piece_block_count party3_comms_piece_vote_size party3_comms_piece_vote_count party4_ledger_best_length party4_ledger_best_age party4_ledger_fast_length party4_ledger_fast_age party4_ledger_slow_length party4_ledger_slow_age party4_comms_all_size party4_comms_all_count party4_comms_proposal_size party4_comms_proposal_count party4_comms_piece_block_size party4_comms_piece_block_count party4_comms_piece_vote_size party4_comms_piece_vote_count partyALWAYSAWAKE_ledger_best_length partyALWAYSAWAKE_ledger_best_age partyALWAYSAWAKE_ledger_fast_length partyALWAYSAWAKE_ledger_fast_age partyALWAYSAWAKE_ledger_slow_length partyALWAYSAWAKE_ledger_slow_age partyALWAYSAWAKE_comms_all_size partyALWAYSAWAKE_comms_all_count partyALWAYSAWAKE_comms_proposal_size partyALWAYSAWAKE_comms_proposal_count partyALWAYSAWAKE_comms_piece_block_size partyALWAYSAWAKE_comms_piece_block_count partyALWAYSAWAKE_comms_piece_vote_size partyALWAYSAWAKE_comms_piece_vote_count
4 0 1000 0 0 1000 0 1000 0 0 0 0 0 0 0 0 0 0 0 0 0 0 0 0 0 0 0 0 0 0 0 0 0 0 0 0 0 0 0 0 0 0 0 0 0 0 0 0 0 0 0 0 0 0 0 0 0 0 0 0 0 0 0 0 0 0 0 0 0 0 0 0 0 0 0 0 0 0 0 0 0 0 0 0 0 0 0 0 0 0 0 0
5 0 1000 0 0 1000 0 1000 0 0 0 0 0 0 80438 1 80438 1 0 0 0 0 0 0 0 0 0 0 80438 1 80438 1 0 0 0 0 0 0 0 0 0 0 80438 1 80438 1 0 0 0 0 0 0 0 0 0 0 80438 1 80438 1 0 0 0 0 0 0 0 0 0 0 80438 1 80438 1 0 0 0 0 0 0 0 0 0 0 80438 1 80438 1 0 0 0 0
6 0 1000 0 0 1000 0 1000 1 1 1 1 0 0 109666 109 0 0 80290 1 29376 108 1 1 1 1 0 0 109666 109 0 0 80290 1 29376 108 1 1 1 1 0 0 109666 109 0 0 80290 1 29376 108 1 1 1 1 0 0 109666 109 0 0 80290 1 29376 108 1 1 1 1 0 0 109666 109 0 0 80290 1 29376 108 1 1 1 1 0 0 109666 109 0 0 80290 1 29376 108
7 0 1000 0 0 1000 0 1000 1 1 1 1 0 0 0 0 0 0 0 0 0 0 1 1 1 1 0 0 0 0 0 0 0 0 0 0 1 1 1 1 0 0 0 0 0 0 0 0 0 0 1 1 1 1 0 0 0 0 0 0 0 0 0 0 1 1 1 1 0 0 0 0 0 0 0 0 0 0 1 1 1 1 0 0 0 0 0 0 0 0 0 0
8 0 1000 0 0 1000 0 1000 1 1 1 1 0 0 0 0 0 0 0 0 0 0 1 1 1 1 0 0 0 0 0 0 0 0 0 0 1 1 1 1 0 0 0 0 0 0 0 0 0 0 1 1 1 1 0 0 0 0 0 0 0 0 0 0 1 1 1 1 0 0 0 0 0 0 0 0 0 0 1 1 1 1 0 0 0 0 0 0 0 0 0 0
9 0 1000 0 0 1000 0 1000 1 1 1 1 0 0 419469 5 419469 5 0 0 0 0 1 1 1 1 0 0 419469 5 419469 5 0 0 0 0 1 1 1 1 0 0 419469 5 419469 5 0 0 0 0 1 1 1 1 0 0 419469 5 419469 5 0 0 0 0 1 1 1 1 0 0 419469 5 419469 5 0 0 0 0 1 1 1 1 0 0 419469 5 419469 5 0 0 0 0
10 0 1000 0 0 1000 0 1000 2 2 2 2 0 0 106946 99 0 0 80290 1 26656 98 2 2 2 2 0 0 106946 99 0 0 80290 1 26656 98 2 2 2 2 0 0 106946 99 0 0 80290 1 26656 98 2 2 2 2 0 0 106946 99 0 0 80290 1 26656 98 2 2 2 2 0 0 106946 99 0 0 80290 1 26656 98 2 2 2 2 0 0 106946 99 0 0 80290 1 26656 98
11 0 1000 0 0 1000 0 1000 2 2 2 2 0 0 0 0 0 0 0 0 0 0 2 2 2 2 0 0 0 0 0 0 0 0 0 0 2 2 2 2 0 0 0 0 0 0 0 0 0 0 2 2 2 2 0 0 0 0 0 0 0 0 0 0 2 2 2 2 0 0 0 0 0 0 0 0 0 0 2 2 2 2 0 0 0 0 0 0 0 0 0 0
12 0 1000 0 0 1000 0 1000 2 2 2 2 0 0 0 0 0 0 0 0 0 0 2 2 2 2 0 0 0 0 0 0 0 0 0 0 2 2 2 2 0 0 0 0 0 0 0 0 0 0 2 2 2 2 0 0 0 0 0 0 0 0 0 0 2 2 2 2 0 0 0 0 0 0 0 0 0 0 2 2 2 2 0 0 0 0 0 0 0 0 0 0
13 0 1000 0 0 1000 0 1000 2 2 2 2 0 0 0 0 0 0 0 0 0 0 2 2 2 2 0 0 0 0 0 0 0 0 0 0 2 2 2 2 0 0 0 0 0 0 0 0 0 0 2 2 2 2 0 0 0 0 0 0 0 0 0 0 2 2 2 2 0 0 0 0 0 0 0 0 0 0 2 2 2 2 0 0 0 0 0 0 0 0 0 0
14 0 1000 0 0 1000 0 1000 2 2 2 2 0 0 29376 108 0 0 0 0 29376 108 2 2 2 2 0 0 29376 108 0 0 0 0 29376 108 2 2 2 2 0 0 29376 108 0 0 0 0 29376 108 2 2 2 2 0 0 29376 108 0 0 0 0 29376 108 2 2 2 2 0 0 29376 108 0 0 0 0 29376 108 2 2 2 2 0 0 29376 108 0 0 0 0 29376 108
15 0 1000 0 0 1000 0 1000 2 2 2 2 0 0 0 0 0 0 0 0 0 0 2 2 2 2 0 0 0 0 0 0 0 0 0 0 2 2 2 2 0 0 0 0 0 0 0 0 0 0 2 2 2 2 0 0 0 0 0 0 0 0 0 0 2 2 2 2 0 0 0 0 0 0 0 0 0 0 2 2 2 2 0 0 0 0 0 0 0 0 0 0
16 0 1000 0 0 1000 0 1000 2 2 2 2 0 0 0 0 0 0 0 0 0 0 2 2 2 2 0 0 0 0 0 0 0 0 0 0 2 2 2 2 0 0 0 0 0 0 0 0 0 0 2 2 2 2 0 0 0 0 0 0 0 0 0 0 2 2 2 2 0 0 0 0 0 0 0 0 0 0 2 2 2 2 0 0 0 0 0 0 0 0 0 0
17 0 1000 0 0 1000 0 1000 2 2 2 2 0 0 251682 3 251682 3 0 0 0 0 2 2 2 2 0 0 251682 3 251682 3 0 0 0 0 2 2 2 2 0 0 251682 3 251682 3 0 0 0 0 2 2 2 2 0 0 251682 3 251682 3 0 0 0 0 2 2 2 2 0 0 251682 3 251682 3 0 0 0 0 2 2 2 2 0 0 251682 3 251682 3 0 0 0 0
18 0 1000 0 0 1000 0 1000 3 4 3 4 0 0 105858 95 0 0 80290 1 25568 94 3 4 3 4 0 0 105858 95 0 0 80290 1 25568 94 3 4 3 4 0 0 105858 95 0 0 80290 1 25568 94 3 4 3 4 0 0 105858 95 0 0 80290 1 25568 94 3 4 3 4 0 0 105858 95 0 0 80290 1 25568 94 3 4 3 4 0 0 105858 95 0 0 80290 1 25568 94
19 0 1000 0 0 1000 0 1000 3 4 3 4 0 0 0 0 0 0 0 0 0 0 3 4 3 4 0 0 0 0 0 0 0 0 0 0 3 4 3 4 0 0 0 0 0 0 0 0 0 0 3 4 3 4 0 0 0 0 0 0 0 0 0 0 3 4 3 4 0 0 0 0 0 0 0 0 0 0 3 4 3 4 0 0 0 0 0 0 0 0 0 0
20 0 1000 0 0 1000 0 1000 3 4 3 4 0 0 0 0 0 0 0 0 0 0 3 4 3 4 0 0 0 0 0 0 0 0 0 0 3 4 3 4 0 0 0 0 0 0 0 0 0 0 3 4 3 4 0 0 0 0 0 0 0 0 0 0 3 4 3 4 0 0 0 0 0 0 0 0 0 0 3 4 3 4 0 0 0 0 0 0 0 0 0 0
21 0 1000 0 0 1000 0 1000 3 4 3 4 0 0 83446 1 83446 1 0 0 0 0 3 4 3 4 0 0 83446 1 83446 1 0 0 0 0 3 4 3 4 0 0 83446 1 83446 1 0 0 0 0 3 4 3 4 0 0 83446 1 83446 1 0 0 0 0 3 4 3 4 0 0 83446 1 83446 1 0 0 0 0 3 4 3 4 0 0 83446 1 83446 1 0 0 0 0
22 0 1000 0 0 1000 0 1000 4 5 4 5 0 0 110754 113 0 0 80290 1 30464 112 4 5 4 5 0 0 110754 113 0 0 80290 1 30464 112 4 5 4 5 0 0 110754 113 0 0 80290 1 30464 112 4 5 4 5 0 0 110754 113 0 0 80290 1 30464 112 4 5 4 5 0 0 110754 113 0 0 80290 1 30464 112 4 5 4 5 0 0 110754 113 0 0 80290 1 30464 112
23 0 1000 0 0 1000 0 1000 4 5 4 5 0 0 0 0 0 0 0 0 0 0 4 5 4 5 0 0 0 0 0 0 0 0 0 0 4 5 4 5 0 0 0 0 0 0 0 0 0 0 4 5 4 5 0 0 0 0 0 0 0 0 0 0 4 5 4 5 0 0 0 0 0 0 0 0 0 0 4 5 4 5 0 0 0 0 0 0 0 0 0 0
24 0 1000 0 0 1000 0 1000 4 5 4 5 0 0 0 0 0 0 0 0 0 0 4 5 4 5 0 0 0 0 0 0 0 0 0 0 4 5 4 5 0 0 0 0 0 0 0 0 0 0 4 5 4 5 0 0 0 0 0 0 0 0 0 0 4 5 4 5 0 0 0 0 0 0 0 0 0 0 4 5 4 5 0 0 0 0 0 0 0 0 0 0
25 0 1000 0 0 1000 0 1000 4 5 4 5 0 0 0 0 0 0 0 0 0 0 4 5 4 5 0 0 0 0 0 0 0 0 0 0 4 5 4 5 0 0 0 0 0 0 0 0 0 0 4 5 4 5 0 0 0 0 0 0 0 0 0 0 4 5 4 5 0 0 0 0 0 0 0 0 0 0 4 5 4 5 0 0 0 0 0 0 0 0 0 0
26 0 1000 0 0 1000 0 1000 4 5 4 5 0 0 32640 120 0 0 0 0 32640 120 4 5 4 5 0 0 32640 120 0 0 0 0 32640 120 4 5 4 5 0 0 32640 120 0 0 0 0 32640 120 4 5 4 5 0 0 32640 120 0 0 0 0 32640 120 4 5 4 5 0 0 32640 120 0 0 0 0 32640 120 4 5 4 5 0 0 32640 120 0 0 0 0 32640 120
27 0 1000 0 0 1000 0 1000 4 5 4 5 0 0 0 0 0 0 0 0 0 0 4 5 4 5 0 0 0 0 0 0 0 0 0 0 4 5 4 5 0 0 0 0 0 0 0 0 0 0 4 5 4 5 0 0 0 0 0 0 0 0 0 0 4 5 4 5 0 0 0 0 0 0 0 0 0 0 4 5 4 5 0 0 0 0 0 0 0 0 0 0
28 0 1000 0 0 1000 0 1000 4 5 4 5 0 0 0 0 0 0 0 0 0 0 4 5 4 5 0 0 0 0 0 0 0 0 0 0 4 5 4 5 0 0 0 0 0 0 0 0 0 0 4 5 4 5 0 0 0 0 0 0 0 0 0 0 4 5 4 5 0 0 0 0 0 0 0 0 0 0 4 5 4 5 0 0 0 0 0 0 0 0 0 0
29 0 1000 0 0 1000 0 1000 4 5 4 5 0 0 168556 2 168556 2 0 0 0 0 4 5 4 5 0 0 168556 2 168556 2 0 0 0 0 4 5 4 5 0 0 168556 2 168556 2 0 0 0 0 4 5 4 5 0 0 168556 2 168556 2 0 0 0 0 4 5 4 5 0 0 168556 2 168556 2 0 0 0 0 4 5 4 5 0 0 168556 2 168556 2 0 0 0 0
30 0 1000 0 0 1000 0 1000 5 7 5 7 0 0 104770 91 0 0 80290 1 24480 90 5 7 5 7 0 0 104770 91 0 0 80290 1 24480 90 5 7 5 7 0 0 104770 91 0 0 80290 1 24480 90 5 7 5 7 0 0 104770 91 0 0 80290 1 24480 90 5 7 5 7 0 0 104770 91 0 0 80290 1 24480 90 5 7 5 7 0 0 104770 91 0 0 80290 1 24480 90
31 0 1000 0 0 1000 0 1000 5 7 5 7 0 0 0 0 0 0 0 0 0 0 5 7 5 7 0 0 0 0 0 0 0 0 0 0 5 7 5 7 0 0 0 0 0 0 0 0 0 0 5 7 5 7 0 0 0 0 0 0 0 0 0 0 5 7 5 7 0 0 0 0 0 0 0 0 0 0 5 7 5 7 0 0 0 0 0 0 0 0 0 0
32 0 1000 0 0 1000 0 1000 5 7 5 7 0 0 0 0 0 0 0 0 0 0 5 7 5 7 0 0 0 0 0 0 0 0 0 0 5 7 5 7 0 0 0 0 0 0 0 0 0 0 5 7 5 7 0 0 0 0 0 0 0 0 0 0 5 7 5 7 0 0 0 0 0 0 0 0 0 0 5 7 5 7 0 0 0 0 0 0 0 0 0 0
33 0 1000 0 0 1000 0 1000 5 7 5 7 0 0 0 0 0 0 0 0 0 0 5 7 5 7 0 0 0 0 0 0 0 0 0 0 5 7 5 7 0 0 0 0 0 0 0 0 0 0 5 7 5 7 0 0 0 0 0 0 0 0 0 0 5 7 5 7 0 0 0 0 0 0 0 0 0 0 5 7 5 7 0 0 0 0 0 0 0 0 0 0
34 703 297 703 0 297 0 1000 5 7 5 7 0 0 26928 99 0 0 0 0 26928 99 5 7 5 7 0 0 26928 99 0 0 0 0 26928 99 5 7 5 7 0 0 26928 99 0 0 0 0 26928 99 5 7 5 7 0 0 26928 99 0 0 0 0 26928 99 5 7 5 7 0 0 26928 99 0 0 0 0 26928 99 5 7 5 7 0 0 26928 99 0 0 0 0 26928 99
35 681 319 681 0 319 0 1000 5 7 5 7 0 0 0 0 0 0 0 0 0 0 5 7 5 7 0 0 0 0 0 0 0 0 0 0 5 7 5 7 0 0 0 0 0 0 0 0 0 0 5 7 5 7 0 0 0 0 0 0 0 0 0 0 5 7 5 7 0 0 0 0 0 0 0 0 0 0 5 7 5 7 0 0 0 0 0 0 0 0 0 0
36 296 704 296 385 319 0 1000 5 7 5 7 0 0 0 0 0 0 0 0 0 0 5 7 5 7 0 0 0 0 0 0 0 0 0 0 5 7 5 7 0 0 0 0 0 0 0 0 0 0 5 7 5 7 0 0 0 0 0 0 0 0 0 0 5 7 5 7 0 0 0 0 0 0 0 0 0 0 5 7 5 7 0 0 0 0 0 0 0 0 0 0
37 569 431 569 243 188 0 1000 5 7 5 7 0 0 83606 1 83606 1 0 0 0 0 5 7 5 7 0 0 83606 1 83606 1 0 0 0 0 5 7 5 7 0 0 83606 1 83606 1 0 0 0 0 5 7 5 7 0 0 83606 1 83606 1 0 0 0 0 5 7 5 7 0 0 83606 1 83606 1 0 0 0 0 5 7 5 7 0 0 83606 1 83606 1 0 0 0 0
38 283 717 283 529 188 0 1000 5 7 5 7 0 0 86274 23 0 0 80290 1 5984 22 5 7 5 7 0 0 86274 23 0 0 80290 1 5984 22 5 7 5 7 0 0 86274 23 0 0 80290 1 5984 22 5 7 5 7 0 0 86274 23 0 0 80290 1 5984 22 5 7 5 7 0 0 86274 23 0 0 80290 1 5984 22 5 7 5 7 0 0 86274 23 0 0 80290 1 5984 22
39 87 913 87 0 913 0 1000 5 7 5 7 0 0 0 0 0 0 0 0 0 0 5 7 5 7 0 0 0 0 0 0 0 0 0 0 5 7 5 7 0 0 0 0 0 0 0 0 0 0 5 7 5 7 0 0 0 0 0 0 0 0 0 0 5 7 5 7 0 0 0 0 0 0 0 0 0 0 5 7 5 7 0 0 0 0 0 0 0 0 0 0
40 431 569 431 0 569 0 1000 5 7 5 7 0 0 0 0 0 0 0 0 0 0 5 7 5 7 0 0 0 0 0 0 0 0 0 0 5 7 5 7 0 0 0 0 0 0 0 0 0 0 5 7 5 7 0 0 0 0 0 0 0 0 0 0 5 7 5 7 0 0 0 0 0 0 0 0 0 0 5 7 5 7 0 0 0 0 0 0 0 0 0 0
41 832 168 832 0 168 0 1000 5 7 5 7 0 0 81143 1 81143 1 0 0 0 0 5 7 5 7 0 0 81143 1 81143 1 0 0 0 0 5 7 5 7 0 0 81143 1 81143 1 0 0 0 0 5 7 5 7 0 0 81143 1 81143 1 0 0 0 0 5 7 5 7 0 0 81143 1 81143 1 0 0 0 0 5 7 5 7 0 0 81143 1 81143 1 0 0 0 0
42 579 421 579 253 168 0 1000 5 7 5 7 0 0 85731 21 0 0 80291 1 5440 20 5 7 5 7 0 0 85731 21 0 0 80291 1 5440 20 5 7 5 7 0 0 85731 21 0 0 80291 1 5440 20 5 7 5 7 0 0 85731 21 0 0 80291 1 5440 20 5 7 5 7 0 0 85731 21 0 0 80291 1 5440 20 5 7 5 7 0 0 85731 21 0 0 80291 1 5440 20
43 757 243 757 0 243 0 1000 5 7 5 7 0 0 0 0 0 0 0 0 0 0 5 7 5 7 0 0 0 0 0 0 0 0 0 0 5 7 5 7 0 0 0 0 0 0 0 0 0 0 5 7 5 7 0 0 0 0 0 0 0 0 0 0 5 7 5 7 0 0 0 0 0 0 0 0 0 0 5 7 5 7 0 0 0 0 0 0 0 0 0 0
44 719 281 719 38 243 0 1000 5 7 5 7 0 0 0 0 0 0 0 0 0 0 5 7 5 7 0 0 0 0 0 0 0 0 0 0 5 7 5 7 0 0 0 0 0 0 0 0 0 0 5 7 5 7 0 0 0 0 0 0 0 0 0 0 5 7 5 7 0 0 0 0 0 0 0 0 0 0 5 7 5 7 0 0 0 0 0 0 0 0 0 0
45 61 939 61 696 243 0 1000 5 7 5 7 0 0 0 0 0 0 0 0 0 0 5 7 5 7 0 0 0 0 0 0 0 0 0 0 5 7 5 7 0 0 0 0 0 0 0 0 0 0 5 7 5 7 0 0 0 0 0 0 0 0 0 0 5 7 5 7 0 0 0 0 0 0 0 0 0 0 5 7 5 7 0 0 0 0 0 0 0 0 0 0
46 797 203 797 158 45 0 1000 5 7 5 7 0 0 7888 29 0 0 0 0 7888 29 5 7 5 7 0 0 7888 29 0 0 0 0 7888 29 5 7 5 7 0 0 7888 29 0 0 0 0 7888 29 5 7 5 7 0 0 7888 29 0 0 0 0 7888 29 5 7 5 7 0 0 7888 29 0 0 0 0 7888 29 5 7 5 7 0 0 7888 29 0 0 0 0 7888 29
47 37 963 37 0 963 0 1000 5 7 5 7 1 1 0 0 0 0 0 0 0 0 5 7 5 7 1 1 0 0 0 0 0 0 0 0 5 7 5 7 1 1 0 0 0 0 0 0 0 0 5 7 5 7 1 1 0 0 0 0 0 0 0 0 5 7 5 7 1 1 0 0 0 0 0 0 0 0 5 7 5 7 1 1 0 0 0 0 0 0 0 0
48 826 174 826 0 174 0 1000 5 7 5 7 1 1 0 0 0 0 0 0 0 0 5 7 5 7 1 1 0 0 0 0 0 0 0 0 5 7 5 7 1 1 0 0 0 0 0 0 0 0 5 7 5 7 1 1 0 0 0 0 0 0 0 0 5 7 5 7 1 1 0 0 0 0 0 0 0 0 5 7 5 7 1 1 0 0 0 0 0 0 0 0
49 723 277 723 103 174 0 1000 5 7 5 7 1 1 0 0 0 0 0 0 0 0 5 7 5 7 1 1 0 0 0 0 0 0 0 0 5 7 5 7 1 1 0 0 0 0 0 0 0 0 5 7 5 7 1 1 0 0 0 0 0 0 0 0 5 7 5 7 1 1 0 0 0 0 0 0 0 0 5 7 5 7 1 1 0 0 0 0 0 0 0 0
50 715 285 715 111 174 0 1000 5 7 5 7 1 1 3264 12 0 0 0 0 3264 12 5 7 5 7 1 1 3264 12 0 0 0 0 3264 12 5 7 5 7 1 1 3264 12 0 0 0 0 3264 12 5 7 5 7 1 1 3264 12 0 0 0 0 3264 12 5 7 5 7 1 1 3264 12 0 0 0 0 3264 12 5 7 5 7 1 1 3264 12 0 0 0 0 3264 12
51 696 304 696 0 304 0 1000 5 7 5 7 1 1 0 0 0 0 0 0 0 0 5 7 5 7 2 2 0 0 0 0 0 0 0 0 5 7 5 7 1 1 0 0 0 0 0 0 0 0 5 7 5 7 2 2 0 0 0 0 0 0 0 0 5 7 5 7 1 1 0 0 0 0 0 0 0 0 5 7 5 7 2 2 0 0 0 0 0 0 0 0
52 749 251 749 0 251 0 1000 5 7 5 7 1 1 0 0 0 0 0 0 0 0 5 7 5 7 2 2 0 0 0 0 0 0 0 0 5 7 5 7 1 1 0 0 0 0 0 0 0 0 5 7 5 7 2 2 0 0 0 0 0 0 0 0 5 7 5 7 1 1 0 0 0 0 0 0 0 0 5 7 5 7 2 2 0 0 0 0 0 0 0 0
53 123 877 123 626 251 0 1000 5 7 5 7 1 1 0 0 0 0 0 0 0 0 5 7 5 7 2 2 0 0 0 0 0 0 0 0 5 7 5 7 1 1 0 0 0 0 0 0 0 0 5 7 5 7 2 2 0 0 0 0 0 0 0 0 5 7 5 7 1 1 0 0 0 0 0 0 0 0 5 7 5 7 2 2 0 0 0 0 0 0 0 0
54 147 853 147 608 245 0 1000 5 7 5 7 1 1 7616 28 0 0 0 0 7616 28 5 7 5 7 2 2 7616 28 0 0 0 0 7616 28 5 7 5 7 1 1 7616 28 0 0 0 0 7616 28 5 7 5 7 2 2 7616 28 0 0 0 0 7616 28 5 7 5 7 1 1 7616 28 0 0 0 0 7616 28 5 7 5 7 2 2 7616 28 0 0 0 0 7616 28
55 650 350 650 0 350 0 1000 5 7 5 7 1 1 0 0 0 0 0 0 0 0 5 7 5 7 2 2 0 0 0 0 0 0 0 0 5 7 5 7 1 1 0 0 0 0 0 0 0 0 5 7 5 7 2 2 0 0 0 0 0 0 0 0 5 7 5 7 1 1 0 0 0 0 0 0 0 0 5 7 5 7 2 2 0 0 0 0 0 0 0 0
56 487 513 487 163 350 0 1000 5 7 5 7 1 1 0 0 0 0 0 0 0 0 5 7 5 7 2 2 0 0 0 0 0 0 0 0 5 7 5 7 1 1 0 0 0 0 0 0 0 0 5 7 5 7 2 2 0 0 0 0 0 0 0 0 5 7 5 7 1 1 0 0 0 0 0 0 0 0 5 7 5 7 2 2 0 0 0 0 0 0 0 0
57 568 432 568 130 302 0 1000 5 7 5 7 1 1 0 0 0 0 0 0 0 0 5 7 5 7 2 2 0 0 0 0 0 0 0 0 5 7 5 7 1 1 0 0 0 0 0 0 0 0 5 7 5 7 2 2 0 0 0 0 0 0 0 0 5 7 5 7 1 1 0 0 0 0 0 0 0 0 5 7 5 7 2 2 0 0 0 0 0 0 0 0
58 122 878 122 576 302 0 1000 5 7 5 7 1 1 7344 27 0 0 0 0 7344 27 5 7 5 7 2 2 7344 27 0 0 0 0 7344 27 5 7 5 7 1 1 7344 27 0 0 0 0 7344 27 5 7 5 7 2 2 7344 27 0 0 0 0 7344 27 5 7 5 7 1 1 7344 27 0 0 0 0 7344 27 5 7 5 7 2 2 7344 27 0 0 0 0 7344 27
59 97 903 97 0 903 0 1000 5 7 5 7 3 4 0 0 0 0 0 0 0 0 5 7 5 7 3 4 0 0 0 0 0 0 0 0 5 7 5 7 3 4 0 0 0 0 0 0 0 0 5 7 5 7 2 2 0 0 0 0 0 0 0 0 5 7 5 7 1 1 0 0 0 0 0 0 0 0 5 7 5 7 3 4 0 0 0 0 0 0 0 0
60 424 576 424 0 576 0 1000 5 7 5 7 3 4 0 0 0 0 0 0 0 0 5 7 5 7 3 4 0 0 0 0 0 0 0 0 5 7 5 7 3 4 0 0 0 0 0 0 0 0 5 7 5 7 2 2 0 0 0 0 0 0 0 0 5 7 5 7 1 1 0 0 0 0 0 0 0 0 5 7 5 7 3 4 0 0 0 0 0 0 0 0
61 591 409 591 0 409 0 1000 5 7 5 7 3 4 0 0 0 0 0 0 0 0 5 7 5 7 3 4 0 0 0 0 0 0 0 0 5 7 5 7 3 4 0 0 0 0 0 0 0 0 5 7 5 7 2 2 0 0 0 0 0 0 0 0 5 7 5 7 1 1 0 0 0 0 0 0 0 0 5 7 5 7 3 4 0 0 0 0 0 0 0 0
62 868 132 868 0 132 0 1000 5 7 5 7 3 4 11696 43 0 0 0 0 11696 43 5 7 5 7 3 4 11696 43 0 0 0 0 11696 43 5 7 5 7 3 4 11696 43 0 0 0 0 11696 43 5 7 5 7 2 2 11696 43 0 0 0 0 11696 43 5 7 5 7 1 1 11696 43 0 0 0 0 11696 43 5 7 5 7 3 4 11696 43 0 0 0 0 11696 43
63 169 831 169 0 831 0 1000 5 7 5 7 4 5 0 0 0 0 0 0 0 0 5 7 5 7 4 5 0 0 0 0 0 0 0 0 5 7 5 7 4 5 0 0 0 0 0 0 0 0 5 7 5 7 4 5 0 0 0 0 0 0 0 0 5 7 5 7 4 5 0 0 0 0 0 0 0 0 5 7 5 7 4 5 0 0 0 0 0 0 0 0
64 373 627 373 0 627 0 1000 5 7 5 7 4 5 0 0 0 0 0 0 0 0 5 7 5 7 4 5 0 0 0 0 0 0 0 0 5 7 5 7 4 5 0 0 0 0 0 0 0 0 5 7 5 7 4 5 0 0 0 0 0 0 0 0 5 7 5 7 4 5 0 0 0 0 0 0 0 0 5 7 5 7 4 5 0 0 0 0 0 0 0 0
65 343 657 343 30 627 0 1000 5 7 5 7 4 5 81814 1 81814 1 0 0 0 0 5 7 5 7 4 5 81814 1 81814 1 0 0 0 0 5 7 5 7 4 5 81814 1 81814 1 0 0 0 0 5 7 5 7 4 5 81814 1 81814 1 0 0 0 0 5 7 5 7 4 5 81814 1 81814 1 0 0 0 0 5 7 5 7 4 5 81814 1 81814 1 0 0 0 0
66 378 622 378 28 594 0 1000 5 7 5 7 4 5 97970 66 0 0 80290 1 17680 65 5 7 5 7 4 5 97970 66 0 0 80290 1 17680 65 5 7 5 7 4 5 97970 66 0 0 80290 1 17680 65 5 7 5 7 4 5 97970 66 0 0 80290 1 17680 65 5 7 5 7 4 5 97970 66 0 0 80290 1 17680 65 5 7 5 7 4 5 97970 66 0 0 80290 1 17680 65
67 260 740 260 0 740 0 1000 5 7 5 7 4 5 0 0 0 0 0 0 0 0 5 7 5 7 4 5 0 0 0 0 0 0 0 0 5 7 5 7 4 5 0 0 0 0 0 0 0 0 5 7 5 7 4 5 0 0 0 0 0 0 0 0 5 7 5 7 4 5 0 0 0 0 0 0 0 0 5 7 5 7 4 5 0 0 0 0 0 0 0 0
68 204 796 204 56 740 0 1000 5 7 5 7 4 5 0 0 0 0 0 0 0 0 5 7 5 7 4 5 0 0 0 0 0 0 0 0 5 7 5 7 4 5 0 0 0 0 0 0 0 0 5 7 5 7 4 5 0 0 0 0 0 0 0 0 5 7 5 7 4 5 0 0 0 0 0 0 0 0 5 7 5 7 4 5 0 0 0 0 0 0 0 0
69 74 926 74 186 740 0 1000 5 7 5 7 4 5 0 0 0 0 0 0 0 0 5 7 5 7 4 5 0 0 0 0 0 0 0 0 5 7 5 7 4 5 0 0 0 0 0 0 0 0 5 7 5 7 4 5 0 0 0 0 0 0 0 0 5 7 5 7 4 5 0 0 0 0 0 0 0 0 5 7 5 7 4 5 0 0 0 0 0 0 0 0
70 876 124 876 23 101 0 1000 5 7 5 7 4 5 17136 63 0 0 0 0 17136 63 5 7 5 7 4 5 17136 63 0 0 0 0 17136 63 5 7 5 7 4 5 17136 63 0 0 0 0 17136 63 5 7 5 7 4 5 17136 63 0 0 0 0 17136 63 5 7 5 7 4 5 17136 63 0 0 0 0 17136 63 5 7 5 7 4 5 17136 63 0 0 0 0 17136 63
71 166 834 166 0 834 0 1000 5 7 5 7 5 7 0 0 0 0 0 0 0 0 5 7 5 7 5 7 0 0 0 0 0 0 0 0 5 7 5 7 5 7 0 0 0 0 0 0 0 0 5 7 5 7 5 7 0 0 0 0 0 0 0 0 5 7 5 7 5 7 0 0 0 0 0 0 0 0 5 7 5 7 5 7 0 0 0 0 0 0 0 0
72 855 145 855 0 145 0 1000 5 7 5 7 5 7 0 0 0 0 0 0 0 0 5 7 5 7 5 7 0 0 0 0 0 0 0 0 5 7 5 7 5 7 0 0 0 0 0 0 0 0 5 7 5 7 5 7 0 0 0 0 0 0 0 0 5 7 5 7 5 7 0 0 0 0 0 0 0 0 5 7 5 7 5 7 0 0 0 0 0 0 0 0
73 684 316 684 171 145 0 1000 5 7 5 7 5 7 0 0 0 0 0 0 0 0 5 7 5 7 5 7 0 0 0 0 0 0 0 0 5 7 5 7 5 7 0 0 0 0 0 0 0 0 5 7 5 7 5 7 0 0 0 0 0 0 0 0 5 7 5 7 5 7 0 0 0 0 0 0 0 0 5 7 5 7 5 7 0 0 0 0 0 0 0 0
74 711 289 711 154 135 0 1000 5 7 5 7 5 7 5168 19 0 0 0 0 5168 19 5 7 5 7 5 7 5168 19 0 0 0 0 5168 19 5 7 5 7 5 7 5168 19 0 0 0 0 5168 19 5 7 5 7 5 7 5168 19 0 0 0 0 5168 19 5 7 5 7 5 7 5168 19 0 0 0 0 5168 19 5 7 5 7 5 7 5168 19 0 0 0 0 5168 19
75 288 712 288 0 712 0 1000 5 7 5 7 5 7 0 0 0 0 0 0 0 0 5 7 5 7 5 7 0 0 0 0 0 0 0 0 5 7 5 7 5 7 0 0 0 0 0 0 0 0 5 7 5 7 5 7 0 0 0 0 0 0 0 0 5 7 5 7 5 7 0 0 0 0 0 0 0 0 5 7 5 7 5 7 0 0 0 0 0 0 0 0
76 689 311 689 0 311 0 1000 5 7 5 7 5 7 0 0 0 0 0 0 0 0 5 7 5 7 5 7 0 0 0 0 0 0 0 0 5 7 5 7 5 7 0 0 0 0 0 0 0 0 5 7 5 7 5 7 0 0 0 0 0 0 0 0 5 7 5 7 5 7 0 0 0 0 0 0 0 0 5 7 5 7 5 7 0 0 0 0 0 0 0 0
77 35 965 35 654 311 0 1000 5 7 5 7 5 7 81047 1 81047 1 0 0 0 0 5 7 5 7 5 7 81047 1 81047 1 0 0 0 0 5 7 5 7 5 7 81047 1 81047 1 0 0 0 0 5 7 5 7 5 7 81047 1 81047 1 0 0 0 0 5 7 5 7 5 7 81047 1 81047 1 0 0 0 0 5 7 5 7 5 7 81047 1 81047 1 0 0 0 0
78 844 156 844 102 54 0 1000 5 7 5 7 5 7 88995 33 0 0 80291 1 8704 32 5 7 5 7 5 7 88995 33 0 0 80291 1 8704 32 5 7 5 7 5 7 88995 33 0 0 80291 1 8704 32 5 7 5 7 5 7 88995 33 0 0 80291 1 8704 32 5 7 5 7 5 7 88995 33 0 0 80291 1 8704 32 5 7 5 7 5 7 88995 33 0 0 80291 1 8704 32
79 139 861 139 0 861 0 1000 6 9 5 7 6 9 0 0 0 0 0 0 0 0 6 9 5 7 6 9 0 0 0 0 0 0 0 0 5 7 5 7 5 7 0 0 0 0 0 0 0 0 6 9 5 7 6 9 0 0 0 0 0 0 0 0 6 9 5 7 6 9 0 0 0 0 0 0 0 0 6 9 5 7 6 9 0 0 0 0 0 0 0 0
80 236 764 236 0 764 0 1000 6 9 5 7 6 9 0 0 0 0 0 0 0 0 6 9 5 7 6 9 0 0 0 0 0 0 0 0 5 7 5 7 5 7 0 0 0 0 0 0 0 0 6 9 5 7 6 9 0 0 0 0 0 0 0 0 6 9 5 7 6 9 0 0 0 0 0 0 0 0 6 9 5 7 6 9 0 0 0 0 0 0 0 0
81 487 513 487 0 513 0 1000 6 9 5 7 6 9 162926 2 162926 2 0 0 0 0 6 9 5 7 6 9 162926 2 162926 2 0 0 0 0 5 7 5 7 5 7 162926 2 162926 2 0 0 0 0 6 9 5 7 6 9 162926 2 162926 2 0 0 0 0 6 9 5 7 6 9 162926 2 162926 2 0 0 0 0 6 9 5 7 6 9 162926 2 162926 2 0 0 0 0
82 588 412 588 0 412 0 1000 6 9 5 7 6 9 92803 47 0 0 80291 1 12512 46 6 9 5 7 6 9 92803 47 0 0 80291 1 12512 46 5 7 5 7 5 7 92803 47 0 0 80291 1 12512 46 6 9 5 7 6 9 92803 47 0 0 80291 1 12512 46 6 9 5 7 6 9 92803 47 0 0 80291 1 12512 46 6 9 5 7 6 9 92803 47 0 0 80291 1 12512 46
83 772 228 772 0 228 0 1000 7 10 5 7 7 10 0 0 0 0 0 0 0 0 7 10 5 7 7 10 0 0 0 0 0 0 0 0 5 7 5 7 5 7 0 0 0 0 0 0 0 0 7 10 5 7 7 10 0 0 0 0 0 0 0 0 6 9 5 7 6 9 0 0 0 0 0 0 0 0 7 10 5 7 7 10 0 0 0 0 0 0 0 0
84 40 960 40 732 228 0 1000 7 10 5 7 7 10 0 0 0 0 0 0 0 0 7 10 5 7 7 10 0 0 0 0 0 0 0 0 5 7 5 7 5 7 0 0 0 0 0 0 0 0 7 10 5 7 7 10 0 0 0 0 0 0 0 0 6 9 5 7 6 9 0 0 0 0 0 0 0 0 7 10 5 7 7 10 0 0 0 0 0 0 0 0
85 536 464 536 348 116 0 1000 7 10 5 7 7 10 0 0 0 0 0 0 0 0 7 10 5 7 7 10 0 0 0 0 0 0 0 0 5 7 5 7 5 7 0 0 0 0 0 0 0 0 7 10 5 7 7 10 0 0 0 0 0 0 0 0 6 9 5 7 6 9 0 0 0 0 0 0 0 0 7 10 5 7 7 10 0 0 0 0 0 0 0 0
86 164 836 164 720 116 0 1000 7 10 5 7 7 10 4080 15 0 0 0 0 4080 15 7 10 5 7 7 10 4080 15 0 0 0 0 4080 15 5 7 5 7 5 7 4080 15 0 0 0 0 4080 15 7 10 5 7 7 10 4080 15 0 0 0 0 4080 15 6 9 5 7 6 9 4080 15 0 0 0 0 4080 15 7 10 5 7 7 10 4080 15 0 0 0 0 4080 15
87 546 454 546 0 454 0 1000 7 10 5 7 7 10 0 0 0 0 0 0 0 0 7 10 5 7 7 10 0 0 0 0 0 0 0 0 7 10 5 7 7 10 0 0 0 0 0 0 0 0 7 10 5 7 7 10 0 0 0 0 0 0 0 0 7 10 5 7 7 10 0 0 0 0 0 0 0 0 7 10 5 7 7 10 0 0 0 0 0 0 0 0
88 217 783 217 329 454 0 1000 7 10 5 7 7 10 0 0 0 0 0 0 0 0 7 10 5 7 7 10 0 0 0 0 0 0 0 0 7 10 5 7 7 10 0 0 0 0 0 0 0 0 7 10 5 7 7 10 0 0 0 0 0 0 0 0 7 10 5 7 7 10 0 0 0 0 0 0 0 0 7 10 5 7 7 10 0 0 0 0 0 0 0 0
89 180 820 180 366 454 0 1000 7 10 5 7 7 10 0 0 0 0 0 0 0 0 7 10 5 7 7 10 0 0 0 0 0 0 0 0 7 10 5 7 7 10 0 0 0 0 0 0 0 0 7 10 5 7 7 10 0 0 0 0 0 0 0 0 7 10 5 7 7 10 0 0 0 0 0 0 0 0 7 10 5 7 7 10 0 0 0 0 0 0 0 0
90 740 260 740 123 137 0 1000 7 10 5 7 7 10 13056 48 0 0 0 0 13056 48 7 10 5 7 7 10 13056 48 0 0 0 0 13056 48 7 10 5 7 7 10 13056 48 0 0 0 0 13056 48 7 10 5 7 7 10 13056 48 0 0 0 0 13056 48 7 10 5 7 7 10 13056 48 0 0 0 0 13056 48 7 10 5 7 7 10 13056 48 0 0 0 0 13056 48
91 267 733 267 0 733 0 1000 7 10 5 7 7 10 0 0 0 0 0 0 0 0 7 10 5 7 7 10 0 0 0 0 0 0 0 0 7 10 5 7 7 10 0 0 0 0 0 0 0 0 7 10 5 7 7 10 0 0 0 0 0 0 0 0 7 10 5 7 7 10 0 0 0 0 0 0 0 0 7 10 5 7 7 10 0 0 0 0 0 0 0 0
92 190 810 190 77 733 0 1000 7 10 5 7 7 10 0 0 0 0 0 0 0 0 7 10 5 7 7 10 0 0 0 0 0 0 0 0 7 10 5 7 7 10 0 0 0 0 0 0 0 0 7 10 5 7 7 10 0 0 0 0 0 0 0 0 7 10 5 7 7 10 0 0 0 0 0 0 0 0 7 10 5 7 7 10 0 0 0 0 0 0 0 0
93 221 779 221 74 705 0 1000 7 10 5 7 7 10 81975 1 81975 1 0 0 0 0 7 10 5 7 7 10 81975 1 81975 1 0 0 0 0 7 10 5 7 7 10 81975 1 81975 1 0 0 0 0 7 10 5 7 7 10 81975 1 81975 1 0 0 0 0 7 10 5 7 7 10 81975 1 81975 1 0 0 0 0 7 10 5 7 7 10 81975 1 81975 1 0 0 0 0
94 268 732 268 69 663 0 1000 7 10 5 7 7 10 99875 73 0 0 80291 1 19584 72 7 10 5 7 7 10 99875 73 0 0 80291 1 19584 72 7 10 5 7 7 10 99875 73 0 0 80291 1 19584 72 7 10 5 7 7 10 99875 73 0 0 80291 1 19584 72 7 10 5 7 7 10 99875 73 0 0 80291 1 19584 72 7 10 5 7 7 10 99875 73 0 0 80291 1 19584 72
95 644 356 644 0 356 0 1000 7 10 5 7 7 10 0 0 0 0 0 0 0 0 7 10 5 7 7 10 0 0 0 0 0 0 0 0 7 10 5 7 7 10 0 0 0 0 0 0 0 0 7 10 5 7 7 10 0 0 0 0 0 0 0 0 7 10 5 7 7 10 0 0 0 0 0 0 0 0 7 10 5 7 7 10 0 0 0 0 0 0 0 0
96 366 634 366 278 356 0 1000 7 10 5 7 7 10 0 0 0 0 0 0 0 0 7 10 5 7 7 10 0 0 0 0 0 0 0 0 7 10 5 7 7 10 0 0 0 0 0 0 0 0 7 10 5 7 7 10 0 0 0 0 0 0 0 0 7 10 5 7 7 10 0 0 0 0 0 0 0 0 7 10 5 7 7 10 0 0 0 0 0 0 0 0
97 300 700 300 344 356 0 1000 7 10 5 7 7 10 82743 1 82743 1 0 0 0 0 7 10 5 7 7 10 82743 1 82743 1 0 0 0 0 7 10 5 7 7 10 82743 1 82743 1 0 0 0 0 7 10 5 7 7 10 82743 1 82743 1 0 0 0 0 7 10 5 7 7 10 82743 1 82743 1 0 0 0 0 7 10 5 7 7 10 82743 1 82743 1 0 0 0 0
98 96 904 96 548 356 0 1000 7 10 5 7 7 10 90083 37 0 0 80291 1 9792 36 7 10 5 7 7 10 90083 37 0 0 80291 1 9792 36 7 10 5 7 7 10 90083 37 0 0 80291 1 9792 36 7 10 5 7 7 10 90083 37 0 0 80291 1 9792 36 7 10 5 7 7 10 90083 37 0 0 80291 1 9792 36 7 10 5 7 7 10 90083 37 0 0 80291 1 9792 36
99 41 959 41 0 959 0 1000 7 10 5 7 7 10 0 0 0 0 0 0 0 0 7 10 5 7 7 10 0 0 0 0 0 0 0 0 7 10 5 7 7 10 0 0 0 0 0 0 0 0 7 10 5 7 7 10 0 0 0 0 0 0 0 0 7 10 5 7 7 10 0 0 0 0 0 0 0 0 7 10 5 7 7 10 0 0 0 0 0 0 0 0
100 359 641 359 0 641 0 1000 7 10 5 7 7 10 0 0 0 0 0 0 0 0 7 10 5 7 7 10 0 0 0 0 0 0 0 0 7 10 5 7 7 10 0 0 0 0 0 0 0 0 7 10 5 7 7 10 0 0 0 0 0 0 0 0 7 10 5 7 7 10 0 0 0 0 0 0 0 0 7 10 5 7 7 10 0 0 0 0 0 0 0 0
101 289 711 289 70 641 0 1000 7 10 5 7 7 10 81591 1 81591 1 0 0 0 0 7 10 5 7 7 10 81591 1 81591 1 0 0 0 0 7 10 5 7 7 10 81591 1 81591 1 0 0 0 0 7 10 5 7 7 10 81591 1 81591 1 0 0 0 0 7 10 5 7 7 10 81591 1 81591 1 0 0 0 0 7 10 5 7 7 10 81591 1 81591 1 0 0 0 0
102 626 374 626 35 339 0 1000 7 10 5 7 7 10 96339 60 0 0 80291 1 16048 59 7 10 5 7 7 10 96339 60 0 0 80291 1 16048 59 7 10 5 7 7 10 96339 60 0 0 80291 1 16048 59 7 10 5 7 7 10 96339 60 0 0 80291 1 16048 59 7 10 5 7 7 10 96339 60 0 0 80291 1 16048 59 7 10 5 7 7 10 96339 60 0 0 80291 1 16048 59
103 306 694 306 0 694 0 1000 7 10 5 7 7 10 0 0 0 0 0 0 0 0 7 10 5 7 7 10 0 0 0 0 0 0 0 0 7 10 5 7 7 10 0 0 0 0 0 0 0 0 7 10 5 7 7 10 0 0 0 0 0 0 0 0 7 10 5 7 7 10 0 0 0 0 0 0 0 0 7 10 5 7 7 10 0 0 0 0 0 0 0 0
104 230 770 230 76 694 0 1000 7 10 5 7 7 10 0 0 0 0 0 0 0 0 7 10 5 7 7 10 0 0 0 0 0 0 0 0 7 10 5 7 7 10 0 0 0 0 0 0 0 0 7 10 5 7 7 10 0 0 0 0 0 0 0 0 7 10 5 7 7 10 0 0 0 0 0 0 0 0 7 10 5 7 7 10 0 0 0 0 0 0 0 0
105 51 949 51 255 694 0 1000 7 10 5 7 7 10 164653 2 164653 2 0 0 0 0 7 10 5 7 7 10 164653 2 164653 2 0 0 0 0 7 10 5 7 7 10 164653 2 164653 2 0 0 0 0 7 10 5 7 7 10 164653 2 164653 2 0 0 0 0 7 10 5 7 7 10 164653 2 164653 2 0 0 0 0 7 10 5 7 7 10 164653 2 164653 2 0 0 0 0
106 235 765 235 191 574 0 1000 7 10 5 7 7 10 94707 54 0 0 80291 1 14416 53 7 10 5 7 7 10 94707 54 0 0 80291 1 14416 53 7 10 5 7 7 10 94707 54 0 0 80291 1 14416 53 7 10 5 7 7 10 94707 54 0 0 80291 1 14416 53 7 10 5 7 7 10 94707 54 0 0 80291 1 14416 53 7 10 5 7 7 10 94707 54 0 0 80291 1 14416 53
107 470 530 470 0 530 0 1000 8 16 5 7 8 16 0 0 0 0 0 0 0 0 7 10 5 7 7 10 0 0 0 0 0 0 0 0 8 16 5 7 8 16 0 0 0 0 0 0 0 0 8 16 5 7 8 16 0 0 0 0 0 0 0 0 7 10 5 7 7 10 0 0 0 0 0 0 0 0 8 16 5 7 8 16 0 0 0 0 0 0 0 0
108 202 798 202 268 530 0 1000 8 16 5 7 8 16 0 0 0 0 0 0 0 0 7 10 5 7 7 10 0 0 0 0 0 0 0 0 8 16 5 7 8 16 0 0 0 0 0 0 0 0 8 16 5 7 8 16 0 0 0 0 0 0 0 0 7 10 5 7 7 10 0 0 0 0 0 0 0 0 8 16 5 7 8 16 0 0 0 0 0 0 0 0
109 401 599 401 198 401 0 1000 8 16 5 7 8 16 0 0 0 0 0 0 0 0 7 10 5 7 7 10 0 0 0 0 0 0 0 0 8 16 5 7 8 16 0 0 0 0 0 0 0 0 8 16 5 7 8 16 0 0 0 0 0 0 0 0 7 10 5 7 7 10 0 0 0 0 0 0 0 0 8 16 5 7 8 16 0 0 0 0 0 0 0 0
110 823 177 823 57 120 0 1000 8 16 5 7 8 16 11152 41 0 0 0 0 11152 41 7 10 5 7 7 10 11152 41 0 0 0 0 11152 41 8 16 5 7 8 16 11152 41 0 0 0 0 11152 41 8 16 5 7 8 16 11152 41 0 0 0 0 11152 41 7 10 5 7 7 10 11152 41 0 0 0 0 11152 41 8 16 5 7 8 16 11152 41 0 0 0 0 11152 41
111 117 883 117 0 883 0 1000 8 16 5 7 8 16 0 0 0 0 0 0 0 0 8 16 5 7 8 16 0 0 0 0 0 0 0 0 8 16 5 7 8 16 0 0 0 0 0 0 0 0 8 16 5 7 8 16 0 0 0 0 0 0 0 0 8 16 5 7 8 16 0 0 0 0 0 0 0 0 8 16 5 7 8 16 0 0 0 0 0 0 0 0
112 218 782 218 0 782 0 1000 8 16 5 7 8 16 0 0 0 0 0 0 0 0 8 16 5 7 8 16 0 0 0 0 0 0 0 0 8 16 5 7 8 16 0 0 0 0 0 0 0 0 8 16 5 7 8 16 0 0 0 0 0 0 0 0 8 16 5 7 8 16 0 0 0 0 0 0 0 0 8 16 5 7 8 16 0 0 0 0 0 0 0 0
113 253 747 253 0 747 0 1000 8 16 5 7 8 16 0 0 0 0 0 0 0 0 8 16 5 7 8 16 0 0 0 0 0 0 0 0 8 16 5 7 8 16 0 0 0 0 0 0 0 0 8 16 5 7 8 16 0 0 0 0 0 0 0 0 8 16 5 7 8 16 0 0 0 0 0 0 0 0 8 16 5 7 8 16 0 0 0 0 0 0 0 0
114 202 798 202 51 747 0 1000 14 26 14 26 8 16 20672 76 0 0 0 0 20672 76 14 26 14 26 8 16 20672 76 0 0 0 0 20672 76 8 16 5 7 8 16 20672 76 0 0 0 0 20672 76 14 26 14 26 8 16 20672 76 0 0 0 0 20672 76 14 26 14 26 8 16 20672 76 0 0 0 0 20672 76 14 26 14 26 8 16 20672 76 0 0 0 0 20672 76
115 383 617 383 0 617 0 1000 14 26 14 26 8 16 0 0 0 0 0 0 0 0 14 26 14 26 8 16 0 0 0 0 0 0 0 0 8 16 5 7 8 16 0 0 0 0 0 0 0 0 14 26 14 26 8 16 0 0 0 0 0 0 0 0 14 26 14 26 8 16 0 0 0 0 0 0 0 0 14 26 14 26 8 16 0 0 0 0 0 0 0 0
116 367 633 367 16 617 0 1000 14 26 14 26 8 16 0 0 0 0 0 0 0 0 14 26 14 26 8 16 0 0 0 0 0 0 0 0 8 16 5 7 8 16 0 0 0 0 0 0 0 0 14 26 14 26 8 16 0 0 0 0 0 0 0 0 14 26 14 26 8 16 0 0 0 0 0 0 0 0 14 26 14 26 8 16 0 0 0 0 0 0 0 0
117 828 172 828 4 168 0 1000 14 26 14 26 8 16 0 0 0 0 0 0 0 0 14 26 14 26 8 16 0 0 0 0 0 0 0 0 8 16 5 7 8 16 0 0 0 0 0 0 0 0 14 26 14 26 8 16 0 0 0 0 0 0 0 0 14 26 14 26 8 16 0 0 0 0 0 0 0 0 14 26 14 26 8 16 0 0 0 0 0 0 0 0
118 796 204 796 36 168 0 1000 14 26 14 26 8 16 4080 15 0 0 0 0 4080 15 14 26 14 26 8 16 4080 15 0 0 0 0 4080 15 8 16 5 7 8 16 4080 15 0 0 0 0 4080 15 14 26 14 26 8 16 4080 15 0 0 0 0 4080 15 14 26 14 26 8 16 4080 15 0 0 0 0 4080 15 14 26 14 26 8 16 4080 15 0 0 0 0 4080 15
119 835 165 835 0 165 0 1000 14 26 14 26 8 16 0 0 0 0 0 0 0 0 14 26 14 26 9 19 0 0 0 0 0 0 0 0 9 19 5 7 9 19 0 0 0 0 0 0 0 0 14 26 14 26 8 16 0 0 0 0 0 0 0 0 14 26 14 26 8 16 0 0 0 0 0 0 0 0 14 26 14 26 9 19 0 0 0 0 0 0 0 0
120 226 774 226 609 165 0 1000 14 26 14 26 8 16 0 0 0 0 0 0 0 0 14 26 14 26 9 19 0 0 0 0 0 0 0 0 9 19 5 7 9 19 0 0 0 0 0 0 0 0 14 26 14 26 8 16 0 0 0 0 0 0 0 0 14 26 14 26 8 16 0 0 0 0 0 0 0 0 14 26 14 26 9 19 0 0 0 0 0 0 0 0
121 85 915 85 750 165 0 1000 14 26 14 26 8 16 0 0 0 0 0 0 0 0 14 26 14 26 9 19 0 0 0 0 0 0 0 0 9 19 5 7 9 19 0 0 0 0 0 0 0 0 14 26 14 26 8 16 0 0 0 0 0 0 0 0 14 26 14 26 8 16 0 0 0 0 0 0 0 0 14 26 14 26 9 19 0 0 0 0 0 0 0 0
122 211 789 211 648 141 0 1000 14 26 14 26 8 16 5440 20 0 0 0 0 5440 20 14 26 14 26 9 19 5440 20 0 0 0 0 5440 20 9 19 5 7 9 19 5440 20 0 0 0 0 5440 20 14 26 14 26 8 16 5440 20 0 0 0 0 5440 20 14 26 14 26 8 16 5440 20 0 0 0 0 5440 20 14 26 14 26 9 19 5440 20 0 0 0 0 5440 20
123 333 667 333 0 667 0 1000 14 26 14 26 8 16 0 0 0 0 0 0 0 0 14 26 14 26 10 20 0 0 0 0 0 0 0 0 10 20 5 7 10 20 0 0 0 0 0 0 0 0 14 26 14 26 8 16 0 0 0 0 0 0 0 0 14 26 14 26 10 20 0 0 0 0 0 0 0 0 14 26 14 26 10 20 0 0 0 0 0 0 0 0
124 289 711 289 44 667 0 1000 14 26 14 26 8 16 0 0 0 0 0 0 0 0 14 26 14 26 10 20 0 0 0 0 0 0 0 0 10 20 5 7 10 20 0 0 0 0 0 0 0 0 14 26 14 26 8 16 0 0 0 0 0 0 0 0 14 26 14 26 10 20 0 0 0 0 0 0 0 0 14 26 14 26 10 20 0 0 0 0 0 0 0 0
125 435 565 435 37 528 0 1000 14 26 14 26 8 16 0 0 0 0 0 0 0 0 14 26 14 26 10 20 0 0 0 0 0 0 0 0 10 20 5 7 10 20 0 0 0 0 0 0 0 0 14 26 14 26 8 16 0 0 0 0 0 0 0 0 14 26 14 26 10 20 0 0 0 0 0 0 0 0 14 26 14 26 10 20 0 0 0 0 0 0 0 0
126 807 193 807 13 180 0 1000 14 26 14 26 8 16 16048 59 0 0 0 0 16048 59 14 26 14 26 10 20 16048 59 0 0 0 0 16048 59 10 20 5 7 10 20 16048 59 0 0 0 0 16048 59 14 26 14 26 8 16 16048 59 0 0 0 0 16048 59 14 26 14 26 10 20 16048 59 0 0 0 0 16048 59 14 26 14 26 10 20 16048 59 0 0 0 0 16048 59
127 415 585 415 0 585 0 1000 14 26 14 26 10 20 0 0 0 0 0 0 0 0 14 26 14 26 10 20 0 0 0 0 0 0 0 0 10 20 5 7 10 20 0 0 0 0 0 0 0 0 14 26 14 26 10 20 0 0 0 0 0 0 0 0 14 26 14 26 10 20 0 0 0 0 0 0 0 0 14 26 14 26 10 20 0 0 0 0 0 0 0 0
128 848 152 848 0 152 0 1000 14 26 14 26 10 20 0 0 0 0 0 0 0 0 14 26 14 26 10 20 0 0 0 0 0 0 0 0 10 20 5 7 10 20 0 0 0 0 0 0 0 0 14 26 14 26 10 20 0 0 0 0 0 0 0 0 14 26 14 26 10 20 0 0 0 0 0 0 0 0 14 26 14 26 10 20 0 0 0 0 0 0 0 0
129 239 761 239 609 152 0 1000 14 26 14 26 10 20 0 0 0 0 0 0 0 0 14 26 14 26 10 20 0 0 0 0 0 0 0 0 10 20 5 7 10 20 0 0 0 0 0 0 0 0 14 26 14 26 10 20 0 0 0 0 0 0 0 0 14 26 14 26 10 20 0 0 0 0 0 0 0 0 14 26 14 26 10 20 0 0 0 0 0 0 0 0
130 320 680 320 551 129 0 1000 14 26 14 26 10 20 4624 17 0 0 0 0 4624 17 14 26 14 26 10 20 4624 17 0 0 0 0 4624 17 10 20 5 7 10 20 4624 17 0 0 0 0 4624 17 14 26 14 26 10 20 4624 17 0 0 0 0 4624 17 14 26 14 26 10 20 4624 17 0 0 0 0 4624 17 14 26 14 26 10 20 4624 17 0 0 0 0 4624 17
131 252 748 252 0 748 0 1000 14 26 14 26 10 20 0 0 0 0 0 0 0 0 14 26 14 26 10 20 0 0 0 0 0 0 0 0 10 20 5 7 10 20 0 0 0 0 0 0 0 0 14 26 14 26 10 20 0 0 0 0 0 0 0 0 14 26 14 26 10 20 0 0 0 0 0 0 0 0 14 26 14 26 10 20 0 0 0 0 0 0 0 0
132 732 268 732 0 268 0 1000 14 26 14 26 10 20 0 0 0 0 0 0 0 0 14 26 14 26 10 20 0 0 0 0 0 0 0 0 10 20 5 7 10 20 0 0 0 0 0 0 0 0 14 26 14 26 10 20 0 0 0 0 0 0 0 0 14 26 14 26 10 20 0 0 0 0 0 0 0 0 14 26 14 26 10 20 0 0 0 0 0 0 0 0
133 888 112 888 0 112 0 1000 14 26 14 26 10 20 0 0 0 0 0 0 0 0 14 26 14 26 10 20 0 0 0 0 0 0 0 0 10 20 5 7 10 20 0 0 0 0 0 0 0 0 14 26 14 26 10 20 0 0 0 0 0 0 0 0 14 26 14 26 10 20 0 0 0 0 0 0 0 0 14 26 14 26 10 20 0 0 0 0 0 0 0 0
134 440 560 440 448 112 0 1000 14 26 14 26 10 20 3808 14 0 0 0 0 3808 14 14 26 14 26 10 20 3808 14 0 0 0 0 3808 14 10 20 5 7 10 20 3808 14 0 0 0 0 3808 14 14 26 14 26 10 20 3808 14 0 0 0 0 3808 14 14 26 14 26 10 20 3808 14 0 0 0 0 3808 14 14 26 14 26 10 20 3808 14 0 0 0 0 3808 14
135 590 410 590 0 410 0 1000 14 26 14 26 11 23 0 0 0 0 0 0 0 0 14 26 14 26 10 20 0 0 0 0 0 0 0 0 11 23 5 7 11 23 0 0 0 0 0 0 0 0 14 26 14 26 10 20 0 0 0 0 0 0 0 0 14 26 14 26 10 20 0 0 0 0 0 0 0 0 14 26 14 26 11 23 0 0 0 0 0 0 0 0
136 1 999 1 589 410 0 1000 14 26 14 26 11 23 0 0 0 0 0 0 0 0 14 26 14 26 10 20 0 0 0 0 0 0 0 0 11 23 5 7 11 23 0 0 0 0 0 0 0 0 14 26 14 26 10 20 0 0 0 0 0 0 0 0 14 26 14 26 10 20 0 0 0 0 0 0 0 0 14 26 14 26 11 23 0 0 0 0 0 0 0 0
137 336 664 336 394 270 0 1000 14 26 14 26 11 23 80887 1 80887 1 0 0 0 0 14 26 14 26 10 20 80887 1 80887 1 0 0 0 0 11 23 5 7 11 23 80887 1 80887 1 0 0 0 0 14 26 14 26 10 20 80887 1 80887 1 0 0 0 0 14 26 14 26 10 20 80887 1 80887 1 0 0 0 0 14 26 14 26 11 23 80887 1 80887 1 0 0 0 0
138 458 542 458 323 219 0 1000 14 26 14 26 11 23 86547 24 0 0 80291 1 6256 23 14 26 14 26 10 20 86547 24 0 0 80291 1 6256 23 11 23 5 7 11 23 86547 24 0 0 80291 1 6256 23 14 26 14 26 10 20 86547 24 0 0 80291 1 6256 23 14 26 14 26 10 20 86547 24 0 0 80291 1 6256 23 14 26 14 26 11 23 86547 24 0 0 80291 1 6256 23
139 700 300 700 0 300 0 1000 14 26 14 26 12 24 0 0 0 0 0 0 0 0 14 26 14 26 12 24 0 0 0 0 0 0 0 0 11 23 5 7 11 23 0 0 0 0 0 0 0 0 14 26 14 26 10 20 0 0 0 0 0 0 0 0 14 26 14 26 10 20 0 0 0 0 0 0 0 0 14 26 14 26 12 24 0 0 0 0 0 0 0 0
140 692 308 692 8 300 0 1000 14 26 14 26 12 24 0 0 0 0 0 0 0 0 14 26 14 26 12 24 0 0 0 0 0 0 0 0 11 23 5 7 11 23 0 0 0 0 0 0 0 0 14 26 14 26 10 20 0 0 0 0 0 0 0 0 14 26 14 26 10 20 0 0 0 0 0 0 0 0 14 26 14 26 12 24 0 0 0 0 0 0 0 0
141 296 704 296 404 300 0 1000 14 26 14 26 12 24 0 0 0 0 0 0 0 0 14 26 14 26 12 24 0 0 0 0 0 0 0 0 11 23 5 7 11 23 0 0 0 0 0 0 0 0 14 26 14 26 10 20 0 0 0 0 0 0 0 0 14 26 14 26 10 20 0 0 0 0 0 0 0 0 14 26 14 26 12 24 0 0 0 0 0 0 0 0
142 815 185 815 108 77 0 1000 14 26 14 26 12 24 8160 30 0 0 0 0 8160 30 14 26 14 26 12 24 8160 30 0 0 0 0 8160 30 11 23 5 7 11 23 8160 30 0 0 0 0 8160 30 14 26 14 26 10 20 8160 30 0 0 0 0 8160 30 14 26 14 26 10 20 8160 30 0 0 0 0 8160 30 14 26 14 26 12 24 8160 30 0 0 0 0 8160 30
143 787 213 787 0 213 0 1000 14 26 14 26 13 25 0 0 0 0 0 0 0 0 14 26 14 26 12 24 0 0 0 0 0 0 0 0 11 23 5 7 11 23 0 0 0 0 0 0 0 0 14 26 14 26 10 20 0 0 0 0 0 0 0 0 14 26 14 26 13 25 0 0 0 0 0 0 0 0 14 26 14 26 13 25 0 0 0 0 0 0 0 0
144 155 845 155 632 213 0 1000 14 26 14 26 13 25 0 0 0 0 0 0 0 0 14 26 14 26 12 24 0 0 0 0 0 0 0 0 11 23 5 7 11 23 0 0 0 0 0 0 0 0 14 26 14 26 10 20 0 0 0 0 0 0 0 0 14 26 14 26 13 25 0 0 0 0 0 0 0 0 14 26 14 26 13 25 0 0 0 0 0 0 0 0
145 122 878 122 665 213 0 1000 14 26 14 26 13 25 81399 1 81399 1 0 0 0 0 14 26 14 26 12 24 81399 1 81399 1 0 0 0 0 11 23 5 7 11 23 81399 1 81399 1 0 0 0 0 14 26 14 26 10 20 81399 1 81399 1 0 0 0 0 14 26 14 26 13 25 81399 1 81399 1 0 0 0 0 14 26 14 26 13 25 81399 1 81399 1 0 0 0 0
146 79 921 79 708 213 0 1000 14 26 14 26 13 25 87635 28 0 0 80291 1 7344 27 14 26 14 26 12 24 87635 28 0 0 80291 1 7344 27 11 23 5 7 11 23 87635 28 0 0 80291 1 7344 27 14 26 14 26 10 20 87635 28 0 0 80291 1 7344 27 14 26 14 26 13 25 87635 28 0 0 80291 1 7344 27 14 26 14 26 13 25 87635 28 0 0 80291 1 7344 27
147 853 147 853 0 147 0 1000 14 26 14 26 13 25 0 0 0 0 0 0 0 0 14 26 14 26 14 26 0 0 0 0 0 0 0 0 11 23 5 7 11 23 0 0 0 0 0 0 0 0 14 26 14 26 10 20 0 0 0 0 0 0 0 0 14 26 14 26 13 25 0 0 0 0 0 0 0 0 14 26 14 26 14 26 0 0 0 0 0 0 0 0
148 392 608 392 461 147 0 1000 14 26 14 26 13 25 0 0 0 0 0 0 0 0 14 26 14 26 14 26 0 0 0 0 0 0 0 0 11 23 5 7 11 23 0 0 0 0 0 0 0 0 14 26 14 26 10 20 0 0 0 0 0 0 0 0 14 26 14 26 13 25 0 0 0 0 0 0 0 0 14 26 14 26 14 26 0 0 0 0 0 0 0 0
149 204 796 204 649 147 0 1000 14 26 14 26 13 25 0 0 0 0 0 0 0 0 14 26 14 26 14 26 0 0 0 0 0 0 0 0 11 23 5 7 11 23 0 0 0 0 0 0 0 0 14 26 14 26 10 20 0 0 0 0 0 0 0 0 14 26 14 26 13 25 0 0 0 0 0 0 0 0 14 26 14 26 14 26 0 0 0 0 0 0 0 0
150 800 200 800 159 41 0 1000 14 26 14 26 13 25 2448 9 0 0 0 0 2448 9 14 26 14 26 14 26 2448 9 0 0 0 0 2448 9 11 23 5 7 11 23 2448 9 0 0 0 0 2448 9 14 26 14 26 10 20 2448 9 0 0 0 0 2448 9 14 26 14 26 13 25 2448 9 0 0 0 0 2448 9 14 26 14 26 14 26 2448 9 0 0 0 0 2448 9
151 414 586 414 0 586 0 1000 14 26 14 26 14 26 0 0 0 0 0 0 0 0 14 26 14 26 14 26 0 0 0 0 0 0 0 0 14 26 5 7 14 26 0 0 0 0 0 0 0 0 14 26 14 26 10 20 0 0 0 0 0 0 0 0 14 26 14 26 13 25 0 0 0 0 0 0 0 0 14 26 14 26 14 26 0 0 0 0 0 0 0 0
152 779 221 779 0 221 0 1000 14 26 14 26 14 26 0 0 0 0 0 0 0 0 14 26 14 26 14 26 0 0 0 0 0 0 0 0 14 26 5 7 14 26 0 0 0 0 0 0 0 0 14 26 14 26 10 20 0 0 0 0 0 0 0 0 14 26 14 26 13 25 0 0 0 0 0 0 0 0 14 26 14 26 14 26 0 0 0 0 0 0 0 0
153 793 207 793 0 207 0 1000 14 26 14 26 14 26 0 0 0 0 0 0 0 0 14 26 14 26 14 26 0 0 0 0 0 0 0 0 14 26 5 7 14 26 0 0 0 0 0 0 0 0 14 26 14 26 10 20 0 0 0 0 0 0 0 0 14 26 14 26 13 25 0 0 0 0 0 0 0 0 14 26 14 26 14 26 0 0 0 0 0 0 0 0
154 499 501 499 294 207 0 1000 14 26 14 26 14 26 3264 12 0 0 0 0 3264 12 14 26 14 26 14 26 3264 12 0 0 0 0 3264 12 14 26 5 7 14 26 3264 12 0 0 0 0 3264 12 14 26 14 26 10 20 3264 12 0 0 0 0 3264 12 14 26 14 26 13 25 3264 12 0 0 0 0 3264 12 14 26 14 26 14 26 3264 12 0 0 0 0 3264 12
155 227 773 227 0 773 0 1000 14 26 14 26 14 26 0 0 0 0 0 0 0 0 14 26 14 26 14 26 0 0 0 0 0 0 0 0 14 26 5 7 14 26 0 0 0 0 0 0 0 0 14 26 14 26 14 26 0 0 0 0 0 0 0 0 14 26 14 26 13 25 0 0 0 0 0 0 0 0 14 26 14 26 14 26 0 0 0 0 0 0 0 0
156 739 261 739 0 261 0 1000 14 26 14 26 14 26 0 0 0 0 0 0 0 0 14 26 14 26 14 26 0 0 0 0 0 0 0 0 14 26 5 7 14 26 0 0 0 0 0 0 0 0 14 26 14 26 14 26 0 0 0 0 0 0 0 0 14 26 14 26 13 25 0 0 0 0 0 0 0 0 14 26 14 26 14 26 0 0 0 0 0 0 0 0
157 383 617 383 356 261 0 1000 14 26 14 26 14 26 0 0 0 0 0 0 0 0 14 26 14 26 14 26 0 0 0 0 0 0 0 0 14 26 5 7 14 26 0 0 0 0 0 0 0 0 14 26 14 26 14 26 0 0 0 0 0 0 0 0 14 26 14 26 13 25 0 0 0 0 0 0 0 0 14 26 14 26 14 26 0 0 0 0 0 0 0 0
158 736 264 736 147 117 0 1000 14 26 14 26 14 26 6528 24 0 0 0 0 6528 24 14 26 14 26 14 26 6528 24 0 0 0 0 6528 24 14 26 5 7 14 26 6528 24 0 0 0 0 6528 24 14 26 14 26 14 26 6528 24 0 0 0 0 6528 24 14 26 14 26 13 25 6528 24 0 0 0 0 6528 24 14 26 14 26 14 26 6528 24 0 0 0 0 6528 24
159 748 252 748 0 252 0 1000 14 26 14 26 14 26 0 0 0 0 0 0 0 0 14 26 14 26 14 26 0 0 0 0 0 0 0 0 14 26 5 7 14 26 0 0 0 0 0 0 0 0 14 26 14 26 14 26 0 0 0 0 0 0 0 0 14 26 14 26 13 25 0 0 0 0 0 0 0 0 14 26 14 26 14 26 0 0 0 0 0 0 0 0
160 157 843 157 591 252 0 1000 14 26 14 26 14 26 0 0 0 0 0 0 0 0 14 26 14 26 14 26 0 0 0 0 0 0 0 0 14 26 5 7 14 26 0 0 0 0 0 0 0 0 14 26 14 26 14 26 0 0 0 0 0 0 0 0 14 26 14 26 13 25 0 0 0 0 0 0 0 0 14 26 14 26 14 26 0 0 0 0 0 0 0 0
161 619 381 619 260 121 0 1000 14 26 14 26 14 26 81207 1 81207 1 0 0 0 0 14 26 14 26 14 26 81207 1 81207 1 0 0 0 0 14 26 5 7 14 26 81207 1 81207 1 0 0 0 0 14 26 14 26 14 26 81207 1 81207 1 0 0 0 0 14 26 14 26 13 25 81207 1 81207 1 0 0 0 0 14 26 14 26 14 26 81207 1 81207 1 0 0 0 0
162 633 367 633 252 115 0 1000 14 26 14 26 14 26 83283 12 0 0 80291 1 2992 11 14 26 14 26 14 26 83283 12 0 0 80291 1 2992 11 14 26 5 7 14 26 83283 12 0 0 80291 1 2992 11 14 26 14 26 14 26 83283 12 0 0 80291 1 2992 11 14 26 14 26 13 25 83283 12 0 0 80291 1 2992 11 14 26 14 26 14 26 83283 12 0 0 80291 1 2992 11
163 229 771 229 0 771 0 1000 14 26 14 26 14 26 0 0 0 0 0 0 0 0 14 26 14 26 14 26 0 0 0 0 0 0 0 0 14 26 5 7 14 26 0 0 0 0 0 0 0 0 14 26 14 26 14 26 0 0 0 0 0 0 0 0 14 26 14 26 14 26 0 0 0 0 0 0 0 0 14 26 14 26 14 26 0 0 0 0 0 0 0 0
164 606 394 606 0 394 0 1000 14 26 14 26 14 26 0 0 0 0 0 0 0 0 14 26 14 26 14 26 0 0 0 0 0 0 0 0 14 26 5 7 14 26 0 0 0 0 0 0 0 0 14 26 14 26 14 26 0 0 0 0 0 0 0 0 14 26 14 26 14 26 0 0 0 0 0 0 0 0 14 26 14 26 14 26 0 0 0 0 0 0 0 0
165 392 608 392 214 394 0 1000 14 26 14 26 14 26 0 0 0 0 0 0 0 0 14 26 14 26 14 26 0 0 0 0 0 0 0 0 14 26 5 7 14 26 0 0 0 0 0 0 0 0 14 26 14 26 14 26 0 0 0 0 0 0 0 0 14 26 14 26 14 26 0 0 0 0 0 0 0 0 14 26 14 26 14 26 0 0 0 0 0 0 0 0
166 105 895 105 501 394 0 1000 14 26 14 26 14 26 13600 50 0 0 0 0 13600 50 14 26 14 26 14 26 13600 50 0 0 0 0 13600 50 14 26 5 7 14 26 13600 50 0 0 0 0 13600 50 14 26 14 26 14 26 13600 50 0 0 0 0 13600 50 14 26 14 26 14 26 13600 50 0 0 0 0 13600 50 14 26 14 26 14 26 13600 50 0 0 0 0 13600 50
167 408 592 408 0 592 0 1000 14 26 14 26 14 26 0 0 0 0 0 0 0 0 14 26 14 26 14 26 0 0 0 0 0 0 0 0 14 26 5 7 14 26 0 0 0 0 0 0 0 0 14 26 14 26 14 26 0 0 0 0 0 0 0 0 14 26 14 26 14 26 0 0 0 0 0 0 0 0 14 26 14 26 14 26 0 0 0 0 0 0 0 0
168 1 999 1 407 592 0 1000 14 26 14 26 14 26 0 0 0 0 0 0 0 0 14 26 14 26 14 26 0 0 0 0 0 0 0 0 14 26 5 7 14 26 0 0 0 0 0 0 0 0 14 26 14 26 14 26 0 0 0 0 0 0 0 0 14 26 14 26 14 26 0 0 0 0 0 0 0 0 14 26 14 26 14 26 0 0 0 0 0 0 0 0
169 277 723 277 296 427 0 1000 14 26 14 26 14 26 0 0 0 0 0 0 0 0 14 26 14 26 14 26 0 0 0 0 0 0 0 0 14 26 5 7 14 26 0 0 0 0 0 0 0 0 14 26 14 26 14 26 0 0 0 0 0 0 0 0 14 26 14 26 14 26 0 0 0 0 0 0 0 0 14 26 14 26 14 26 0 0 0 0 0 0 0 0
170 484 516 484 206 310 0 1000 14 26 14 26 14 26 11968 44 0 0 0 0 11968 44 14 26 14 26 14 26 11968 44 0 0 0 0 11968 44 14 26 5 7 14 26 11968 44 0 0 0 0 11968 44 14 26 14 26 14 26 11968 44 0 0 0 0 11968 44 14 26 14 26 14 26 11968 44 0 0 0 0 11968 44 14 26 14 26 14 26 11968 44 0 0 0 0 11968 44
171 129 871 129 0 871 0 1000 14 26 14 26 14 26 0 0 0 0 0 0 0 0 14 26 14 26 14 26 0 0 0 0 0 0 0 0 14 26 5 7 14 26 0 0 0 0 0 0 0 0 14 26 14 26 14 26 0 0 0 0 0 0 0 0 14 26 14 26 14 26 0 0 0 0 0 0 0 0 14 26 14 26 14 26 0 0 0 0 0 0 0 0
172 594 406 594 0 406 0 1000 14 26 14 26 14 26 0 0 0 0 0 0 0 0 14 26 14 26 14 26 0 0 0 0 0 0 0 0 14 26 5 7 14 26 0 0 0 0 0 0 0 0 14 26 14 26 14 26 0 0 0 0 0 0 0 0 14 26 14 26 14 26 0 0 0 0 0 0 0 0 14 26 14 26 14 26 0 0 0 0 0 0 0 0
173 877 123 877 0 123 0 1000 14 26 14 26 14 26 81847 1 81847 1 0 0 0 0 14 26 14 26 14 26 81847 1 81847 1 0 0 0 0 14 26 5 7 14 26 81847 1 81847 1 0 0 0 0 14 26 14 26 14 26 81847 1 81847 1 0 0 0 0 14 26 14 26 14 26 81847 1 81847 1 0 0 0 0 14 26 14 26 14 26 81847 1 81847 1 0 0 0 0
174 481 519 481 396 123 0 1000 14 26 14 26 14 26 83827 14 0 0 80291 1 3536 13 14 26 14 26 14 26 83827 14 0 0 80291 1 3536 13 14 26 5 7 14 26 83827 14 0 0 80291 1 3536 13 14 26 14 26 14 26 83827 14 0 0 80291 1 3536 13 14 26 14 26 14 26 83827 14 0 0 80291 1 3536 13 14 26 14 26 14 26 83827 14 0 0 80291 1 3536 13
175 220 780 220 0 780 0 1000 14 26 14 26 14 26 0 0 0 0 0 0 0 0 14 26 14 26 14 26 0 0 0 0 0 0 0 0 14 26 5 7 14 26 0 0 0 0 0 0 0 0 14 26 14 26 14 26 0 0 0 0 0 0 0 0 14 26 14 26 14 26 0 0 0 0 0 0 0 0 14 26 14 26 14 26 0 0 0 0 0 0 0 0
176 280 720 280 0 720 0 1000 14 26 14 26 14 26 0 0 0 0 0 0 0 0 14 26 14 26 14 26 0 0 0 0 0 0 0 0 14 26 5 7 14 26 0 0 0 0 0 0 0 0 14 26 14 26 14 26 0 0 0 0 0 0 0 0 14 26 14 26 14 26 0 0 0 0 0 0 0 0 14 26 14 26 14 26 0 0 0 0 0 0 0 0
177 749 251 749 0 251 0 1000 14 26 14 26 14 26 80855 1 80855 1 0 0 0 0 14 26 14 26 14 26 80855 1 80855 1 0 0 0 0 14 26 5 7 14 26 80855 1 80855 1 0 0 0 0 14 26 14 26 14 26 80855 1 80855 1 0 0 0 0 14 26 14 26 14 26 80855 1 80855 1 0 0 0 0 14 26 14 26 14 26 80855 1 80855 1 0 0 0 0
178 705 295 705 44 251 0 1000 14 26 14 26 14 26 87907 29 0 0 80291 1 7616 28 14 26 14 26 14 26 87907 29 0 0 80291 1 7616 28 14 26 5 7 14 26 87907 29 0 0 80291 1 7616 28 14 26 14 26 14 26 87907 29 0 0 80291 1 7616 28 14 26 14 26 14 26 87907 29 0 0 80291 1 7616 28 14 26 14 26 14 26 87907 29 0 0 80291 1 7616 28
179 534 466 534 0 466 0 1000 14 26 14 26 14 26 0 0 0 0 0 0 0 0 14 26 14 26 14 26 0 0 0 0 0 0 0 0 15 34 5 7 15 34 0 0 0 0 0 0 0 0 15 34 14 26 15 34 0 0 0 0 0 0 0 0 15 34 14 26 15 34 0 0 0 0 0 0 0 0 15 34 14 26 15 34 0 0 0 0 0 0 0 0
180 779 221 779 0 221 0 1000 14 26 14 26 14 26 0 0 0 0 0 0 0 0 14 26 14 26 14 26 0 0 0 0 0 0 0 0 15 34 5 7 15 34 0 0 0 0 0 0 0 0 15 34 14 26 15 34 0 0 0 0 0 0 0 0 15 34 14 26 15 34 0 0 0 0 0 0 0 0 15 34 14 26 15 34 0 0 0 0 0 0 0 0
181 628 372 628 151 221 0 1000 14 26 14 26 14 26 0 0 0 0 0 0 0 0 14 26 14 26 14 26 0 0 0 0 0 0 0 0 15 34 5 7 15 34 0 0 0 0 0 0 0 0 15 34 14 26 15 34 0 0 0 0 0 0 0 0 15 34 14 26 15 34 0 0 0 0 0 0 0 0 15 34 14 26 15 34 0 0 0 0 0 0 0 0
182 683 317 683 129 188 0 1000 14 26 14 26 14 26 8160 30 0 0 0 0 8160 30 14 26 14 26 14 26 8160 30 0 0 0 0 8160 30 15 34 5 7 15 34 8160 30 0 0 0 0 8160 30 15 34 14 26 15 34 8160 30 0 0 0 0 8160 30 15 34 14 26 15 34 8160 30 0 0 0 0 8160 30 15 34 14 26 15 34 8160 30 0 0 0 0 8160 30
183 258 742 258 0 742 0 1000 15 34 14 26 15 34 0 0 0 0 0 0 0 0 15 34 14 26 15 34 0 0 0 0 0 0 0 0 15 34 5 7 15 34 0 0 0 0 0 0 0 0 15 34 14 26 15 34 0 0 0 0 0 0 0 0 15 34 14 26 15 34 0 0 0 0 0 0 0 0 15 34 14 26 15 34 0 0 0 0 0 0 0 0
184 227 773 227 31 742 0 1000 15 34 14 26 15 34 0 0 0 0 0 0 0 0 15 34 14 26 15 34 0 0 0 0 0 0 0 0 15 34 5 7 15 34 0 0 0 0 0 0 0 0 15 34 14 26 15 34 0 0 0 0 0 0 0 0 15 34 14 26 15 34 0 0 0 0 0 0 0 0 15 34 14 26 15 34 0 0 0 0 0 0 0 0
185 84 916 84 174 742 0 1000 15 34 14 26 15 34 0 0 0 0 0 0 0 0 15 34 14 26 15 34 0 0 0 0 0 0 0 0 15 34 5 7 15 34 0 0 0 0 0 0 0 0 15 34 14 26 15 34 0 0 0 0 0 0 0 0 15 34 14 26 15 34 0 0 0 0 0 0 0 0 15 34 14 26 15 34 0 0 0 0 0 0 0 0
186 745 255 745 57 198 0 1000 15 34 14 26 15 34 17408 64 0 0 0 0 17408 64 15 34 14 26 15 34 17408 64 0 0 0 0 17408 64 15 34 5 7 15 34 17408 64 0 0 0 0 17408 64 15 34 14 26 15 34 17408 64 0 0 0 0 17408 64 15 34 14 26 15 34 17408 64 0 0 0 0 17408 64 15 34 14 26 15 34 17408 64 0 0 0 0 17408 64
187 634 366 634 0 366 0 1000 15 34 14 26 15 34 0 0 0 0 0 0 0 0 15 34 14 26 15 34 0 0 0 0 0 0 0 0 15 34 5 7 15 34 0 0 0 0 0 0 0 0 16 36 14 26 16 36 0 0 0 0 0 0 0 0 15 34 14 26 15 34 0 0 0 0 0 0 0 0 16 36 14 26 16 36 0 0 0 0 0 0 0 0
188 801 199 801 0 199 0 1000 15 34 14 26 15 34 0 0 0 0 0 0 0 0 15 34 14 26 15 34 0 0 0 0 0 0 0 0 15 34 5 7 15 34 0 0 0 0 0 0 0 0 16 36 14 26 16 36 0 0 0 0 0 0 0 0 15 34 14 26 15 34 0 0 0 0 0 0 0 0 16 36 14 26 16 36 0 0 0 0 0 0 0 0
189 662 338 662 139 199 0 1000 15 34 14 26 15 34 0 0 0 0 0 0 0 0 15 34 14 26 15 34 0 0 0 0 0 0 0 0 15 34 5 7 15 34 0 0 0 0 0 0 0 0 16 36 14 26 16 36 0 0 0 0 0 0 0 0 15 34 14 26 15 34 0 0 0 0 0 0 0 0 16 36 14 26 16 36 0 0 0 0 0 0 0 0
190 610 390 610 191 199 0 1000 15 34 14 26 15 34 4624 17 0 0 0 0 4624 17 15 34 14 26 15 34 4624 17 0 0 0 0 4624 17 15 34 5 7 15 34 4624 17 0 0 0 0 4624 17 16 36 14 26 16 36 4624 17 0 0 0 0 4624 17 15 34 14 26 15 34 4624 17 0 0 0 0 4624 17 16 36 14 26 16 36 4624 17 0 0 0 0 4624 17
191 564 436 564 0 436 0 1000 15 34 14 26 15 34 0 0 0 0 0 0 0 0 15 34 14 26 15 34 0 0 0 0 0 0 0 0 16 36 5 7 16 36 0 0 0 0 0 0 0 0 16 36 14 26 16 36 0 0 0 0 0 0 0 0 16 36 14 26 16 36 0 0 0 0 0 0 0 0 16 36 14 26 16 36 0 0 0 0 0 0 0 0
192 163 837 163 401 436 0 1000 15 34 14 26 15 34 0 0 0 0 0 0 0 0 15 34 14 26 15 34 0 0 0 0 0 0 0 0 16 36 5 7 16 36 0 0 0 0 0 0 0 0 16 36 14 26 16 36 0 0 0 0 0 0 0 0 16 36 14 26 16 36 0 0 0 0 0 0 0 0 16 36 14 26 16 36 0 0 0 0 0 0 0 0
193 604 396 604 188 208 0 1000 15 34 14 26 15 34 80983 1 80983 1 0 0 0 0 15 34 14 26 15 34 80983 1 80983 1 0 0 0 0 16 36 5 7 16 36 80983 1 80983 1 0 0 0 0 16 36 14 26 16 36 80983 1 80983 1 0 0 0 0 16 36 14 26 16 36 80983 1 80983 1 0 0 0 0 16 36 14 26 16 36 80983 1 80983 1 0 0 0 0
194 397 603 397 395 208 0 1000 15 34 14 26 15 34 85459 20 0 0 80291 1 5168 19 15 34 14 26 15 34 85459 20 0 0 80291 1 5168 19 16 36 5 7 16 36 85459 20 0 0 80291 1 5168 19 16 36 14 26 16 36 85459 20 0 0 80291 1 5168 19 16 36 14 26 16 36 85459 20 0 0 80291 1 5168 19 16 36 14 26 16 36 85459 20 0 0 80291 1 5168 19
195 254 746 254 0 746 0 1000 16 36 14 26 16 36 0 0 0 0 0 0 0 0 16 36 14 26 16 36 0 0 0 0 0 0 0 0 16 36 5 7 16 36 0 0 0 0 0 0 0 0 16 36 14 26 16 36 0 0 0 0 0 0 0 0 16 36 14 26 16 36 0 0 0 0 0 0 0 0 16 36 14 26 16 36 0 0 0 0 0 0 0 0
196 676 324 676 0 324 0 1000 16 36 14 26 16 36 0 0 0 0 0 0 0 0 16 36 14 26 16 36 0 0 0 0 0 0 0 0 16 36 5 7 16 36 0 0 0 0 0 0 0 0 16 36 14 26 16 36 0 0 0 0 0 0 0 0 16 36 14 26 16 36 0 0 0 0 0 0 0 0 16 36 14 26 16 36 0 0 0 0 0 0 0 0
197 501 499 501 175 324 0 1000 16 36 14 26 16 36 0 0 0 0 0 0 0 0 16 36 14 26 16 36 0 0 0 0 0 0 0 0 16 36 5 7 16 36 0 0 0 0 0 0 0 0 16 36 14 26 16 36 0 0 0 0 0 0 0 0 16 36 14 26 16 36 0 0 0 0 0 0 0 0 16 36 14 26 16 36 0 0 0 0 0 0 0 0
198 6 994 6 670 324 0 1000 16 36 14 26 16 36 10064 37 0 0 0 0 10064 37 16 36 14 26 16 36 10064 37 0 0 0 0 10064 37 16 36 5 7 16 36 10064 37 0 0 0 0 10064 37 16 36 14 26 16 36 10064 37 0 0 0 0 10064 37 16 36 14 26 16 36 10064 37 0 0 0 0 10064 37 16 36 14 26 16 36 10064 37 0 0 0 0 10064 37
199 249 751 249 0 751 0 1000 16 36 14 26 16 36 0 0 0 0 0 0 0 0 16 36 14 26 16 36 0 0 0 0 0 0 0 0 16 36 5 7 16 36 0 0 0 0 0 0 0 0 16 36 14 26 16 36 0 0 0 0 0 0 0 0 16 36 14 26 16 36 0 0 0 0 0 0 0 0 16 36 14 26 16 36 0 0 0 0 0 0 0 0
200 595 405 595 0 405 0 1000 16 36 14 26 16 36 0 0 0 0 0 0 0 0 16 36 14 26 16 36 0 0 0 0 0 0 0 0 16 36 5 7 16 36 0 0 0 0 0 0 0 0 16 36 14 26 16 36 0 0 0 0 0 0 0 0 16 36 14 26 16 36 0 0 0 0 0 0 0 0 16 36 14 26 16 36 0 0 0 0 0 0 0 0
201 530 470 530 65 405 0 1000 16 36 14 26 16 36 0 0 0 0 0 0 0 0 16 36 14 26 16 36 0 0 0 0 0 0 0 0 16 36 5 7 16 36 0 0 0 0 0 0 0 0 16 36 14 26 16 36 0 0 0 0 0 0 0 0 16 36 14 26 16 36 0 0 0 0 0 0 0 0 16 36 14 26 16 36 0 0 0 0 0 0 0 0
202 413 587 413 182 405 0 1000 16 36 14 26 16 36 10608 39 0 0 0 0 10608 39 16 36 14 26 16 36 10608 39 0 0 0 0 10608 39 16 36 5 7 16 36 10608 39 0 0 0 0 10608 39 16 36 14 26 16 36 10608 39 0 0 0 0 10608 39 16 36 14 26 16 36 10608 39 0 0 0 0 10608 39 16 36 14 26 16 36 10608 39 0 0 0 0 10608 39
203 155 845 155 0 845 0 1000 16 36 14 26 16 36 0 0 0 0 0 0 0 0 17 40 14 26 17 40 0 0 0 0 0 0 0 0 16 36 5 7 16 36 0 0 0 0 0 0 0 0 17 40 14 26 17 40 0 0 0 0 0 0 0 0 16 36 14 26 16 36 0 0 0 0 0 0 0 0 17 40 14 26 17 40 0 0 0 0 0 0 0 0
204 111 889 111 44 845 0 1000 16 36 14 26 16 36 0 0 0 0 0 0 0 0 17 40 14 26 17 40 0 0 0 0 0 0 0 0 16 36 5 7 16 36 0 0 0 0 0 0 0 0 17 40 14 26 17 40 0 0 0 0 0 0 0 0 16 36 14 26 16 36 0 0 0 0 0 0 0 0 17 40 14 26 17 40 0 0 0 0 0 0 0 0
205 825 175 825 9 166 0 1000 16 36 14 26 16 36 0 0 0 0 0 0 0 0 17 40 14 26 17 40 0 0 0 0 0 0 0 0 16 36 5 7 16 36 0 0 0 0 0 0 0 0 17 40 14 26 17 40 0 0 0 0 0 0 0 0 16 36 14 26 16 36 0 0 0 0 0 0 0 0 17 40 14 26 17 40 0 0 0 0 0 0 0 0
206 92 908 92 742 166 0 1000 16 36 14 26 16 36 3264 12 0 0 0 0 3264 12 17 40 14 26 17 40 3264 12 0 0 0 0 3264 12 16 36 5 7 16 36 3264 12 0 0 0 0 3264 12 17 40 14 26 17 40 3264 12 0 0 0 0 3264 12 16 36 14 26 16 36 3264 12 0 0 0 0 3264 12 17 40 14 26 17 40 3264 12 0 0 0 0 3264 12
207 353 647 353 0 647 0 1000 16 36 14 26 16 36 0 0 0 0 0 0 0 0 17 40 14 26 17 40 0 0 0 0 0 0 0 0 17 40 5 7 17 40 0 0 0 0 0 0 0 0 17 40 14 26 17 40 0 0 0 0 0 0 0 0 17 40 14 26 17 40 0 0 0 0 0 0 0 0 17 40 14 26 17 40 0 0 0 0 0 0 0 0
208 626 374 626 0 374 0 1000 16 36 14 26 16 36 0 0 0 0 0 0 0 0 17 40 14 26 17 40 0 0 0 0 0 0 0 0 17 40 5 7 17 40 0 0 0 0 0 0 0 0 17 40 14 26 17 40 0 0 0 0 0 0 0 0 17 40 14 26 17 40 0 0 0 0 0 0 0 0 17 40 14 26 17 40 0 0 0 0 0 0 0 0
209 357 643 357 269 374 0 1000 16 36 14 26 16 36 80823 1 80823 1 0 0 0 0 17 40 14 26 17 40 80823 1 80823 1 0 0 0 0 17 40 5 7 17 40 80823 1 80823 1 0 0 0 0 17 40 14 26 17 40 80823 1 80823 1 0 0 0 0 17 40 14 26 17 40 80823 1 80823 1 0 0 0 0 17 40 14 26 17 40 80823 1 80823 1 0 0 0 0
210 276 724 276 350 374 0 1000 16 36 14 26 16 36 88995 33 0 0 80291 1 8704 32 17 40 14 26 17 40 88995 33 0 0 80291 1 8704 32 17 40 5 7 17 40 88995 33 0 0 80291 1 8704 32 17 40 14 26 17 40 88995 33 0 0 80291 1 8704 32 17 40 14 26 17 40 88995 33 0 0 80291 1 8704 32 17 40 14 26 17 40 88995 33 0 0 80291 1 8704 32
211 854 146 854 0 146 0 1000 16 36 14 26 16 36 0 0 0 0 0 0 0 0 17 40 14 26 17 40 0 0 0 0 0 0 0 0 17 40 5 7 17 40 0 0 0 0 0 0 0 0 17 40 14 26 17 40 0 0 0 0 0 0 0 0 17 40 14 26 17 40 0 0 0 0 0 0 0 0 17 40 14 26 17 40 0 0 0 0 0 0 0 0
212 169 831 169 685 146 0 1000 16 36 14 26 16 36 0 0 0 0 0 0 0 0 17 40 14 26 17 40 0 0 0 0 0 0 0 0 17 40 5 7 17 40 0 0 0 0 0 0 0 0 17 40 14 26 17 40 0 0 0 0 0 0 0 0 17 40 14 26 17 40 0 0 0 0 0 0 0 0 17 40 14 26 17 40 0 0 0 0 0 0 0 0
213 782 218 782 181 37 0 1000 16 36 14 26 16 36 81463 1 81463 1 0 0 0 0 17 40 14 26 17 40 81463 1 81463 1 0 0 0 0 17 40 5 7 17 40 81463 1 81463 1 0 0 0 0 17 40 14 26 17 40 81463 1 81463 1 0 0 0 0 17 40 14 26 17 40 81463 1 81463 1 0 0 0 0 17 40 14 26 17 40 81463 1 81463 1 0 0 0 0
214 495 505 495 468 37 0 1000 16 36 14 26 16 36 81379 5 0 0 80291 1 1088 4 17 40 14 26 17 40 81379 5 0 0 80291 1 1088 4 17 40 5 7 17 40 81379 5 0 0 80291 1 1088 4 17 40 14 26 17 40 81379 5 0 0 80291 1 1088 4 17 40 14 26 17 40 81379 5 0 0 80291 1 1088 4 17 40 14 26 17 40 81379 5 0 0 80291 1 1088 4
215 555 445 555 0 445 0 1000 18 43 14 26 18 43 0 0 0 0 0 0 0 0 17 40 14 26 17 40 0 0 0 0 0 0 0 0 17 40 5 7 17 40 0 0 0 0 0 0 0 0 18 43 14 26 18 43 0 0 0 0 0 0 0 0 18 43 14 26 18 43 0 0 0 0 0 0 0 0 18 43 14 26 18 43 0 0 0 0 0 0 0 0
216 833 167 833 0 167 0 1000 18 43 14 26 18 43 0 0 0 0 0 0 0 0 17 40 14 26 17 40 0 0 0 0 0 0 0 0 17 40 5 7 17 40 0 0 0 0 0 0 0 0 18 43 14 26 18 43 0 0 0 0 0 0 0 0 18 43 14 26 18 43 0 0 0 0 0 0 0 0 18 43 14 26 18 43 0 0 0 0 0 0 0 0
217 774 226 774 59 167 0 1000 18 43 14 26 18 43 0 0 0 0 0 0 0 0 17 40 14 26 17 40 0 0 0 0 0 0 0 0 17 40 5 7 17 40 0 0 0 0 0 0 0 0 18 43 14 26 18 43 0 0 0 0 0 0 0 0 18 43 14 26 18 43 0 0 0 0 0 0 0 0 18 43 14 26 18 43 0 0 0 0 0 0 0 0
218 679 321 679 154 167 0 1000 18 43 14 26 18 43 3808 14 0 0 0 0 3808 14 17 40 14 26 17 40 3808 14 0 0 0 0 3808 14 17 40 5 7 17 40 3808 14 0 0 0 0 3808 14 18 43 14 26 18 43 3808 14 0 0 0 0 3808 14 18 43 14 26 18 43 3808 14 0 0 0 0 3808 14 18 43 14 26 18 43 3808 14 0 0 0 0 3808 14
219 83 917 83 0 917 0 1000 19 44 14 26 19 44 0 0 0 0 0 0 0 0 19 44 14 26 19 44 0 0 0 0 0 0 0 0 19 44 5 7 19 44 0 0 0 0 0 0 0 0 19 44 14 26 19 44 0 0 0 0 0 0 0 0 19 44 14 26 19 44 0 0 0 0 0 0 0 0 19 44 14 26 19 44 0 0 0 0 0 0 0 0
220 71 929 71 12 917 0 1000 19 44 14 26 19 44 0 0 0 0 0 0 0 0 19 44 14 26 19 44 0 0 0 0 0 0 0 0 19 44 5 7 19 44 0 0 0 0 0 0 0 0 19 44 14 26 19 44 0 0 0 0 0 0 0 0 19 44 14 26 19 44 0 0 0 0 0 0 0 0 19 44 14 26 19 44 0 0 0 0 0 0 0 0
221 817 183 817 1 182 0 1000 19 44 14 26 19 44 161774 2 161774 2 0 0 0 0 19 44 14 26 19 44 161774 2 161774 2 0 0 0 0 19 44 5 7 19 44 161774 2 161774 2 0 0 0 0 19 44 14 26 19 44 161774 2 161774 2 0 0 0 0 19 44 14 26 19 44 161774 2 161774 2 0 0 0 0 19 44 14 26 19 44 161774 2 161774 2 0 0 0 0
222 302 698 302 516 182 0 1000 19 44 14 26 19 44 86003 22 0 0 80291 1 5712 21 19 44 14 26 19 44 86003 22 0 0 80291 1 5712 21 19 44 5 7 19 44 86003 22 0 0 80291 1 5712 21 19 44 14 26 19 44 86003 22 0 0 80291 1 5712 21 19 44 14 26 19 44 86003 22 0 0 80291 1 5712 21 19 44 14 26 19 44 86003 22 0 0 80291 1 5712 21
223 703 297 703 0 297 0 1000 19 44 14 26 19 44 0 0 0 0 0 0 0 0 19 44 14 26 19 44 0 0 0 0 0 0 0 0 19 44 5 7 19 44 0 0 0 0 0 0 0 0 19 44 14 26 19 44 0 0 0 0 0 0 0 0 19 44 14 26 19 44 0 0 0 0 0 0 0 0 19 44 14 26 19 44 0 0 0 0 0 0 0 0
224 701 299 701 2 297 0 1000 19 44 14 26 19 44 0 0 0 0 0 0 0 0 19 44 14 26 19 44 0 0 0 0 0 0 0 0 19 44 5 7 19 44 0 0 0 0 0 0 0 0 19 44 14 26 19 44 0 0 0 0 0 0 0 0 19 44 14 26 19 44 0 0 0 0 0 0 0 0 19 44 14 26 19 44 0 0 0 0 0 0 0 0
225 512 488 512 191 297 0 1000 19 44 14 26 19 44 0 0 0 0 0 0 0 0 19 44 14 26 19 44 0 0 0 0 0 0 0 0 19 44 5 7 19 44 0 0 0 0 0 0 0 0 19 44 14 26 19 44 0 0 0 0 0 0 0 0 19 44 14 26 19 44 0 0 0 0 0 0 0 0 19 44 14 26 19 44 0 0 0 0 0 0 0 0
226 610 390 610 157 233 0 1000 19 44 14 26 19 44 6256 23 0 0 0 0 6256 23 19 44 14 26 19 44 6256 23 0 0 0 0 6256 23 19 44 5 7 19 44 6256 23 0 0 0 0 6256 23 19 44 14 26 19 44 6256 23 0 0 0 0 6256 23 19 44 14 26 19 44 6256 23 0 0 0 0 6256 23 19 44 14 26 19 44 6256 23 0 0 0 0 6256 23
227 518 482 518 0 482 0 1000 19 44 14 26 19 44 0 0 0 0 0 0 0 0 19 44 14 26 19 44 0 0 0 0 0 0 0 0 19 44 5 7 19 44 0 0 0 0 0 0 0 0 19 44 14 26 19 44 0 0 0 0 0 0 0 0 19 44 14 26 19 44 0 0 0 0 0 0 0 0 19 44 14 26 19 44 0 0 0 0 0 0 0 0
228 531 469 531 0 469 0 1000 19 44 14 26 19 44 0 0 0 0 0 0 0 0 19 44 14 26 19 44 0 0 0 0 0 0 0 0 19 44 5 7 19 44 0 0 0 0 0 0 0 0 19 44 14 26 19 44 0 0 0 0 0 0 0 0 19 44 14 26 19 44 0 0 0 0 0 0 0 0 19 44 14 26 19 44 0 0 0 0 0 0 0 0
229 130 870 130 401 469 0 1000 19 44 14 26 19 44 81175 1 81175 1 0 0 0 0 19 44 14 26 19 44 81175 1 81175 1 0 0 0 0 19 44 5 7 19 44 81175 1 81175 1 0 0 0 0 19 44 14 26 19 44 81175 1 81175 1 0 0 0 0 19 44 14 26 19 44 81175 1 81175 1 0 0 0 0 19 44 14 26 19 44 81175 1 81175 1 0 0 0 0
230 493 507 493 231 276 0 1000 19 44 14 26 19 44 94163 52 0 0 80291 1 13872 51 19 44 14 26 19 44 94163 52 0 0 80291 1 13872 51 19 44 5 7 19 44 94163 52 0 0 80291 1 13872 51 19 44 14 26 19 44 94163 52 0 0 80291 1 13872 51 19 44 14 26 19 44 94163 52 0 0 80291 1 13872 51 19 44 14 26 19 44 94163 52 0 0 80291 1 13872 51
231 712 288 712 0 288 0 1000 19 44 14 26 19 44 0 0 0 0 0 0 0 0 19 44 14 26 19 44 0 0 0 0 0 0 0 0 19 44 5 7 19 44 0 0 0 0 0 0 0 0 19 44 14 26 19 44 0 0 0 0 0 0 0 0 19 44 14 26 19 44 0 0 0 0 0 0 0 0 19 44 14 26 19 44 0 0 0 0 0 0 0 0
232 650 350 650 62 288 0 1000 19 44 14 26 19 44 0 0 0 0 0 0 0 0 19 44 14 26 19 44 0 0 0 0 0 0 0 0 19 44 5 7 19 44 0 0 0 0 0 0 0 0 19 44 14 26 19 44 0 0 0 0 0 0 0 0 19 44 14 26 19 44 0 0 0 0 0 0 0 0 19 44 14 26 19 44 0 0 0 0 0 0 0 0
233 701 299 701 53 246 0 1000 19 44 14 26 19 44 0 0 0 0 0 0 0 0 19 44 14 26 19 44 0 0 0 0 0 0 0 0 19 44 5 7 19 44 0 0 0 0 0 0 0 0 19 44 14 26 19 44 0 0 0 0 0 0 0 0 19 44 14 26 19 44 0 0 0 0 0 0 0 0 19 44 14 26 19 44 0 0 0 0 0 0 0 0
234 80 920 80 674 246 0 1000 19 44 14 26 19 44 8432 31 0 0 0 0 8432 31 19 44 14 26 19 44 8432 31 0 0 0 0 8432 31 19 44 5 7 19 44 8432 31 0 0 0 0 8432 31 19 44 14 26 19 44 8432 31 0 0 0 0 8432 31 19 44 14 26 19 44 8432 31 0 0 0 0 8432 31 19 44 14 26 19 44 8432 31 0 0 0 0 8432 31
235 113 887 113 0 887 0 1000 20 48 14 26 20 48 0 0 0 0 0 0 0 0 19 44 14 26 19 44 0 0 0 0 0 0 0 0 20 48 5 7 20 48 0 0 0 0 0 0 0 0 19 44 14 26 19 44 0 0 0 0 0 0 0 0 20 48 14 26 20 48 0 0 0 0 0 0 0 0 20 48 14 26 20 48 0 0 0 0 0 0 0 0
236 380 620 380 0 620 0 1000 20 48 14 26 20 48 0 0 0 0 0 0 0 0 19 44 14 26 19 44 0 0 0 0 0 0 0 0 20 48 5 7 20 48 0 0 0 0 0 0 0 0 19 44 14 26 19 44 0 0 0 0 0 0 0 0 20 48 14 26 20 48 0 0 0 0 0 0 0 0 20 48 14 26 20 48 0 0 0 0 0 0 0 0
237 421 579 421 0 579 0 1000 20 48 14 26 20 48 0 0 0 0 0 0 0 0 19 44 14 26 19 44 0 0 0 0 0 0 0 0 20 48 5 7 20 48 0 0 0 0 0 0 0 0 19 44 14 26 19 44 0 0 0 0 0 0 0 0 20 48 14 26 20 48 0 0 0 0 0 0 0 0 20 48 14 26 20 48 0 0 0 0 0 0 0 0
238 186 814 186 235 579 0 1000 20 48 14 26 20 48 18496 68 0 0 0 0 18496 68 19 44 14 26 19 44 18496 68 0 0 0 0 18496 68 20 48 5 7 20 48 18496 68 0 0 0 0 18496 68 19 44 14 26 19 44 18496 68 0 0 0 0 18496 68 20 48 14 26 20 48 18496 68 0 0 0 0 18496 68 20 48 14 26 20 48 18496 68 0 0 0 0 18496 68
239 382 618 382 0 618 0 1000 20 48 14 26 20 48 0 0 0 0 0 0 0 0 19 44 14 26 19 44 0 0 0 0 0 0 0 0 20 48 5 7 20 48 0 0 0 0 0 0 0 0 19 44 14 26 19 44 0 0 0 0 0 0 0 0 20 48 14 26 20 48 0 0 0 0 0 0 0 0 20 48 14 26 20 48 0 0 0 0 0 0 0 0
240 681 319 681 0 319 0 1000 20 48 14 26 20 48 0 0 0 0 0 0 0 0 19 44 14 26 19 44 0 0 0 0 0 0 0 0 20 48 5 7 20 48 0 0 0 0 0 0 0 0 19 44 14 26 19 44 0 0 0 0 0 0 0 0 20 48 14 26 20 48 0 0 0 0 0 0 0 0 20 48 14 26 20 48 0 0 0 0 0 0 0 0
241 311 689 311 370 319 0 1000 20 48 14 26 20 48 82615 1 82615 1 0 0 0 0 19 44 14 26 19 44 82615 1 82615 1 0 0 0 0 20 48 5 7 20 48 82615 1 82615 1 0 0 0 0 19 44 14 26 19 44 82615 1 82615 1 0 0 0 0 20 48 14 26 20 48 82615 1 82615 1 0 0 0 0 20 48 14 26 20 48 82615 1 82615 1 0 0 0 0
242 324 676 324 363 313 0 1000 20 48 14 26 20 48 91171 41 0 0 80291 1 10880 40 19 44 14 26 19 44 91171 41 0 0 80291 1 10880 40 20 48 5 7 20 48 91171 41 0 0 80291 1 10880 40 19 44 14 26 19 44 91171 41 0 0 80291 1 10880 40 20 48 14 26 20 48 91171 41 0 0 80291 1 10880 40 20 48 14 26 20 48 91171 41 0 0 80291 1 10880 40
243 582 418 582 0 418 0 1000 20 48 14 26 20 48 0 0 0 0 0 0 0 0 19 44 14 26 19 44 0 0 0 0 0 0 0 0 20 48 5 7 20 48 0 0 0 0 0 0 0 0 19 44 14 26 19 44 0 0 0 0 0 0 0 0 20 48 14 26 20 48 0 0 0 0 0 0 0 0 20 48 14 26 20 48 0 0 0 0 0 0 0 0
244 191 809 191 391 418 0 1000 20 48 14 26 20 48 0 0 0 0 0 0 0 0 19 44 14 26 19 44 0 0 0 0 0 0 0 0 20 48 5 7 20 48 0 0 0 0 0 0 0 0 19 44 14 26 19 44 0 0 0 0 0 0 0 0 20 48 14 26 20 48 0 0 0 0 0 0 0 0 20 48 14 26 20 48 0 0 0 0 0 0 0 0
245 127 873 127 455 418 0 1000 20 48 14 26 20 48 163438 2 163438 2 0 0 0 0 19 44 14 26 19 44 163438 2 163438 2 0 0 0 0 20 48 5 7 20 48 163438 2 163438 2 0 0 0 0 19 44 14 26 19 44 163438 2 163438 2 0 0 0 0 20 48 14 26 20 48 163438 2 163438 2 0 0 0 0 20 48 14 26 20 48 163438 2 163438 2 0 0 0 0
246 645 355 645 189 166 0 1000 20 48 14 26 20 48 90899 40 0 0 80291 1 10608 39 19 44 14 26 19 44 90899 40 0 0 80291 1 10608 39 20 48 5 7 20 48 90899 40 0 0 80291 1 10608 39 19 44 14 26 19 44 90899 40 0 0 80291 1 10608 39 20 48 14 26 20 48 90899 40 0 0 80291 1 10608 39 20 48 14 26 20 48 90899 40 0 0 80291 1 10608 39
247 371 629 371 0 629 0 1000 20 48 14 26 20 48 0 0 0 0 0 0 0 0 19 44 14 26 19 44 0 0 0 0 0 0 0 0 20 48 5 7 20 48 0 0 0 0 0 0 0 0 20 48 14 26 20 48 0 0 0 0 0 0 0 0 20 48 14 26 20 48 0 0 0 0 0 0 0 0 20 48 14 26 20 48 0 0 0 0 0 0 0 0
248 48 952 48 323 629 0 1000 20 48 14 26 20 48 0 0 0 0 0 0 0 0 19 44 14 26 19 44 0 0 0 0 0 0 0 0 20 48 5 7 20 48 0 0 0 0 0 0 0 0 20 48 14 26 20 48 0 0 0 0 0 0 0 0 20 48 14 26 20 48 0 0 0 0 0 0 0 0 20 48 14 26 20 48 0 0 0 0 0 0 0 0
249 13 987 13 358 629 0 1000 20 48 14 26 20 48 81687 1 81687 1 0 0 0 0 19 44 14 26 19 44 81687 1 81687 1 0 0 0 0 20 48 5 7 20 48 81687 1 81687 1 0 0 0 0 20 48 14 26 20 48 81687 1 81687 1 0 0 0 0 20 48 14 26 20 48 81687 1 81687 1 0 0 0 0 20 48 14 26 20 48 81687 1 81687 1 0 0 0 0
250 399 601 399 227 374 0 1000 20 48 14 26 20 48 93619 50 0 0 80291 1 13328 49 19 44 14 26 19 44 93619 50 0 0 80291 1 13328 49 20 48 5 7 20 48 93619 50 0 0 80291 1 13328 49 20 48 14 26 20 48 93619 50 0 0 80291 1 13328 49 20 48 14 26 20 48 93619 50 0 0 80291 1 13328 49 20 48 14 26 20 48 93619 50 0 0 80291 1 13328 49
251 418 582 418 0 582 0 1000 20 48 14 26 20 48 0 0 0 0 0 0 0 0 19 44 14 26 19 44 0 0 0 0 0 0 0 0 21 52 5 7 21 52 0 0 0 0 0 0 0 0 20 48 14 26 20 48 0 0 0 0 0 0 0 0 20 48 14 26 20 48 0 0 0 0 0 0 0 0 21 52 14 26 21 52 0 0 0 0 0 0 0 0
252 680 320 680 0 320 0 1000 20 48 14 26 20 48 0 0 0 0 0 0 0 0 19 44 14 26 19 44 0 0 0 0 0 0 0 0 21 52 5 7 21 52 0 0 0 0 0 0 0 0 20 48 14 26 20 48 0 0 0 0 0 0 0 0 20 48 14 26 20 48 0 0 0 0 0 0 0 0 21 52 14 26 21 52 0 0 0 0 0 0 0 0
253 745 255 745 0 255 0 1000 20 48 14 26 20 48 82007 1 82007 1 0 0 0 0 19 44 14 26 19 44 82007 1 82007 1 0 0 0 0 21 52 5 7 21 52 82007 1 82007 1 0 0 0 0 20 48 14 26 20 48 82007 1 82007 1 0 0 0 0 20 48 14 26 20 48 82007 1 82007 1 0 0 0 0 21 52 14 26 21 52 82007 1 82007 1 0 0 0 0
254 660 340 660 85 255 0 1000 20 48 14 26 20 48 86275 23 0 0 80291 1 5984 22 19 44 14 26 19 44 86275 23 0 0 80291 1 5984 22 21 52 5 7 21 52 86275 23 0 0 80291 1 5984 22 20 48 14 26 20 48 86275 23 0 0 80291 1 5984 22 20 48 14 26 20 48 86275 23 0 0 80291 1 5984 22 21 52 14 26 21 52 86275 23 0 0 80291 1 5984 22
255 466 534 466 0 534 0 1000 22 53 14 26 22 53 0 0 0 0 0 0 0 0 19 44 14 26 19 44 0 0 0 0 0 0 0 0 22 53 5 7 22 53 0 0 0 0 0 0 0 0 20 48 14 26 20 48 0 0 0 0 0 0 0 0 22 53 14 26 22 53 0 0 0 0 0 0 0 0 22 53 14 26 22 53 0 0 0 0 0 0 0 0
256 131 869 131 335 534 0 1000 22 53 14 26 22 53 0 0 0 0 0 0 0 0 19 44 14 26 19 44 0 0 0 0 0 0 0 0 22 53 5 7 22 53 0 0 0 0 0 0 0 0 20 48 14 26 20 48 0 0 0 0 0 0 0 0 22 53 14 26 22 53 0 0 0 0 0 0 0 0 22 53 14 26 22 53 0 0 0 0 0 0 0 0
257 290 710 290 271 439 0 1000 22 53 14 26 22 53 162286 2 162286 2 0 0 0 0 19 44 14 26 19 44 162286 2 162286 2 0 0 0 0 22 53 5 7 22 53 162286 2 162286 2 0 0 0 0 20 48 14 26 20 48 162286 2 162286 2 0 0 0 0 22 53 14 26 22 53 162286 2 162286 2 0 0 0 0 22 53 14 26 22 53 162286 2 162286 2 0 0 0 0
258 322 678 322 259 419 0 1000 22 53 14 26 22 53 91443 42 0 0 80291 1 11152 41 19 44 14 26 19 44 91443 42 0 0 80291 1 11152 41 22 53 5 7 22 53 91443 42 0 0 80291 1 11152 41 20 48 14 26 20 48 91443 42 0 0 80291 1 11152 41 22 53 14 26 22 53 91443 42 0 0 80291 1 11152 41 22 53 14 26 22 53 91443 42 0 0 80291 1 11152 41
259 893 107 893 0 107 0 1000 22 53 14 26 22 53 0 0 0 0 0 0 0 0 19 44 14 26 19 44 0 0 0 0 0 0 0 0 22 53 5 7 22 53 0 0 0 0 0 0 0 0 20 48 14 26 20 48 0 0 0 0 0 0 0 0 22 53 14 26 22 53 0 0 0 0 0 0 0 0 22 53 14 26 22 53 0 0 0 0 0 0 0 0
260 738 262 738 155 107 0 1000 22 53 14 26 22 53 0 0 0 0 0 0 0 0 19 44 14 26 19 44 0 0 0 0 0 0 0 0 22 53 5 7 22 53 0 0 0 0 0 0 0 0 20 48 14 26 20 48 0 0 0 0 0 0 0 0 22 53 14 26 22 53 0 0 0 0 0 0 0 0 22 53 14 26 22 53 0 0 0 0 0 0 0 0
261 672 328 672 221 107 0 1000 22 53 14 26 22 53 0 0 0 0 0 0 0 0 19 44 14 26 19 44 0 0 0 0 0 0 0 0 22 53 5 7 22 53 0 0 0 0 0 0 0 0 20 48 14 26 20 48 0 0 0 0 0 0 0 0 22 53 14 26 22 53 0 0 0 0 0 0 0 0 22 53 14 26 22 53 0 0 0 0 0 0 0 0
262 541 459 541 352 107 0 1000 22 53 14 26 22 53 3536 13 0 0 0 0 3536 13 19 44 14 26 19 44 3536 13 0 0 0 0 3536 13 22 53 5 7 22 53 3536 13 0 0 0 0 3536 13 20 48 14 26 20 48 3536 13 0 0 0 0 3536 13 22 53 14 26 22 53 3536 13 0 0 0 0 3536 13 22 53 14 26 22 53 3536 13 0 0 0 0 3536 13
263 635 365 635 0 365 0 1000 23 55 14 26 23 55 0 0 0 0 0 0 0 0 19 44 14 26 19 44 0 0 0 0 0 0 0 0 22 53 5 7 22 53 0 0 0 0 0 0 0 0 23 55 14 26 23 55 0 0 0 0 0 0 0 0 22 53 14 26 22 53 0 0 0 0 0 0 0 0 23 55 14 26 23 55 0 0 0 0 0 0 0 0
264 518 482 518 117 365 0 1000 23 55 14 26 23 55 0 0 0 0 0 0 0 0 19 44 14 26 19 44 0 0 0 0 0 0 0 0 22 53 5 7 22 53 0 0 0 0 0 0 0 0 23 55 14 26 23 55 0 0 0 0 0 0 0 0 22 53 14 26 22 53 0 0 0 0 0 0 0 0 23 55 14 26 23 55 0 0 0 0 0 0 0 0
265 298 702 298 337 365 0 1000 23 55 14 26 23 55 0 0 0 0 0 0 0 0 19 44 14 26 19 44 0 0 0 0 0 0 0 0 22 53 5 7 22 53 0 0 0 0 0 0 0 0 23 55 14 26 23 55 0 0 0 0 0 0 0 0 22 53 14 26 22 53 0 0 0 0 0 0 0 0 23 55 14 26 23 55 0 0 0 0 0 0 0 0
266 428 572 428 276 296 0 1000 23 55 14 26 23 55 9792 36 0 0 0 0 9792 36 19 44 14 26 19 44 9792 36 0 0 0 0 9792 36 22 53 5 7 22 53 9792 36 0 0 0 0 9792 36 23 55 14 26 23 55 9792 36 0 0 0 0 9792 36 22 53 14 26 22 53 9792 36 0 0 0 0 9792 36 23 55 14 26 23 55 9792 36 0 0 0 0 9792 36
267 863 137 863 0 137 0 1000 23 55 14 26 23 55 0 0 0 0 0 0 0 0 19 44 14 26 19 44 0 0 0 0 0 0 0 0 22 53 5 7 22 53 0 0 0 0 0 0 0 0 23 55 14 26 23 55 0 0 0 0 0 0 0 0 23 55 14 26 23 55 0 0 0 0 0 0 0 0 23 55 14 26 23 55 0 0 0 0 0 0 0 0
268 737 263 737 126 137 0 1000 23 55 14 26 23 55 0 0 0 0 0 0 0 0 19 44 14 26 19 44 0 0 0 0 0 0 0 0 22 53 5 7 22 53 0 0 0 0 0 0 0 0 23 55 14 26 23 55 0 0 0 0 0 0 0 0 23 55 14 26 23 55 0 0 0 0 0 0 0 0 23 55 14 26 23 55 0 0 0 0 0 0 0 0
269 876 124 876 53 71 0 1000 23 55 14 26 23 55 0 0 0 0 0 0 0 0 19 44 14 26 19 44 0 0 0 0 0 0 0 0 22 53 5 7 22 53 0 0 0 0 0 0 0 0 23 55 14 26 23 55 0 0 0 0 0 0 0 0 23 55 14 26 23 55 0 0 0 0 0 0 0 0 23 55 14 26 23 55 0 0 0 0 0 0 0 0
270 66 934 66 863 71 0 1000 23 55 14 26 23 55 1904 7 0 0 0 0 1904 7 19 44 14 26 19 44 1904 7 0 0 0 0 1904 7 22 53 5 7 22 53 1904 7 0 0 0 0 1904 7 23 55 14 26 23 55 1904 7 0 0 0 0 1904 7 23 55 14 26 23 55 1904 7 0 0 0 0 1904 7 23 55 14 26 23 55 1904 7 0 0 0 0 1904 7
271 70 930 70 0 930 0 1000 24 57 14 26 24 57 0 0 0 0 0 0 0 0 24 57 14 26 24 57 0 0 0 0 0 0 0 0 24 57 5 7 24 57 0 0 0 0 0 0 0 0 24 57 14 26 24 57 0 0 0 0 0 0 0 0 24 57 14 26 24 57 0 0 0 0 0 0 0 0 24 57 14 26 24 57 0 0 0 0 0 0 0 0
272 572 428 572 0 428 0 1000 24 57 14 26 24 57 0 0 0 0 0 0 0 0 24 57 14 26 24 57 0 0 0 0 0 0 0 0 24 57 5 7 24 57 0 0 0 0 0 0 0 0 24 57 14 26 24 57 0 0 0 0 0 0 0 0 24 57 14 26 24 57 0 0 0 0 0 0 0 0 24 57 14 26 24 57 0 0 0 0 0 0 0 0
273 632 368 632 0 368 0 1000 24 57 14 26 24 57 80663 1 80663 1 0 0 0 0 24 57 14 26 24 57 80663 1 80663 1 0 0 0 0 24 57 5 7 24 57 80663 1 80663 1 0 0 0 0 24 57 14 26 24 57 80663 1 80663 1 0 0 0 0 24 57 14 26 24 57 80663 1 80663 1 0 0 0 0 24 57 14 26 24 57 80663 1 80663 1 0 0 0 0
274 25 975 25 607 368 0 1000 24 57 14 26 24 57 88995 33 0 0 80291 1 8704 32 24 57 14 26 24 57 88995 33 0 0 80291 1 8704 32 24 57 5 7 24 57 88995 33 0 0 80291 1 8704 32 24 57 14 26 24 57 88995 33 0 0 80291 1 8704 32 24 57 14 26 24 57 88995 33 0 0 80291 1 8704 32 24 57 14 26 24 57 88995 33 0 0 80291 1 8704 32
275 0 1000 0 0 1000 0 1000 24 57 14 26 24 57 0 0 0 0 0 0 0 0 24 57 14 26 24 57 0 0 0 0 0 0 0 0 24 57 5 7 24 57 0 0 0 0 0 0 0 0 24 57 14 26 24 57 0 0 0 0 0 0 0 0 24 57 14 26 24 57 0 0 0 0 0 0 0 0 24 57 14 26 24 57 0 0 0 0 0 0 0 0
276 0 1000 0 0 1000 0 1000 24 57 14 26 24 57 0 0 0 0 0 0 0 0 24 57 14 26 24 57 0 0 0 0 0 0 0 0 24 57 5 7 24 57 0 0 0 0 0 0 0 0 24 57 14 26 24 57 0 0 0 0 0 0 0 0 24 57 14 26 24 57 0 0 0 0 0 0 0 0 24 57 14 26 24 57 0 0 0 0 0 0 0 0
277 0 1000 0 0 1000 0 1000 24 57 14 26 24 57 244388 3 244388 3 0 0 0 0 24 57 14 26 24 57 244388 3 244388 3 0 0 0 0 24 57 5 7 24 57 244388 3 244388 3 0 0 0 0 24 57 14 26 24 57 244388 3 244388 3 0 0 0 0 24 57 14 26 24 57 244388 3 244388 3 0 0 0 0 24 57 14 26 24 57 244388 3 244388 3 0 0 0 0
278 0 1000 0 0 1000 0 1000 31 69 31 69 24 57 106947 99 0 0 80291 1 26656 98 31 69 31 69 24 57 106947 99 0 0 80291 1 26656 98 31 69 31 69 24 57 106947 99 0 0 80291 1 26656 98 31 69 31 69 24 57 106947 99 0 0 80291 1 26656 98 31 69 31 69 24 57 106947 99 0 0 80291 1 26656 98 31 69 31 69 24 57 106947 99 0 0 80291 1 26656 98
279 0 1000 0 0 1000 0 1000 31 69 31 69 24 57 0 0 0 0 0 0 0 0 31 69 31 69 24 57 0 0 0 0 0 0 0 0 31 69 31 69 24 57 0 0 0 0 0 0 0 0 31 69 31 69 24 57 0 0 0 0 0 0 0 0 31 69 31 69 24 57 0 0 0 0 0 0 0 0 31 69 31 69 24 57 0 0 0 0 0 0 0 0
280 0 1000 0 0 1000 0 1000 31 69 31 69 24 57 0 0 0 0 0 0 0 0 31 69 31 69 24 57 0 0 0 0 0 0 0 0 31 69 31 69 24 57 0 0 0 0 0 0 0 0 31 69 31 69 24 57 0 0 0 0 0 0 0 0 31 69 31 69 24 57 0 0 0 0 0 0 0 0 31 69 31 69 24 57 0 0 0 0 0 0 0 0
281 0 1000 0 0 1000 0 1000 31 69 31 69 24 57 334298 4 334298 4 0 0 0 0 31 69 31 69 24 57 334298 4 334298 4 0 0 0 0 31 69 31 69 24 57 334298 4 334298 4 0 0 0 0 31 69 31 69 24 57 334298 4 334298 4 0 0 0 0 31 69 31 69 24 57 334298 4 334298 4 0 0 0 0 31 69 31 69 24 57 334298 4 334298 4 0 0 0 0
282 0 1000 0 0 1000 0 1000 32 70 32 70 24 57 108579 105 0 0 80291 1 28288 104 32 70 32 70 24 57 108579 105 0 0 80291 1 28288 104 32 70 32 70 24 57 108579 105 0 0 80291 1 28288 104 32 70 32 70 24 57 108579 105 0 0 80291 1 28288 104 32 70 32 70 24 57 108579 105 0 0 80291 1 28288 104 32 70 32 70 24 57 108579 105 0 0 80291 1 28288 104
283 0 1000 0 0 1000 0 1000 32 70 32 70 25 60 0 0 0 0 0 0 0 0 32 70 32 70 25 60 0 0 0 0 0 0 0 0 32 70 32 70 25 60 0 0 0 0 0 0 0 0 32 70 32 70 25 60 0 0 0 0 0 0 0 0 32 70 32 70 25 60 0 0 0 0 0 0 0 0 32 70 32 70 25 60 0 0 0 0 0 0 0 0
284 0 1000 0 0 1000 0 1000 32 70 32 70 25 60 0 0 0 0 0 0 0 0 32 70 32 70 25 60 0 0 0 0 0 0 0 0 32 70 32 70 25 60 0 0 0 0 0 0 0 0 32 70 32 70 25 60 0 0 0 0 0 0 0 0 32 70 32 70 25 60 0 0 0 0 0 0 0 0 32 70 32 70 25 60 0 0 0 0 0 0 0 0
285 0 1000 0 0 1000 0 1000 32 70 32 70 25 60 0 0 0 0 0 0 0 0 32 70 32 70 25 60 0 0 0 0 0 0 0 0 32 70 32 70 25 60 0 0 0 0 0 0 0 0 32 70 32 70 25 60 0 0 0 0 0 0 0 0 32 70 32 70 25 60 0 0 0 0 0 0 0 0 32 70 32 70 25 60 0 0 0 0 0 0 0 0
286 0 1000 0 0 1000 0 1000 32 70 32 70 25 60 29648 109 0 0 0 0 29648 109 32 70 32 70 25 60 29648 109 0 0 0 0 29648 109 32 70 32 70 25 60 29648 109 0 0 0 0 29648 109 32 70 32 70 25 60 29648 109 0 0 0 0 29648 109 32 70 32 70 25 60 29648 109 0 0 0 0 29648 109 32 70 32 70 25 60 29648 109 0 0 0 0 29648 109
287 0 1000 0 0 1000 0 1000 32 70 32 70 26 61 0 0 0 0 0 0 0 0 32 70 32 70 26 61 0 0 0 0 0 0 0 0 32 70 32 70 26 61 0 0 0 0 0 0 0 0 32 70 32 70 26 61 0 0 0 0 0 0 0 0 32 70 32 70 26 61 0 0 0 0 0 0 0 0 32 70 32 70 26 61 0 0 0 0 0 0 0 0
288 0 1000 0 0 1000 0 1000 32 70 32 70 26 61 0 0 0 0 0 0 0 0 32 70 32 70 26 61 0 0 0 0 0 0 0 0 32 70 32 70 26 61 0 0 0 0 0 0 0 0 32 70 32 70 26 61 0 0 0 0 0 0 0 0 32 70 32 70 26 61 0 0 0 0 0 0 0 0 32 70 32 70 26 61 0 0 0 0 0 0 0 0
289 0 1000 0 0 1000 0 1000 32 70 32 70 26 61 0 0 0 0 0 0 0 0 32 70 32 70 26 61 0 0 0 0 0 0 0 0 32 70 32 70 26 61 0 0 0 0 0 0 0 0 32 70 32 70 26 61 0 0 0 0 0 0 0 0 32 70 32 70 26 61 0 0 0 0 0 0 0 0 32 70 32 70 26 61 0 0 0 0 0 0 0 0
290 0 1000 0 0 1000 0 1000 32 70 32 70 26 61 23936 88 0 0 0 0 23936 88 32 70 32 70 26 61 23936 88 0 0 0 0 23936 88 32 70 32 70 26 61 23936 88 0 0 0 0 23936 88 32 70 32 70 26 61 23936 88 0 0 0 0 23936 88 32 70 32 70 26 61 23936 88 0 0 0 0 23936 88 32 70 32 70 26 61 23936 88 0 0 0 0 23936 88
291 0 1000 0 0 1000 0 1000 32 70 32 70 27 62 0 0 0 0 0 0 0 0 32 70 32 70 27 62 0 0 0 0 0 0 0 0 32 70 32 70 27 62 0 0 0 0 0 0 0 0 32 70 32 70 27 62 0 0 0 0 0 0 0 0 32 70 32 70 27 62 0 0 0 0 0 0 0 0 32 70 32 70 27 62 0 0 0 0 0 0 0 0
292 0 1000 0 0 1000 0 1000 32 70 32 70 27 62 0 0 0 0 0 0 0 0 32 70 32 70 27 62 0 0 0 0 0 0 0 0 32 70 32 70 27 62 0 0 0 0 0 0 0 0 32 70 32 70 27 62 0 0 0 0 0 0 0 0 32 70 32 70 27 62 0 0 0 0 0 0 0 0 32 70 32 70 27 62 0 0 0 0 0 0 0 0
293 0 1000 0 0 1000 0 1000 32 70 32 70 27 62 166510 2 166510 2 0 0 0 0 32 70 32 70 27 62 166510 2 166510 2 0 0 0 0 32 70 32 70 27 62 166510 2 166510 2 0 0 0 0 32 70 32 70 27 62 166510 2 166510 2 0 0 0 0 32 70 32 70 27 62 166510 2 166510 2 0 0 0 0 32 70 32 70 27 62 166510 2 166510 2 0 0 0 0
294 0 1000 0 0 1000 0 1000 33 73 33 73 27 62 106403 97 0 0 80291 1 26112 96 33 73 33 73 27 62 106403 97 0 0 80291 1 26112 96 33 73 33 73 27 62 106403 97 0 0 80291 1 26112 96 33 73 33 73 27 62 106403 97 0 0 80291 1 26112 96 33 73 33 73 27 62 106403 97 0 0 80291 1 26112 96 33 73 33 73 27 62 106403 97 0 0 80291 1 26112 96
295 0 1000 0 0 1000 0 1000 33 73 33 73 28 63 0 0 0 0 0 0 0 0 33 73 33 73 28 63 0 0 0 0 0 0 0 0 33 73 33 73 28 63 0 0 0 0 0 0 0 0 33 73 33 73 28 63 0 0 0 0 0 0 0 0 33 73 33 73 28 63 0 0 0 0 0 0 0 0 33 73 33 73 28 63 0 0 0 0 0 0 0 0
296 0 1000 0 0 1000 0 1000 33 73 33 73 28 63 0 0 0 0 0 0 0 0 33 73 33 73 28 63 0 0 0 0 0 0 0 0 33 73 33 73 28 63 0 0 0 0 0 0 0 0 33 73 33 73 28 63 0 0 0 0 0 0 0 0 33 73 33 73 28 63 0 0 0 0 0 0 0 0 33 73 33 73 28 63 0 0 0 0 0 0 0 0
297 0 1000 0 0 1000 0 1000 33 73 33 73 28 63 0 0 0 0 0 0 0 0 33 73 33 73 28 63 0 0 0 0 0 0 0 0 33 73 33 73 28 63 0 0 0 0 0 0 0 0 33 73 33 73 28 63 0 0 0 0 0 0 0 0 33 73 33 73 28 63 0 0 0 0 0 0 0 0 33 73 33 73 28 63 0 0 0 0 0 0 0 0
298 0 1000 0 0 1000 0 1000 33 73 33 73 28 63 29648 109 0 0 0 0 29648 109 33 73 33 73 28 63 29648 109 0 0 0 0 29648 109 33 73 33 73 28 63 29648 109 0 0 0 0 29648 109 33 73 33 73 28 63 29648 109 0 0 0 0 29648 109 33 73 33 73 28 63 29648 109 0 0 0 0 29648 109 33 73 33 73 28 63 29648 109 0 0 0 0 29648 109
299 0 1000 0 0 1000 0 1000 33 73 33 73 29 64 0 0 0 0 0 0 0 0 33 73 33 73 29 64 0 0 0 0 0 0 0 0 33 73 33 73 29 64 0 0 0 0 0 0 0 0 33 73 33 73 29 64 0 0 0 0 0 0 0 0 33 73 33 73 29 64 0 0 0 0 0 0 0 0 33 73 33 73 29 64 0 0 0 0 0 0 0 0
300 0 1000 0 0 1000 0 1000 33 73 33 73 29 64 0 0 0 0 0 0 0 0 33 73 33 73 29 64 0 0 0 0 0 0 0 0 33 73 33 73 29 64 0 0 0 0 0 0 0 0 33 73 33 73 29 64 0 0 0 0 0 0 0 0 33 73 33 73 29 64 0 0 0 0 0 0 0 0 33 73 33 73 29 64 0 0 0 0 0 0 0 0
301 0 1000 0 0 1000 0 1000 33 73 33 73 29 64 83927 1 83927 1 0 0 0 0 33 73 33 73 29 64 83927 1 83927 1 0 0 0 0 33 73 33 73 29 64 83927 1 83927 1 0 0 0 0 33 73 33 73 29 64 83927 1 83927 1 0 0 0 0 33 73 33 73 29 64 83927 1 83927 1 0 0 0 0 33 73 33 73 29 64 83927 1 83927 1 0 0 0 0
302 0 1000 0 0 1000 0 1000 34 75 34 75 29 64 103411 86 0 0 80291 1 23120 85 34 75 34 75 29 64 103411 86 0 0 80291 1 23120 85 34 75 34 75 29 64 103411 86 0 0 80291 1 23120 85 34 75 34 75 29 64 103411 86 0 0 80291 1 23120 85 34 75 34 75 29 64 103411 86 0 0 80291 1 23120 85 34 75 34 75 29 64 103411 86 0 0 80291 1 23120 85
303 0 1000 0 0 1000 0 1000 34 75 34 75 29 64 0 0 0 0 0 0 0 0 34 75 34 75 29 64 0 0 0 0 0 0 0 0 34 75 34 75 29 64 0 0 0 0 0 0 0 0 34 75 34 75 29 64 0 0 0 0 0 0 0 0 34 75 34 75 29 64 0 0 0 0 0 0 0 0 34 75 34 75 29 64 0 0 0 0 0 0 0 0
