r n_asleep n_awake n_honest_asleep n_honest_dreamy n_honest_awake n_adversary n_all party0_ledger_best_length party0_ledger_best_age party0_ledger_fast_length party0_ledger_fast_age party0_ledger_slow_length party0_ledger_slow_age party0_comms_all_size party0_comms_all_count party0_comms_proposal_size party0_comms_proposal_count party0_comms_piece_block_size party0_comms_piece_block_count party0_comms_piece_vote_size party0_comms_piece_vote_count party1_ledger_best_length party1_ledger_best_age party1_ledger_fast_length party1_ledger_fast_age party1_ledger_slow_length party1_ledger_slow_age party1_comms_all_size party1_comms_all_count party1_comms_proposal_size party1_comms_proposal_count party1_comms_piece_block_size party1_comms_piece_block_count party1_comms_piece_vote_size party1_comms_piece_vote_count party2_ledger_best_length party2_ledger_best_age party2_ledger_fast_length party2_ledger_fast_age party2_ledger_slow_length party2_ledger_slow_age party2_comms_all_size party2_comms_all_count party2_comms_proposal_size party2_comms_proposal_count party2_comms_piece_block_size party2_comms_piece_block_count party2_comms_piece_vote_size party2_comms_piece_vote_count party3_ledger_best_length party3_ledger_best_age party3_ledger_fast_length party3_ledger_fast_age party3_ledger_slow_length party3_ledger_slow_age party3_comms_all_size party3_comms_all_count party3_comms_proposal_size party3_comms_proposal_count party3_comms_piece_block_size party3_comms_piece_block_count party3_comms_piece_vote_size party3_comms_piece_vote_count party4_ledger_best_length party4_ledger_best_age party4_ledger_fast_length party4_ledger_fast_age party4_ledger_slow_length party4_ledger_slow_age party4_comms_all_size party4_comms_all_count party4_comms_proposal_size party4_comms_proposal_count party4_comms_piece_block_size party4_comms_piece_block_count party4_comms_piece_vote_size party4_comms_piece_vote_count partyALWAYSAWAKE_ledger_best_length partyALWAYSAWAKE_ledger_best_age partyALWAYSAWAKE_ledger_fast_length partyALWAYSAWAKE_ledger_fast_age partyALWAYSAWAKE_ledger_slow_length partyALWAYSAWAKE_ledger_slow_age partyALWAYSAWAKE_comms_all_size partyALWAYSAWAKE_comms_all_count partyALWAYSAWAKE_comms_proposal_size partyALWAYSAWAKE_comms_proposal_count partyALWAYSAWAKE_comms_piece_block_size partyALWAYSAWAKE_comms_piece_block_count partyALWAYSAWAKE_comms_piece_vote_size partyALWAYSAWAKE_comms_piece_vote_count
4 0 1000 0 0 1000 0 1000 0 0 0 0 0 0 0 0 0 0 0 0 0 0 0 0 0 0 0 0 0 0 0 0 0 0 0 0 0 0 0 0 0 0 0 0 0 0 0 0 0 0 0 0 0 0 0 0 0 0 0 0 0 0 0 0 0 0 0 0 0 0 0 0 0 0 0 0 0 0 0 0 0 0 0 0 0 0 0 0 0 0 0 0
5 0 1000 0 0 1000 0 1000 0 0 0 0 0 0 1287008 16 1287008 16 0 0 0 0 0 0 0 0 0 0 1287008 16 1287008 16 0 0 0 0 0 0 0 0 0 0 1287008 16 1287008 16 0 0 0 0 0 0 0 0 0 0 1287008 16 1287008 16 0 0 0 0 0 0 0 0 0 0 1287008 16 1287008 16 0 0 0 0 0 0 0 0 0 0 1287008 16 1287008 16 0 0 0 0
6 0 1000 0 0 1000 0 1000 1 1 1 1 0 0 108850 106 0 0 80290 1 28560 105 1 1 1 1 0 0 108850 106 0 0 80290 1 28560 105 1 1 1 1 0 0 108850 106 0 0 80290 1 28560 105 1 1 1 1 0 0 108850 106 0 0 80290 1 28560 105 1 1 1 1 0 0 108850 106 0 0 80290 1 28560 105 1 1 1 1 0 0 108850 106 0 0 80290 1 28560 105
7 0 1000 0 0 1000 0 1000 1 1 1 1 0 0 0 0 0 0 0 0 0 0 1 1 1 1 0 0 0 0 0 0 0 0 0 0 1 1 1 1 0 0 0 0 0 0 0 0 0 0 1 1 1 1 0 0 0 0 0 0 0 0 0 0 1 1 1 1 0 0 0 0 0 0 0 0 0 0 1 1 1 1 0 0 0 0 0 0 0 0 0 0
8 0 1000 0 0 1000 0 1000 1 1 1 1 0 0 0 0 0 0 0 0 0 0 1 1 1 1 0 0 0 0 0 0 0 0 0 0 1 1 1 1 0 0 0 0 0 0 0 0 0 0 1 1 1 1 0 0 0 0 0 0 0 0 0 0 1 1 1 1 0 0 0 0 0 0 0 0 0 0 1 1 1 1 0 0 0 0 0 0 0 0 0 0
9 0 1000 0 0 1000 0 1000 1 1 1 1 0 0 837978 10 837978 10 0 0 0 0 1 1 1 1 0 0 837978 10 837978 10 0 0 0 0 1 1 1 1 0 0 837978 10 837978 10 0 0 0 0 1 1 1 1 0 0 837978 10 837978 10 0 0 0 0 1 1 1 1 0 0 837978 10 837978 10 0 0 0 0 1 1 1 1 0 0 837978 10 837978 10 0 0 0 0
10 0 1000 0 0 1000 0 1000 2 2 2 2 0 0 105314 93 0 0 80290 1 25024 92 2 2 2 2 0 0 105314 93 0 0 80290 1 25024 92 2 2 2 2 0 0 105314 93 0 0 80290 1 25024 92 2 2 2 2 0 0 105314 93 0 0 80290 1 25024 92 2 2 2 2 0 0 105314 93 0 0 80290 1 25024 92 2 2 2 2 0 0 105314 93 0 0 80290 1 25024 92
11 0 1000 0 0 1000 0 1000 2 2 2 2 0 0 0 0 0 0 0 0 0 0 2 2 2 2 0 0 0 0 0 0 0 0 0 0 2 2 2 2 0 0 0 0 0 0 0 0 0 0 2 2 2 2 0 0 0 0 0 0 0 0 0 0 2 2 2 2 0 0 0 0 0 0 0 0 0 0 2 2 2 2 0 0 0 0 0 0 0 0 0 0
12 0 1000 0 0 1000 0 1000 2 2 2 2 0 0 0 0 0 0 0 0 0 0 2 2 2 2 0 0 0 0 0 0 0 0 0 0 2 2 2 2 0 0 0 0 0 0 0 0 0 0 2 2 2 2 0 0 0 0 0 0 0 0 0 0 2 2 2 2 0 0 0 0 0 0 0 0 0 0 2 2 2 2 0 0 0 0 0 0 0 0 0 0
13 0 1000 0 0 1000 0 1000 2 2 2 2 0 0 1334110 16 1334110 16 0 0 0 0 2 2 2 2 0 0 1334110 16 1334110 16 0 0 0 0 2 2 2 2 0 0 1334110 16 1334110 16 0 0 0 0 2 2 2 2 0 0 1334110 16 1334110 16 0 0 0 0 2 2 2 2 0 0 1334110 16 1334110 16 0 0 0 0 2 2 2 2 0 0 1334110 16 1334110 16 0 0 0 0
14 0 1000 0 0 1000 0 1000 3 3 3 3 0 0 108850 106 0 0 80290 1 28560 105 3 3 3 3 0 0 108850 106 0 0 80290 1 28560 105 3 3 3 3 0 0 108850 106 0 0 80290 1 28560 105 3 3 3 3 0 0 108850 106 0 0 80290 1 28560 105 3 3 3 3 0 0 108850 106 0 0 80290 1 28560 105 3 3 3 3 0 0 108850 106 0 0 80290 1 28560 105
15 0 1000 0 0 1000 0 1000 3 3 3 3 0 0 0 0 0 0 0 0 0 0 3 3 3 3 0 0 0 0 0 0 0 0 0 0 3 3 3 3 0 0 0 0 0 0 0 0 0 0 3 3 3 3 0 0 0 0 0 0 0 0 0 0 3 3 3 3 0 0 0 0 0 0 0 0 0 0 3 3 3 3 0 0 0 0 0 0 0 0 0 0
16 0 1000 0 0 1000 0 1000 3 3 3 3 0 0 0 0 0 0 0 0 0 0 3 3 3 3 0 0 0 0 0 0 0 0 0 0 3 3 3 3 0 0 0 0 0 0 0 0 0 0 3 3 3 3 0 0 0 0 0 0 0 0 0 0 3 3 3 3 0 0 0 0 0 0 0 0 0 0 3 3 3 3 0 0 0 0 0 0 0 0 0 0
17 0 1000 0 0 1000 0 1000 3 3 3 3 0 0 1424564 17 1424564 17 0 0 0 0 3 3 3 3 0 0 1424564 17 1424564 17 0 0 0 0 3 3 3 3 0 0 1424564 17 1424564 17 0 0 0 0 3 3 3 3 0 0 1424564 17 1424564 17 0 0 0 0 3 3 3 3 0 0 1424564 17 1424564 17 0 0 0 0 3 3 3 3 0 0 1424564 17 1424564 17 0 0 0 0
18 0 1000 0 0 1000 0 1000 4 4 4 4 0 0 106402 97 0 0 80290 1 26112 96 4 4 4 4 0 0 106402 97 0 0 80290 1 26112 96 4 4 4 4 0 0 106402 97 0 0 80290 1 26112 96 4 4 4 4 0 0 106402 97 0 0 80290 1 26112 96 4 4 4 4 0 0 106402 97 0 0 80290 1 26112 96 4 4 4 4 0 0 106402 97 0 0 80290 1 26112 96
19 0 1000 0 0 1000 0 1000 4 4 4 4 0 0 0 0 0 0 0 0 0 0 4 4 4 4 0 0 0 0 0 0 0 0 0 0 4 4 4 4 0 0 0 0 0 0 0 0 0 0 4 4 4 4 0 0 0 0 0 0 0 0 0 0 4 4 4 4 0 0 0 0 0 0 0 0 0 0 4 4 4 4 0 0 0 0 0 0 0 0 0 0
20 0 1000 0 0 1000 0 1000 4 4 4 4 0 0 0 0 0 0 0 0 0 0 4 4 4 4 0 0 0 0 0 0 0 0 0 0 4 4 4 4 0 0 0 0 0 0 0 0 0 0 4 4 4 4 0 0 0 0 0 0 0 0 0 0 4 4 4 4 0 0 0 0 0 0 0 0 0 0 4 4 4 4 0 0 0 0 0 0 0 0 0 0
21 0 1000 0 0 1000 0 1000 4 4 4 4 0 0 1085630 13 1085630 13 0 0 0 0 4 4 4 4 0 0 1085630 13 1085630 13 0 0 0 0 4 4 4 4 0 0 1085630 13 1085630 13 0 0 0 0 4 4 4 4 0 0 1085630 13 1085630 13 0 0 0 0 4 4 4 4 0 0 1085630 13 1085630 13 0 0 0 0 4 4 4 4 0 0 1085630 13 1085630 13 0 0 0 0
22 0 1000 0 0 1000 0 1000 5 5 5 5 0 0 107762 102 0 0 80290 1 27472 101 5 5 5 5 0 0 107762 102 0 0 80290 1 27472 101 5 5 5 5 0 0 107762 102 0 0 80290 1 27472 101 5 5 5 5 0 0 107762 102 0 0 80290 1 27472 101 5 5 5 5 0 0 107762 102 0 0 80290 1 27472 101 5 5 5 5 0 0 107762 102 0 0 80290 1 27472 101
23 0 1000 0 0 1000 0 1000 5 5 5 5 0 0 0 0 0 0 0 0 0 0 5 5 5 5 0 0 0 0 0 0 0 0 0 0 5 5 5 5 0 0 0 0 0 0 0 0 0 0 5 5 5 5 0 0 0 0 0 0 0 0 0 0 5 5 5 5 0 0 0 0 0 0 0 0 0 0 5 5 5 5 0 0 0 0 0 0 0 0 0 0
24 0 1000 0 0 1000 0 1000 5 5 5 5 0 0 0 0 0 0 0 0 0 0 5 5 5 5 0 0 0 0 0 0 0 0 0 0 5 5 5 5 0 0 0 0 0 0 0 0 0 0 5 5 5 5 0 0 0 0 0 0 0 0 0 0 5 5 5 5 0 0 0 0 0 0 0 0 0 0 5 5 5 5 0 0 0 0 0 0 0 0 0 0
25 0 1000 0 0 1000 0 1000 5 5 5 5 0 0 1840738 22 1840738 22 0 0 0 0 5 5 5 5 0 0 1840738 22 1840738 22 0 0 0 0 5 5 5 5 0 0 1840738 22 1840738 22 0 0 0 0 5 5 5 5 0 0 1840738 22 1840738 22 0 0 0 0 5 5 5 5 0 0 1840738 22 1840738 22 0 0 0 0 5 5 5 5 0 0 1840738 22 1840738 22 0 0 0 0
26 0 1000 0 0 1000 0 1000 6 6 6 6 0 0 105314 93 0 0 80290 1 25024 92 6 6 6 6 0 0 105314 93 0 0 80290 1 25024 92 6 6 6 6 0 0 105314 93 0 0 80290 1 25024 92 6 6 6 6 0 0 105314 93 0 0 80290 1 25024 92 6 6 6 6 0 0 105314 93 0 0 80290 1 25024 92 6 6 6 6 0 0 105314 93 0 0 80290 1 25024 92
27 0 1000 0 0 1000 0 1000 6 6 6 6 0 0 0 0 0 0 0 0 0 0 6 6 6 6 0 0 0 0 0 0 0 0 0 0 6 6 6 6 0 0 0 0 0 0 0 0 0 0 6 6 6 6 0 0 0 0 0 0 0 0 0 0 6 6 6 6 0 0 0 0 0 0 0 0 0 0 6 6 6 6 0 0 0 0 0 0 0 0 0 0
28 0 1000 0 0 1000 0 1000 6 6 6 6 0 0 0 0 0 0 0 0 0 0 6 6 6 6 0 0 0 0 0 0 0 0 0 0 6 6 6 6 0 0 0 0 0 0 0 0 0 0 6 6 6 6 0 0 0 0 0 0 0 0 0 0 6 6 6 6 0 0 0 0 0 0 0 0 0 0 6 6 6 6 0 0 0 0 0 0 0 0 0 0
29 0 1000 0 0 1000 0 1000 6 6 6 6 0 0 1667639 20 1667639 20 0 0 0 0 6 6 6 6 0 0 1667639 20 1667639 20 0 0 0 0 6 6 6 6 0 0 1667639 20 1667639 20 0 0 0 0 6 6 6 6 0 0 1667639 20 1667639 20 0 0 0 0 6 6 6 6 0 0 1667639 20 1667639 20 0 0 0 0 6 6 6 6 0 0 1667639 20 1667639 20 0 0 0 0
30 0 1000 0 0 1000 0 1000 7 7 7 7 0 0 105314 93 0 0 80290 1 25024 92 7 7 7 7 0 0 105314 93 0 0 80290 1 25024 92 7 7 7 7 0 0 105314 93 0 0 80290 1 25024 92 7 7 7 7 0 0 105314 93 0 0 80290 1 25024 92 7 7 7 7 0 0 105314 93 0 0 80290 1 25024 92 7 7 7 7 0 0 105314 93 0 0 80290 1 25024 92
31 0 1000 0 0 1000 0 1000 7 7 7 7 0 0 0 0 0 0 0 0 0 0 7 7 7 7 0 0 0 0 0 0 0 0 0 0 7 7 7 7 0 0 0 0 0 0 0 0 0 0 7 7 7 7 0 0 0 0 0 0 0 0 0 0 7 7 7 7 0 0 0 0 0 0 0 0 0 0 7 7 7 7 0 0 0 0 0 0 0 0 0 0
32 0 1000 0 0 1000 0 1000 7 7 7 7 0 0 0 0 0 0 0 0 0 0 7 7 7 7 0 0 0 0 0 0 0 0 0 0 7 7 7 7 0 0 0 0 0 0 0 0 0 0 7 7 7 7 0 0 0 0 0 0 0 0 0 0 7 7 7 7 0 0 0 0 0 0 0 0 0 0 7 7 7 7 0 0 0 0 0 0 0 0 0 0
33 0 1000 0 0 1000 0 1000 7 7 7 7 0 0 1417493 17 1417493 17 0 0 0 0 7 7 7 7 0 0 1417493 17 1417493 17 0 0 0 0 7 7 7 7 0 0 1417493 17 1417493 17 0 0 0 0 7 7 7 7 0 0 1417493 17 1417493 17 0 0 0 0 7 7 7 7 0 0 1417493 17 1417493 17 0 0 0 0 7 7 7 7 0 0 1417493 17 1417493 17 0 0 0 0
34 0 1000 0 0 1000 0 1000 8 8 8 8 0 0 105042 92 0 0 80290 1 24752 91 8 8 8 8 0 0 105042 92 0 0 80290 1 24752 91 8 8 8 8 0 0 105042 92 0 0 80290 1 24752 91 8 8 8 8 0 0 105042 92 0 0 80290 1 24752 91 8 8 8 8 0 0 105042 92 0 0 80290 1 24752 91 8 8 8 8 0 0 105042 92 0 0 80290 1 24752 91
35 0 1000 0 0 1000 0 1000 8 8 8 8 0 0 0 0 0 0 0 0 0 0 8 8 8 8 0 0 0 0 0 0 0 0 0 0 8 8 8 8 0 0 0 0 0 0 0 0 0 0 8 8 8 8 0 0 0 0 0 0 0 0 0 0 8 8 8 8 0 0 0 0 0 0 0 0 0 0 8 8 8 8 0 0 0 0 0 0 0 0 0 0
36 0 1000 0 0 1000 0 1000 8 8 8 8 0 0 0 0 0 0 0 0 0 0 8 8 8 8 0 0 0 0 0 0 0 0 0 0 8 8 8 8 0 0 0 0 0 0 0 0 0 0 8 8 8 8 0 0 0 0 0 0 0 0 0 0 8 8 8 8 0 0 0 0 0 0 0 0 0 0 8 8 8 8 0 0 0 0 0 0 0 0 0 0
37 0 1000 0 0 1000 0 1000 8 8 8 8 0 0 1166899 14 1166899 14 0 0 0 0 8 8 8 8 0 0 1166899 14 1166899 14 0 0 0 0 8 8 8 8 0 0 1166899 14 1166899 14 0 0 0 0 8 8 8 8 0 0 1166899 14 1166899 14 0 0 0 0 8 8 8 8 0 0 1166899 14 1166899 14 0 0 0 0 8 8 8 8 0 0 1166899 14 1166899 14 0 0 0 0
38 0 1000 0 0 1000 0 1000 9 9 9 9 0 0 103409 86 0 0 80289 1 23120 85 9 9 9 9 0 0 103409 86 0 0 80289 1 23120 85 9 9 9 9 0 0 103409 86 0 0 80289 1 23120 85 9 9 9 9 0 0 103409 86 0 0 80289 1 23120 85 9 9 9 9 0 0 103409 86 0 0 80289 1 23120 85 9 9 9 9 0 0 103409 86 0 0 80289 1 23120 85
39 0 1000 0 0 1000 0 1000 9 9 9 9 0 0 0 0 0 0 0 0 0 0 9 9 9 9 0 0 0 0 0 0 0 0 0 0 9 9 9 9 0 0 0 0 0 0 0 0 0 0 9 9 9 9 0 0 0 0 0 0 0 0 0 0 9 9 9 9 0 0 0 0 0 0 0 0 0 0 9 9 9 9 0 0 0 0 0 0 0 0 0 0
40 0 1000 0 0 1000 0 1000 9 9 9 9 0 0 0 0 0 0 0 0 0 0 9 9 9 9 0 0 0 0 0 0 0 0 0 0 9 9 9 9 0 0 0 0 0 0 0 0 0 0 9 9 9 9 0 0 0 0 0 0 0 0 0 0 9 9 9 9 0 0 0 0 0 0 0 0 0 0 9 9 9 9 0 0 0 0 0 0 0 0 0 0
41 0 1000 0 0 1000 0 1000 9 9 9 9 0 0 748430 9 748430 9 0 0 0 0 9 9 9 9 0 0 748430 9 748430 9 0 0 0 0 9 9 9 9 0 0 748430 9 748430 9 0 0 0 0 9 9 9 9 0 0 748430 9 748430 9 0 0 0 0 9 9 9 9 0 0 748430 9 748430 9 0 0 0 0 9 9 9 9 0 0 748430 9 748430 9 0 0 0 0
42 0 1000 0 0 1000 0 1000 10 10 10 10 0 0 111843 117 0 0 80291 1 31552 116 10 10 10 10 0 0 111843 117 0 0 80291 1 31552 116 10 10 10 10 0 0 111843 117 0 0 80291 1 31552 116 10 10 10 10 0 0 111843 117 0 0 80291 1 31552 116 10 10 10 10 0 0 111843 117 0 0 80291 1 31552 116 10 10 10 10 0 0 111843 117 0 0 80291 1 31552 116
43 0 1000 0 0 1000 0 1000 10 10 10 10 0 0 0 0 0 0 0 0 0 0 10 10 10 10 0 0 0 0 0 0 0 0 0 0 10 10 10 10 0 0 0 0 0 0 0 0 0 0 10 10 10 10 0 0 0 0 0 0 0 0 0 0 10 10 10 10 0 0 0 0 0 0 0 0 0 0 10 10 10 10 0 0 0 0 0 0 0 0 0 0
44 0 1000 0 0 1000 0 1000 10 10 10 10 0 0 0 0 0 0 0 0 0 0 10 10 10 10 0 0 0 0 0 0 0 0 0 0 10 10 10 10 0 0 0 0 0 0 0 0 0 0 10 10 10 10 0 0 0 0 0 0 0 0 0 0 10 10 10 10 0 0 0 0 0 0 0 0 0 0 10 10 10 10 0 0 0 0 0 0 0 0 0 0
45 0 1000 0 0 1000 0 1000 10 10 10 10 0 0 1178112 14 1178112 14 0 0 0 0 10 10 10 10 0 0 1178112 14 1178112 14 0 0 0 0 10 10 10 10 0 0 1178112 14 1178112 14 0 0 0 0 10 10 10 10 0 0 1178112 14 1178112 14 0 0 0 0 10 10 10 10 0 0 1178112 14 1178112 14 0 0 0 0 10 10 10 10 0 0 1178112 14 1178112 14 0 0 0 0
46 0 1000 0 0 1000 0 1000 11 11 11 11 0 0 111571 116 0 0 80291 1 31280 115 11 11 11 11 0 0 111571 116 0 0 80291 1 31280 115 11 11 11 11 0 0 111571 116 0 0 80291 1 31280 115 11 11 11 11 0 0 111571 116 0 0 80291 1 31280 115 11 11 11 11 0 0 111571 116 0 0 80291 1 31280 115 11 11 11 11 0 0 111571 116 0 0 80291 1 31280 115
47 0 1000 0 0 1000 0 1000 11 11 11 11 1 1 0 0 0 0 0 0 0 0 11 11 11 11 1 1 0 0 0 0 0 0 0 0 11 11 11 11 1 1 0 0 0 0 0 0 0 0 11 11 11 11 1 1 0 0 0 0 0 0 0 0 11 11 11 11 1 1 0 0 0 0 0 0 0 0 11 11 11 11 1 1 0 0 0 0 0 0 0 0
48 0 1000 0 0 1000 0 1000 11 11 11 11 1 1 0 0 0 0 0 0 0 0 11 11 11 11 1 1 0 0 0 0 0 0 0 0 11 11 11 11 1 1 0 0 0 0 0 0 0 0 11 11 11 11 1 1 0 0 0 0 0 0 0 0 11 11 11 11 1 1 0 0 0 0 0 0 0 0 11 11 11 11 1 1 0 0 0 0 0 0 0 0
49 0 1000 0 0 1000 0 1000 11 11 11 11 1 1 1261783 15 1261783 15 0 0 0 0 11 11 11 11 1 1 1261783 15 1261783 15 0 0 0 0 11 11 11 11 1 1 1261783 15 1261783 15 0 0 0 0 11 11 11 11 1 1 1261783 15 1261783 15 0 0 0 0 11 11 11 11 1 1 1261783 15 1261783 15 0 0 0 0 11 11 11 11 1 1 1261783 15 1261783 15 0 0 0 0
50 0 1000 0 0 1000 0 1000 12 12 12 12 1 1 108579 105 0 0 80291 1 28288 104 12 12 12 12 1 1 108579 105 0 0 80291 1 28288 104 12 12 12 12 1 1 108579 105 0 0 80291 1 28288 104 12 12 12 12 1 1 108579 105 0 0 80291 1 28288 104 12 12 12 12 1 1 108579 105 0 0 80291 1 28288 104 12 12 12 12 1 1 108579 105 0 0 80291 1 28288 104
51 0 1000 0 0 1000 0 1000 12 12 12 12 2 2 0 0 0 0 0 0 0 0 12 12 12 12 2 2 0 0 0 0 0 0 0 0 12 12 12 12 2 2 0 0 0 0 0 0 0 0 12 12 12 12 2 2 0 0 0 0 0 0 0 0 12 12 12 12 2 2 0 0 0 0 0 0 0 0 12 12 12 12 2 2 0 0 0 0 0 0 0 0
52 0 1000 0 0 1000 0 1000 12 12 12 12 2 2 0 0 0 0 0 0 0 0 12 12 12 12 2 2 0 0 0 0 0 0 0 0 12 12 12 12 2 2 0 0 0 0 0 0 0 0 12 12 12 12 2 2 0 0 0 0 0 0 0 0 12 12 12 12 2 2 0 0 0 0 0 0 0 0 12 12 12 12 2 2 0 0 0 0 0 0 0 0
53 0 1000 0 0 1000 0 1000 12 12 12 12 2 2 1088971 13 1088971 13 0 0 0 0 12 12 12 12 2 2 1088971 13 1088971 13 0 0 0 0 12 12 12 12 2 2 1088971 13 1088971 13 0 0 0 0 12 12 12 12 2 2 1088971 13 1088971 13 0 0 0 0 12 12 12 12 2 2 1088971 13 1088971 13 0 0 0 0 12 12 12 12 2 2 1088971 13 1088971 13 0 0 0 0
54 0 1000 0 0 1000 0 1000 13 13 13 13 2 2 109939 110 0 0 80291 1 29648 109 13 13 13 13 2 2 109939 110 0 0 80291 1 29648 109 13 13 13 13 2 2 109939 110 0 0 80291 1 29648 109 13 13 13 13 2 2 109939 110 0 0 80291 1 29648 109 13 13 13 13 2 2 109939 110 0 0 80291 1 29648 109 13 13 13 13 2 2 109939 110 0 0 80291 1 29648 109
55 0 1000 0 0 1000 0 1000 13 13 13 13 3 3 0 0 0 0 0 0 0 0 13 13 13 13 3 3 0 0 0 0 0 0 0 0 13 13 13 13 3 3 0 0 0 0 0 0 0 0 13 13 13 13 3 3 0 0 0 0 0 0 0 0 13 13 13 13 3 3 0 0 0 0 0 0 0 0 13 13 13 13 3 3 0 0 0 0 0 0 0 0
56 0 1000 0 0 1000 0 1000 13 13 13 13 3 3 0 0 0 0 0 0 0 0 13 13 13 13 3 3 0 0 0 0 0 0 0 0 13 13 13 13 3 3 0 0 0 0 0 0 0 0 13 13 13 13 3 3 0 0 0 0 0 0 0 0 13 13 13 13 3 3 0 0 0 0 0 0 0 0 13 13 13 13 3 3 0 0 0 0 0 0 0 0
57 0 1000 0 0 1000 0 1000 13 13 13 13 3 3 1007124 12 1007124 12 0 0 0 0 13 13 13 13 3 3 1007124 12 1007124 12 0 0 0 0 13 13 13 13 3 3 1007124 12 1007124 12 0 0 0 0 13 13 13 13 3 3 1007124 12 1007124 12 0 0 0 0 13 13 13 13 3 3 1007124 12 1007124 12 0 0 0 0 13 13 13 13 3 3 1007124 12 1007124 12 0 0 0 0
58 0 1000 0 0 1000 0 1000 14 14 14 14 3 3 111843 117 0 0 80291 1 31552 116 14 14 14 14 3 3 111843 117 0 0 80291 1 31552 116 14 14 14 14 3 3 111843 117 0 0 80291 1 31552 116 14 14 14 14 3 3 111843 117 0 0 80291 1 31552 116 14 14 14 14 3 3 111843 117 0 0 80291 1 31552 116 14 14 14 14 3 3 111843 117 0 0 80291 1 31552 116
59 0 1000 0 0 1000 0 1000 14 14 14 14 4 4 0 0 0 0 0 0 0 0 14 14 14 14 4 4 0 0 0 0 0 0 0 0 14 14 14 14 4 4 0 0 0 0 0 0 0 0 14 14 14 14 4 4 0 0 0 0 0 0 0 0 14 14 14 14 4 4 0 0 0 0 0 0 0 0 14 14 14 14 4 4 0 0 0 0 0 0 0 0
60 0 1000 0 0 1000 0 1000 14 14 14 14 4 4 0 0 0 0 0 0 0 0 14 14 14 14 4 4 0 0 0 0 0 0 0 0 14 14 14 14 4 4 0 0 0 0 0 0 0 0 14 14 14 14 4 4 0 0 0 0 0 0 0 0 14 14 14 14 4 4 0 0 0 0 0 0 0 0 14 14 14 14 4 4 0 0 0 0 0 0 0 0
61 0 1000 0 0 1000 0 1000 14 14 14 14 4 4 1598868 19 1598868 19 0 0 0 0 14 14 14 14 4 4 1598868 19 1598868 19 0 0 0 0 14 14 14 14 4 4 1598868 19 1598868 19 0 0 0 0 14 14 14 14 4 4 1598868 19 1598868 19 0 0 0 0 14 14 14 14 4 4 1598868 19 1598868 19 0 0 0 0 14 14 14 14 4 4 1598868 19 1598868 19 0 0 0 0
62 0 1000 0 0 1000 0 1000 15 15 15 15 4 4 103683 87 0 0 80291 1 23392 86 15 15 15 15 4 4 103683 87 0 0 80291 1 23392 86 15 15 15 15 4 4 103683 87 0 0 80291 1 23392 86 15 15 15 15 4 4 103683 87 0 0 80291 1 23392 86 15 15 15 15 4 4 103683 87 0 0 80291 1 23392 86 15 15 15 15 4 4 103683 87 0 0 80291 1 23392 86
63 0 1000 0 0 1000 0 1000 15 15 15 15 5 5 0 0 0 0 0 0 0 0 15 15 15 15 5 5 0 0 0 0 0 0 0 0 15 15 15 15 5 5 0 0 0 0 0 0 0 0 15 15 15 15 5 5 0 0 0 0 0 0 0 0 15 15 15 15 5 5 0 0 0 0 0 0 0 0 15 15 15 15 5 5 0 0 0 0 0 0 0 0
64 0 1000 0 0 1000 0 1000 15 15 15 15 5 5 0 0 0 0 0 0 0 0 15 15 15 15 5 5 0 0 0 0 0 0 0 0 15 15 15 15 5 5 0 0 0 0 0 0 0 0 15 15 15 15 5 5 0 0 0 0 0 0 0 0 15 15 15 15 5 5 0 0 0 0 0 0 0 0 15 15 15 15 5 5 0 0 0 0 0 0 0 0
65 800 200 800 0 200 0 1000 15 15 15 15 5 5 1081483 13 1081483 13 0 0 0 0 15 15 15 15 5 5 1081483 13 1081483 13 0 0 0 0 15 15 15 15 5 5 1081483 13 1081483 13 0 0 0 0 15 15 15 15 5 5 1081483 13 1081483 13 0 0 0 0 15 15 15 15 5 5 1081483 13 1081483 13 0 0 0 0 15 15 15 15 5 5 1081483 13 1081483 13 0 0 0 0
66 800 200 800 0 200 0 1000 15 15 15 15 5 5 84099 15 0 0 80291 1 3808 14 15 15 15 15 5 5 84099 15 0 0 80291 1 3808 14 15 15 15 15 5 5 84099 15 0 0 80291 1 3808 14 15 15 15 15 5 5 84099 15 0 0 80291 1 3808 14 15 15 15 15 5 5 84099 15 0 0 80291 1 3808 14 15 15 15 15 5 5 84099 15 0 0 80291 1 3808 14
67 800 200 800 0 200 0 1000 15 15 15 15 5 5 0 0 0 0 0 0 0 0 15 15 15 15 5 5 0 0 0 0 0 0 0 0 15 15 15 15 5 5 0 0 0 0 0 0 0 0 15 15 15 15 5 5 0 0 0 0 0 0 0 0 15 15 15 15 5 5 0 0 0 0 0 0 0 0 15 15 15 15 6 6 0 0 0 0 0 0 0 0
68 800 200 800 0 200 0 1000 15 15 15 15 5 5 0 0 0 0 0 0 0 0 15 15 15 15 5 5 0 0 0 0 0 0 0 0 15 15 15 15 5 5 0 0 0 0 0 0 0 0 15 15 15 15 5 5 0 0 0 0 0 0 0 0 15 15 15 15 5 5 0 0 0 0 0 0 0 0 15 15 15 15 6 6 0 0 0 0 0 0 0 0
69 800 200 800 0 200 0 1000 15 15 15 15 5 5 404434 5 404434 5 0 0 0 0 15 15 15 15 5 5 404434 5 404434 5 0 0 0 0 15 15 15 15 5 5 404434 5 404434 5 0 0 0 0 15 15 15 15 5 5 404434 5 404434 5 0 0 0 0 15 15 15 15 5 5 404434 5 404434 5 0 0 0 0 15 15 15 15 6 6 404434 5 404434 5 0 0 0 0
70 800 200 800 0 200 0 1000 15 15 15 15 5 5 86003 22 0 0 80291 1 5712 21 15 15 15 15 5 5 86003 22 0 0 80291 1 5712 21 15 15 15 15 5 5 86003 22 0 0 80291 1 5712 21 15 15 15 15 5 5 86003 22 0 0 80291 1 5712 21 15 15 15 15 5 5 86003 22 0 0 80291 1 5712 21 15 15 15 15 6 6 86003 22 0 0 80291 1 5712 21
71 800 200 800 0 200 0 1000 15 15 15 15 5 5 0 0 0 0 0 0 0 0 15 15 15 15 5 5 0 0 0 0 0 0 0 0 15 15 15 15 5 5 0 0 0 0 0 0 0 0 15 15 15 15 5 5 0 0 0 0 0 0 0 0 15 15 15 15 5 5 0 0 0 0 0 0 0 0 15 15 15 15 7 7 0 0 0 0 0 0 0 0
72 800 200 800 0 200 0 1000 15 15 15 15 5 5 0 0 0 0 0 0 0 0 15 15 15 15 5 5 0 0 0 0 0 0 0 0 15 15 15 15 5 5 0 0 0 0 0 0 0 0 15 15 15 15 5 5 0 0 0 0 0 0 0 0 15 15 15 15 5 5 0 0 0 0 0 0 0 0 15 15 15 15 7 7 0 0 0 0 0 0 0 0
73 800 200 800 0 200 0 1000 15 15 15 15 5 5 324444 4 324444 4 0 0 0 0 15 15 15 15 5 5 324444 4 324444 4 0 0 0 0 15 15 15 15 5 5 324444 4 324444 4 0 0 0 0 15 15 15 15 5 5 324444 4 324444 4 0 0 0 0 15 15 15 15 5 5 324444 4 324444 4 0 0 0 0 15 15 15 15 7 7 324444 4 324444 4 0 0 0 0
74 800 200 800 0 200 0 1000 15 15 15 15 5 5 88451 31 0 0 80291 1 8160 30 15 15 15 15 5 5 88451 31 0 0 80291 1 8160 30 15 15 15 15 5 5 88451 31 0 0 80291 1 8160 30 15 15 15 15 5 5 88451 31 0 0 80291 1 8160 30 15 15 15 15 5 5 88451 31 0 0 80291 1 8160 30 15 15 15 15 7 7 88451 31 0 0 80291 1 8160 30
75 800 200 800 0 200 0 1000 15 15 15 15 5 5 0 0 0 0 0 0 0 0 15 15 15 15 5 5 0 0 0 0 0 0 0 0 15 15 15 15 5 5 0 0 0 0 0 0 0 0 15 15 15 15 5 5 0 0 0 0 0 0 0 0 15 15 15 15 5 5 0 0 0 0 0 0 0 0 15 15 15 15 8 8 0 0 0 0 0 0 0 0
76 800 200 800 0 200 0 1000 15 15 15 15 5 5 0 0 0 0 0 0 0 0 15 15 15 15 5 5 0 0 0 0 0 0 0 0 15 15 15 15 5 5 0 0 0 0 0 0 0 0 15 15 15 15 5 5 0 0 0 0 0 0 0 0 15 15 15 15 5 5 0 0 0 0 0 0 0 0 15 15 15 15 8 8 0 0 0 0 0 0 0 0
77 800 200 800 0 200 0 1000 15 15 15 15 5 5 325596 4 325596 4 0 0 0 0 15 15 15 15 5 5 325596 4 325596 4 0 0 0 0 15 15 15 15 5 5 325596 4 325596 4 0 0 0 0 15 15 15 15 5 5 325596 4 325596 4 0 0 0 0 15 15 15 15 5 5 325596 4 325596 4 0 0 0 0 15 15 15 15 8 8 325596 4 325596 4 0 0 0 0
78 800 200 800 0 200 0 1000 15 15 15 15 5 5 87091 26 0 0 80291 1 6800 25 15 15 15 15 5 5 87091 26 0 0 80291 1 6800 25 15 15 15 15 5 5 87091 26 0 0 80291 1 6800 25 15 15 15 15 5 5 87091 26 0 0 80291 1 6800 25 15 15 15 15 5 5 87091 26 0 0 80291 1 6800 25 15 15 15 15 8 8 87091 26 0 0 80291 1 6800 25
79 800 200 800 0 200 0 1000 15 15 15 15 5 5 0 0 0 0 0 0 0 0 15 15 15 15 5 5 0 0 0 0 0 0 0 0 15 15 15 15 5 5 0 0 0 0 0 0 0 0 15 15 15 15 5 5 0 0 0 0 0 0 0 0 15 15 15 15 5 5 0 0 0 0 0 0 0 0 15 15 15 15 9 9 0 0 0 0 0 0 0 0
80 800 200 800 0 200 0 1000 15 15 15 15 5 5 0 0 0 0 0 0 0 0 15 15 15 15 5 5 0 0 0 0 0 0 0 0 15 15 15 15 5 5 0 0 0 0 0 0 0 0 15 15 15 15 5 5 0 0 0 0 0 0 0 0 15 15 15 15 5 5 0 0 0 0 0 0 0 0 15 15 15 15 9 9 0 0 0 0 0 0 0 0
81 800 200 800 0 200 0 1000 15 15 15 15 5 5 243717 3 243717 3 0 0 0 0 15 15 15 15 5 5 243717 3 243717 3 0 0 0 0 15 15 15 15 5 5 243717 3 243717 3 0 0 0 0 15 15 15 15 5 5 243717 3 243717 3 0 0 0 0 15 15 15 15 5 5 243717 3 243717 3 0 0 0 0 15 15 15 15 9 9 243717 3 243717 3 0 0 0 0
82 800 200 800 0 200 0 1000 15 15 15 15 5 5 85459 20 0 0 80291 1 5168 19 15 15 15 15 5 5 85459 20 0 0 80291 1 5168 19 15 15 15 15 5 5 85459 20 0 0 80291 1 5168 19 15 15 15 15 5 5 85459 20 0 0 80291 1 5168 19 15 15 15 15 5 5 85459 20 0 0 80291 1 5168 19 15 15 15 15 9 9 85459 20 0 0 80291 1 5168 19
83 800 200 800 0 200 0 1000 15 15 15 15 5 5 0 0 0 0 0 0 0 0 15 15 15 15 5 5 0 0 0 0 0 0 0 0 15 15 15 15 5 5 0 0 0 0 0 0 0 0 15 15 15 15 5 5 0 0 0 0 0 0 0 0 15 15 15 15 5 5 0 0 0 0 0 0 0 0 15 15 15 15 10 10 0 0 0 0 0 0 0 0
84 800 200 800 0 200 0 1000 15 15 15 15 5 5 0 0 0 0 0 0 0 0 15 15 15 15 5 5 0 0 0 0 0 0 0 0 15 15 15 15 5 5 0 0 0 0 0 0 0 0 15 15 15 15 5 5 0 0 0 0 0 0 0 0 15 15 15 15 5 5 0 0 0 0 0 0 0 0 15 15 15 15 10 10 0 0 0 0 0 0 0 0
85 800 200 800 0 200 0 1000 15 15 15 15 5 5 162092 2 162092 2 0 0 0 0 15 15 15 15 5 5 162092 2 162092 2 0 0 0 0 15 15 15 15 5 5 162092 2 162092 2 0 0 0 0 15 15 15 15 5 5 162092 2 162092 2 0 0 0 0 15 15 15 15 5 5 162092 2 162092 2 0 0 0 0 15 15 15 15 10 10 162092 2 162092 2 0 0 0 0
86 800 200 800 0 200 0 1000 15 15 15 15 5 5 85457 20 0 0 80289 1 5168 19 15 15 15 15 5 5 85457 20 0 0 80289 1 5168 19 15 15 15 15 5 5 85457 20 0 0 80289 1 5168 19 15 15 15 15 5 5 85457 20 0 0 80289 1 5168 19 15 15 15 15 5 5 85457 20 0 0 80289 1 5168 19 15 15 15 15 10 10 85457 20 0 0 80289 1 5168 19
87 800 200 800 0 200 0 1000 15 15 15 15 5 5 0 0 0 0 0 0 0 0 15 15 15 15 5 5 0 0 0 0 0 0 0 0 15 15 15 15 5 5 0 0 0 0 0 0 0 0 15 15 15 15 5 5 0 0 0 0 0 0 0 0 15 15 15 15 5 5 0 0 0 0 0 0 0 0 15 15 15 15 11 11 0 0 0 0 0 0 0 0
88 800 200 800 0 200 0 1000 15 15 15 15 5 5 0 0 0 0 0 0 0 0 15 15 15 15 5 5 0 0 0 0 0 0 0 0 15 15 15 15 5 5 0 0 0 0 0 0 0 0 15 15 15 15 5 5 0 0 0 0 0 0 0 0 15 15 15 15 5 5 0 0 0 0 0 0 0 0 15 15 15 15 11 11 0 0 0 0 0 0 0 0
89 800 200 800 0 200 0 1000 15 15 15 15 5 5 162093 2 162093 2 0 0 0 0 15 15 15 15 5 5 162093 2 162093 2 0 0 0 0 15 15 15 15 5 5 162093 2 162093 2 0 0 0 0 15 15 15 15 5 5 162093 2 162093 2 0 0 0 0 15 15 15 15 5 5 162093 2 162093 2 0 0 0 0 15 15 15 15 11 11 162093 2 162093 2 0 0 0 0
90 800 200 800 0 200 0 1000 15 15 15 15 5 5 86818 25 0 0 80290 1 6528 24 15 15 15 15 5 5 86818 25 0 0 80290 1 6528 24 15 15 15 15 5 5 86818 25 0 0 80290 1 6528 24 15 15 15 15 5 5 86818 25 0 0 80290 1 6528 24 15 15 15 15 5 5 86818 25 0 0 80290 1 6528 24 15 15 15 15 11 11 86818 25 0 0 80290 1 6528 24
91 800 200 800 0 200 0 1000 15 15 15 15 5 5 0 0 0 0 0 0 0 0 15 15 15 15 5 5 0 0 0 0 0 0 0 0 15 15 15 15 5 5 0 0 0 0 0 0 0 0 15 15 15 15 5 5 0 0 0 0 0 0 0 0 15 15 15 15 5 5 0 0 0 0 0 0 0 0 15 15 15 15 12 12 0 0 0 0 0 0 0 0
92 800 200 800 0 200 0 1000 15 15 15 15 5 5 0 0 0 0 0 0 0 0 15 15 15 15 5 5 0 0 0 0 0 0 0 0 15 15 15 15 5 5 0 0 0 0 0 0 0 0 15 15 15 15 5 5 0 0 0 0 0 0 0 0 15 15 15 15 5 5 0 0 0 0 0 0 0 0 15 15 15 15 12 12 0 0 0 0 0 0 0 0
93 800 200 800 0 200 0 1000 15 15 15 15 5 5 324828 4 324828 4 0 0 0 0 15 15 15 15 5 5 324828 4 324828 4 0 0 0 0 15 15 15 15 5 5 324828 4 324828 4 0 0 0 0 15 15 15 15 5 5 324828 4 324828 4 0 0 0 0 15 15 15 15 5 5 324828 4 324828 4 0 0 0 0 15 15 15 15 12 12 324828 4 324828 4 0 0 0 0
94 800 200 800 0 200 0 1000 15 15 15 15 5 5 84915 18 0 0 80291 1 4624 17 15 15 15 15 5 5 84915 18 0 0 80291 1 4624 17 15 15 15 15 5 5 84915 18 0 0 80291 1 4624 17 15 15 15 15 5 5 84915 18 0 0 80291 1 4624 17 15 15 15 15 5 5 84915 18 0 0 80291 1 4624 17 15 15 15 15 12 12 84915 18 0 0 80291 1 4624 17
95 800 200 800 0 200 0 1000 15 15 15 15 5 5 0 0 0 0 0 0 0 0 15 15 15 15 5 5 0 0 0 0 0 0 0 0 15 15 15 15 5 5 0 0 0 0 0 0 0 0 15 15 15 15 5 5 0 0 0 0 0 0 0 0 15 15 15 15 5 5 0 0 0 0 0 0 0 0 15 15 15 15 13 13 0 0 0 0 0 0 0 0
96 800 200 800 0 200 0 1000 15 15 15 15 5 5 0 0 0 0 0 0 0 0 15 15 15 15 5 5 0 0 0 0 0 0 0 0 15 15 15 15 5 5 0 0 0 0 0 0 0 0 15 15 15 15 5 5 0 0 0 0 0 0 0 0 15 15 15 15 5 5 0 0 0 0 0 0 0 0 15 15 15 15 13 13 0 0 0 0 0 0 0 0
97 800 200 800 0 200 0 1000 15 15 15 15 5 5 323931 4 323931 4 0 0 0 0 15 15 15 15 5 5 323931 4 323931 4 0 0 0 0 15 15 15 15 5 5 323931 4 323931 4 0 0 0 0 15 15 15 15 5 5 323931 4 323931 4 0 0 0 0 15 15 15 15 5 5 323931 4 323931 4 0 0 0 0 15 15 15 15 13 13 323931 4 323931 4 0 0 0 0
98 800 200 800 0 200 0 1000 15 15 15 15 5 5 85459 20 0 0 80291 1 5168 19 15 15 15 15 5 5 85459 20 0 0 80291 1 5168 19 15 15 15 15 5 5 85459 20 0 0 80291 1 5168 19 15 15 15 15 5 5 85459 20 0 0 80291 1 5168 19 15 15 15 15 5 5 85459 20 0 0 80291 1 5168 19 15 15 15 15 13 13 85459 20 0 0 80291 1 5168 19
99 800 200 800 0 200 0 1000 15 15 15 15 5 5 0 0 0 0 0 0 0 0 15 15 15 15 5 5 0 0 0 0 0 0 0 0 15 15 15 15 5 5 0 0 0 0 0 0 0 0 15 15 15 15 5 5 0 0 0 0 0 0 0 0 15 15 15 15 5 5 0 0 0 0 0 0 0 0 15 15 15 15 14 14 0 0 0 0 0 0 0 0
100 800 200 800 0 200 0 1000 15 15 15 15 5 5 0 0 0 0 0 0 0 0 15 15 15 15 5 5 0 0 0 0 0 0 0 0 15 15 15 15 5 5 0 0 0 0 0 0 0 0 15 15 15 15 5 5 0 0 0 0 0 0 0 0 15 15 15 15 5 5 0 0 0 0 0 0 0 0 15 15 15 15 14 14 0 0 0 0 0 0 0 0
101 800 200 800 0 200 0 1000 15 15 15 15 5 5 486282 6 486282 6 0 0 0 0 15 15 15 15 5 5 486282 6 486282 6 0 0 0 0 15 15 15 15 5 5 486282 6 486282 6 0 0 0 0 15 15 15 15 5 5 486282 6 486282 6 0 0 0 0 15 15 15 15 5 5 486282 6 486282 6 0 0 0 0 15 15 15 15 14 14 486282 6 486282 6 0 0 0 0
102 800 200 800 0 200 0 1000 15 15 15 15 5 5 84643 17 0 0 80291 1 4352 16 15 15 15 15 5 5 84643 17 0 0 80291 1 4352 16 15 15 15 15 5 5 84643 17 0 0 80291 1 4352 16 15 15 15 15 5 5 84643 17 0 0 80291 1 4352 16 15 15 15 15 5 5 84643 17 0 0 80291 1 4352 16 15 15 15 15 14 14 84643 17 0 0 80291 1 4352 16
103 800 200 800 0 200 0 1000 15 15 15 15 5 5 0 0 0 0 0 0 0 0 15 15 15 15 5 5 0 0 0 0 0 0 0 0 15 15 15 15 5 5 0 0 0 0 0 0 0 0 15 15 15 15 5 5 0 0 0 0 0 0 0 0 15 15 15 15 5 5 0 0 0 0 0 0 0 0 15 15 15 15 15 15 0 0 0 0 0 0 0 0
104 800 200 800 0 200 0 1000 15 15 15 15 5 5 0 0 0 0 0 0 0 0 15 15 15 15 5 5 0 0 0 0 0 0 0 0 15 15 15 15 5 5 0 0 0 0 0 0 0 0 15 15 15 15 5 5 0 0 0 0 0 0 0 0 15 15 15 15 5 5 0 0 0 0 0 0 0 0 15 15 15 15 15 15 0 0 0 0 0 0 0 0
105 800 200 800 0 200 0 1000 15 15 15 15 5 5 566656 7 566656 7 0 0 0 0 15 15 15 15 5 5 566656 7 566656 7 0 0 0 0 15 15 15 15 5 5 566656 7 566656 7 0 0 0 0 15 15 15 15 5 5 566656 7 566656 7 0 0 0 0 15 15 15 15 5 5 566656 7 566656 7 0 0 0 0 15 15 15 15 15 15 566656 7 566656 7 0 0 0 0
106 800 200 800 0 200 0 1000 15 15 15 15 5 5 86547 24 0 0 80291 1 6256 23 15 15 15 15 5 5 86547 24 0 0 80291 1 6256 23 15 15 15 15 5 5 86547 24 0 0 80291 1 6256 23 15 15 15 15 5 5 86547 24 0 0 80291 1 6256 23 15 15 15 15 5 5 86547 24 0 0 80291 1 6256 23 15 15 15 15 15 15 86547 24 0 0 80291 1 6256 23
107 800 200 800 0 200 0 1000 15 15 15 15 5 5 0 0 0 0 0 0 0 0 15 15 15 15 5 5 0 0 0 0 0 0 0 0 15 15 15 15 5 5 0 0 0 0 0 0 0 0 15 15 15 15 5 5 0 0 0 0 0 0 0 0 15 15 15 15 5 5 0 0 0 0 0 0 0 0 16 16 15 15 16 16 0 0 0 0 0 0 0 0
108 800 200 800 0 200 0 1000 15 15 15 15 5 5 0 0 0 0 0 0 0 0 15 15 15 15 5 5 0 0 0 0 0 0 0 0 15 15 15 15 5 5 0 0 0 0 0 0 0 0 15 15 15 15 5 5 0 0 0 0 0 0 0 0 15 15 15 15 5 5 0 0 0 0 0 0 0 0 16 16 15 15 16 16 0 0 0 0 0 0 0 0
109 800 200 800 0 200 0 1000 15 15 15 15 5 5 81175 1 81175 1 0 0 0 0 15 15 15 15 5 5 81175 1 81175 1 0 0 0 0 15 15 15 15 5 5 81175 1 81175 1 0 0 0 0 15 15 15 15 5 5 81175 1 81175 1 0 0 0 0 15 15 15 15 5 5 81175 1 81175 1 0 0 0 0 16 16 15 15 16 16 81175 1 81175 1 0 0 0 0
110 800 200 800 0 200 0 1000 15 15 15 15 5 5 86275 23 0 0 80291 1 5984 22 15 15 15 15 5 5 86275 23 0 0 80291 1 5984 22 15 15 15 15 5 5 86275 23 0 0 80291 1 5984 22 15 15 15 15 5 5 86275 23 0 0 80291 1 5984 22 15 15 15 15 5 5 86275 23 0 0 80291 1 5984 22 16 16 15 15 16 16 86275 23 0 0 80291 1 5984 22
111 800 200 800 0 200 0 1000 15 15 15 15 5 5 0 0 0 0 0 0 0 0 15 15 15 15 5 5 0 0 0 0 0 0 0 0 15 15 15 15 5 5 0 0 0 0 0 0 0 0 15 15 15 15 5 5 0 0 0 0 0 0 0 0 15 15 15 15 5 5 0 0 0 0 0 0 0 0 17 17 15 15 17 17 0 0 0 0 0 0 0 0
112 800 200 800 0 200 0 1000 15 15 15 15 5 5 0 0 0 0 0 0 0 0 15 15 15 15 5 5 0 0 0 0 0 0 0 0 15 15 15 15 5 5 0 0 0 0 0 0 0 0 15 15 15 15 5 5 0 0 0 0 0 0 0 0 15 15 15 15 5 5 0 0 0 0 0 0 0 0 17 17 15 15 17 17 0 0 0 0 0 0 0 0
113 800 200 800 0 200 0 1000 15 15 15 15 5 5 324572 4 324572 4 0 0 0 0 15 15 15 15 5 5 324572 4 324572 4 0 0 0 0 15 15 15 15 5 5 324572 4 324572 4 0 0 0 0 15 15 15 15 5 5 324572 4 324572 4 0 0 0 0 15 15 15 15 5 5 324572 4 324572 4 0 0 0 0 17 17 15 15 17 17 324572 4 324572 4 0 0 0 0
114 800 200 800 0 200 0 1000 15 15 15 15 5 5 88179 30 0 0 80291 1 7888 29 15 15 15 15 5 5 88179 30 0 0 80291 1 7888 29 15 15 15 15 5 5 88179 30 0 0 80291 1 7888 29 15 15 15 15 5 5 88179 30 0 0 80291 1 7888 29 15 15 15 15 5 5 88179 30 0 0 80291 1 7888 29 17 17 15 15 17 17 88179 30 0 0 80291 1 7888 29
115 800 200 800 0 200 0 1000 15 15 15 15 5 5 0 0 0 0 0 0 0 0 15 15 15 15 5 5 0 0 0 0 0 0 0 0 15 15 15 15 5 5 0 0 0 0 0 0 0 0 15 15 15 15 5 5 0 0 0 0 0 0 0 0 15 15 15 15 5 5 0 0 0 0 0 0 0 0 18 18 15 15 18 18 0 0 0 0 0 0 0 0
116 800 200 800 0 200 0 1000 15 15 15 15 5 5 0 0 0 0 0 0 0 0 15 15 15 15 5 5 0 0 0 0 0 0 0 0 15 15 15 15 5 5 0 0 0 0 0 0 0 0 15 15 15 15 5 5 0 0 0 0 0 0 0 0 15 15 15 15 5 5 0 0 0 0 0 0 0 0 18 18 15 15 18 18 0 0 0 0 0 0 0 0
117 800 200 800 0 200 0 1000 15 15 15 15 5 5 325468 4 325468 4 0 0 0 0 15 15 15 15 5 5 325468 4 325468 4 0 0 0 0 15 15 15 15 5 5 325468 4 325468 4 0 0 0 0 15 15 15 15 5 5 325468 4 325468 4 0 0 0 0 15 15 15 15 5 5 325468 4 325468 4 0 0 0 0 18 18 15 15 18 18 325468 4 325468 4 0 0 0 0
118 800 200 800 0 200 0 1000 15 15 15 15 5 5 84371 16 0 0 80291 1 4080 15 15 15 15 15 5 5 84371 16 0 0 80291 1 4080 15 15 15 15 15 5 5 84371 16 0 0 80291 1 4080 15 15 15 15 15 5 5 84371 16 0 0 80291 1 4080 15 15 15 15 15 5 5 84371 16 0 0 80291 1 4080 15 18 18 15 15 18 18 84371 16 0 0 80291 1 4080 15
119 800 200 800 0 200 0 1000 15 15 15 15 5 5 0 0 0 0 0 0 0 0 15 15 15 15 5 5 0 0 0 0 0 0 0 0 15 15 15 15 5 5 0 0 0 0 0 0 0 0 15 15 15 15 5 5 0 0 0 0 0 0 0 0 15 15 15 15 5 5 0 0 0 0 0 0 0 0 19 19 15 15 19 19 0 0 0 0 0 0 0 0
120 800 200 800 0 200 0 1000 15 15 15 15 5 5 0 0 0 0 0 0 0 0 15 15 15 15 5 5 0 0 0 0 0 0 0 0 15 15 15 15 5 5 0 0 0 0 0 0 0 0 15 15 15 15 5 5 0 0 0 0 0 0 0 0 15 15 15 15 5 5 0 0 0 0 0 0 0 0 19 19 15 15 19 19 0 0 0 0 0 0 0 0
121 800 200 800 0 200 0 1000 15 15 15 15 5 5 323675 4 323675 4 0 0 0 0 15 15 15 15 5 5 323675 4 323675 4 0 0 0 0 15 15 15 15 5 5 323675 4 323675 4 0 0 0 0 15 15 15 15 5 5 323675 4 323675 4 0 0 0 0 15 15 15 15 5 5 323675 4 323675 4 0 0 0 0 19 19 15 15 19 19 323675 4 323675 4 0 0 0 0
122 800 200 800 0 200 0 1000 15 15 15 15 5 5 87091 26 0 0 80291 1 6800 25 15 15 15 15 5 5 87091 26 0 0 80291 1 6800 25 15 15 15 15 5 5 87091 26 0 0 80291 1 6800 25 15 15 15 15 5 5 87091 26 0 0 80291 1 6800 25 15 15 15 15 5 5 87091 26 0 0 80291 1 6800 25 19 19 15 15 19 19 87091 26 0 0 80291 1 6800 25
123 800 200 800 0 200 0 1000 15 15 15 15 5 5 0 0 0 0 0 0 0 0 15 15 15 15 5 5 0 0 0 0 0 0 0 0 15 15 15 15 5 5 0 0 0 0 0 0 0 0 15 15 15 15 5 5 0 0 0 0 0 0 0 0 15 15 15 15 5 5 0 0 0 0 0 0 0 0 20 20 15 15 20 20 0 0 0 0 0 0 0 0
124 800 200 800 0 200 0 1000 15 15 15 15 5 5 0 0 0 0 0 0 0 0 15 15 15 15 5 5 0 0 0 0 0 0 0 0 15 15 15 15 5 5 0 0 0 0 0 0 0 0 15 15 15 15 5 5 0 0 0 0 0 0 0 0 15 15 15 15 5 5 0 0 0 0 0 0 0 0 20 20 15 15 20 20 0 0 0 0 0 0 0 0
125 800 200 800 0 200 0 1000 15 15 15 15 5 5 406194 5 406194 5 0 0 0 0 15 15 15 15 5 5 406194 5 406194 5 0 0 0 0 15 15 15 15 5 5 406194 5 406194 5 0 0 0 0 15 15 15 15 5 5 406194 5 406194 5 0 0 0 0 15 15 15 15 5 5 406194 5 406194 5 0 0 0 0 20 20 15 15 20 20 406194 5 406194 5 0 0 0 0
126 0 1000 0 800 200 0 1000 15 15 15 15 5 5 86819 25 0 0 80291 1 6528 24 15 15 15 15 5 5 86819 25 0 0 80291 1 6528 24 15 15 15 15 5 5 86819 25 0 0 80291 1 6528 24 15 15 15 15 5 5 86819 25 0 0 80291 1 6528 24 15 15 15 15 5 5 86819 25 0 0 80291 1 6528 24 20 20 15 15 20 20 86819 25 0 0 80291 1 6528 24
127 0 1000 0 0 1000 0 1000 21 21 15 15 21 21 0 0 0 0 0 0 0 0 21 21 15 15 21 21 0 0 0 0 0 0 0 0 21 21 15 15 21 21 0 0 0 0 0 0 0 0 21 21 15 15 21 21 0 0 0 0 0 0 0 0 21 21 15 15 21 21 0 0 0 0 0 0 0 0 21 21 15 15 21 21 0 0 0 0 0 0 0 0
128 0 1000 0 0 1000 0 1000 21 21 15 15 21 21 0 0 0 0 0 0 0 0 21 21 15 15 21 21 0 0 0 0 0 0 0 0 21 21 15 15 21 21 0 0 0 0 0 0 0 0 21 21 15 15 21 21 0 0 0 0 0 0 0 0 21 21 15 15 21 21 0 0 0 0 0 0 0 0 21 21 15 15 21 21 0 0 0 0 0 0 0 0
129 0 1000 0 0 1000 0 1000 21 21 15 15 21 21 974483 12 974483 12 0 0 0 0 21 21 15 15 21 21 974483 12 974483 12 0 0 0 0 21 21 15 15 21 21 974483 12 974483 12 0 0 0 0 21 21 15 15 21 21 974483 12 974483 12 0 0 0 0 21 21 15 15 21 21 974483 12 974483 12 0 0 0 0 21 21 15 15 21 21 974483 12 974483 12 0 0 0 0
130 0 1000 0 0 1000 0 1000 32 32 32 32 21 21 106675 98 0 0 80291 1 26384 97 32 32 32 32 21 21 106675 98 0 0 80291 1 26384 97 32 32 32 32 21 21 106675 98 0 0 80291 1 26384 97 32 32 32 32 21 21 106675 98 0 0 80291 1 26384 97 32 32 32 32 21 21 106675 98 0 0 80291 1 26384 97 32 32 32 32 21 21 106675 98 0 0 80291 1 26384 97
131 0 1000 0 0 1000 0 1000 32 32 32 32 22 22 0 0 0 0 0 0 0 0 32 32 32 32 22 22 0 0 0 0 0 0 0 0 32 32 32 32 22 22 0 0 0 0 0 0 0 0 32 32 32 32 22 22 0 0 0 0 0 0 0 0 32 32 32 32 22 22 0 0 0 0 0 0 0 0 32 32 32 32 22 22 0 0 0 0 0 0 0 0
132 0 1000 0 0 1000 0 1000 32 32 32 32 22 22 0 0 0 0 0 0 0 0 32 32 32 32 22 22 0 0 0 0 0 0 0 0 32 32 32 32 22 22 0 0 0 0 0 0 0 0 32 32 32 32 22 22 0 0 0 0 0 0 0 0 32 32 32 32 22 22 0 0 0 0 0 0 0 0 32 32 32 32 22 22 0 0 0 0 0 0 0 0
133 0 1000 0 0 1000 0 1000 32 32 32 32 22 22 835430 10 835430 10 0 0 0 0 32 32 32 32 22 22 835430 10 835430 10 0 0 0 0 32 32 32 32 22 22 835430 10 835430 10 0 0 0 0 32 32 32 32 22 22 835430 10 835430 10 0 0 0 0 32 32 32 32 22 22 835430 10 835430 10 0 0 0 0 32 32 32 32 22 22 835430 10 835430 10 0 0 0 0
134 0 1000 0 0 1000 0 1000 33 33 33 33 22 22 108307 104 0 0 80291 1 28016 103 33 33 33 33 22 22 108307 104 0 0 80291 1 28016 103 33 33 33 33 22 22 108307 104 0 0 80291 1 28016 103 33 33 33 33 22 22 108307 104 0 0 80291 1 28016 103 33 33 33 33 22 22 108307 104 0 0 80291 1 28016 103 33 33 33 33 22 22 108307 104 0 0 80291 1 28016 103
135 0 1000 0 0 1000 0 1000 33 33 33 33 23 23 0 0 0 0 0 0 0 0 33 33 33 33 23 23 0 0 0 0 0 0 0 0 33 33 33 33 23 23 0 0 0 0 0 0 0 0 33 33 33 33 23 23 0 0 0 0 0 0 0 0 33 33 33 33 23 23 0 0 0 0 0 0 0 0 33 33 33 33 23 23 0 0 0 0 0 0 0 0
136 0 1000 0 0 1000 0 1000 33 33 33 33 23 23 0 0 0 0 0 0 0 0 33 33 33 33 23 23 0 0 0 0 0 0 0 0 33 33 33 33 23 23 0 0 0 0 0 0 0 0 33 33 33 33 23 23 0 0 0 0 0 0 0 0 33 33 33 33 23 23 0 0 0 0 0 0 0 0 33 33 33 33 23 23 0 0 0 0 0 0 0 0
137 0 1000 0 0 1000 0 1000 33 33 33 33 23 23 753613 9 753613 9 0 0 0 0 33 33 33 33 23 23 753613 9 753613 9 0 0 0 0 33 33 33 33 23 23 753613 9 753613 9 0 0 0 0 33 33 33 33 23 23 753613 9 753613 9 0 0 0 0 33 33 33 33 23 23 753613 9 753613 9 0 0 0 0 33 33 33 33 23 23 753613 9 753613 9 0 0 0 0
138 0 1000 0 0 1000 0 1000 34 34 34 34 23 23 106401 97 0 0 80289 1 26112 96 34 34 34 34 23 23 106401 97 0 0 80289 1 26112 96 34 34 34 34 23 23 106401 97 0 0 80289 1 26112 96 34 34 34 34 23 23 106401 97 0 0 80289 1 26112 96 34 34 34 34 23 23 106401 97 0 0 80289 1 26112 96 34 34 34 34 23 23 106401 97 0 0 80289 1 26112 96
139 0 1000 0 0 1000 0 1000 34 34 34 34 24 24 0 0 0 0 0 0 0 0 34 34 34 34 24 24 0 0 0 0 0 0 0 0 34 34 34 34 24 24 0 0 0 0 0 0 0 0 34 34 34 34 24 24 0 0 0 0 0 0 0 0 34 34 34 34 24 24 0 0 0 0 0 0 0 0 34 34 34 34 24 24 0 0 0 0 0 0 0 0
140 0 1000 0 0 1000 0 1000 34 34 34 34 24 24 0 0 0 0 0 0 0 0 34 34 34 34 24 24 0 0 0 0 0 0 0 0 34 34 34 34 24 24 0 0 0 0 0 0 0 0 34 34 34 34 24 24 0 0 0 0 0 0 0 0 34 34 34 34 24 24 0 0 0 0 0 0 0 0 34 34 34 34 24 24 0 0 0 0 0 0 0 0
141 0 1000 0 0 1000 0 1000 34 34 34 34 24 24 1503196 18 1503196 18 0 0 0 0 34 34 34 34 24 24 1503196 18 1503196 18 0 0 0 0 34 34 34 34 24 24 1503196 18 1503196 18 0 0 0 0 34 34 34 34 24 24 1503196 18 1503196 18 0 0 0 0 34 34 34 34 24 24 1503196 18 1503196 18 0 0 0 0 34 34 34 34 24 24 1503196 18 1503196 18 0 0 0 0
142 0 1000 0 0 1000 0 1000 35 35 35 35 24 24 102595 83 0 0 80291 1 22304 82 35 35 35 35 24 24 102595 83 0 0 80291 1 22304 82 35 35 35 35 24 24 102595 83 0 0 80291 1 22304 82 35 35 35 35 24 24 102595 83 0 0 80291 1 22304 82 35 35 35 35 24 24 102595 83 0 0 80291 1 22304 82 35 35 35 35 24 24 102595 83 0 0 80291 1 22304 82
143 0 1000 0 0 1000 0 1000 35 35 35 35 25 25 0 0 0 0 0 0 0 0 35 35 35 35 25 25 0 0 0 0 0 0 0 0 35 35 35 35 25 25 0 0 0 0 0 0 0 0 35 35 35 35 25 25 0 0 0 0 0 0 0 0 35 35 35 35 25 25 0 0 0 0 0 0 0 0 35 35 35 35 25 25 0 0 0 0 0 0 0 0
144 0 1000 0 0 1000 0 1000 35 35 35 35 25 25 0 0 0 0 0 0 0 0 35 35 35 35 25 25 0 0 0 0 0 0 0 0 35 35 35 35 25 25 0 0 0 0 0 0 0 0 35 35 35 35 25 25 0 0 0 0 0 0 0 0 35 35 35 35 25 25 0 0 0 0 0 0 0 0 35 35 35 35 25 25 0 0 0 0 0 0 0 0
145 0 1000 0 0 1000 0 1000 35 35 35 35 25 25 1162880 14 1162880 14 0 0 0 0 35 35 35 35 25 25 1162880 14 1162880 14 0 0 0 0 35 35 35 35 25 25 1162880 14 1162880 14 0 0 0 0 35 35 35 35 25 25 1162880 14 1162880 14 0 0 0 0 35 35 35 35 25 25 1162880 14 1162880 14 0 0 0 0 35 35 35 35 25 25 1162880 14 1162880 14 0 0 0 0
146 0 1000 0 0 1000 0 1000 36 36 36 36 25 25 102867 84 0 0 80291 1 22576 83 36 36 36 36 25 25 102867 84 0 0 80291 1 22576 83 36 36 36 36 25 25 102867 84 0 0 80291 1 22576 83 36 36 36 36 25 25 102867 84 0 0 80291 1 22576 83 36 36 36 36 25 25 102867 84 0 0 80291 1 22576 83 36 36 36 36 25 25 102867 84 0 0 80291 1 22576 83
147 0 1000 0 0 1000 0 1000 36 36 36 36 26 26 0 0 0 0 0 0 0 0 36 36 36 36 26 26 0 0 0 0 0 0 0 0 36 36 36 36 26 26 0 0 0 0 0 0 0 0 36 36 36 36 26 26 0 0 0 0 0 0 0 0 36 36 36 36 26 26 0 0 0 0 0 0 0 0 36 36 36 36 26 26 0 0 0 0 0 0 0 0
148 0 1000 0 0 1000 0 1000 36 36 36 36 26 26 0 0 0 0 0 0 0 0 36 36 36 36 26 26 0 0 0 0 0 0 0 0 36 36 36 36 26 26 0 0 0 0 0 0 0 0 36 36 36 36 26 26 0 0 0 0 0 0 0 0 36 36 36 36 26 26 0 0 0 0 0 0 0 0 36 36 36 36 26 26 0 0 0 0 0 0 0 0
149 0 1000 0 0 1000 0 1000 36 36 36 36 26 26 1080235 13 1080235 13 0 0 0 0 36 36 36 36 26 26 1080235 13 1080235 13 0 0 0 0 36 36 36 36 26 26 1080235 13 1080235 13 0 0 0 0 36 36 36 36 26 26 1080235 13 1080235 13 0 0 0 0 36 36 36 36 26 26 1080235 13 1080235 13 0 0 0 0 36 36 36 36 26 26 1080235 13 1080235 13 0 0 0 0
150 0 1000 0 0 1000 0 1000 37 37 37 37 26 26 110755 113 0 0 80291 1 30464 112 37 37 37 37 26 26 110755 113 0 0 80291 1 30464 112 37 37 37 37 26 26 110755 113 0 0 80291 1 30464 112 37 37 37 37 26 26 110755 113 0 0 80291 1 30464 112 37 37 37 37 26 26 110755 113 0 0 80291 1 30464 112 37 37 37 37 26 26 110755 113 0 0 80291 1 30464 112
151 0 1000 0 0 1000 0 1000 37 37 37 37 27 27 0 0 0 0 0 0 0 0 37 37 37 37 27 27 0 0 0 0 0 0 0 0 37 37 37 37 27 27 0 0 0 0 0 0 0 0 37 37 37 37 27 27 0 0 0 0 0 0 0 0 37 37 37 37 27 27 0 0 0 0 0 0 0 0 37 37 37 37 27 27 0 0 0 0 0 0 0 0
152 0 1000 0 0 1000 0 1000 37 37 37 37 27 27 0 0 0 0 0 0 0 0 37 37 37 37 27 27 0 0 0 0 0 0 0 0 37 37 37 37 27 27 0 0 0 0 0 0 0 0 37 37 37 37 27 27 0 0 0 0 0 0 0 0 37 37 37 37 27 27 0 0 0 0 0 0 0 0 37 37 37 37 27 27 0 0 0 0 0 0 0 0
153 0 1000 0 0 1000 0 1000 37 37 37 37 27 27 1176320 14 1176320 14 0 0 0 0 37 37 37 37 27 27 1176320 14 1176320 14 0 0 0 0 37 37 37 37 27 27 1176320 14 1176320 14 0 0 0 0 37 37 37 37 27 27 1176320 14 1176320 14 0 0 0 0 37 37 37 37 27 27 1176320 14 1176320 14 0 0 0 0 37 37 37 37 27 27 1176320 14 1176320 14 0 0 0 0
154 0 1000 0 0 1000 0 1000 38 38 38 38 27 27 110483 112 0 0 80291 1 30192 111 38 38 38 38 27 27 110483 112 0 0 80291 1 30192 111 38 38 38 38 27 27 110483 112 0 0 80291 1 30192 111 38 38 38 38 27 27 110483 112 0 0 80291 1 30192 111 38 38 38 38 27 27 110483 112 0 0 80291 1 30192 111 38 38 38 38 27 27 110483 112 0 0 80291 1 30192 111
155 0 1000 0 0 1000 0 1000 38 38 38 38 28 28 0 0 0 0 0 0 0 0 38 38 38 38 28 28 0 0 0 0 0 0 0 0 38 38 38 38 28 28 0 0 0 0 0 0 0 0 38 38 38 38 28 28 0 0 0 0 0 0 0 0 38 38 38 38 28 28 0 0 0 0 0 0 0 0 38 38 38 38 28 28 0 0 0 0 0 0 0 0
156 0 1000 0 0 1000 0 1000 38 38 38 38 28 28 0 0 0 0 0 0 0 0 38 38 38 38 28 28 0 0 0 0 0 0 0 0 38 38 38 38 28 28 0 0 0 0 0 0 0 0 38 38 38 38 28 28 0 0 0 0 0 0 0 0 38 38 38 38 28 28 0 0 0 0 0 0 0 0 38 38 38 38 28 28 0 0 0 0 0 0 0 0
157 0 1000 0 0 1000 0 1000 38 38 38 38 28 28 923901 11 923901 11 0 0 0 0 38 38 38 38 28 28 923901 11 923901 11 0 0 0 0 38 38 38 38 28 28 923901 11 923901 11 0 0 0 0 38 38 38 38 28 28 923901 11 923901 11 0 0 0 0 38 38 38 38 28 28 923901 11 923901 11 0 0 0 0 38 38 38 38 28 28 923901 11 923901 11 0 0 0 0
158 0 1000 0 0 1000 0 1000 39 39 39 39 28 28 115379 130 0 0 80291 1 35088 129 39 39 39 39 28 28 115379 130 0 0 80291 1 35088 129 39 39 39 39 28 28 115379 130 0 0 80291 1 35088 129 39 39 39 39 28 28 115379 130 0 0 80291 1 35088 129 39 39 39 39 28 28 115379 130 0 0 80291 1 35088 129 39 39 39 39 28 28 115379 130 0 0 80291 1 35088 129
159 0 1000 0 0 1000 0 1000 39 39 39 39 29 29 0 0 0 0 0 0 0 0 39 39 39 39 29 29 0 0 0 0 0 0 0 0 39 39 39 39 29 29 0 0 0 0 0 0 0 0 39 39 39 39 29 29 0 0 0 0 0 0 0 0 39 39 39 39 29 29 0 0 0 0 0 0 0 0 39 39 39 39 29 29 0 0 0 0 0 0 0 0
160 0 1000 0 0 1000 0 1000 39 39 39 39 29 29 0 0 0 0 0 0 0 0 39 39 39 39 29 29 0 0 0 0 0 0 0 0 39 39 39 39 29 29 0 0 0 0 0 0 0 0 39 39 39 39 29 29 0 0 0 0 0 0 0 0 39 39 39 39 29 29 0 0 0 0 0 0 0 0 39 39 39 39 29 29 0 0 0 0 0 0 0 0
161 0 1000 0 0 1000 0 1000 39 39 39 39 29 29 930234 11 930234 11 0 0 0 0 39 39 39 39 29 29 930234 11 930234 11 0 0 0 0 39 39 39 39 29 29 930234 11 930234 11 0 0 0 0 39 39 39 39 29 29 930234 11 930234 11 0 0 0 0 39 39 39 39 29 29 930234 11 930234 11 0 0 0 0 39 39 39 39 29 29 930234 11 930234 11 0 0 0 0
162 0 1000 0 0 1000 0 1000 40 40 40 40 29 29 106675 98 0 0 80291 1 26384 97 40 40 40 40 29 29 106675 98 0 0 80291 1 26384 97 40 40 40 40 29 29 106675 98 0 0 80291 1 26384 97 40 40 40 40 29 29 106675 98 0 0 80291 1 26384 97 40 40 40 40 29 29 106675 98 0 0 80291 1 26384 97 40 40 40 40 29 29 106675 98 0 0 80291 1 26384 97
163 0 1000 0 0 1000 0 1000 40 40 40 40 30 30 0 0 0 0 0 0 0 0 40 40 40 40 30 30 0 0 0 0 0 0 0 0 40 40 40 40 30 30 0 0 0 0 0 0 0 0 40 40 40 40 30 30 0 0 0 0 0 0 0 0 40 40 40 40 30 30 0 0 0 0 0 0 0 0 40 40 40 40 30 30 0 0 0 0 0 0 0 0
164 0 1000 0 0 1000 0 1000 40 40 40 40 30 30 0 0 0 0 0 0 0 0 40 40 40 40 30 30 0 0 0 0 0 0 0 0 40 40 40 40 30 30 0 0 0 0 0 0 0 0 40 40 40 40 30 30 0 0 0 0 0 0 0 0 40 40 40 40 30 30 0 0 0 0 0 0 0 0 40 40 40 40 30 30 0 0 0 0 0 0 0 0
165 0 1000 0 0 1000 0 1000 40 40 40 40 30 30 1086058 13 1086058 13 0 0 0 0 40 40 40 40 30 30 1086058 13 1086058 13 0 0 0 0 40 40 40 40 30 30 1086058 13 1086058 13 0 0 0 0 40 40 40 40 30 30 1086058 13 1086058 13 0 0 0 0 40 40 40 40 30 30 1086058 13 1086058 13 0 0 0 0 40 40 40 40 30 30 1086058 13 1086058 13 0 0 0 0
166 0 1000 0 0 1000 0 1000 41 41 41 41 30 30 109667 109 0 0 80291 1 29376 108 41 41 41 41 30 30 109667 109 0 0 80291 1 29376 108 41 41 41 41 30 30 109667 109 0 0 80291 1 29376 108 41 41 41 41 30 30 109667 109 0 0 80291 1 29376 108 41 41 41 41 30 30 109667 109 0 0 80291 1 29376 108 41 41 41 41 30 30 109667 109 0 0 80291 1 29376 108
167 0 1000 0 0 1000 0 1000 41 41 41 41 31 31 0 0 0 0 0 0 0 0 41 41 41 41 31 31 0 0 0 0 0 0 0 0 41 41 41 41 31 31 0 0 0 0 0 0 0 0 41 41 41 41 31 31 0 0 0 0 0 0 0 0 41 41 41 41 31 31 0 0 0 0 0 0 0 0 41 41 41 41 31 31 0 0 0 0 0 0 0 0
168 0 1000 0 0 1000 0 1000 41 41 41 41 31 31 0 0 0 0 0 0 0 0 41 41 41 41 31 31 0 0 0 0 0 0 0 0 41 41 41 41 31 31 0 0 0 0 0 0 0 0 41 41 41 41 31 31 0 0 0 0 0 0 0 0 41 41 41 41 31 31 0 0 0 0 0 0 0 0 41 41 41 41 31 31 0 0 0 0 0 0 0 0
169 0 1000 0 0 1000 0 1000 41 41 41 41 31 31 1258425 15 1258425 15 0 0 0 0 41 41 41 41 31 31 1258425 15 1258425 15 0 0 0 0 41 41 41 41 31 31 1258425 15 1258425 15 0 0 0 0 41 41 41 41 31 31 1258425 15 1258425 15 0 0 0 0 41 41 41 41 31 31 1258425 15 1258425 15 0 0 0 0 41 41 41 41 31 31 1258425 15 1258425 15 0 0 0 0
170 0 1000 0 0 1000 0 1000 42 42 42 42 31 31 107763 102 0 0 80291 1 27472 101 42 42 42 42 31 31 107763 102 0 0 80291 1 27472 101 42 42 42 42 31 31 107763 102 0 0 80291 1 27472 101 42 42 42 42 31 31 107763 102 0 0 80291 1 27472 101 42 42 42 42 31 31 107763 102 0 0 80291 1 27472 101 42 42 42 42 31 31 107763 102 0 0 80291 1 27472 101
171 0 1000 0 0 1000 0 1000 42 42 42 42 32 32 0 0 0 0 0 0 0 0 42 42 42 42 32 32 0 0 0 0 0 0 0 0 42 42 42 42 32 32 0 0 0 0 0 0 0 0 42 42 42 42 32 32 0 0 0 0 0 0 0 0 42 42 42 42 32 32 0 0 0 0 0 0 0 0 42 42 42 42 32 32 0 0 0 0 0 0 0 0
172 0 1000 0 0 1000 0 1000 42 42 42 42 32 32 0 0 0 0 0 0 0 0 42 42 42 42 32 32 0 0 0 0 0 0 0 0 42 42 42 42 32 32 0 0 0 0 0 0 0 0 42 42 42 42 32 32 0 0 0 0 0 0 0 0 42 42 42 42 32 32 0 0 0 0 0 0 0 0 42 42 42 42 32 32 0 0 0 0 0 0 0 0
173 0 1000 0 0 1000 0 1000 42 42 42 42 32 32 1673420 20 1673420 20 0 0 0 0 42 42 42 42 32 32 1673420 20 1673420 20 0 0 0 0 42 42 42 42 32 32 1673420 20 1673420 20 0 0 0 0 42 42 42 42 32 32 1673420 20 1673420 20 0 0 0 0 42 42 42 42 32 32 1673420 20 1673420 20 0 0 0 0 42 42 42 42 32 32 1673420 20 1673420 20 0 0 0 0
174 0 1000 0 0 1000 0 1000 43 43 43 43 32 32 105043 92 0 0 80291 1 24752 91 43 43 43 43 32 32 105043 92 0 0 80291 1 24752 91 43 43 43 43 32 32 105043 92 0 0 80291 1 24752 91 43 43 43 43 32 32 105043 92 0 0 80291 1 24752 91 43 43 43 43 32 32 105043 92 0 0 80291 1 24752 91 43 43 43 43 32 32 105043 92 0 0 80291 1 24752 91
175 0 1000 0 0 1000 0 1000 43 43 43 43 33 33 0 0 0 0 0 0 0 0 43 43 43 43 33 33 0 0 0 0 0 0 0 0 43 43 43 43 33 33 0 0 0 0 0 0 0 0 43 43 43 43 33 33 0 0 0 0 0 0 0 0 43 43 43 43 33 33 0 0 0 0 0 0 0 0 43 43 43 43 33 33 0 0 0 0 0 0 0 0
176 0 1000 0 0 1000 0 1000 43 43 43 43 33 33 0 0 0 0 0 0 0 0 43 43 43 43 33 33 0 0 0 0 0 0 0 0 43 43 43 43 33 33 0 0 0 0 0 0 0 0 43 43 43 43 33 33 0 0 0 0 0 0 0 0 43 43 43 43 33 33 0 0 0 0 0 0 0 0 43 43 43 43 33 33 0 0 0 0 0 0 0 0
177 0 1000 0 0 1000 0 1000 43 43 43 43 33 33 1667019 20 1667019 20 0 0 0 0 43 43 43 43 33 33 1667019 20 1667019 20 0 0 0 0 43 43 43 43 33 33 1667019 20 1667019 20 0 0 0 0 43 43 43 43 33 33 1667019 20 1667019 20 0 0 0 0 43 43 43 43 33 33 1667019 20 1667019 20 0 0 0 0 43 43 43 43 33 33 1667019 20 1667019 20 0 0 0 0
178 0 1000 0 0 1000 0 1000 44 44 44 44 33 33 109667 109 0 0 80291 1 29376 108 44 44 44 44 33 33 109667 109 0 0 80291 1 29376 108 44 44 44 44 33 33 109667 109 0 0 80291 1 29376 108 44 44 44 44 33 33 109667 109 0 0 80291 1 29376 108 44 44 44 44 33 33 109667 109 0 0 80291 1 29376 108 44 44 44 44 33 33 109667 109 0 0 80291 1 29376 108
179 0 1000 0 0 1000 0 1000 44 44 44 44 34 34 0 0 0 0 0 0 0 0 44 44 44 44 34 34 0 0 0 0 0 0 0 0 44 44 44 44 34 34 0 0 0 0 0 0 0 0 44 44 44 44 34 34 0 0 0 0 0 0 0 0 44 44 44 44 34 34 0 0 0 0 0 0 0 0 44 44 44 44 34 34 0 0 0 0 0 0 0 0
180 0 1000 0 0 1000 0 1000 44 44 44 44 34 34 0 0 0 0 0 0 0 0 44 44 44 44 34 34 0 0 0 0 0 0 0 0 44 44 44 44 34 34 0 0 0 0 0 0 0 0 44 44 44 44 34 34 0 0 0 0 0 0 0 0 44 44 44 44 34 34 0 0 0 0 0 0 0 0 44 44 44 44 34 34 0 0 0 0 0 0 0 0
181 0 1000 0 0 1000 0 1000 44 44 44 44 34 34 1761792 21 1761792 21 0 0 0 0 44 44 44 44 34 34 1761792 21 1761792 21 0 0 0 0 44 44 44 44 34 34 1761792 21 1761792 21 0 0 0 0 44 44 44 44 34 34 1761792 21 1761792 21 0 0 0 0 44 44 44 44 34 34 1761792 21 1761792 21 0 0 0 0 44 44 44 44 34 34 1761792 21 1761792 21 0 0 0 0
182 0 1000 0 0 1000 0 1000 45 45 45 45 34 34 110755 113 0 0 80291 1 30464 112 45 45 45 45 34 34 110755 113 0 0 80291 1 30464 112 45 45 45 45 34 34 110755 113 0 0 80291 1 30464 112 45 45 45 45 34 34 110755 113 0 0 80291 1 30464 112 45 45 45 45 34 34 110755 113 0 0 80291 1 30464 112 45 45 45 45 34 34 110755 113 0 0 80291 1 30464 112
183 0 1000 0 0 1000 0 1000 45 45 45 45 35 35 0 0 0 0 0 0 0 0 45 45 45 45 35 35 0 0 0 0 0 0 0 0 45 45 45 45 35 35 0 0 0 0 0 0 0 0 45 45 45 45 35 35 0 0 0 0 0 0 0 0 45 45 45 45 35 35 0 0 0 0 0 0 0 0 45 45 45 45 35 35 0 0 0 0 0 0 0 0
184 0 1000 0 0 1000 0 1000 45 45 45 45 35 35 0 0 0 0 0 0 0 0 45 45 45 45 35 35 0 0 0 0 0 0 0 0 45 45 45 45 35 35 0 0 0 0 0 0 0 0 45 45 45 45 35 35 0 0 0 0 0 0 0 0 45 45 45 45 35 35 0 0 0 0 0 0 0 0 45 45 45 45 35 35 0 0 0 0 0 0 0 0
185 0 1000 0 0 1000 0 1000 45 45 45 45 35 35 1260344 15 1260344 15 0 0 0 0 45 45 45 45 35 35 1260344 15 1260344 15 0 0 0 0 45 45 45 45 35 35 1260344 15 1260344 15 0 0 0 0 45 45 45 45 35 35 1260344 15 1260344 15 0 0 0 0 45 45 45 45 35 35 1260344 15 1260344 15 0 0 0 0 45 45 45 45 35 35 1260344 15 1260344 15 0 0 0 0
186 0 1000 0 0 1000 0 1000 46 46 46 46 35 35 106675 98 0 0 80291 1 26384 97 46 46 46 46 35 35 106675 98 0 0 80291 1 26384 97 46 46 46 46 35 35 106675 98 0 0 80291 1 26384 97 46 46 46 46 35 35 106675 98 0 0 80291 1 26384 97 46 46 46 46 35 35 106675 98 0 0 80291 1 26384 97 46 46 46 46 35 35 106675 98 0 0 80291 1 26384 97
187 800 200 800 0 200 0 1000 46 46 46 46 35 35 0 0 0 0 0 0 0 0 46 46 46 46 35 35 0 0 0 0 0 0 0 0 46 46 46 46 35 35 0 0 0 0 0 0 0 0 46 46 46 46 35 35 0 0 0 0 0 0 0 0 46 46 46 46 35 35 0 0 0 0 0 0 0 0 46 46 46 46 36 36 0 0 0 0 0 0 0 0
188 800 200 800 0 200 0 1000 46 46 46 46 35 35 0 0 0 0 0 0 0 0 46 46 46 46 35 35 0 0 0 0 0 0 0 0 46 46 46 46 35 35 0 0 0 0 0 0 0 0 46 46 46 46 35 35 0 0 0 0 0 0 0 0 46 46 46 46 35 35 0 0 0 0 0 0 0 0 46 46 46 46 36 36 0 0 0 0 0 0 0 0
189 800 200 800 0 200 0 1000 46 46 46 46 35 35 83543 1 83543 1 0 0 0 0 46 46 46 46 35 35 83543 1 83543 1 0 0 0 0 46 46 46 46 35 35 83543 1 83543 1 0 0 0 0 46 46 46 46 35 35 83543 1 83543 1 0 0 0 0 46 46 46 46 35 35 83543 1 83543 1 0 0 0 0 46 46 46 46 36 36 83543 1 83543 1 0 0 0 0
190 800 200 800 0 200 0 1000 46 46 46 46 35 35 84915 18 0 0 80291 1 4624 17 46 46 46 46 35 35 84915 18 0 0 80291 1 4624 17 46 46 46 46 35 35 84915 18 0 0 80291 1 4624 17 46 46 46 46 35 35 84915 18 0 0 80291 1 4624 17 46 46 46 46 35 35 84915 18 0 0 80291 1 4624 17 46 46 46 46 36 36 84915 18 0 0 80291 1 4624 17
191 800 200 800 0 200 0 1000 46 46 46 46 35 35 0 0 0 0 0 0 0 0 46 46 46 46 35 35 0 0 0 0 0 0 0 0 46 46 46 46 35 35 0 0 0 0 0 0 0 0 46 46 46 46 35 35 0 0 0 0 0 0 0 0 46 46 46 46 35 35 0 0 0 0 0 0 0 0 46 46 46 46 37 37 0 0 0 0 0 0 0 0
192 800 200 800 0 200 0 1000 46 46 46 46 35 35 0 0 0 0 0 0 0 0 46 46 46 46 35 35 0 0 0 0 0 0 0 0 46 46 46 46 35 35 0 0 0 0 0 0 0 0 46 46 46 46 35 35 0 0 0 0 0 0 0 0 46 46 46 46 35 35 0 0 0 0 0 0 0 0 46 46 46 46 37 37 0 0 0 0 0 0 0 0
193 800 200 800 0 200 0 1000 46 46 46 46 35 35 161966 2 161966 2 0 0 0 0 46 46 46 46 35 35 161966 2 161966 2 0 0 0 0 46 46 46 46 35 35 161966 2 161966 2 0 0 0 0 46 46 46 46 35 35 161966 2 161966 2 0 0 0 0 46 46 46 46 35 35 161966 2 161966 2 0 0 0 0 46 46 46 46 37 37 161966 2 161966 2 0 0 0 0
194 800 200 800 0 200 0 1000 46 46 46 46 35 35 88179 30 0 0 80291 1 7888 29 46 46 46 46 35 35 88179 30 0 0 80291 1 7888 29 46 46 46 46 35 35 88179 30 0 0 80291 1 7888 29 46 46 46 46 35 35 88179 30 0 0 80291 1 7888 29 46 46 46 46 35 35 88179 30 0 0 80291 1 7888 29 46 46 46 46 37 37 88179 30 0 0 80291 1 7888 29
195 800 200 800 0 200 0 1000 46 46 46 46 35 35 0 0 0 0 0 0 0 0 46 46 46 46 35 35 0 0 0 0 0 0 0 0 46 46 46 46 35 35 0 0 0 0 0 0 0 0 46 46 46 46 35 35 0 0 0 0 0 0 0 0 46 46 46 46 35 35 0 0 0 0 0 0 0 0 46 46 46 46 38 38 0 0 0 0 0 0 0 0
196 800 200 800 0 200 0 1000 46 46 46 46 35 35 0 0 0 0 0 0 0 0 46 46 46 46 35 35 0 0 0 0 0 0 0 0 46 46 46 46 35 35 0 0 0 0 0 0 0 0 46 46 46 46 35 35 0 0 0 0 0 0 0 0 46 46 46 46 35 35 0 0 0 0 0 0 0 0 46 46 46 46 38 38 0 0 0 0 0 0 0 0
197 800 200 800 0 200 0 1000 46 46 46 46 35 35 162734 2 162734 2 0 0 0 0 46 46 46 46 35 35 162734 2 162734 2 0 0 0 0 46 46 46 46 35 35 162734 2 162734 2 0 0 0 0 46 46 46 46 35 35 162734 2 162734 2 0 0 0 0 46 46 46 46 35 35 162734 2 162734 2 0 0 0 0 46 46 46 46 38 38 162734 2 162734 2 0 0 0 0
198 800 200 800 0 200 0 1000 46 46 46 46 35 35 87091 26 0 0 80291 1 6800 25 46 46 46 46 35 35 87091 26 0 0 80291 1 6800 25 46 46 46 46 35 35 87091 26 0 0 80291 1 6800 25 46 46 46 46 35 35 87091 26 0 0 80291 1 6800 25 46 46 46 46 35 35 87091 26 0 0 80291 1 6800 25 46 46 46 46 38 38 87091 26 0 0 80291 1 6800 25
199 800 200 800 0 200 0 1000 46 46 46 46 35 35 0 0 0 0 0 0 0 0 46 46 46 46 35 35 0 0 0 0 0 0 0 0 46 46 46 46 35 35 0 0 0 0 0 0 0 0 46 46 46 46 35 35 0 0 0 0 0 0 0 0 46 46 46 46 35 35 0 0 0 0 0 0 0 0 46 46 46 46 39 39 0 0 0 0 0 0 0 0
200 800 200 800 0 200 0 1000 46 46 46 46 35 35 0 0 0 0 0 0 0 0 46 46 46 46 35 35 0 0 0 0 0 0 0 0 46 46 46 46 35 35 0 0 0 0 0 0 0 0 46 46 46 46 35 35 0 0 0 0 0 0 0 0 46 46 46 46 35 35 0 0 0 0 0 0 0 0 46 46 46 46 39 39 0 0 0 0 0 0 0 0
201 800 200 800 0 200 0 1000 46 46 46 46 35 35 162478 2 162478 2 0 0 0 0 46 46 46 46 35 35 162478 2 162478 2 0 0 0 0 46 46 46 46 35 35 162478 2 162478 2 0 0 0 0 46 46 46 46 35 35 162478 2 162478 2 0 0 0 0 46 46 46 46 35 35 162478 2 162478 2 0 0 0 0 46 46 46 46 39 39 162478 2 162478 2 0 0 0 0
202 800 200 800 0 200 0 1000 46 46 46 46 35 35 86275 23 0 0 80291 1 5984 22 46 46 46 46 35 35 86275 23 0 0 80291 1 5984 22 46 46 46 46 35 35 86275 23 0 0 80291 1 5984 22 46 46 46 46 35 35 86275 23 0 0 80291 1 5984 22 46 46 46 46 35 35 86275 23 0 0 80291 1 5984 22 46 46 46 46 39 39 86275 23 0 0 80291 1 5984 22
203 800 200 800 0 200 0 1000 46 46 46 46 35 35 0 0 0 0 0 0 0 0 46 46 46 46 35 35 0 0 0 0 0 0 0 0 46 46 46 46 35 35 0 0 0 0 0 0 0 0 46 46 46 46 35 35 0 0 0 0 0 0 0 0 46 46 46 46 35 35 0 0 0 0 0 0 0 0 46 46 46 46 40 40 0 0 0 0 0 0 0 0
204 800 200 800 0 200 0 1000 46 46 46 46 35 35 0 0 0 0 0 0 0 0 46 46 46 46 35 35 0 0 0 0 0 0 0 0 46 46 46 46 35 35 0 0 0 0 0 0 0 0 46 46 46 46 35 35 0 0 0 0 0 0 0 0 46 46 46 46 35 35 0 0 0 0 0 0 0 0 46 46 46 46 40 40 0 0 0 0 0 0 0 0
205 800 200 800 0 200 0 1000 46 46 46 46 35 35 405715 5 405715 5 0 0 0 0 46 46 46 46 35 35 405715 5 405715 5 0 0 0 0 46 46 46 46 35 35 405715 5 405715 5 0 0 0 0 46 46 46 46 35 35 405715 5 405715 5 0 0 0 0 46 46 46 46 35 35 405715 5 405715 5 0 0 0 0 46 46 46 46 40 40 405715 5 405715 5 0 0 0 0
206 800 200 800 0 200 0 1000 46 46 46 46 35 35 85731 21 0 0 80291 1 5440 20 46 46 46 46 35 35 85731 21 0 0 80291 1 5440 20 46 46 46 46 35 35 85731 21 0 0 80291 1 5440 20 46 46 46 46 35 35 85731 21 0 0 80291 1 5440 20 46 46 46 46 35 35 85731 21 0 0 80291 1 5440 20 46 46 46 46 40 40 85731 21 0 0 80291 1 5440 20
207 800 200 800 0 200 0 1000 46 46 46 46 35 35 0 0 0 0 0 0 0 0 46 46 46 46 35 35 0 0 0 0 0 0 0 0 46 46 46 46 35 35 0 0 0 0 0 0 0 0 46 46 46 46 35 35 0 0 0 0 0 0 0 0 46 46 46 46 35 35 0 0 0 0 0 0 0 0 46 46 46 46 41 41 0 0 0 0 0 0 0 0
208 800 200 800 0 200 0 1000 46 46 46 46 35 35 0 0 0 0 0 0 0 0 46 46 46 46 35 35 0 0 0 0 0 0 0 0 46 46 46 46 35 35 0 0 0 0 0 0 0 0 46 46 46 46 35 35 0 0 0 0 0 0 0 0 46 46 46 46 35 35 0 0 0 0 0 0 0 0 46 46 46 46 41 41 0 0 0 0 0 0 0 0
209 800 200 800 0 200 0 1000 46 46 46 46 35 35 81079 1 81079 1 0 0 0 0 46 46 46 46 35 35 81079 1 81079 1 0 0 0 0 46 46 46 46 35 35 81079 1 81079 1 0 0 0 0 46 46 46 46 35 35 81079 1 81079 1 0 0 0 0 46 46 46 46 35 35 81079 1 81079 1 0 0 0 0 46 46 46 46 41 41 81079 1 81079 1 0 0 0 0
210 800 200 800 0 200 0 1000 46 46 46 46 35 35 83283 12 0 0 80291 1 2992 11 46 46 46 46 35 35 83283 12 0 0 80291 1 2992 11 46 46 46 46 35 35 83283 12 0 0 80291 1 2992 11 46 46 46 46 35 35 83283 12 0 0 80291 1 2992 11 46 46 46 46 35 35 83283 12 0 0 80291 1 2992 11 46 46 46 46 41 41 83283 12 0 0 80291 1 2992 11
211 800 200 800 0 200 0 1000 46 46 46 46 35 35 0 0 0 0 0 0 0 0 46 46 46 46 35 35 0 0 0 0 0 0 0 0 46 46 46 46 35 35 0 0 0 0 0 0 0 0 46 46 46 46 35 35 0 0 0 0 0 0 0 0 46 46 46 46 35 35 0 0 0 0 0 0 0 0 46 46 46 46 42 42 0 0 0 0 0 0 0 0
212 800 200 800 0 200 0 1000 46 46 46 46 35 35 0 0 0 0 0 0 0 0 46 46 46 46 35 35 0 0 0 0 0 0 0 0 46 46 46 46 35 35 0 0 0 0 0 0 0 0 46 46 46 46 35 35 0 0 0 0 0 0 0 0 46 46 46 46 35 35 0 0 0 0 0 0 0 0 46 46 46 46 42 42 0 0 0 0 0 0 0 0
213 800 200 800 0 200 0 1000 46 46 46 46 35 35 161582 2 161582 2 0 0 0 0 46 46 46 46 35 35 161582 2 161582 2 0 0 0 0 46 46 46 46 35 35 161582 2 161582 2 0 0 0 0 46 46 46 46 35 35 161582 2 161582 2 0 0 0 0 46 46 46 46 35 35 161582 2 161582 2 0 0 0 0 46 46 46 46 42 42 161582 2 161582 2 0 0 0 0
214 800 200 800 0 200 0 1000 46 46 46 46 35 35 86819 25 0 0 80291 1 6528 24 46 46 46 46 35 35 86819 25 0 0 80291 1 6528 24 46 46 46 46 35 35 86819 25 0 0 80291 1 6528 24 46 46 46 46 35 35 86819 25 0 0 80291 1 6528 24 46 46 46 46 35 35 86819 25 0 0 80291 1 6528 24 46 46 46 46 42 42 86819 25 0 0 80291 1 6528 24
215 800 200 800 0 200 0 1000 46 46 46 46 35 35 0 0 0 0 0 0 0 0 46 46 46 46 35 35 0 0 0 0 0 0 0 0 46 46 46 46 35 35 0 0 0 0 0 0 0 0 46 46 46 46 35 35 0 0 0 0 0 0 0 0 46 46 46 46 35 35 0 0 0 0 0 0 0 0 46 46 46 46 43 43 0 0 0 0 0 0 0 0
216 800 200 800 0 200 0 1000 46 46 46 46 35 35 0 0 0 0 0 0 0 0 46 46 46 46 35 35 0 0 0 0 0 0 0 0 46 46 46 46 35 35 0 0 0 0 0 0 0 0 46 46 46 46 35 35 0 0 0 0 0 0 0 0 46 46 46 46 35 35 0 0 0 0 0 0 0 0 46 46 46 46 43 43 0 0 0 0 0 0 0 0
217 800 200 800 0 200 0 1000 46 46 46 46 35 35 243620 3 243620 3 0 0 0 0 46 46 46 46 35 35 243620 3 243620 3 0 0 0 0 46 46 46 46 35 35 243620 3 243620 3 0 0 0 0 46 46 46 46 35 35 243620 3 243620 3 0 0 0 0 46 46 46 46 35 35 243620 3 243620 3 0 0 0 0 46 46 46 46 43 43 243620 3 243620 3 0 0 0 0
218 800 200 800 0 200 0 1000 46 46 46 46 35 35 85458 20 0 0 80290 1 5168 19 46 46 46 46 35 35 85458 20 0 0 80290 1 5168 19 46 46 46 46 35 35 85458 20 0 0 80290 1 5168 19 46 46 46 46 35 35 85458 20 0 0 80290 1 5168 19 46 46 46 46 35 35 85458 20 0 0 80290 1 5168 19 46 46 46 46 43 43 85458 20 0 0 80290 1 5168 19
219 800 200 800 0 200 0 1000 46 46 46 46 35 35 0 0 0 0 0 0 0 0 46 46 46 46 35 35 0 0 0 0 0 0 0 0 46 46 46 46 35 35 0 0 0 0 0 0 0 0 46 46 46 46 35 35 0 0 0 0 0 0 0 0 46 46 46 46 35 35 0 0 0 0 0 0 0 0 46 46 46 46 44 44 0 0 0 0 0 0 0 0
220 800 200 800 0 200 0 1000 46 46 46 46 35 35 0 0 0 0 0 0 0 0 46 46 46 46 35 35 0 0 0 0 0 0 0 0 46 46 46 46 35 35 0 0 0 0 0 0 0 0 46 46 46 46 35 35 0 0 0 0 0 0 0 0 46 46 46 46 35 35 0 0 0 0 0 0 0 0 46 46 46 46 44 44 0 0 0 0 0 0 0 0
221 800 200 800 0 200 0 1000 46 46 46 46 35 35 324188 4 324188 4 0 0 0 0 46 46 46 46 35 35 324188 4 324188 4 0 0 0 0 46 46 46 46 35 35 324188 4 324188 4 0 0 0 0 46 46 46 46 35 35 324188 4 324188 4 0 0 0 0 46 46 46 46 35 35 324188 4 324188 4 0 0 0 0 46 46 46 46 44 44 324188 4 324188 4 0 0 0 0
222 800 200 800 0 200 0 1000 46 46 46 46 35 35 87907 29 0 0 80291 1 7616 28 46 46 46 46 35 35 87907 29 0 0 80291 1 7616 28 46 46 46 46 35 35 87907 29 0 0 80291 1 7616 28 46 46 46 46 35 35 87907 29 0 0 80291 1 7616 28 46 46 46 46 35 35 87907 29 0 0 80291 1 7616 28 46 46 46 46 44 44 87907 29 0 0 80291 1 7616 28
223 800 200 800 0 200 0 1000 46 46 46 46 35 35 0 0 0 0 0 0 0 0 46 46 46 46 35 35 0 0 0 0 0 0 0 0 46 46 46 46 35 35 0 0 0 0 0 0 0 0 46 46 46 46 35 35 0 0 0 0 0 0 0 0 46 46 46 46 35 35 0 0 0 0 0 0 0 0 46 46 46 46 45 45 0 0 0 0 0 0 0 0
224 800 200 800 0 200 0 1000 46 46 46 46 35 35 0 0 0 0 0 0 0 0 46 46 46 46 35 35 0 0 0 0 0 0 0 0 46 46 46 46 35 35 0 0 0 0 0 0 0 0 46 46 46 46 35 35 0 0 0 0 0 0 0 0 46 46 46 46 35 35 0 0 0 0 0 0 0 0 46 46 46 46 45 45 0 0 0 0 0 0 0 0
225 800 200 800 0 200 0 1000 46 46 46 46 35 35 244004 3 244004 3 0 0 0 0 46 46 46 46 35 35 244004 3 244004 3 0 0 0 0 46 46 46 46 35 35 244004 3 244004 3 0 0 0 0 46 46 46 46 35 35 244004 3 244004 3 0 0 0 0 46 46 46 46 35 35 244004 3 244004 3 0 0 0 0 46 46 46 46 45 45 244004 3 244004 3 0 0 0 0
226 800 200 800 0 200 0 1000 46 46 46 46 35 35 87635 28 0 0 80291 1 7344 27 46 46 46 46 35 35 87635 28 0 0 80291 1 7344 27 46 46 46 46 35 35 87635 28 0 0 80291 1 7344 27 46 46 46 46 35 35 87635 28 0 0 80291 1 7344 27 46 46 46 46 35 35 87635 28 0 0 80291 1 7344 27 46 46 46 46 45 45 87635 28 0 0 80291 1 7344 27
227 800 200 800 0 200 0 1000 46 46 46 46 35 35 0 0 0 0 0 0 0 0 46 46 46 46 35 35 0 0 0 0 0 0 0 0 46 46 46 46 35 35 0 0 0 0 0 0 0 0 46 46 46 46 35 35 0 0 0 0 0 0 0 0 46 46 46 46 35 35 0 0 0 0 0 0 0 0 46 46 46 46 46 46 0 0 0 0 0 0 0 0
228 800 200 800 0 200 0 1000 46 46 46 46 35 35 0 0 0 0 0 0 0 0 46 46 46 46 35 35 0 0 0 0 0 0 0 0 46 46 46 46 35 35 0 0 0 0 0 0 0 0 46 46 46 46 35 35 0 0 0 0 0 0 0 0 46 46 46 46 35 35 0 0 0 0 0 0 0 0 46 46 46 46 46 46 0 0 0 0 0 0 0 0
229 800 200 800 0 200 0 1000 46 46 46 46 35 35 162606 2 162606 2 0 0 0 0 46 46 46 46 35 35 162606 2 162606 2 0 0 0 0 46 46 46 46 35 35 162606 2 162606 2 0 0 0 0 46 46 46 46 35 35 162606 2 162606 2 0 0 0 0 46 46 46 46 35 35 162606 2 162606 2 0 0 0 0 46 46 46 46 46 46 162606 2 162606 2 0 0 0 0
230 800 200 800 0 200 0 1000 46 46 46 46 35 35 85731 21 0 0 80291 1 5440 20 46 46 46 46 35 35 85731 21 0 0 80291 1 5440 20 46 46 46 46 35 35 85731 21 0 0 80291 1 5440 20 46 46 46 46 35 35 85731 21 0 0 80291 1 5440 20 46 46 46 46 35 35 85731 21 0 0 80291 1 5440 20 46 46 46 46 46 46 85731 21 0 0 80291 1 5440 20
231 800 200 800 0 200 0 1000 46 46 46 46 35 35 0 0 0 0 0 0 0 0 46 46 46 46 35 35 0 0 0 0 0 0 0 0 46 46 46 46 35 35 0 0 0 0 0 0 0 0 46 46 46 46 35 35 0 0 0 0 0 0 0 0 46 46 46 46 35 35 0 0 0 0 0 0 0 0 47 47 46 46 47 47 0 0 0 0 0 0 0 0
232 800 200 800 0 200 0 1000 46 46 46 46 35 35 0 0 0 0 0 0 0 0 46 46 46 46 35 35 0 0 0 0 0 0 0 0 46 46 46 46 35 35 0 0 0 0 0 0 0 0 46 46 46 46 35 35 0 0 0 0 0 0 0 0 46 46 46 46 35 35 0 0 0 0 0 0 0 0 47 47 46 46 47 47 0 0 0 0 0 0 0 0
233 800 200 800 0 200 0 1000 46 46 46 46 35 35 162158 2 162158 2 0 0 0 0 46 46 46 46 35 35 162158 2 162158 2 0 0 0 0 46 46 46 46 35 35 162158 2 162158 2 0 0 0 0 46 46 46 46 35 35 162158 2 162158 2 0 0 0 0 46 46 46 46 35 35 162158 2 162158 2 0 0 0 0 47 47 46 46 47 47 162158 2 162158 2 0 0 0 0
234 800 200 800 0 200 0 1000 46 46 46 46 35 35 85459 20 0 0 80291 1 5168 19 46 46 46 46 35 35 85459 20 0 0 80291 1 5168 19 46 46 46 46 35 35 85459 20 0 0 80291 1 5168 19 46 46 46 46 35 35 85459 20 0 0 80291 1 5168 19 46 46 46 46 35 35 85459 20 0 0 80291 1 5168 19 47 47 46 46 47 47 85459 20 0 0 80291 1 5168 19
235 800 200 800 0 200 0 1000 46 46 46 46 35 35 0 0 0 0 0 0 0 0 46 46 46 46 35 35 0 0 0 0 0 0 0 0 46 46 46 46 35 35 0 0 0 0 0 0 0 0 46 46 46 46 35 35 0 0 0 0 0 0 0 0 46 46 46 46 35 35 0 0 0 0 0 0 0 0 48 48 46 46 48 48 0 0 0 0 0 0 0 0
236 800 200 800 0 200 0 1000 46 46 46 46 35 35 0 0 0 0 0 0 0 0 46 46 46 46 35 35 0 0 0 0 0 0 0 0 46 46 46 46 35 35 0 0 0 0 0 0 0 0 46 46 46 46 35 35 0 0 0 0 0 0 0 0 46 46 46 46 35 35 0 0 0 0 0 0 0 0 48 48 46 46 48 48 0 0 0 0 0 0 0 0
237 800 200 800 0 200 0 1000 46 46 46 46 35 35 243141 3 243141 3 0 0 0 0 46 46 46 46 35 35 243141 3 243141 3 0 0 0 0 46 46 46 46 35 35 243141 3 243141 3 0 0 0 0 46 46 46 46 35 35 243141 3 243141 3 0 0 0 0 46 46 46 46 35 35 243141 3 243141 3 0 0 0 0 48 48 46 46 48 48 243141 3 243141 3 0 0 0 0
238 800 200 800 0 200 0 1000 46 46 46 46 35 35 85731 21 0 0 80291 1 5440 20 46 46 46 46 35 35 85731 21 0 0 80291 1 5440 20 46 46 46 46 35 35 85731 21 0 0 80291 1 5440 20 46 46 46 46 35 35 85731 21 0 0 80291 1 5440 20 46 46 46 46 35 35 85731 21 0 0 80291 1 5440 20 48 48 46 46 48 48 85731 21 0 0 80291 1 5440 20
239 800 200 800 0 200 0 1000 46 46 46 46 35 35 0 0 0 0 0 0 0 0 46 46 46 46 35 35 0 0 0 0 0 0 0 0 46 46 46 46 35 35 0 0 0 0 0 0 0 0 46 46 46 46 35 35 0 0 0 0 0 0 0 0 46 46 46 46 35 35 0 0 0 0 0 0 0 0 49 49 46 46 49 49 0 0 0 0 0 0 0 0
240 800 200 800 0 200 0 1000 46 46 46 46 35 35 0 0 0 0 0 0 0 0 46 46 46 46 35 35 0 0 0 0 0 0 0 0 46 46 46 46 35 35 0 0 0 0 0 0 0 0 46 46 46 46 35 35 0 0 0 0 0 0 0 0 46 46 46 46 35 35 0 0 0 0 0 0 0 0 49 49 46 46 49 49 0 0 0 0 0 0 0 0
241 800 200 800 0 200 0 1000 46 46 46 46 35 35 567553 7 567553 7 0 0 0 0 46 46 46 46 35 35 567553 7 567553 7 0 0 0 0 46 46 46 46 35 35 567553 7 567553 7 0 0 0 0 46 46 46 46 35 35 567553 7 567553 7 0 0 0 0 46 46 46 46 35 35 567553 7 567553 7 0 0 0 0 49 49 46 46 49 49 567553 7 567553 7 0 0 0 0
242 800 200 800 0 200 0 1000 46 46 46 46 35 35 85731 21 0 0 80291 1 5440 20 46 46 46 46 35 35 85731 21 0 0 80291 1 5440 20 46 46 46 46 35 35 85731 21 0 0 80291 1 5440 20 46 46 46 46 35 35 85731 21 0 0 80291 1 5440 20 46 46 46 46 35 35 85731 21 0 0 80291 1 5440 20 49 49 46 46 49 49 85731 21 0 0 80291 1 5440 20
243 800 200 800 0 200 0 1000 46 46 46 46 35 35 0 0 0 0 0 0 0 0 46 46 46 46 35 35 0 0 0 0 0 0 0 0 46 46 46 46 35 35 0 0 0 0 0 0 0 0 46 46 46 46 35 35 0 0 0 0 0 0 0 0 46 46 46 46 35 35 0 0 0 0 0 0 0 0 50 50 46 46 50 50 0 0 0 0 0 0 0 0
244 800 200 800 0 200 0 1000 46 46 46 46 35 35 0 0 0 0 0 0 0 0 46 46 46 46 35 35 0 0 0 0 0 0 0 0 46 46 46 46 35 35 0 0 0 0 0 0 0 0 46 46 46 46 35 35 0 0 0 0 0 0 0 0 46 46 46 46 35 35 0 0 0 0 0 0 0 0 50 50 46 46 50 50 0 0 0 0 0 0 0 0
245 800 200 800 0 200 0 1000 46 46 46 46 35 35 486474 6 486474 6 0 0 0 0 46 46 46 46 35 35 486474 6 486474 6 0 0 0 0 46 46 46 46 35 35 486474 6 486474 6 0 0 0 0 46 46 46 46 35 35 486474 6 486474 6 0 0 0 0 46 46 46 46 35 35 486474 6 486474 6 0 0 0 0 50 50 46 46 50 50 486474 6 486474 6 0 0 0 0
246 800 200 800 0 200 0 1000 46 46 46 46 35 35 84915 18 0 0 80291 1 4624 17 46 46 46 46 35 35 84915 18 0 0 80291 1 4624 17 46 46 46 46 35 35 84915 18 0 0 80291 1 4624 17 46 46 46 46 35 35 84915 18 0 0 80291 1 4624 17 46 46 46 46 35 35 84915 18 0 0 80291 1 4624 17 50 50 46 46 50 50 84915 18 0 0 80291 1 4624 17
247 800 200 800 0 200 0 1000 46 46 46 46 35 35 0 0 0 0 0 0 0 0 46 46 46 46 35 35 0 0 0 0 0 0 0 0 46 46 46 46 35 35 0 0 0 0 0 0 0 0 46 46 46 46 35 35 0 0 0 0 0 0 0 0 46 46 46 46 35 35 0 0 0 0 0 0 0 0 51 51 46 46 51 51 0 0 0 0 0 0 0 0
248 0 1000 0 800 200 0 1000 46 46 46 46 35 35 0 0 0 0 0 0 0 0 46 46 46 46 35 35 0 0 0 0 0 0 0 0 46 46 46 46 35 35 0 0 0 0 0 0 0 0 46 46 46 46 35 35 0 0 0 0 0 0 0 0 46 46 46 46 35 35 0 0 0 0 0 0 0 0 51 51 46 46 51 51 0 0 0 0 0 0 0 0
249 0 1000 0 800 200 0 1000 46 46 46 46 35 35 80983 1 80983 1 0 0 0 0 46 46 46 46 35 35 80983 1 80983 1 0 0 0 0 46 46 46 46 35 35 80983 1 80983 1 0 0 0 0 46 46 46 46 35 35 80983 1 80983 1 0 0 0 0 46 46 46 46 35 35 80983 1 80983 1 0 0 0 0 51 51 46 46 51 51 80983 1 80983 1 0 0 0 0
250 0 1000 0 800 200 0 1000 46 46 46 46 35 35 84371 16 0 0 80291 1 4080 15 46 46 46 46 35 35 84371 16 0 0 80291 1 4080 15 46 46 46 46 35 35 84371 16 0 0 80291 1 4080 15 46 46 46 46 35 35 84371 16 0 0 80291 1 4080 15 46 46 46 46 35 35 84371 16 0 0 80291 1 4080 15 51 51 46 46 51 51 84371 16 0 0 80291 1 4080 15
251 0 1000 0 0 1000 0 1000 52 52 46 46 52 52 0 0 0 0 0 0 0 0 52 52 46 46 52 52 0 0 0 0 0 0 0 0 52 52 46 46 52 52 0 0 0 0 0 0 0 0 52 52 46 46 52 52 0 0 0 0 0 0 0 0 52 52 46 46 52 52 0 0 0 0 0 0 0 0 52 52 46 46 52 52 0 0 0 0 0 0 0 0
252 0 1000 0 0 1000 0 1000 52 52 46 46 52 52 0 0 0 0 0 0 0 0 52 52 46 46 52 52 0 0 0 0 0 0 0 0 52 52 46 46 52 52 0 0 0 0 0 0 0 0 52 52 46 46 52 52 0 0 0 0 0 0 0 0 52 52 46 46 52 52 0 0 0 0 0 0 0 0 52 52 46 46 52 52 0 0 0 0 0 0 0 0
253 0 1000 0 0 1000 0 1000 52 52 46 46 52 52 1051946 13 1051946 13 0 0 0 0 52 52 46 46 52 52 1051946 13 1051946 13 0 0 0 0 52 52 46 46 52 52 1051946 13 1051946 13 0 0 0 0 52 52 46 46 52 52 1051946 13 1051946 13 0 0 0 0 52 52 46 46 52 52 1051946 13 1051946 13 0 0 0 0 52 52 46 46 52 52 1051946 13 1051946 13 0 0 0 0
254 0 1000 0 0 1000 0 1000 63 63 63 63 52 52 108851 106 0 0 80291 1 28560 105 63 63 63 63 52 52 108851 106 0 0 80291 1 28560 105 63 63 63 63 52 52 108851 106 0 0 80291 1 28560 105 63 63 63 63 52 52 108851 106 0 0 80291 1 28560 105 63 63 63 63 52 52 108851 106 0 0 80291 1 28560 105 63 63 63 63 52 52 108851 106 0 0 80291 1 28560 105
255 0 1000 0 0 1000 0 1000 63 63 63 63 53 53 0 0 0 0 0 0 0 0 63 63 63 63 53 53 0 0 0 0 0 0 0 0 63 63 63 63 53 53 0 0 0 0 0 0 0 0 63 63 63 63 53 53 0 0 0 0 0 0 0 0 63 63 63 63 53 53 0 0 0 0 0 0 0 0 63 63 63 63 53 53 0 0 0 0 0 0 0 0
256 0 1000 0 0 1000 0 1000 63 63 63 63 53 53 0 0 0 0 0 0 0 0 63 63 63 63 53 53 0 0 0 0 0 0 0 0 63 63 63 63 53 53 0 0 0 0 0 0 0 0 63 63 63 63 53 53 0 0 0 0 0 0 0 0 63 63 63 63 53 53 0 0 0 0 0 0 0 0 63 63 63 63 53 53 0 0 0 0 0 0 0 0
257 0 1000 0 0 1000 0 1000 63 63 63 63 53 53 2346370 28 2346370 28 0 0 0 0 63 63 63 63 53 53 2346370 28 2346370 28 0 0 0 0 63 63 63 63 53 53 2346370 28 2346370 28 0 0 0 0 63 63 63 63 53 53 2346370 28 2346370 28 0 0 0 0 63 63 63 63 53 53 2346370 28 2346370 28 0 0 0 0 63 63 63 63 53 53 2346370 28 2346370 28 0 0 0 0
258 0 1000 0 0 1000 0 1000 64 64 64 64 53 53 105859 95 0 0 80291 1 25568 94 64 64 64 64 53 53 105859 95 0 0 80291 1 25568 94 64 64 64 64 53 53 105859 95 0 0 80291 1 25568 94 64 64 64 64 53 53 105859 95 0 0 80291 1 25568 94 64 64 64 64 53 53 105859 95 0 0 80291 1 25568 94 64 64 64 64 53 53 105859 95 0 0 80291 1 25568 94
259 0 1000 0 0 1000 0 1000 64 64 64 64 54 54 0 0 0 0 0 0 0 0 64 64 64 64 54 54 0 0 0 0 0 0 0 0 64 64 64 64 54 54 0 0 0 0 0 0 0 0 64 64 64 64 54 54 0 0 0 0 0 0 0 0 64 64 64 64 54 54 0 0 0 0 0 0 0 0 64 64 64 64 54 54 0 0 0 0 0 0 0 0
260 0 1000 0 0 1000 0 1000 64 64 64 64 54 54 0 0 0 0 0 0 0 0 64 64 64 64 54 54 0 0 0 0 0 0 0 0 64 64 64 64 54 54 0 0 0 0 0 0 0 0 64 64 64 64 54 54 0 0 0 0 0 0 0 0 64 64 64 64 54 54 0 0 0 0 0 0 0 0 64 64 64 64 54 54 0 0 0 0 0 0 0 0
261 0 1000 0 0 1000 0 1000 64 64 64 64 54 54 2086171 25 2086171 25 0 0 0 0 64 64 64 64 54 54 2086171 25 2086171 25 0 0 0 0 64 64 64 64 54 54 2086171 25 2086171 25 0 0 0 0 64 64 64 64 54 54 2086171 25 2086171 25 0 0 0 0 64 64 64 64 54 54 2086171 25 2086171 25 0 0 0 0 64 64 64 64 54 54 2086171 25 2086171 25 0 0 0 0
262 0 1000 0 0 1000 0 1000 65 65 65 65 54 54 104771 91 0 0 80291 1 24480 90 65 65 65 65 54 54 104771 91 0 0 80291 1 24480 90 65 65 65 65 54 54 104771 91 0 0 80291 1 24480 90 65 65 65 65 54 54 104771 91 0 0 80291 1 24480 90 65 65 65 65 54 54 104771 91 0 0 80291 1 24480 90 65 65 65 65 54 54 104771 91 0 0 80291 1 24480 90
263 0 1000 0 0 1000 0 1000 65 65 65 65 55 55 0 0 0 0 0 0 0 0 65 65 65 65 55 55 0 0 0 0 0 0 0 0 65 65 65 65 55 55 0 0 0 0 0 0 0 0 65 65 65 65 55 55 0 0 0 0 0 0 0 0 65 65 65 65 55 55 0 0 0 0 0 0 0 0 65 65 65 65 55 55 0 0 0 0 0 0 0 0
264 0 1000 0 0 1000 0 1000 65 65 65 65 55 55 0 0 0 0 0 0 0 0 65 65 65 65 55 55 0 0 0 0 0 0 0 0 65 65 65 65 55 55 0 0 0 0 0 0 0 0 65 65 65 65 55 55 0 0 0 0 0 0 0 0 65 65 65 65 55 55 0 0 0 0 0 0 0 0 65 65 65 65 55 55 0 0 0 0 0 0 0 0
265 0 1000 0 0 1000 0 1000 65 65 65 65 55 55 1583060 19 1583060 19 0 0 0 0 65 65 65 65 55 55 1583060 19 1583060 19 0 0 0 0 65 65 65 65 55 55 1583060 19 1583060 19 0 0 0 0 65 65 65 65 55 55 1583060 19 1583060 19 0 0 0 0 65 65 65 65 55 55 1583060 19 1583060 19 0 0 0 0 65 65 65 65 55 55 1583060 19 1583060 19 0 0 0 0
266 0 1000 0 0 1000 0 1000 66 66 66 66 55 55 107763 102 0 0 80291 1 27472 101 66 66 66 66 55 55 107763 102 0 0 80291 1 27472 101 66 66 66 66 55 55 107763 102 0 0 80291 1 27472 101 66 66 66 66 55 55 107763 102 0 0 80291 1 27472 101 66 66 66 66 55 55 107763 102 0 0 80291 1 27472 101 66 66 66 66 55 55 107763 102 0 0 80291 1 27472 101
267 0 1000 0 0 1000 0 1000 66 66 66 66 56 56 0 0 0 0 0 0 0 0 66 66 66 66 56 56 0 0 0 0 0 0 0 0 66 66 66 66 56 56 0 0 0 0 0 0 0 0 66 66 66 66 56 56 0 0 0 0 0 0 0 0 66 66 66 66 56 56 0 0 0 0 0 0 0 0 66 66 66 66 56 56 0 0 0 0 0 0 0 0
268 0 1000 0 0 1000 0 1000 66 66 66 66 56 56 0 0 0 0 0 0 0 0 66 66 66 66 56 56 0 0 0 0 0 0 0 0 66 66 66 66 56 56 0 0 0 0 0 0 0 0 66 66 66 66 56 56 0 0 0 0 0 0 0 0 66 66 66 66 56 56 0 0 0 0 0 0 0 0 66 66 66 66 56 56 0 0 0 0 0 0 0 0
269 0 1000 0 0 1000 0 1000 66 66 66 66 56 56 1004051 12 1004051 12 0 0 0 0 66 66 66 66 56 56 1004051 12 1004051 12 0 0 0 0 66 66 66 66 56 56 1004051 12 1004051 12 0 0 0 0 66 66 66 66 56 56 1004051 12 1004051 12 0 0 0 0 66 66 66 66 56 56 1004051 12 1004051 12 0 0 0 0 66 66 66 66 56 56 1004051 12 1004051 12 0 0 0 0
270 0 1000 0 0 1000 0 1000 67 67 67 67 56 56 109939 110 0 0 80291 1 29648 109 67 67 67 67 56 56 109939 110 0 0 80291 1 29648 109 67 67 67 67 56 56 109939 110 0 0 80291 1 29648 109 67 67 67 67 56 56 109939 110 0 0 80291 1 29648 109 67 67 67 67 56 56 109939 110 0 0 80291 1 29648 109 67 67 67 67 56 56 109939 110 0 0 80291 1 29648 109
271 0 1000 0 0 1000 0 1000 67 67 67 67 57 57 0 0 0 0 0 0 0 0 67 67 67 67 57 57 0 0 0 0 0 0 0 0 67 67 67 67 57 57 0 0 0 0 0 0 0 0 67 67 67 67 57 57 0 0 0 0 0 0 0 0 67 67 67 67 57 57 0 0 0 0 0 0 0 0 67 67 67 67 57 57 0 0 0 0 0 0 0 0
272 0 1000 0 0 1000 0 1000 67 67 67 67 57 57 0 0 0 0 0 0 0 0 67 67 67 67 57 57 0 0 0 0 0 0 0 0 67 67 67 67 57 57 0 0 0 0 0 0 0 0 67 67 67 67 57 57 0 0 0 0 0 0 0 0 67 67 67 67 57 57 0 0 0 0 0 0 0 0 67 67 67 67 57 57 0 0 0 0 0 0 0 0
273 0 1000 0 0 1000 0 1000 67 67 67 67 57 57 1007121 12 1007121 12 0 0 0 0 67 67 67 67 57 57 1007121 12 1007121 12 0 0 0 0 67 67 67 67 57 57 1007121 12 1007121 12 0 0 0 0 67 67 67 67 57 57 1007121 12 1007121 12 0 0 0 0 67 67 67 67 57 57 1007121 12 1007121 12 0 0 0 0 67 67 67 67 57 57 1007121 12 1007121 12 0 0 0 0
274 0 1000 0 0 1000 0 1000 68 68 68 68 57 57 107491 101 0 0 80291 1 27200 100 68 68 68 68 57 57 107491 101 0 0 80291 1 27200 100 68 68 68 68 57 57 107491 101 0 0 80291 1 27200 100 68 68 68 68 57 57 107491 101 0 0 80291 1 27200 100 68 68 68 68 57 57 107491 101 0 0 80291 1 27200 100 68 68 68 68 57 57 107491 101 0 0 80291 1 27200 100
275 0 1000 0 0 1000 0 1000 68 68 68 68 58 58 0 0 0 0 0 0 0 0 68 68 68 68 58 58 0 0 0 0 0 0 0 0 68 68 68 68 58 58 0 0 0 0 0 0 0 0 68 68 68 68 58 58 0 0 0 0 0 0 0 0 68 68 68 68 58 58 0 0 0 0 0 0 0 0 68 68 68 68 58 58 0 0 0 0 0 0 0 0
276 0 1000 0 0 1000 0 1000 68 68 68 68 58 58 0 0 0 0 0 0 0 0 68 68 68 68 58 58 0 0 0 0 0 0 0 0 68 68 68 68 58 58 0 0 0 0 0 0 0 0 68 68 68 68 58 58 0 0 0 0 0 0 0 0 68 68 68 68 58 58 0 0 0 0 0 0 0 0 68 68 68 68 58 58 0 0 0 0 0 0 0 0
277 0 1000 0 0 1000 0 1000 68 68 68 68 58 58 836390 10 836390 10 0 0 0 0 68 68 68 68 58 58 836390 10 836390 10 0 0 0 0 68 68 68 68 58 58 836390 10 836390 10 0 0 0 0 68 68 68 68 58 58 836390 10 836390 10 0 0 0 0 68 68 68 68 58 58 836390 10 836390 10 0 0 0 0 68 68 68 68 58 58 836390 10 836390 10 0 0 0 0
278 0 1000 0 0 1000 0 1000 69 69 69 69 58 58 109939 110 0 0 80291 1 29648 109 69 69 69 69 58 58 109939 110 0 0 80291 1 29648 109 69 69 69 69 58 58 109939 110 0 0 80291 1 29648 109 69 69 69 69 58 58 109939 110 0 0 80291 1 29648 109 69 69 69 69 58 58 109939 110 0 0 80291 1 29648 109 69 69 69 69 58 58 109939 110 0 0 80291 1 29648 109
279 0 1000 0 0 1000 0 1000 69 69 69 69 59 59 0 0 0 0 0 0 0 0 69 69 69 69 59 59 0 0 0 0 0 0 0 0 69 69 69 69 59 59 0 0 0 0 0 0 0 0 69 69 69 69 59 59 0 0 0 0 0 0 0 0 69 69 69 69 59 59 0 0 0 0 0 0 0 0 69 69 69 69 59 59 0 0 0 0 0 0 0 0
280 0 1000 0 0 1000 0 1000 69 69 69 69 59 59 0 0 0 0 0 0 0 0 69 69 69 69 59 59 0 0 0 0 0 0 0 0 69 69 69 69 59 59 0 0 0 0 0 0 0 0 69 69 69 69 59 59 0 0 0 0 0 0 0 0 69 69 69 69 59 59 0 0 0 0 0 0 0 0 69 69 69 69 59 59 0 0 0 0 0 0 0 0
281 0 1000 0 0 1000 0 1000 69 69 69 69 59 59 1594613 19 1594613 19 0 0 0 0 69 69 69 69 59 59 1594613 19 1594613 19 0 0 0 0 69 69 69 69 59 59 1594613 19 1594613 19 0 0 0 0 69 69 69 69 59 59 1594613 19 1594613 19 0 0 0 0 69 69 69 69 59 59 1594613 19 1594613 19 0 0 0 0 69 69 69 69 59 59 1594613 19 1594613 19 0 0 0 0
282 0 1000 0 0 1000 0 1000 70 70 70 70 59 59 108035 103 0 0 80291 1 27744 102 70 70 70 70 59 59 108035 103 0 0 80291 1 27744 102 70 70 70 70 59 59 108035 103 0 0 80291 1 27744 102 70 70 70 70 59 59 108035 103 0 0 80291 1 27744 102 70 70 70 70 59 59 108035 103 0 0 80291 1 27744 102 70 70 70 70 59 59 108035 103 0 0 80291 1 27744 102
283 0 1000 0 0 1000 0 1000 70 70 70 70 60 60 0 0 0 0 0 0 0 0 70 70 70 70 60 60 0 0 0 0 0 0 0 0 70 70 70 70 60 60 0 0 0 0 0 0 0 0 70 70 70 70 60 60 0 0 0 0 0 0 0 0 70 70 70 70 60 60 0 0 0 0 0 0 0 0 70 70 70 70 60 60 0 0 0 0 0 0 0 0
284 0 1000 0 0 1000 0 1000 70 70 70 70 60 60 0 0 0 0 0 0 0 0 70 70 70 70 60 60 0 0 0 0 0 0 0 0 70 70 70 70 60 60 0 0 0 0 0 0 0 0 70 70 70 70 60 60 0 0 0 0 0 0 0 0 70 70 70 70 60 60 0 0 0 0 0 0 0 0 70 70 70 70 60 60 0 0 0 0 0 0 0 0
285 0 1000 0 0 1000 0 1000 70 70 70 70 60 60 1255542 15 1255542 15 0 0 0 0 70 70 70 70 60 60 1255542 15 1255542 15 0 0 0 0 70 70 70 70 60 60 1255542 15 1255542 15 0 0 0 0 70 70 70 70 60 60 1255542 15 1255542 15 0 0 0 0 70 70 70 70 60 60 1255542 15 1255542 15 0 0 0 0 70 70 70 70 60 60 1255542 15 1255542 15 0 0 0 0
286 0 1000 0 0 1000 0 1000 71 71 71 71 60 60 104771 91 0 0 80291 1 24480 90 71 71 71 71 60 60 104771 91 0 0 80291 1 24480 90 71 71 71 71 60 60 104771 91 0 0 80291 1 24480 90 71 71 71 71 60 60 104771 91 0 0 80291 1 24480 90 71 71 71 71 60 60 104771 91 0 0 80291 1 24480 90 71 71 71 71 60 60 104771 91 0 0 80291 1 24480 90
287 0 1000 0 0 1000 0 1000 71 71 71 71 61 61 0 0 0 0 0 0 0 0 71 71 71 71 61 61 0 0 0 0 0 0 0 0 71 71 71 71 61 61 0 0 0 0 0 0 0 0 71 71 71 71 61 61 0 0 0 0 0 0 0 0 71 71 71 71 61 61 0 0 0 0 0 0 0 0 71 71 71 71 61 61 0 0 0 0 0 0 0 0
288 0 1000 0 0 1000 0 1000 71 71 71 71 61 61 0 0 0 0 0 0 0 0 71 71 71 71 61 61 0 0 0 0 0 0 0 0 71 71 71 71 61 61 0 0 0 0 0 0 0 0 71 71 71 71 61 61 0 0 0 0 0 0 0 0 71 71 71 71 61 61 0 0 0 0 0 0 0 0 71 71 71 71 61 61 0 0 0 0 0 0 0 0
289 0 1000 0 0 1000 0 1000 71 71 71 71 61 61 999824 12 999824 12 0 0 0 0 71 71 71 71 61 61 999824 12 999824 12 0 0 0 0 71 71 71 71 61 61 999824 12 999824 12 0 0 0 0 71 71 71 71 61 61 999824 12 999824 12 0 0 0 0 71 71 71 71 61 61 999824 12 999824 12 0 0 0 0 71 71 71 71 61 61 999824 12 999824 12 0 0 0 0
290 0 1000 0 0 1000 0 1000 72 72 72 72 61 61 105586 94 0 0 80290 1 25296 93 72 72 72 72 61 61 105586 94 0 0 80290 1 25296 93 72 72 72 72 61 61 105586 94 0 0 80290 1 25296 93 72 72 72 72 61 61 105586 94 0 0 80290 1 25296 93 72 72 72 72 61 61 105586 94 0 0 80290 1 25296 93 72 72 72 72 61 61 105586 94 0 0 80290 1 25296 93
291 0 1000 0 0 1000 0 1000 72 72 72 72 62 62 0 0 0 0 0 0 0 0 72 72 72 72 62 62 0 0 0 0 0 0 0 0 72 72 72 72 62 62 0 0 0 0 0 0 0 0 72 72 72 72 62 62 0 0 0 0 0 0 0 0 72 72 72 72 62 62 0 0 0 0 0 0 0 0 72 72 72 72 62 62 0 0 0 0 0 0 0 0
292 0 1000 0 0 1000 0 1000 72 72 72 72 62 62 0 0 0 0 0 0 0 0 72 72 72 72 62 62 0 0 0 0 0 0 0 0 72 72 72 72 62 62 0 0 0 0 0 0 0 0 72 72 72 72 62 62 0 0 0 0 0 0 0 0 72 72 72 72 62 62 0 0 0 0 0 0 0 0 72 72 72 72 62 62 0 0 0 0 0 0 0 0
293 0 1000 0 0 1000 0 1000 72 72 72 72 62 62 1418054 17 1418054 17 0 0 0 0 72 72 72 72 62 62 1418054 17 1418054 17 0 0 0 0 72 72 72 72 62 62 1418054 17 1418054 17 0 0 0 0 72 72 72 72 62 62 1418054 17 1418054 17 0 0 0 0 72 72 72 72 62 62 1418054 17 1418054 17 0 0 0 0 72 72 72 72 62 62 1418054 17 1418054 17 0 0 0 0
294 0 1000 0 0 1000 0 1000 73 73 73 73 62 62 107491 101 0 0 80291 1 27200 100 73 73 73 73 62 62 107491 101 0 0 80291 1 27200 100 73 73 73 73 62 62 107491 101 0 0 80291 1 27200 100 73 73 73 73 62 62 107491 101 0 0 80291 1 27200 100 73 73 73 73 62 62 107491 101 0 0 80291 1 27200 100 73 73 73 73 62 62 107491 101 0 0 80291 1 27200 100
295 0 1000 0 0 1000 0 1000 73 73 73 73 63 63 0 0 0 0 0 0 0 0 73 73 73 73 63 63 0 0 0 0 0 0 0 0 73 73 73 73 63 63 0 0 0 0 0 0 0 0 73 73 73 73 63 63 0 0 0 0 0 0 0 0 73 73 73 73 63 63 0 0 0 0 0 0 0 0 73 73 73 73 63 63 0 0 0 0 0 0 0 0
296 0 1000 0 0 1000 0 1000 73 73 73 73 63 63 0 0 0 0 0 0 0 0 73 73 73 73 63 63 0 0 0 0 0 0 0 0 73 73 73 73 63 63 0 0 0 0 0 0 0 0 73 73 73 73 63 63 0 0 0 0 0 0 0 0 73 73 73 73 63 63 0 0 0 0 0 0 0 0 73 73 73 73 63 63 0 0 0 0 0 0 0 0
297 0 1000 0 0 1000 0 1000 73 73 73 73 63 63 752751 9 752751 9 0 0 0 0 73 73 73 73 63 63 752751 9 752751 9 0 0 0 0 73 73 73 73 63 63 752751 9 752751 9 0 0 0 0 73 73 73 73 63 63 752751 9 752751 9 0 0 0 0 73 73 73 73 63 63 752751 9 752751 9 0 0 0 0 73 73 73 73 63 63 752751 9 752751 9 0 0 0 0
298 0 1000 0 0 1000 0 1000 74 74 74 74 63 63 106947 99 0 0 80291 1 26656 98 74 74 74 74 63 63 106947 99 0 0 80291 1 26656 98 74 74 74 74 63 63 106947 99 0 0 80291 1 26656 98 74 74 74 74 63 63 106947 99 0 0 80291 1 26656 98 74 74 74 74 63 63 106947 99 0 0 80291 1 26656 98 74 74 74 74 63 63 106947 99 0 0 80291 1 26656 98
299 0 1000 0 0 1000 0 1000 74 74 74 74 64 64 0 0 0 0 0 0 0 0 74 74 74 74 64 64 0 0 0 0 0 0 0 0 74 74 74 74 64 64 0 0 0 0 0 0 0 0 74 74 74 74 64 64 0 0 0 0 0 0 0 0 74 74 74 74 64 64 0 0 0 0 0 0 0 0 74 74 74 74 64 64 0 0 0 0 0 0 0 0
300 0 1000 0 0 1000 0 1000 74 74 74 74 64 64 0 0 0 0 0 0 0 0 74 74 74 74 64 64 0 0 0 0 0 0 0 0 74 74 74 74 64 64 0 0 0 0 0 0 0 0 74 74 74 74 64 64 0 0 0 0 0 0 0 0 74 74 74 74 64 64 0 0 0 0 0 0 0 0 74 74 74 74 64 64 0 0 0 0 0 0 0 0
301 0 1000 0 0 1000 0 1000 74 74 74 74 64 64 1086471 13 1086471 13 0 0 0 0 74 74 74 74 64 64 1086471 13 1086471 13 0 0 0 0 74 74 74 74 64 64 1086471 13 1086471 13 0 0 0 0 74 74 74 74 64 64 1086471 13 1086471 13 0 0 0 0 74 74 74 74 64 64 1086471 13 1086471 13 0 0 0 0 74 74 74 74 64 64 1086471 13 1086471 13 0 0 0 0
302 0 1000 0 0 1000 0 1000 75 75 75 75 64 64 103683 87 0 0 80291 1 23392 86 75 75 75 75 64 64 103683 87 0 0 80291 1 23392 86 75 75 75 75 64 64 103683 87 0 0 80291 1 23392 86 75 75 75 75 64 64 103683 87 0 0 80291 1 23392 86 75 75 75 75 64 64 103683 87 0 0 80291 1 23392 86 75 75 75 75 64 64 103683 87 0 0 80291 1 23392 86
303 0 1000 0 0 1000 0 1000 75 75 75 75 65 65 0 0 0 0 0 0 0 0 75 75 75 75 65 65 0 0 0 0 0 0 0 0 75 75 75 75 65 65 0 0 0 0 0 0 0 0 75 75 75 75 65 65 0 0 0 0 0 0 0 0 75 75 75 75 65 65 0 0 0 0 0 0 0 0 75 75 75 75 65 65 0 0 0 0 0 0 0 0
