r n_asleep n_awake n_honest_asleep n_honest_dreamy n_honest_awake n_adversary n_all party0_ledger_best_length party0_ledger_best_age party0_ledger_fast_length party0_ledger_fast_age party0_ledger_slow_length party0_ledger_slow_age party0_comms_all_size party0_comms_all_count party0_comms_proposal_size party0_comms_proposal_count party0_comms_piece_block_size party0_comms_piece_block_count party0_comms_piece_vote_size party0_comms_piece_vote_count party1_ledger_best_length party1_ledger_best_age party1_ledger_fast_length party1_ledger_fast_age party1_ledger_slow_length party1_ledger_slow_age party1_comms_all_size party1_comms_all_count party1_comms_proposal_size party1_comms_proposal_count party1_comms_piece_block_size party1_comms_piece_block_count party1_comms_piece_vote_size party1_comms_piece_vote_count party2_ledger_best_length party2_ledger_best_age party2_ledger_fast_length party2_ledger_fast_age party2_ledger_slow_length party2_ledger_slow_age party2_comms_all_size party2_comms_all_count party2_comms_proposal_size party2_comms_proposal_count party2_comms_piece_block_size party2_comms_piece_block_count party2_comms_piece_vote_size party2_comms_piece_vote_count party3_ledger_best_length party3_ledger_best_age party3_ledger_fast_length party3_ledger_fast_age party3_ledger_slow_length party3_ledger_slow_age party3_comms_all_size party3_comms_all_count party3_comms_proposal_size party3_comms_proposal_count party3_comms_piece_block_size party3_comms_piece_block_count party3_comms_piece_vote_size party3_comms_piece_vote_count party4_ledger_best_length party4_ledger_best_age party4_ledger_fast_length party4_ledger_fast_age party4_ledger_slow_length party4_ledger_slow_age party4_comms_all_size party4_comms_all_count party4_comms_proposal_size party4_comms_proposal_count party4_comms_piece_block_size party4_comms_piece_block_count party4_comms_piece_vote_size party4_comms_piece_vote_count partyALWAYSAWAKE_ledger_best_length partyALWAYSAWAKE_ledger_best_age partyALWAYSAWAKE_ledger_fast_length partyALWAYSAWAKE_ledger_fast_age partyALWAYSAWAKE_ledger_slow_length partyALWAYSAWAKE_ledger_slow_age partyALWAYSAWAKE_comms_all_size partyALWAYSAWAKE_comms_all_count partyALWAYSAWAKE_comms_proposal_size partyALWAYSAWAKE_comms_proposal_count partyALWAYSAWAKE_comms_piece_block_size partyALWAYSAWAKE_comms_piece_block_count partyALWAYSAWAKE_comms_piece_vote_size partyALWAYSAWAKE_comms_piece_vote_count
4 0 1000 0 0 1000 0 1000 0 0 0 0 0 0 0 0 0 0 0 0 0 0 0 0 0 0 0 0 0 0 0 0 0 0 0 0 0 0 0 0 0 0 0 0 0 0 0 0 0 0 0 0 0 0 0 0 0 0 0 0 0 0 0 0 0 0 0 0 0 0 0 0 0 0 0 0 0 0 0 0 0 0 0 0 0 0 0 0 0 0 0 0
5 0 1000 0 0 1000 0 1000 0 0 0 0 0 0 160874 2 160874 2 0 0 0 0 0 0 0 0 0 0 160874 2 160874 2 0 0 0 0 0 0 0 0 0 0 160874 2 160874 2 0 0 0 0 0 0 0 0 0 0 160874 2 160874 2 0 0 0 0 0 0 0 0 0 0 160874 2 160874 2 0 0 0 0 0 0 0 0 0 0 160874 2 160874 2 0 0 0 0
6 0 1000 0 0 1000 0 1000 1 1 1 1 0 0 106402 97 0 0 80290 1 26112 96 1 1 1 1 0 0 106402 97 0 0 80290 1 26112 96 1 1 1 1 0 0 106402 97 0 0 80290 1 26112 96 1 1 1 1 0 0 106402 97 0 0 80290 1 26112 96 1 1 1 1 0 0 106402 97 0 0 80290 1 26112 96 1 1 1 1 0 0 106402 97 0 0 80290 1 26112 96
7 0 1000 0 0 1000 0 1000 1 1 1 1 0 0 0 0 0 0 0 0 0 0 1 1 1 1 0 0 0 0 0 0 0 0 0 0 1 1 1 1 0 0 0 0 0 0 0 0 0 0 1 1 1 1 0 0 0 0 0 0 0 0 0 0 1 1 1 1 0 0 0 0 0 0 0 0 0 0 1 1 1 1 0 0 0 0 0 0 0 0 0 0
8 0 1000 0 0 1000 0 1000 1 1 1 1 0 0 0 0 0 0 0 0 0 0 1 1 1 1 0 0 0 0 0 0 0 0 0 0 1 1 1 1 0 0 0 0 0 0 0 0 0 0 1 1 1 1 0 0 0 0 0 0 0 0 0 0 1 1 1 1 0 0 0 0 0 0 0 0 0 0 1 1 1 1 0 0 0 0 0 0 0 0 0 0
9 0 1000 0 0 1000 0 1000 1 1 1 1 0 0 83508 1 83508 1 0 0 0 0 1 1 1 1 0 0 83508 1 83508 1 0 0 0 0 1 1 1 1 0 0 83508 1 83508 1 0 0 0 0 1 1 1 1 0 0 83508 1 83508 1 0 0 0 0 1 1 1 1 0 0 83508 1 83508 1 0 0 0 0 1 1 1 1 0 0 83508 1 83508 1 0 0 0 0
10 0 1000 0 0 1000 0 1000 2 2 2 2 0 0 105040 92 0 0 80288 1 24752 91 2 2 2 2 0 0 105040 92 0 0 80288 1 24752 91 2 2 2 2 0 0 105040 92 0 0 80288 1 24752 91 2 2 2 2 0 0 105040 92 0 0 80288 1 24752 91 2 2 2 2 0 0 105040 92 0 0 80288 1 24752 91 2 2 2 2 0 0 105040 92 0 0 80288 1 24752 91
11 0 1000 0 0 1000 0 1000 2 2 2 2 0 0 0 0 0 0 0 0 0 0 2 2 2 2 0 0 0 0 0 0 0 0 0 0 2 2 2 2 0 0 0 0 0 0 0 0 0 0 2 2 2 2 0 0 0 0 0 0 0 0 0 0 2 2 2 2 0 0 0 0 0 0 0 0 0 0 2 2 2 2 0 0 0 0 0 0 0 0 0 0
12 0 1000 0 0 1000 0 1000 2 2 2 2 0 0 0 0 0 0 0 0 0 0 2 2 2 2 0 0 0 0 0 0 0 0 0 0 2 2 2 2 0 0 0 0 0 0 0 0 0 0 2 2 2 2 0 0 0 0 0 0 0 0 0 0 2 2 2 2 0 0 0 0 0 0 0 0 0 0 2 2 2 2 0 0 0 0 0 0 0 0 0 0
13 0 1000 0 0 1000 0 1000 2 2 2 2 0 0 83350 1 83350 1 0 0 0 0 2 2 2 2 0 0 83350 1 83350 1 0 0 0 0 2 2 2 2 0 0 83350 1 83350 1 0 0 0 0 2 2 2 2 0 0 83350 1 83350 1 0 0 0 0 2 2 2 2 0 0 83350 1 83350 1 0 0 0 0 2 2 2 2 0 0 83350 1 83350 1 0 0 0 0
14 0 1000 0 0 1000 0 1000 3 3 3 3 0 0 104770 91 0 0 80290 1 24480 90 3 3 3 3 0 0 104770 91 0 0 80290 1 24480 90 3 3 3 3 0 0 104770 91 0 0 80290 1 24480 90 3 3 3 3 0 0 104770 91 0 0 80290 1 24480 90 3 3 3 3 0 0 104770 91 0 0 80290 1 24480 90 3 3 3 3 0 0 104770 91 0 0 80290 1 24480 90
15 0 1000 0 0 1000 0 1000 3 3 3 3 0 0 0 0 0 0 0 0 0 0 3 3 3 3 0 0 0 0 0 0 0 0 0 0 3 3 3 3 0 0 0 0 0 0 0 0 0 0 3 3 3 3 0 0 0 0 0 0 0 0 0 0 3 3 3 3 0 0 0 0 0 0 0 0 0 0 3 3 3 3 0 0 0 0 0 0 0 0 0 0
16 0 1000 0 0 1000 0 1000 3 3 3 3 0 0 0 0 0 0 0 0 0 0 3 3 3 3 0 0 0 0 0 0 0 0 0 0 3 3 3 3 0 0 0 0 0 0 0 0 0 0 3 3 3 3 0 0 0 0 0 0 0 0 0 0 3 3 3 3 0 0 0 0 0 0 0 0 0 0 3 3 3 3 0 0 0 0 0 0 0 0 0 0
17 0 1000 0 0 1000 0 1000 3 3 3 3 0 0 166635 2 166635 2 0 0 0 0 3 3 3 3 0 0 166635 2 166635 2 0 0 0 0 3 3 3 3 0 0 166635 2 166635 2 0 0 0 0 3 3 3 3 0 0 166635 2 166635 2 0 0 0 0 3 3 3 3 0 0 166635 2 166635 2 0 0 0 0 3 3 3 3 0 0 166635 2 166635 2 0 0 0 0
18 0 1000 0 0 1000 0 1000 4 4 4 4 0 0 103410 86 0 0 80290 1 23120 85 4 4 4 4 0 0 103410 86 0 0 80290 1 23120 85 4 4 4 4 0 0 103410 86 0 0 80290 1 23120 85 4 4 4 4 0 0 103410 86 0 0 80290 1 23120 85 4 4 4 4 0 0 103410 86 0 0 80290 1 23120 85 4 4 4 4 0 0 103410 86 0 0 80290 1 23120 85
19 0 1000 0 0 1000 0 1000 4 4 4 4 0 0 0 0 0 0 0 0 0 0 4 4 4 4 0 0 0 0 0 0 0 0 0 0 4 4 4 4 0 0 0 0 0 0 0 0 0 0 4 4 4 4 0 0 0 0 0 0 0 0 0 0 4 4 4 4 0 0 0 0 0 0 0 0 0 0 4 4 4 4 0 0 0 0 0 0 0 0 0 0
20 0 1000 0 0 1000 0 1000 4 4 4 4 0 0 0 0 0 0 0 0 0 0 4 4 4 4 0 0 0 0 0 0 0 0 0 0 4 4 4 4 0 0 0 0 0 0 0 0 0 0 4 4 4 4 0 0 0 0 0 0 0 0 0 0 4 4 4 4 0 0 0 0 0 0 0 0 0 0 4 4 4 4 0 0 0 0 0 0 0 0 0 0
21 0 1000 0 0 1000 0 1000 4 4 4 4 0 0 83158 1 83158 1 0 0 0 0 4 4 4 4 0 0 83158 1 83158 1 0 0 0 0 4 4 4 4 0 0 83158 1 83158 1 0 0 0 0 4 4 4 4 0 0 83158 1 83158 1 0 0 0 0 4 4 4 4 0 0 83158 1 83158 1 0 0 0 0 4 4 4 4 0 0 83158 1 83158 1 0 0 0 0
22 0 1000 0 0 1000 0 1000 5 5 5 5 0 0 108578 105 0 0 80290 1 28288 104 5 5 5 5 0 0 108578 105 0 0 80290 1 28288 104 5 5 5 5 0 0 108578 105 0 0 80290 1 28288 104 5 5 5 5 0 0 108578 105 0 0 80290 1 28288 104 5 5 5 5 0 0 108578 105 0 0 80290 1 28288 104 5 5 5 5 0 0 108578 105 0 0 80290 1 28288 104
23 0 1000 0 0 1000 0 1000 5 5 5 5 0 0 0 0 0 0 0 0 0 0 5 5 5 5 0 0 0 0 0 0 0 0 0 0 5 5 5 5 0 0 0 0 0 0 0 0 0 0 5 5 5 5 0 0 0 0 0 0 0 0 0 0 5 5 5 5 0 0 0 0 0 0 0 0 0 0 5 5 5 5 0 0 0 0 0 0 0 0 0 0
24 0 1000 0 0 1000 0 1000 5 5 5 5 0 0 0 0 0 0 0 0 0 0 5 5 5 5 0 0 0 0 0 0 0 0 0 0 5 5 5 5 0 0 0 0 0 0 0 0 0 0 5 5 5 5 0 0 0 0 0 0 0 0 0 0 5 5 5 5 0 0 0 0 0 0 0 0 0 0 5 5 5 5 0 0 0 0 0 0 0 0 0 0
25 0 1000 0 0 1000 0 1000 5 5 5 5 0 0 0 0 0 0 0 0 0 0 5 5 5 5 0 0 0 0 0 0 0 0 0 0 5 5 5 5 0 0 0 0 0 0 0 0 0 0 5 5 5 5 0 0 0 0 0 0 0 0 0 0 5 5 5 5 0 0 0 0 0 0 0 0 0 0 5 5 5 5 0 0 0 0 0 0 0 0 0 0
26 0 1000 0 0 1000 0 1000 5 5 5 5 0 0 23392 86 0 0 0 0 23392 86 5 5 5 5 0 0 23392 86 0 0 0 0 23392 86 5 5 5 5 0 0 23392 86 0 0 0 0 23392 86 5 5 5 5 0 0 23392 86 0 0 0 0 23392 86 5 5 5 5 0 0 23392 86 0 0 0 0 23392 86 5 5 5 5 0 0 23392 86 0 0 0 0 23392 86
27 0 1000 0 0 1000 0 1000 5 5 5 5 0 0 0 0 0 0 0 0 0 0 5 5 5 5 0 0 0 0 0 0 0 0 0 0 5 5 5 5 0 0 0 0 0 0 0 0 0 0 5 5 5 5 0 0 0 0 0 0 0 0 0 0 5 5 5 5 0 0 0 0 0 0 0 0 0 0 5 5 5 5 0 0 0 0 0 0 0 0 0 0
28 0 1000 0 0 1000 0 1000 5 5 5 5 0 0 0 0 0 0 0 0 0 0 5 5 5 5 0 0 0 0 0 0 0 0 0 0 5 5 5 5 0 0 0 0 0 0 0 0 0 0 5 5 5 5 0 0 0 0 0 0 0 0 0 0 5 5 5 5 0 0 0 0 0 0 0 0 0 0 5 5 5 5 0 0 0 0 0 0 0 0 0 0
29 0 1000 0 0 1000 0 1000 5 5 5 5 0 0 0 0 0 0 0 0 0 0 5 5 5 5 0 0 0 0 0 0 0 0 0 0 5 5 5 5 0 0 0 0 0 0 0 0 0 0 5 5 5 5 0 0 0 0 0 0 0 0 0 0 5 5 5 5 0 0 0 0 0 0 0 0 0 0 5 5 5 5 0 0 0 0 0 0 0 0 0 0
30 0 1000 0 0 1000 0 1000 5 5 5 5 0 0 22032 81 0 0 0 0 22032 81 5 5 5 5 0 0 22032 81 0 0 0 0 22032 81 5 5 5 5 0 0 22032 81 0 0 0 0 22032 81 5 5 5 5 0 0 22032 81 0 0 0 0 22032 81 5 5 5 5 0 0 22032 81 0 0 0 0 22032 81 5 5 5 5 0 0 22032 81 0 0 0 0 22032 81
31 0 1000 0 0 1000 0 1000 5 5 5 5 0 0 0 0 0 0 0 0 0 0 5 5 5 5 0 0 0 0 0 0 0 0 0 0 5 5 5 5 0 0 0 0 0 0 0 0 0 0 5 5 5 5 0 0 0 0 0 0 0 0 0 0 5 5 5 5 0 0 0 0 0 0 0 0 0 0 5 5 5 5 0 0 0 0 0 0 0 0 0 0
32 0 1000 0 0 1000 0 1000 5 5 5 5 0 0 0 0 0 0 0 0 0 0 5 5 5 5 0 0 0 0 0 0 0 0 0 0 5 5 5 5 0 0 0 0 0 0 0 0 0 0 5 5 5 5 0 0 0 0 0 0 0 0 0 0 5 5 5 5 0 0 0 0 0 0 0 0 0 0 5 5 5 5 0 0 0 0 0 0 0 0 0 0
33 0 1000 0 0 1000 0 1000 5 5 5 5 0 0 83030 1 83030 1 0 0 0 0 5 5 5 5 0 0 83030 1 83030 1 0 0 0 0 5 5 5 5 0 0 83030 1 83030 1 0 0 0 0 5 5 5 5 0 0 83030 1 83030 1 0 0 0 0 5 5 5 5 0 0 83030 1 83030 1 0 0 0 0 5 5 5 5 0 0 83030 1 83030 1 0 0 0 0
34 0 1000 0 0 1000 0 1000 6 8 6 8 0 0 107762 102 0 0 80290 1 27472 101 6 8 6 8 0 0 107762 102 0 0 80290 1 27472 101 6 8 6 8 0 0 107762 102 0 0 80290 1 27472 101 6 8 6 8 0 0 107762 102 0 0 80290 1 27472 101 6 8 6 8 0 0 107762 102 0 0 80290 1 27472 101 6 8 6 8 0 0 107762 102 0 0 80290 1 27472 101
35 0 1000 0 0 1000 0 1000 6 8 6 8 0 0 0 0 0 0 0 0 0 0 6 8 6 8 0 0 0 0 0 0 0 0 0 0 6 8 6 8 0 0 0 0 0 0 0 0 0 0 6 8 6 8 0 0 0 0 0 0 0 0 0 0 6 8 6 8 0 0 0 0 0 0 0 0 0 0 6 8 6 8 0 0 0 0 0 0 0 0 0 0
36 0 1000 0 0 1000 0 1000 6 8 6 8 0 0 0 0 0 0 0 0 0 0 6 8 6 8 0 0 0 0 0 0 0 0 0 0 6 8 6 8 0 0 0 0 0 0 0 0 0 0 6 8 6 8 0 0 0 0 0 0 0 0 0 0 6 8 6 8 0 0 0 0 0 0 0 0 0 0 6 8 6 8 0 0 0 0 0 0 0 0 0 0
37 0 1000 0 0 1000 0 1000 6 8 6 8 0 0 0 0 0 0 0 0 0 0 6 8 6 8 0 0 0 0 0 0 0 0 0 0 6 8 6 8 0 0 0 0 0 0 0 0 0 0 6 8 6 8 0 0 0 0 0 0 0 0 0 0 6 8 6 8 0 0 0 0 0 0 0 0 0 0 6 8 6 8 0 0 0 0 0 0 0 0 0 0
38 0 1000 0 0 1000 0 1000 6 8 6 8 0 0 28016 103 0 0 0 0 28016 103 6 8 6 8 0 0 28016 103 0 0 0 0 28016 103 6 8 6 8 0 0 28016 103 0 0 0 0 28016 103 6 8 6 8 0 0 28016 103 0 0 0 0 28016 103 6 8 6 8 0 0 28016 103 0 0 0 0 28016 103 6 8 6 8 0 0 28016 103 0 0 0 0 28016 103
39 0 1000 0 0 1000 0 1000 6 8 6 8 0 0 0 0 0 0 0 0 0 0 6 8 6 8 0 0 0 0 0 0 0 0 0 0 6 8 6 8 0 0 0 0 0 0 0 0 0 0 6 8 6 8 0 0 0 0 0 0 0 0 0 0 6 8 6 8 0 0 0 0 0 0 0 0 0 0 6 8 6 8 0 0 0 0 0 0 0 0 0 0
40 0 1000 0 0 1000 0 1000 6 8 6 8 0 0 0 0 0 0 0 0 0 0 6 8 6 8 0 0 0 0 0 0 0 0 0 0 6 8 6 8 0 0 0 0 0 0 0 0 0 0 6 8 6 8 0 0 0 0 0 0 0 0 0 0 6 8 6 8 0 0 0 0 0 0 0 0 0 0 6 8 6 8 0 0 0 0 0 0 0 0 0 0
41 0 1000 0 0 1000 0 1000 6 8 6 8 0 0 167470 2 167470 2 0 0 0 0 6 8 6 8 0 0 167470 2 167470 2 0 0 0 0 6 8 6 8 0 0 167470 2 167470 2 0 0 0 0 6 8 6 8 0 0 167470 2 167470 2 0 0 0 0 6 8 6 8 0 0 167470 2 167470 2 0 0 0 0 6 8 6 8 0 0 167470 2 167470 2 0 0 0 0
42 0 1000 0 0 1000 0 1000 7 10 7 10 0 0 110755 113 0 0 80291 1 30464 112 7 10 7 10 0 0 110755 113 0 0 80291 1 30464 112 7 10 7 10 0 0 110755 113 0 0 80291 1 30464 112 7 10 7 10 0 0 110755 113 0 0 80291 1 30464 112 7 10 7 10 0 0 110755 113 0 0 80291 1 30464 112 7 10 7 10 0 0 110755 113 0 0 80291 1 30464 112
43 0 1000 0 0 1000 0 1000 7 10 7 10 0 0 0 0 0 0 0 0 0 0 7 10 7 10 0 0 0 0 0 0 0 0 0 0 7 10 7 10 0 0 0 0 0 0 0 0 0 0 7 10 7 10 0 0 0 0 0 0 0 0 0 0 7 10 7 10 0 0 0 0 0 0 0 0 0 0 7 10 7 10 0 0 0 0 0 0 0 0 0 0
44 0 1000 0 0 1000 0 1000 7 10 7 10 0 0 0 0 0 0 0 0 0 0 7 10 7 10 0 0 0 0 0 0 0 0 0 0 7 10 7 10 0 0 0 0 0 0 0 0 0 0 7 10 7 10 0 0 0 0 0 0 0 0 0 0 7 10 7 10 0 0 0 0 0 0 0 0 0 0 7 10 7 10 0 0 0 0 0 0 0 0 0 0
45 0 1000 0 0 1000 0 1000 7 10 7 10 0 0 84023 1 84023 1 0 0 0 0 7 10 7 10 0 0 84023 1 84023 1 0 0 0 0 7 10 7 10 0 0 84023 1 84023 1 0 0 0 0 7 10 7 10 0 0 84023 1 84023 1 0 0 0 0 7 10 7 10 0 0 84023 1 84023 1 0 0 0 0 7 10 7 10 0 0 84023 1 84023 1 0 0 0 0
46 0 1000 0 0 1000 0 1000 8 11 8 11 0 0 106403 97 0 0 80291 1 26112 96 8 11 8 11 0 0 106403 97 0 0 80291 1 26112 96 8 11 8 11 0 0 106403 97 0 0 80291 1 26112 96 8 11 8 11 0 0 106403 97 0 0 80291 1 26112 96 8 11 8 11 0 0 106403 97 0 0 80291 1 26112 96 8 11 8 11 0 0 106403 97 0 0 80291 1 26112 96
47 0 1000 0 0 1000 0 1000 8 11 8 11 1 1 0 0 0 0 0 0 0 0 8 11 8 11 1 1 0 0 0 0 0 0 0 0 8 11 8 11 1 1 0 0 0 0 0 0 0 0 8 11 8 11 1 1 0 0 0 0 0 0 0 0 8 11 8 11 1 1 0 0 0 0 0 0 0 0 8 11 8 11 1 1 0 0 0 0 0 0 0 0
48 0 1000 0 0 1000 0 1000 8 11 8 11 1 1 0 0 0 0 0 0 0 0 8 11 8 11 1 1 0 0 0 0 0 0 0 0 8 11 8 11 1 1 0 0 0 0 0 0 0 0 8 11 8 11 1 1 0 0 0 0 0 0 0 0 8 11 8 11 1 1 0 0 0 0 0 0 0 0 8 11 8 11 1 1 0 0 0 0 0 0 0 0
49 0 1000 0 0 1000 0 1000 8 11 8 11 1 1 0 0 0 0 0 0 0 0 8 11 8 11 1 1 0 0 0 0 0 0 0 0 8 11 8 11 1 1 0 0 0 0 0 0 0 0 8 11 8 11 1 1 0 0 0 0 0 0 0 0 8 11 8 11 1 1 0 0 0 0 0 0 0 0 8 11 8 11 1 1 0 0 0 0 0 0 0 0
50 0 1000 0 0 1000 0 1000 8 11 8 11 1 1 23120 85 0 0 0 0 23120 85 8 11 8 11 1 1 23120 85 0 0 0 0 23120 85 8 11 8 11 1 1 23120 85 0 0 0 0 23120 85 8 11 8 11 1 1 23120 85 0 0 0 0 23120 85 8 11 8 11 1 1 23120 85 0 0 0 0 23120 85 8 11 8 11 1 1 23120 85 0 0 0 0 23120 85
51 0 1000 0 0 1000 0 1000 8 11 8 11 2 2 0 0 0 0 0 0 0 0 8 11 8 11 2 2 0 0 0 0 0 0 0 0 8 11 8 11 2 2 0 0 0 0 0 0 0 0 8 11 8 11 2 2 0 0 0 0 0 0 0 0 8 11 8 11 2 2 0 0 0 0 0 0 0 0 8 11 8 11 2 2 0 0 0 0 0 0 0 0
52 0 1000 0 0 1000 0 1000 8 11 8 11 2 2 0 0 0 0 0 0 0 0 8 11 8 11 2 2 0 0 0 0 0 0 0 0 8 11 8 11 2 2 0 0 0 0 0 0 0 0 8 11 8 11 2 2 0 0 0 0 0 0 0 0 8 11 8 11 2 2 0 0 0 0 0 0 0 0 8 11 8 11 2 2 0 0 0 0 0 0 0 0
53 0 1000 0 0 1000 0 1000 8 11 8 11 2 2 0 0 0 0 0 0 0 0 8 11 8 11 2 2 0 0 0 0 0 0 0 0 8 11 8 11 2 2 0 0 0 0 0 0 0 0 8 11 8 11 2 2 0 0 0 0 0 0 0 0 8 11 8 11 2 2 0 0 0 0 0 0 0 0 8 11 8 11 2 2 0 0 0 0 0 0 0 0
54 0 1000 0 0 1000 0 1000 8 11 8 11 2 2 29920 110 0 0 0 0 29920 110 8 11 8 11 2 2 29920 110 0 0 0 0 29920 110 8 11 8 11 2 2 29920 110 0 0 0 0 29920 110 8 11 8 11 2 2 29920 110 0 0 0 0 29920 110 8 11 8 11 2 2 29920 110 0 0 0 0 29920 110 8 11 8 11 2 2 29920 110 0 0 0 0 29920 110
55 0 1000 0 0 1000 0 1000 8 11 8 11 3 3 0 0 0 0 0 0 0 0 8 11 8 11 3 3 0 0 0 0 0 0 0 0 8 11 8 11 3 3 0 0 0 0 0 0 0 0 8 11 8 11 3 3 0 0 0 0 0 0 0 0 8 11 8 11 3 3 0 0 0 0 0 0 0 0 8 11 8 11 3 3 0 0 0 0 0 0 0 0
56 0 1000 0 0 1000 0 1000 8 11 8 11 3 3 0 0 0 0 0 0 0 0 8 11 8 11 3 3 0 0 0 0 0 0 0 0 8 11 8 11 3 3 0 0 0 0 0 0 0 0 8 11 8 11 3 3 0 0 0 0 0 0 0 0 8 11 8 11 3 3 0 0 0 0 0 0 0 0 8 11 8 11 3 3 0 0 0 0 0 0 0 0
57 0 1000 0 0 1000 0 1000 8 11 8 11 3 3 251876 3 251876 3 0 0 0 0 8 11 8 11 3 3 251876 3 251876 3 0 0 0 0 8 11 8 11 3 3 251876 3 251876 3 0 0 0 0 8 11 8 11 3 3 251876 3 251876 3 0 0 0 0 8 11 8 11 3 3 251876 3 251876 3 0 0 0 0 8 11 8 11 3 3 251876 3 251876 3 0 0 0 0
58 0 1000 0 0 1000 0 1000 9 14 9 14 3 3 114019 125 0 0 80291 1 33728 124 9 14 9 14 3 3 114019 125 0 0 80291 1 33728 124 9 14 9 14 3 3 114019 125 0 0 80291 1 33728 124 9 14 9 14 3 3 114019 125 0 0 80291 1 33728 124 9 14 9 14 3 3 114019 125 0 0 80291 1 33728 124 9 14 9 14 3 3 114019 125 0 0 80291 1 33728 124
59 0 1000 0 0 1000 0 1000 9 14 9 14 4 4 0 0 0 0 0 0 0 0 9 14 9 14 4 4 0 0 0 0 0 0 0 0 9 14 9 14 4 4 0 0 0 0 0 0 0 0 9 14 9 14 4 4 0 0 0 0 0 0 0 0 9 14 9 14 4 4 0 0 0 0 0 0 0 0 9 14 9 14 4 4 0 0 0 0 0 0 0 0
60 0 1000 0 0 1000 0 1000 9 14 9 14 4 4 0 0 0 0 0 0 0 0 9 14 9 14 4 4 0 0 0 0 0 0 0 0 9 14 9 14 4 4 0 0 0 0 0 0 0 0 9 14 9 14 4 4 0 0 0 0 0 0 0 0 9 14 9 14 4 4 0 0 0 0 0 0 0 0 9 14 9 14 4 4 0 0 0 0 0 0 0 0
61 0 1000 0 0 1000 0 1000 9 14 9 14 4 4 0 0 0 0 0 0 0 0 9 14 9 14 4 4 0 0 0 0 0 0 0 0 9 14 9 14 4 4 0 0 0 0 0 0 0 0 9 14 9 14 4 4 0 0 0 0 0 0 0 0 9 14 9 14 4 4 0 0 0 0 0 0 0 0 9 14 9 14 4 4 0 0 0 0 0 0 0 0
62 0 1000 0 0 1000 0 1000 9 14 9 14 4 4 31280 115 0 0 0 0 31280 115 9 14 9 14 4 4 31280 115 0 0 0 0 31280 115 9 14 9 14 4 4 31280 115 0 0 0 0 31280 115 9 14 9 14 4 4 31280 115 0 0 0 0 31280 115 9 14 9 14 4 4 31280 115 0 0 0 0 31280 115 9 14 9 14 4 4 31280 115 0 0 0 0 31280 115
63 0 1000 0 0 1000 0 1000 9 14 9 14 5 5 0 0 0 0 0 0 0 0 9 14 9 14 5 5 0 0 0 0 0 0 0 0 9 14 9 14 5 5 0 0 0 0 0 0 0 0 9 14 9 14 5 5 0 0 0 0 0 0 0 0 9 14 9 14 5 5 0 0 0 0 0 0 0 0 9 14 9 14 5 5 0 0 0 0 0 0 0 0
64 0 1000 0 0 1000 0 1000 9 14 9 14 5 5 0 0 0 0 0 0 0 0 9 14 9 14 5 5 0 0 0 0 0 0 0 0 9 14 9 14 5 5 0 0 0 0 0 0 0 0 9 14 9 14 5 5 0 0 0 0 0 0 0 0 9 14 9 14 5 5 0 0 0 0 0 0 0 0 9 14 9 14 5 5 0 0 0 0 0 0 0 0
65 0 1000 0 0 1000 0 1000 9 14 9 14 5 5 168238 2 168238 2 0 0 0 0 9 14 9 14 5 5 168238 2 168238 2 0 0 0 0 9 14 9 14 5 5 168238 2 168238 2 0 0 0 0 9 14 9 14 5 5 168238 2 168238 2 0 0 0 0 9 14 9 14 5 5 168238 2 168238 2 0 0 0 0 9 14 9 14 5 5 168238 2 168238 2 0 0 0 0
66 0 1000 0 0 1000 0 1000 10 16 10 16 5 5 107763 102 0 0 80291 1 27472 101 10 16 10 16 5 5 107763 102 0 0 80291 1 27472 101 10 16 10 16 5 5 107763 102 0 0 80291 1 27472 101 10 16 10 16 5 5 107763 102 0 0 80291 1 27472 101 10 16 10 16 5 5 107763 102 0 0 80291 1 27472 101 10 16 10 16 5 5 107763 102 0 0 80291 1 27472 101
67 0 1000 0 0 1000 0 1000 10 16 10 16 5 5 0 0 0 0 0 0 0 0 10 16 10 16 5 5 0 0 0 0 0 0 0 0 10 16 10 16 5 5 0 0 0 0 0 0 0 0 10 16 10 16 5 5 0 0 0 0 0 0 0 0 10 16 10 16 5 5 0 0 0 0 0 0 0 0 10 16 10 16 5 5 0 0 0 0 0 0 0 0
68 0 1000 0 0 1000 0 1000 10 16 10 16 5 5 0 0 0 0 0 0 0 0 10 16 10 16 5 5 0 0 0 0 0 0 0 0 10 16 10 16 5 5 0 0 0 0 0 0 0 0 10 16 10 16 5 5 0 0 0 0 0 0 0 0 10 16 10 16 5 5 0 0 0 0 0 0 0 0 10 16 10 16 5 5 0 0 0 0 0 0 0 0
69 0 1000 0 0 1000 0 1000 10 16 10 16 5 5 0 0 0 0 0 0 0 0 10 16 10 16 5 5 0 0 0 0 0 0 0 0 10 16 10 16 5 5 0 0 0 0 0 0 0 0 10 16 10 16 5 5 0 0 0 0 0 0 0 0 10 16 10 16 5 5 0 0 0 0 0 0 0 0 10 16 10 16 5 5 0 0 0 0 0 0 0 0
70 0 1000 0 0 1000 0 1000 10 16 10 16 5 5 28832 106 0 0 0 0 28832 106 10 16 10 16 5 5 28832 106 0 0 0 0 28832 106 10 16 10 16 5 5 28832 106 0 0 0 0 28832 106 10 16 10 16 5 5 28832 106 0 0 0 0 28832 106 10 16 10 16 5 5 28832 106 0 0 0 0 28832 106 10 16 10 16 5 5 28832 106 0 0 0 0 28832 106
71 0 1000 0 0 1000 0 1000 10 16 10 16 5 5 0 0 0 0 0 0 0 0 10 16 10 16 5 5 0 0 0 0 0 0 0 0 10 16 10 16 5 5 0 0 0 0 0 0 0 0 10 16 10 16 5 5 0 0 0 0 0 0 0 0 10 16 10 16 5 5 0 0 0 0 0 0 0 0 10 16 10 16 5 5 0 0 0 0 0 0 0 0
72 0 1000 0 0 1000 0 1000 10 16 10 16 5 5 0 0 0 0 0 0 0 0 10 16 10 16 5 5 0 0 0 0 0 0 0 0 10 16 10 16 5 5 0 0 0 0 0 0 0 0 10 16 10 16 5 5 0 0 0 0 0 0 0 0 10 16 10 16 5 5 0 0 0 0 0 0 0 0 10 16 10 16 5 5 0 0 0 0 0 0 0 0
73 0 1000 0 0 1000 0 1000 10 16 10 16 5 5 0 0 0 0 0 0 0 0 10 16 10 16 5 5 0 0 0 0 0 0 0 0 10 16 10 16 5 5 0 0 0 0 0 0 0 0 10 16 10 16 5 5 0 0 0 0 0 0 0 0 10 16 10 16 5 5 0 0 0 0 0 0 0 0 10 16 10 16 5 5 0 0 0 0 0 0 0 0
74 0 1000 0 0 1000 0 1000 10 16 10 16 5 5 32640 120 0 0 0 0 32640 120 10 16 10 16 5 5 32640 120 0 0 0 0 32640 120 10 16 10 16 5 5 32640 120 0 0 0 0 32640 120 10 16 10 16 5 5 32640 120 0 0 0 0 32640 120 10 16 10 16 5 5 32640 120 0 0 0 0 32640 120 10 16 10 16 5 5 32640 120 0 0 0 0 32640 120
75 0 1000 0 0 1000 0 1000 10 16 10 16 6 8 0 0 0 0 0 0 0 0 10 16 10 16 6 8 0 0 0 0 0 0 0 0 10 16 10 16 6 8 0 0 0 0 0 0 0 0 10 16 10 16 6 8 0 0 0 0 0 0 0 0 10 16 10 16 6 8 0 0 0 0 0 0 0 0 10 16 10 16 6 8 0 0 0 0 0 0 0 0
76 0 1000 0 0 1000 0 1000 10 16 10 16 6 8 0 0 0 0 0 0 0 0 10 16 10 16 6 8 0 0 0 0 0 0 0 0 10 16 10 16 6 8 0 0 0 0 0 0 0 0 10 16 10 16 6 8 0 0 0 0 0 0 0 0 10 16 10 16 6 8 0 0 0 0 0 0 0 0 10 16 10 16 6 8 0 0 0 0 0 0 0 0
77 0 1000 0 0 1000 0 1000 10 16 10 16 6 8 84279 1 84279 1 0 0 0 0 10 16 10 16 6 8 84279 1 84279 1 0 0 0 0 10 16 10 16 6 8 84279 1 84279 1 0 0 0 0 10 16 10 16 6 8 84279 1 84279 1 0 0 0 0 10 16 10 16 6 8 84279 1 84279 1 0 0 0 0 10 16 10 16 6 8 84279 1 84279 1 0 0 0 0
78 0 1000 0 0 1000 0 1000 11 19 11 19 6 8 107219 100 0 0 80291 1 26928 99 11 19 11 19 6 8 107219 100 0 0 80291 1 26928 99 11 19 11 19 6 8 107219 100 0 0 80291 1 26928 99 11 19 11 19 6 8 107219 100 0 0 80291 1 26928 99 11 19 11 19 6 8 107219 100 0 0 80291 1 26928 99 11 19 11 19 6 8 107219 100 0 0 80291 1 26928 99
79 0 1000 0 0 1000 0 1000 11 19 11 19 6 8 0 0 0 0 0 0 0 0 11 19 11 19 6 8 0 0 0 0 0 0 0 0 11 19 11 19 6 8 0 0 0 0 0 0 0 0 11 19 11 19 6 8 0 0 0 0 0 0 0 0 11 19 11 19 6 8 0 0 0 0 0 0 0 0 11 19 11 19 6 8 0 0 0 0 0 0 0 0
80 0 1000 0 0 1000 0 1000 11 19 11 19 6 8 0 0 0 0 0 0 0 0 11 19 11 19 6 8 0 0 0 0 0 0 0 0 11 19 11 19 6 8 0 0 0 0 0 0 0 0 11 19 11 19 6 8 0 0 0 0 0 0 0 0 11 19 11 19 6 8 0 0 0 0 0 0 0 0 11 19 11 19 6 8 0 0 0 0 0 0 0 0
81 0 1000 0 0 1000 0 1000 11 19 11 19 6 8 83607 1 83607 1 0 0 0 0 11 19 11 19 6 8 83607 1 83607 1 0 0 0 0 11 19 11 19 6 8 83607 1 83607 1 0 0 0 0 11 19 11 19 6 8 83607 1 83607 1 0 0 0 0 11 19 11 19 6 8 83607 1 83607 1 0 0 0 0 11 19 11 19 6 8 83607 1 83607 1 0 0 0 0
82 0 1000 0 0 1000 0 1000 12 20 12 20 6 8 104499 90 0 0 80291 1 24208 89 12 20 12 20 6 8 104499 90 0 0 80291 1 24208 89 12 20 12 20 6 8 104499 90 0 0 80291 1 24208 89 12 20 12 20 6 8 104499 90 0 0 80291 1 24208 89 12 20 12 20 6 8 104499 90 0 0 80291 1 24208 89 12 20 12 20 6 8 104499 90 0 0 80291 1 24208 89
83 0 1000 0 0 1000 0 1000 12 20 12 20 7 10 0 0 0 0 0 0 0 0 12 20 12 20 7 10 0 0 0 0 0 0 0 0 12 20 12 20 7 10 0 0 0 0 0 0 0 0 12 20 12 20 7 10 0 0 0 0 0 0 0 0 12 20 12 20 7 10 0 0 0 0 0 0 0 0 12 20 12 20 7 10 0 0 0 0 0 0 0 0
84 0 1000 0 0 1000 0 1000 12 20 12 20 7 10 0 0 0 0 0 0 0 0 12 20 12 20 7 10 0 0 0 0 0 0 0 0 12 20 12 20 7 10 0 0 0 0 0 0 0 0 12 20 12 20 7 10 0 0 0 0 0 0 0 0 12 20 12 20 7 10 0 0 0 0 0 0 0 0 12 20 12 20 7 10 0 0 0 0 0 0 0 0
85 0 1000 0 0 1000 0 1000 12 20 12 20 7 10 166574 2 166574 2 0 0 0 0 12 20 12 20 7 10 166574 2 166574 2 0 0 0 0 12 20 12 20 7 10 166574 2 166574 2 0 0 0 0 12 20 12 20 7 10 166574 2 166574 2 0 0 0 0 12 20 12 20 7 10 166574 2 166574 2 0 0 0 0 12 20 12 20 7 10 166574 2 166574 2 0 0 0 0
86 0 1000 0 0 1000 0 1000 13 21 13 21 7 10 102867 84 0 0 80291 1 22576 83 13 21 13 21 7 10 102867 84 0 0 80291 1 22576 83 13 21 13 21 7 10 102867 84 0 0 80291 1 22576 83 13 21 13 21 7 10 102867 84 0 0 80291 1 22576 83 13 21 13 21 7 10 102867 84 0 0 80291 1 22576 83 13 21 13 21 7 10 102867 84 0 0 80291 1 22576 83
87 0 1000 0 0 1000 0 1000 13 21 13 21 8 11 0 0 0 0 0 0 0 0 13 21 13 21 8 11 0 0 0 0 0 0 0 0 13 21 13 21 8 11 0 0 0 0 0 0 0 0 13 21 13 21 8 11 0 0 0 0 0 0 0 0 13 21 13 21 8 11 0 0 0 0 0 0 0 0 13 21 13 21 8 11 0 0 0 0 0 0 0 0
88 0 1000 0 0 1000 0 1000 13 21 13 21 8 11 0 0 0 0 0 0 0 0 13 21 13 21 8 11 0 0 0 0 0 0 0 0 13 21 13 21 8 11 0 0 0 0 0 0 0 0 13 21 13 21 8 11 0 0 0 0 0 0 0 0 13 21 13 21 8 11 0 0 0 0 0 0 0 0 13 21 13 21 8 11 0 0 0 0 0 0 0 0
89 0 1000 0 0 1000 0 1000 13 21 13 21 8 11 0 0 0 0 0 0 0 0 13 21 13 21 8 11 0 0 0 0 0 0 0 0 13 21 13 21 8 11 0 0 0 0 0 0 0 0 13 21 13 21 8 11 0 0 0 0 0 0 0 0 13 21 13 21 8 11 0 0 0 0 0 0 0 0 13 21 13 21 8 11 0 0 0 0 0 0 0 0
90 0 1000 0 0 1000 0 1000 13 21 13 21 8 11 25840 95 0 0 0 0 25840 95 13 21 13 21 8 11 25840 95 0 0 0 0 25840 95 13 21 13 21 8 11 25840 95 0 0 0 0 25840 95 13 21 13 21 8 11 25840 95 0 0 0 0 25840 95 13 21 13 21 8 11 25840 95 0 0 0 0 25840 95 13 21 13 21 8 11 25840 95 0 0 0 0 25840 95
91 0 1000 0 0 1000 0 1000 13 21 13 21 8 11 0 0 0 0 0 0 0 0 13 21 13 21 8 11 0 0 0 0 0 0 0 0 13 21 13 21 8 11 0 0 0 0 0 0 0 0 13 21 13 21 8 11 0 0 0 0 0 0 0 0 13 21 13 21 8 11 0 0 0 0 0 0 0 0 13 21 13 21 8 11 0 0 0 0 0 0 0 0
92 0 1000 0 0 1000 0 1000 13 21 13 21 8 11 0 0 0 0 0 0 0 0 13 21 13 21 8 11 0 0 0 0 0 0 0 0 13 21 13 21 8 11 0 0 0 0 0 0 0 0 13 21 13 21 8 11 0 0 0 0 0 0 0 0 13 21 13 21 8 11 0 0 0 0 0 0 0 0 13 21 13 21 8 11 0 0 0 0 0 0 0 0
93 0 1000 0 0 1000 0 1000 13 21 13 21 8 11 166958 2 166958 2 0 0 0 0 13 21 13 21 8 11 166958 2 166958 2 0 0 0 0 13 21 13 21 8 11 166958 2 166958 2 0 0 0 0 13 21 13 21 8 11 166958 2 166958 2 0 0 0 0 13 21 13 21 8 11 166958 2 166958 2 0 0 0 0 13 21 13 21 8 11 166958 2 166958 2 0 0 0 0
94 0 1000 0 0 1000 0 1000 14 23 14 23 8 11 110483 112 0 0 80291 1 30192 111 14 23 14 23 8 11 110483 112 0 0 80291 1 30192 111 14 23 14 23 8 11 110483 112 0 0 80291 1 30192 111 14 23 14 23 8 11 110483 112 0 0 80291 1 30192 111 14 23 14 23 8 11 110483 112 0 0 80291 1 30192 111 14 23 14 23 8 11 110483 112 0 0 80291 1 30192 111
95 0 1000 0 0 1000 0 1000 14 23 14 23 8 11 0 0 0 0 0 0 0 0 14 23 14 23 8 11 0 0 0 0 0 0 0 0 14 23 14 23 8 11 0 0 0 0 0 0 0 0 14 23 14 23 8 11 0 0 0 0 0 0 0 0 14 23 14 23 8 11 0 0 0 0 0 0 0 0 14 23 14 23 8 11 0 0 0 0 0 0 0 0
96 0 1000 0 0 1000 0 1000 14 23 14 23 8 11 0 0 0 0 0 0 0 0 14 23 14 23 8 11 0 0 0 0 0 0 0 0 14 23 14 23 8 11 0 0 0 0 0 0 0 0 14 23 14 23 8 11 0 0 0 0 0 0 0 0 14 23 14 23 8 11 0 0 0 0 0 0 0 0 14 23 14 23 8 11 0 0 0 0 0 0 0 0
97 0 1000 0 0 1000 0 1000 14 23 14 23 8 11 83991 1 83991 1 0 0 0 0 14 23 14 23 8 11 83991 1 83991 1 0 0 0 0 14 23 14 23 8 11 83991 1 83991 1 0 0 0 0 14 23 14 23 8 11 83991 1 83991 1 0 0 0 0 14 23 14 23 8 11 83991 1 83991 1 0 0 0 0 14 23 14 23 8 11 83991 1 83991 1 0 0 0 0
98 0 1000 0 0 1000 0 1000 15 24 15 24 8 11 108307 104 0 0 80291 1 28016 103 15 24 15 24 8 11 108307 104 0 0 80291 1 28016 103 15 24 15 24 8 11 108307 104 0 0 80291 1 28016 103 15 24 15 24 8 11 108307 104 0 0 80291 1 28016 103 15 24 15 24 8 11 108307 104 0 0 80291 1 28016 103 15 24 15 24 8 11 108307 104 0 0 80291 1 28016 103
99 0 1000 0 0 1000 0 1000 15 24 15 24 9 14 0 0 0 0 0 0 0 0 15 24 15 24 9 14 0 0 0 0 0 0 0 0 15 24 15 24 9 14 0 0 0 0 0 0 0 0 15 24 15 24 9 14 0 0 0 0 0 0 0 0 15 24 15 24 9 14 0 0 0 0 0 0 0 0 15 24 15 24 9 14 0 0 0 0 0 0 0 0
100 0 1000 0 0 1000 0 1000 15 24 15 24 9 14 0 0 0 0 0 0 0 0 15 24 15 24 9 14 0 0 0 0 0 0 0 0 15 24 15 24 9 14 0 0 0 0 0 0 0 0 15 24 15 24 9 14 0 0 0 0 0 0 0 0 15 24 15 24 9 14 0 0 0 0 0 0 0 0 15 24 15 24 9 14 0 0 0 0 0 0 0 0
101 0 1000 0 0 1000 0 1000 15 24 15 24 9 14 167470 2 167470 2 0 0 0 0 15 24 15 24 9 14 167470 2 167470 2 0 0 0 0 15 24 15 24 9 14 167470 2 167470 2 0 0 0 0 15 24 15 24 9 14 167470 2 167470 2 0 0 0 0 15 24 15 24 9 14 167470 2 167470 2 0 0 0 0 15 24 15 24 9 14 167470 2 167470 2 0 0 0 0
102 0 1000 0 0 1000 0 1000 16 25 16 25 9 14 104771 91 0 0 80291 1 24480 90 16 25 16 25 9 14 104771 91 0 0 80291 1 24480 90 16 25 16 25 9 14 104771 91 0 0 80291 1 24480 90 16 25 16 25 9 14 104771 91 0 0 80291 1 24480 90 16 25 16 25 9 14 104771 91 0 0 80291 1 24480 90 16 25 16 25 9 14 104771 91 0 0 80291 1 24480 90
103 0 1000 0 0 1000 0 1000 16 25 16 25 9 14 0 0 0 0 0 0 0 0 16 25 16 25 9 14 0 0 0 0 0 0 0 0 16 25 16 25 9 14 0 0 0 0 0 0 0 0 16 25 16 25 9 14 0 0 0 0 0 0 0 0 16 25 16 25 9 14 0 0 0 0 0 0 0 0 16 25 16 25 9 14 0 0 0 0 0 0 0 0
104 0 1000 0 0 1000 0 1000 16 25 16 25 9 14 0 0 0 0 0 0 0 0 16 25 16 25 9 14 0 0 0 0 0 0 0 0 16 25 16 25 9 14 0 0 0 0 0 0 0 0 16 25 16 25 9 14 0 0 0 0 0 0 0 0 16 25 16 25 9 14 0 0 0 0 0 0 0 0 16 25 16 25 9 14 0 0 0 0 0 0 0 0
105 0 1000 0 0 1000 0 1000 16 25 16 25 9 14 83319 1 83319 1 0 0 0 0 16 25 16 25 9 14 83319 1 83319 1 0 0 0 0 16 25 16 25 9 14 83319 1 83319 1 0 0 0 0 16 25 16 25 9 14 83319 1 83319 1 0 0 0 0 16 25 16 25 9 14 83319 1 83319 1 0 0 0 0 16 25 16 25 9 14 83319 1 83319 1 0 0 0 0
106 0 1000 0 0 1000 0 1000 17 26 17 26 9 14 111299 115 0 0 80291 1 31008 114 17 26 17 26 9 14 111299 115 0 0 80291 1 31008 114 17 26 17 26 9 14 111299 115 0 0 80291 1 31008 114 17 26 17 26 9 14 111299 115 0 0 80291 1 31008 114 17 26 17 26 9 14 111299 115 0 0 80291 1 31008 114 17 26 17 26 9 14 111299 115 0 0 80291 1 31008 114
107 0 1000 0 0 1000 0 1000 17 26 17 26 10 16 0 0 0 0 0 0 0 0 17 26 17 26 10 16 0 0 0 0 0 0 0 0 17 26 17 26 10 16 0 0 0 0 0 0 0 0 17 26 17 26 10 16 0 0 0 0 0 0 0 0 17 26 17 26 10 16 0 0 0 0 0 0 0 0 17 26 17 26 10 16 0 0 0 0 0 0 0 0
108 0 1000 0 0 1000 0 1000 17 26 17 26 10 16 0 0 0 0 0 0 0 0 17 26 17 26 10 16 0 0 0 0 0 0 0 0 17 26 17 26 10 16 0 0 0 0 0 0 0 0 17 26 17 26 10 16 0 0 0 0 0 0 0 0 17 26 17 26 10 16 0 0 0 0 0 0 0 0 17 26 17 26 10 16 0 0 0 0 0 0 0 0
109 0 1000 0 0 1000 0 1000 17 26 17 26 10 16 0 0 0 0 0 0 0 0 17 26 17 26 10 16 0 0 0 0 0 0 0 0 17 26 17 26 10 16 0 0 0 0 0 0 0 0 17 26 17 26 10 16 0 0 0 0 0 0 0 0 17 26 17 26 10 16 0 0 0 0 0 0 0 0 17 26 17 26 10 16 0 0 0 0 0 0 0 0
110 0 1000 0 0 1000 0 1000 17 26 17 26 10 16 27200 100 0 0 0 0 27200 100 17 26 17 26 10 16 27200 100 0 0 0 0 27200 100 17 26 17 26 10 16 27200 100 0 0 0 0 27200 100 17 26 17 26 10 16 27200 100 0 0 0 0 27200 100 17 26 17 26 10 16 27200 100 0 0 0 0 27200 100 17 26 17 26 10 16 27200 100 0 0 0 0 27200 100
111 0 1000 0 0 1000 0 1000 17 26 17 26 10 16 0 0 0 0 0 0 0 0 17 26 17 26 10 16 0 0 0 0 0 0 0 0 17 26 17 26 10 16 0 0 0 0 0 0 0 0 17 26 17 26 10 16 0 0 0 0 0 0 0 0 17 26 17 26 10 16 0 0 0 0 0 0 0 0 17 26 17 26 10 16 0 0 0 0 0 0 0 0
112 0 1000 0 0 1000 0 1000 17 26 17 26 10 16 0 0 0 0 0 0 0 0 17 26 17 26 10 16 0 0 0 0 0 0 0 0 17 26 17 26 10 16 0 0 0 0 0 0 0 0 17 26 17 26 10 16 0 0 0 0 0 0 0 0 17 26 17 26 10 16 0 0 0 0 0 0 0 0 17 26 17 26 10 16 0 0 0 0 0 0 0 0
113 0 1000 0 0 1000 0 1000 17 26 17 26 10 16 83639 1 83639 1 0 0 0 0 17 26 17 26 10 16 83639 1 83639 1 0 0 0 0 17 26 17 26 10 16 83639 1 83639 1 0 0 0 0 17 26 17 26 10 16 83639 1 83639 1 0 0 0 0 17 26 17 26 10 16 83639 1 83639 1 0 0 0 0 17 26 17 26 10 16 83639 1 83639 1 0 0 0 0
114 0 1000 0 0 1000 0 1000 18 28 18 28 10 16 106403 97 0 0 80291 1 26112 96 18 28 18 28 10 16 106403 97 0 0 80291 1 26112 96 18 28 18 28 10 16 106403 97 0 0 80291 1 26112 96 18 28 18 28 10 16 106403 97 0 0 80291 1 26112 96 18 28 18 28 10 16 106403 97 0 0 80291 1 26112 96 18 28 18 28 10 16 106403 97 0 0 80291 1 26112 96
115 0 1000 0 0 1000 0 1000 18 28 18 28 10 16 0 0 0 0 0 0 0 0 18 28 18 28 10 16 0 0 0 0 0 0 0 0 18 28 18 28 10 16 0 0 0 0 0 0 0 0 18 28 18 28 10 16 0 0 0 0 0 0 0 0 18 28 18 28 10 16 0 0 0 0 0 0 0 0 18 28 18 28 10 16 0 0 0 0 0 0 0 0
116 0 1000 0 0 1000 0 1000 18 28 18 28 10 16 0 0 0 0 0 0 0 0 18 28 18 28 10 16 0 0 0 0 0 0 0 0 18 28 18 28 10 16 0 0 0 0 0 0 0 0 18 28 18 28 10 16 0 0 0 0 0 0 0 0 18 28 18 28 10 16 0 0 0 0 0 0 0 0 18 28 18 28 10 16 0 0 0 0 0 0 0 0
117 0 1000 0 0 1000 0 1000 18 28 18 28 10 16 0 0 0 0 0 0 0 0 18 28 18 28 10 16 0 0 0 0 0 0 0 0 18 28 18 28 10 16 0 0 0 0 0 0 0 0 18 28 18 28 10 16 0 0 0 0 0 0 0 0 18 28 18 28 10 16 0 0 0 0 0 0 0 0 18 28 18 28 10 16 0 0 0 0 0 0 0 0
118 0 1000 0 0 1000 0 1000 18 28 18 28 10 16 22848 84 0 0 0 0 22848 84 18 28 18 28 10 16 22848 84 0 0 0 0 22848 84 18 28 18 28 10 16 22848 84 0 0 0 0 22848 84 18 28 18 28 10 16 22848 84 0 0 0 0 22848 84 18 28 18 28 10 16 22848 84 0 0 0 0 22848 84 18 28 18 28 10 16 22848 84 0 0 0 0 22848 84
119 0 1000 0 0 1000 0 1000 18 28 18 28 11 19 0 0 0 0 0 0 0 0 18 28 18 28 11 19 0 0 0 0 0 0 0 0 18 28 18 28 11 19 0 0 0 0 0 0 0 0 18 28 18 28 11 19 0 0 0 0 0 0 0 0 18 28 18 28 11 19 0 0 0 0 0 0 0 0 18 28 18 28 11 19 0 0 0 0 0 0 0 0
120 0 1000 0 0 1000 0 1000 18 28 18 28 11 19 0 0 0 0 0 0 0 0 18 28 18 28 11 19 0 0 0 0 0 0 0 0 18 28 18 28 11 19 0 0 0 0 0 0 0 0 18 28 18 28 11 19 0 0 0 0 0 0 0 0 18 28 18 28 11 19 0 0 0 0 0 0 0 0 18 28 18 28 11 19 0 0 0 0 0 0 0 0
121 0 1000 0 0 1000 0 1000 18 28 18 28 11 19 0 0 0 0 0 0 0 0 18 28 18 28 11 19 0 0 0 0 0 0 0 0 18 28 18 28 11 19 0 0 0 0 0 0 0 0 18 28 18 28 11 19 0 0 0 0 0 0 0 0 18 28 18 28 11 19 0 0 0 0 0 0 0 0 18 28 18 28 11 19 0 0 0 0 0 0 0 0
122 0 1000 0 0 1000 0 1000 18 28 18 28 11 19 29920 110 0 0 0 0 29920 110 18 28 18 28 11 19 29920 110 0 0 0 0 29920 110 18 28 18 28 11 19 29920 110 0 0 0 0 29920 110 18 28 18 28 11 19 29920 110 0 0 0 0 29920 110 18 28 18 28 11 19 29920 110 0 0 0 0 29920 110 18 28 18 28 11 19 29920 110 0 0 0 0 29920 110
123 0 1000 0 0 1000 0 1000 18 28 18 28 12 20 0 0 0 0 0 0 0 0 18 28 18 28 12 20 0 0 0 0 0 0 0 0 18 28 18 28 12 20 0 0 0 0 0 0 0 0 18 28 18 28 12 20 0 0 0 0 0 0 0 0 18 28 18 28 12 20 0 0 0 0 0 0 0 0 18 28 18 28 12 20 0 0 0 0 0 0 0 0
124 0 1000 0 0 1000 0 1000 18 28 18 28 12 20 0 0 0 0 0 0 0 0 18 28 18 28 12 20 0 0 0 0 0 0 0 0 18 28 18 28 12 20 0 0 0 0 0 0 0 0 18 28 18 28 12 20 0 0 0 0 0 0 0 0 18 28 18 28 12 20 0 0 0 0 0 0 0 0 18 28 18 28 12 20 0 0 0 0 0 0 0 0
125 0 1000 0 0 1000 0 1000 18 28 18 28 12 20 83959 1 83959 1 0 0 0 0 18 28 18 28 12 20 83959 1 83959 1 0 0 0 0 18 28 18 28 12 20 83959 1 83959 1 0 0 0 0 18 28 18 28 12 20 83959 1 83959 1 0 0 0 0 18 28 18 28 12 20 83959 1 83959 1 0 0 0 0 18 28 18 28 12 20 83959 1 83959 1 0 0 0 0
126 0 1000 0 0 1000 0 1000 19 31 19 31 12 20 101235 78 0 0 80291 1 20944 77 19 31 19 31 12 20 101235 78 0 0 80291 1 20944 77 19 31 19 31 12 20 101235 78 0 0 80291 1 20944 77 19 31 19 31 12 20 101235 78 0 0 80291 1 20944 77 19 31 19 31 12 20 101235 78 0 0 80291 1 20944 77 19 31 19 31 12 20 101235 78 0 0 80291 1 20944 77
127 0 1000 0 0 1000 0 1000 19 31 19 31 13 21 0 0 0 0 0 0 0 0 19 31 19 31 13 21 0 0 0 0 0 0 0 0 19 31 19 31 13 21 0 0 0 0 0 0 0 0 19 31 19 31 13 21 0 0 0 0 0 0 0 0 19 31 19 31 13 21 0 0 0 0 0 0 0 0 19 31 19 31 13 21 0 0 0 0 0 0 0 0
128 0 1000 0 0 1000 0 1000 19 31 19 31 13 21 0 0 0 0 0 0 0 0 19 31 19 31 13 21 0 0 0 0 0 0 0 0 19 31 19 31 13 21 0 0 0 0 0 0 0 0 19 31 19 31 13 21 0 0 0 0 0 0 0 0 19 31 19 31 13 21 0 0 0 0 0 0 0 0 19 31 19 31 13 21 0 0 0 0 0 0 0 0
129 0 1000 0 0 1000 0 1000 19 31 19 31 13 21 0 0 0 0 0 0 0 0 19 31 19 31 13 21 0 0 0 0 0 0 0 0 19 31 19 31 13 21 0 0 0 0 0 0 0 0 19 31 19 31 13 21 0 0 0 0 0 0 0 0 19 31 19 31 13 21 0 0 0 0 0 0 0 0 19 31 19 31 13 21 0 0 0 0 0 0 0 0
130 0 1000 0 0 1000 0 1000 19 31 19 31 13 21 25568 94 0 0 0 0 25568 94 19 31 19 31 13 21 25568 94 0 0 0 0 25568 94 19 31 19 31 13 21 25568 94 0 0 0 0 25568 94 19 31 19 31 13 21 25568 94 0 0 0 0 25568 94 19 31 19 31 13 21 25568 94 0 0 0 0 25568 94 19 31 19 31 13 21 25568 94 0 0 0 0 25568 94
131 0 1000 0 0 1000 0 1000 19 31 19 31 13 21 0 0 0 0 0 0 0 0 19 31 19 31 13 21 0 0 0 0 0 0 0 0 19 31 19 31 13 21 0 0 0 0 0 0 0 0 19 31 19 31 13 21 0 0 0 0 0 0 0 0 19 31 19 31 13 21 0 0 0 0 0 0 0 0 19 31 19 31 13 21 0 0 0 0 0 0 0 0
132 0 1000 0 0 1000 0 1000 19 31 19 31 13 21 0 0 0 0 0 0 0 0 19 31 19 31 13 21 0 0 0 0 0 0 0 0 19 31 19 31 13 21 0 0 0 0 0 0 0 0 19 31 19 31 13 21 0 0 0 0 0 0 0 0 19 31 19 31 13 21 0 0 0 0 0 0 0 0 19 31 19 31 13 21 0 0 0 0 0 0 0 0
133 0 1000 0 0 1000 0 1000 19 31 19 31 13 21 250340 3 250340 3 0 0 0 0 19 31 19 31 13 21 250340 3 250340 3 0 0 0 0 19 31 19 31 13 21 250340 3 250340 3 0 0 0 0 19 31 19 31 13 21 250340 3 250340 3 0 0 0 0 19 31 19 31 13 21 250340 3 250340 3 0 0 0 0 19 31 19 31 13 21 250340 3 250340 3 0 0 0 0
134 0 1000 0 0 1000 0 1000 20 33 20 33 13 21 109939 110 0 0 80291 1 29648 109 20 33 20 33 13 21 109939 110 0 0 80291 1 29648 109 20 33 20 33 13 21 109939 110 0 0 80291 1 29648 109 20 33 20 33 13 21 109939 110 0 0 80291 1 29648 109 20 33 20 33 13 21 109939 110 0 0 80291 1 29648 109 20 33 20 33 13 21 109939 110 0 0 80291 1 29648 109
135 0 1000 0 0 1000 0 1000 20 33 20 33 14 23 0 0 0 0 0 0 0 0 20 33 20 33 14 23 0 0 0 0 0 0 0 0 20 33 20 33 14 23 0 0 0 0 0 0 0 0 20 33 20 33 14 23 0 0 0 0 0 0 0 0 20 33 20 33 14 23 0 0 0 0 0 0 0 0 20 33 20 33 14 23 0 0 0 0 0 0 0 0
136 0 1000 0 0 1000 0 1000 20 33 20 33 14 23 0 0 0 0 0 0 0 0 20 33 20 33 14 23 0 0 0 0 0 0 0 0 20 33 20 33 14 23 0 0 0 0 0 0 0 0 20 33 20 33 14 23 0 0 0 0 0 0 0 0 20 33 20 33 14 23 0 0 0 0 0 0 0 0 20 33 20 33 14 23 0 0 0 0 0 0 0 0
137 0 1000 0 0 1000 0 1000 20 33 20 33 14 23 0 0 0 0 0 0 0 0 20 33 20 33 14 23 0 0 0 0 0 0 0 0 20 33 20 33 14 23 0 0 0 0 0 0 0 0 20 33 20 33 14 23 0 0 0 0 0 0 0 0 20 33 20 33 14 23 0 0 0 0 0 0 0 0 20 33 20 33 14 23 0 0 0 0 0 0 0 0
138 0 1000 0 0 1000 0 1000 20 33 20 33 14 23 27472 101 0 0 0 0 27472 101 20 33 20 33 14 23 27472 101 0 0 0 0 27472 101 20 33 20 33 14 23 27472 101 0 0 0 0 27472 101 20 33 20 33 14 23 27472 101 0 0 0 0 27472 101 20 33 20 33 14 23 27472 101 0 0 0 0 27472 101 20 33 20 33 14 23 27472 101 0 0 0 0 27472 101
139 0 1000 0 0 1000 0 1000 20 33 20 33 15 24 0 0 0 0 0 0 0 0 20 33 20 33 15 24 0 0 0 0 0 0 0 0 20 33 20 33 15 24 0 0 0 0 0 0 0 0 20 33 20 33 15 24 0 0 0 0 0 0 0 0 20 33 20 33 15 24 0 0 0 0 0 0 0 0 20 33 20 33 15 24 0 0 0 0 0 0 0 0
140 0 1000 0 0 1000 0 1000 20 33 20 33 15 24 0 0 0 0 0 0 0 0 20 33 20 33 15 24 0 0 0 0 0 0 0 0 20 33 20 33 15 24 0 0 0 0 0 0 0 0 20 33 20 33 15 24 0 0 0 0 0 0 0 0 20 33 20 33 15 24 0 0 0 0 0 0 0 0 20 33 20 33 15 24 0 0 0 0 0 0 0 0
141 0 1000 0 0 1000 0 1000 20 33 20 33 15 24 251013 3 251013 3 0 0 0 0 20 33 20 33 15 24 251013 3 251013 3 0 0 0 0 20 33 20 33 15 24 251013 3 251013 3 0 0 0 0 20 33 20 33 15 24 251013 3 251013 3 0 0 0 0 20 33 20 33 15 24 251013 3 251013 3 0 0 0 0 20 33 20 33 15 24 251013 3 251013 3 0 0 0 0
142 0 1000 0 0 1000 0 1000 21 35 21 35 15 24 108579 105 0 0 80291 1 28288 104 21 35 21 35 15 24 108579 105 0 0 80291 1 28288 104 21 35 21 35 15 24 108579 105 0 0 80291 1 28288 104 21 35 21 35 15 24 108579 105 0 0 80291 1 28288 104 21 35 21 35 15 24 108579 105 0 0 80291 1 28288 104 21 35 21 35 15 24 108579 105 0 0 80291 1 28288 104
143 0 1000 0 0 1000 0 1000 21 35 21 35 16 25 0 0 0 0 0 0 0 0 21 35 21 35 16 25 0 0 0 0 0 0 0 0 21 35 21 35 16 25 0 0 0 0 0 0 0 0 21 35 21 35 16 25 0 0 0 0 0 0 0 0 21 35 21 35 16 25 0 0 0 0 0 0 0 0 21 35 21 35 16 25 0 0 0 0 0 0 0 0
144 0 1000 0 0 1000 0 1000 21 35 21 35 16 25 0 0 0 0 0 0 0 0 21 35 21 35 16 25 0 0 0 0 0 0 0 0 21 35 21 35 16 25 0 0 0 0 0 0 0 0 21 35 21 35 16 25 0 0 0 0 0 0 0 0 21 35 21 35 16 25 0 0 0 0 0 0 0 0 21 35 21 35 16 25 0 0 0 0 0 0 0 0
145 0 1000 0 0 1000 0 1000 21 35 21 35 16 25 0 0 0 0 0 0 0 0 21 35 21 35 16 25 0 0 0 0 0 0 0 0 21 35 21 35 16 25 0 0 0 0 0 0 0 0 21 35 21 35 16 25 0 0 0 0 0 0 0 0 21 35 21 35 16 25 0 0 0 0 0 0 0 0 21 35 21 35 16 25 0 0 0 0 0 0 0 0
146 0 1000 0 0 1000 0 1000 21 35 21 35 16 25 27200 100 0 0 0 0 27200 100 21 35 21 35 16 25 27200 100 0 0 0 0 27200 100 21 35 21 35 16 25 27200 100 0 0 0 0 27200 100 21 35 21 35 16 25 27200 100 0 0 0 0 27200 100 21 35 21 35 16 25 27200 100 0 0 0 0 27200 100 21 35 21 35 16 25 27200 100 0 0 0 0 27200 100
147 0 1000 0 0 1000 0 1000 21 35 21 35 17 26 0 0 0 0 0 0 0 0 21 35 21 35 17 26 0 0 0 0 0 0 0 0 21 35 21 35 17 26 0 0 0 0 0 0 0 0 21 35 21 35 17 26 0 0 0 0 0 0 0 0 21 35 21 35 17 26 0 0 0 0 0 0 0 0 21 35 21 35 17 26 0 0 0 0 0 0 0 0
148 0 1000 0 0 1000 0 1000 21 35 21 35 17 26 0 0 0 0 0 0 0 0 21 35 21 35 17 26 0 0 0 0 0 0 0 0 21 35 21 35 17 26 0 0 0 0 0 0 0 0 21 35 21 35 17 26 0 0 0 0 0 0 0 0 21 35 21 35 17 26 0 0 0 0 0 0 0 0 21 35 21 35 17 26 0 0 0 0 0 0 0 0
149 0 1000 0 0 1000 0 1000 21 35 21 35 17 26 0 0 0 0 0 0 0 0 21 35 21 35 17 26 0 0 0 0 0 0 0 0 21 35 21 35 17 26 0 0 0 0 0 0 0 0 21 35 21 35 17 26 0 0 0 0 0 0 0 0 21 35 21 35 17 26 0 0 0 0 0 0 0 0 21 35 21 35 17 26 0 0 0 0 0 0 0 0
150 0 1000 0 0 1000 0 1000 21 35 21 35 17 26 30464 112 0 0 0 0 30464 112 21 35 21 35 17 26 30464 112 0 0 0 0 30464 112 21 35 21 35 17 26 30464 112 0 0 0 0 30464 112 21 35 21 35 17 26 30464 112 0 0 0 0 30464 112 21 35 21 35 17 26 30464 112 0 0 0 0 30464 112 21 35 21 35 17 26 30464 112 0 0 0 0 30464 112
151 0 1000 0 0 1000 0 1000 21 35 21 35 17 26 0 0 0 0 0 0 0 0 21 35 21 35 17 26 0 0 0 0 0 0 0 0 21 35 21 35 17 26 0 0 0 0 0 0 0 0 21 35 21 35 17 26 0 0 0 0 0 0 0 0 21 35 21 35 17 26 0 0 0 0 0 0 0 0 21 35 21 35 17 26 0 0 0 0 0 0 0 0
152 0 1000 0 0 1000 0 1000 21 35 21 35 17 26 0 0 0 0 0 0 0 0 21 35 21 35 17 26 0 0 0 0 0 0 0 0 21 35 21 35 17 26 0 0 0 0 0 0 0 0 21 35 21 35 17 26 0 0 0 0 0 0 0 0 21 35 21 35 17 26 0 0 0 0 0 0 0 0 21 35 21 35 17 26 0 0 0 0 0 0 0 0
153 0 1000 0 0 1000 0 1000 21 35 21 35 17 26 168046 2 168046 2 0 0 0 0 21 35 21 35 17 26 168046 2 168046 2 0 0 0 0 21 35 21 35 17 26 168046 2 168046 2 0 0 0 0 21 35 21 35 17 26 168046 2 168046 2 0 0 0 0 21 35 21 35 17 26 168046 2 168046 2 0 0 0 0 21 35 21 35 17 26 168046 2 168046 2 0 0 0 0
154 0 1000 0 0 1000 0 1000 22 38 22 38 17 26 107763 102 0 0 80291 1 27472 101 22 38 22 38 17 26 107763 102 0 0 80291 1 27472 101 22 38 22 38 17 26 107763 102 0 0 80291 1 27472 101 22 38 22 38 17 26 107763 102 0 0 80291 1 27472 101 22 38 22 38 17 26 107763 102 0 0 80291 1 27472 101 22 38 22 38 17 26 107763 102 0 0 80291 1 27472 101
155 0 1000 0 0 1000 0 1000 22 38 22 38 18 28 0 0 0 0 0 0 0 0 22 38 22 38 18 28 0 0 0 0 0 0 0 0 22 38 22 38 18 28 0 0 0 0 0 0 0 0 22 38 22 38 18 28 0 0 0 0 0 0 0 0 22 38 22 38 18 28 0 0 0 0 0 0 0 0 22 38 22 38 18 28 0 0 0 0 0 0 0 0
156 0 1000 0 0 1000 0 1000 22 38 22 38 18 28 0 0 0 0 0 0 0 0 22 38 22 38 18 28 0 0 0 0 0 0 0 0 22 38 22 38 18 28 0 0 0 0 0 0 0 0 22 38 22 38 18 28 0 0 0 0 0 0 0 0 22 38 22 38 18 28 0 0 0 0 0 0 0 0 22 38 22 38 18 28 0 0 0 0 0 0 0 0
157 0 1000 0 0 1000 0 1000 22 38 22 38 18 28 83671 1 83671 1 0 0 0 0 22 38 22 38 18 28 83671 1 83671 1 0 0 0 0 22 38 22 38 18 28 83671 1 83671 1 0 0 0 0 22 38 22 38 18 28 83671 1 83671 1 0 0 0 0 22 38 22 38 18 28 83671 1 83671 1 0 0 0 0 22 38 22 38 18 28 83671 1 83671 1 0 0 0 0
158 0 1000 0 0 1000 0 1000 23 39 23 39 18 28 109395 108 0 0 80291 1 29104 107 23 39 23 39 18 28 109395 108 0 0 80291 1 29104 107 23 39 23 39 18 28 109395 108 0 0 80291 1 29104 107 23 39 23 39 18 28 109395 108 0 0 80291 1 29104 107 23 39 23 39 18 28 109395 108 0 0 80291 1 29104 107 23 39 23 39 18 28 109395 108 0 0 80291 1 29104 107
159 0 1000 0 0 1000 0 1000 23 39 23 39 18 28 0 0 0 0 0 0 0 0 23 39 23 39 18 28 0 0 0 0 0 0 0 0 23 39 23 39 18 28 0 0 0 0 0 0 0 0 23 39 23 39 18 28 0 0 0 0 0 0 0 0 23 39 23 39 18 28 0 0 0 0 0 0 0 0 23 39 23 39 18 28 0 0 0 0 0 0 0 0
160 0 1000 0 0 1000 0 1000 23 39 23 39 18 28 0 0 0 0 0 0 0 0 23 39 23 39 18 28 0 0 0 0 0 0 0 0 23 39 23 39 18 28 0 0 0 0 0 0 0 0 23 39 23 39 18 28 0 0 0 0 0 0 0 0 23 39 23 39 18 28 0 0 0 0 0 0 0 0 23 39 23 39 18 28 0 0 0 0 0 0 0 0
161 0 1000 0 0 1000 0 1000 23 39 23 39 18 28 0 0 0 0 0 0 0 0 23 39 23 39 18 28 0 0 0 0 0 0 0 0 23 39 23 39 18 28 0 0 0 0 0 0 0 0 23 39 23 39 18 28 0 0 0 0 0 0 0 0 23 39 23 39 18 28 0 0 0 0 0 0 0 0 23 39 23 39 18 28 0 0 0 0 0 0 0 0
162 0 1000 0 0 1000 0 1000 23 39 23 39 18 28 26384 97 0 0 0 0 26384 97 23 39 23 39 18 28 26384 97 0 0 0 0 26384 97 23 39 23 39 18 28 26384 97 0 0 0 0 26384 97 23 39 23 39 18 28 26384 97 0 0 0 0 26384 97 23 39 23 39 18 28 26384 97 0 0 0 0 26384 97 23 39 23 39 18 28 26384 97 0 0 0 0 26384 97
163 0 1000 0 0 1000 0 1000 23 39 23 39 18 28 0 0 0 0 0 0 0 0 23 39 23 39 18 28 0 0 0 0 0 0 0 0 23 39 23 39 18 28 0 0 0 0 0 0 0 0 23 39 23 39 18 28 0 0 0 0 0 0 0 0 23 39 23 39 18 28 0 0 0 0 0 0 0 0 23 39 23 39 18 28 0 0 0 0 0 0 0 0
164 0 1000 0 0 1000 0 1000 23 39 23 39 18 28 0 0 0 0 0 0 0 0 23 39 23 39 18 28 0 0 0 0 0 0 0 0 23 39 23 39 18 28 0 0 0 0 0 0 0 0 23 39 23 39 18 28 0 0 0 0 0 0 0 0 23 39 23 39 18 28 0 0 0 0 0 0 0 0 23 39 23 39 18 28 0 0 0 0 0 0 0 0
165 0 1000 0 0 1000 0 1000 23 39 23 39 18 28 83543 1 83543 1 0 0 0 0 23 39 23 39 18 28 83543 1 83543 1 0 0 0 0 23 39 23 39 18 28 83543 1 83543 1 0 0 0 0 23 39 23 39 18 28 83543 1 83543 1 0 0 0 0 23 39 23 39 18 28 83543 1 83543 1 0 0 0 0 23 39 23 39 18 28 83543 1 83543 1 0 0 0 0
166 0 1000 0 0 1000 0 1000 24 41 24 41 18 28 108579 105 0 0 80291 1 28288 104 24 41 24 41 18 28 108579 105 0 0 80291 1 28288 104 24 41 24 41 18 28 108579 105 0 0 80291 1 28288 104 24 41 24 41 18 28 108579 105 0 0 80291 1 28288 104 24 41 24 41 18 28 108579 105 0 0 80291 1 28288 104 24 41 24 41 18 28 108579 105 0 0 80291 1 28288 104
167 0 1000 0 0 1000 0 1000 24 41 24 41 19 31 0 0 0 0 0 0 0 0 24 41 24 41 19 31 0 0 0 0 0 0 0 0 24 41 24 41 19 31 0 0 0 0 0 0 0 0 24 41 24 41 19 31 0 0 0 0 0 0 0 0 24 41 24 41 19 31 0 0 0 0 0 0 0 0 24 41 24 41 19 31 0 0 0 0 0 0 0 0
168 0 1000 0 0 1000 0 1000 24 41 24 41 19 31 0 0 0 0 0 0 0 0 24 41 24 41 19 31 0 0 0 0 0 0 0 0 24 41 24 41 19 31 0 0 0 0 0 0 0 0 24 41 24 41 19 31 0 0 0 0 0 0 0 0 24 41 24 41 19 31 0 0 0 0 0 0 0 0 24 41 24 41 19 31 0 0 0 0 0 0 0 0
169 0 1000 0 0 1000 0 1000 24 41 24 41 19 31 251301 3 251301 3 0 0 0 0 24 41 24 41 19 31 251301 3 251301 3 0 0 0 0 24 41 24 41 19 31 251301 3 251301 3 0 0 0 0 24 41 24 41 19 31 251301 3 251301 3 0 0 0 0 24 41 24 41 19 31 251301 3 251301 3 0 0 0 0 24 41 24 41 19 31 251301 3 251301 3 0 0 0 0
170 0 1000 0 0 1000 0 1000 25 42 25 42 19 31 113747 124 0 0 80291 1 33456 123 25 42 25 42 19 31 113747 124 0 0 80291 1 33456 123 25 42 25 42 19 31 113747 124 0 0 80291 1 33456 123 25 42 25 42 19 31 113747 124 0 0 80291 1 33456 123 25 42 25 42 19 31 113747 124 0 0 80291 1 33456 123 25 42 25 42 19 31 113747 124 0 0 80291 1 33456 123
171 0 1000 0 0 1000 0 1000 25 42 25 42 19 31 0 0 0 0 0 0 0 0 25 42 25 42 19 31 0 0 0 0 0 0 0 0 25 42 25 42 19 31 0 0 0 0 0 0 0 0 25 42 25 42 19 31 0 0 0 0 0 0 0 0 25 42 25 42 19 31 0 0 0 0 0 0 0 0 25 42 25 42 19 31 0 0 0 0 0 0 0 0
172 0 1000 0 0 1000 0 1000 25 42 25 42 19 31 0 0 0 0 0 0 0 0 25 42 25 42 19 31 0 0 0 0 0 0 0 0 25 42 25 42 19 31 0 0 0 0 0 0 0 0 25 42 25 42 19 31 0 0 0 0 0 0 0 0 25 42 25 42 19 31 0 0 0 0 0 0 0 0 25 42 25 42 19 31 0 0 0 0 0 0 0 0
173 0 1000 0 0 1000 0 1000 25 42 25 42 19 31 0 0 0 0 0 0 0 0 25 42 25 42 19 31 0 0 0 0 0 0 0 0 25 42 25 42 19 31 0 0 0 0 0 0 0 0 25 42 25 42 19 31 0 0 0 0 0 0 0 0 25 42 25 42 19 31 0 0 0 0 0 0 0 0 25 42 25 42 19 31 0 0 0 0 0 0 0 0
174 0 1000 0 0 1000 0 1000 25 42 25 42 19 31 28016 103 0 0 0 0 28016 103 25 42 25 42 19 31 28016 103 0 0 0 0 28016 103 25 42 25 42 19 31 28016 103 0 0 0 0 28016 103 25 42 25 42 19 31 28016 103 0 0 0 0 28016 103 25 42 25 42 19 31 28016 103 0 0 0 0 28016 103 25 42 25 42 19 31 28016 103 0 0 0 0 28016 103
175 0 1000 0 0 1000 0 1000 25 42 25 42 20 33 0 0 0 0 0 0 0 0 25 42 25 42 20 33 0 0 0 0 0 0 0 0 25 42 25 42 20 33 0 0 0 0 0 0 0 0 25 42 25 42 20 33 0 0 0 0 0 0 0 0 25 42 25 42 20 33 0 0 0 0 0 0 0 0 25 42 25 42 20 33 0 0 0 0 0 0 0 0
176 0 1000 0 0 1000 0 1000 25 42 25 42 20 33 0 0 0 0 0 0 0 0 25 42 25 42 20 33 0 0 0 0 0 0 0 0 25 42 25 42 20 33 0 0 0 0 0 0 0 0 25 42 25 42 20 33 0 0 0 0 0 0 0 0 25 42 25 42 20 33 0 0 0 0 0 0 0 0 25 42 25 42 20 33 0 0 0 0 0 0 0 0
177 0 1000 0 0 1000 0 1000 25 42 25 42 20 33 83735 1 83735 1 0 0 0 0 25 42 25 42 20 33 83735 1 83735 1 0 0 0 0 25 42 25 42 20 33 83735 1 83735 1 0 0 0 0 25 42 25 42 20 33 83735 1 83735 1 0 0 0 0 25 42 25 42 20 33 83735 1 83735 1 0 0 0 0 25 42 25 42 20 33 83735 1 83735 1 0 0 0 0
178 0 1000 0 0 1000 0 1000 26 44 26 44 20 33 108307 104 0 0 80291 1 28016 103 26 44 26 44 20 33 108307 104 0 0 80291 1 28016 103 26 44 26 44 20 33 108307 104 0 0 80291 1 28016 103 26 44 26 44 20 33 108307 104 0 0 80291 1 28016 103 26 44 26 44 20 33 108307 104 0 0 80291 1 28016 103 26 44 26 44 20 33 108307 104 0 0 80291 1 28016 103
179 0 1000 0 0 1000 0 1000 26 44 26 44 20 33 0 0 0 0 0 0 0 0 26 44 26 44 20 33 0 0 0 0 0 0 0 0 26 44 26 44 20 33 0 0 0 0 0 0 0 0 26 44 26 44 20 33 0 0 0 0 0 0 0 0 26 44 26 44 20 33 0 0 0 0 0 0 0 0 26 44 26 44 20 33 0 0 0 0 0 0 0 0
180 0 1000 0 0 1000 0 1000 26 44 26 44 20 33 0 0 0 0 0 0 0 0 26 44 26 44 20 33 0 0 0 0 0 0 0 0 26 44 26 44 20 33 0 0 0 0 0 0 0 0 26 44 26 44 20 33 0 0 0 0 0 0 0 0 26 44 26 44 20 33 0 0 0 0 0 0 0 0 26 44 26 44 20 33 0 0 0 0 0 0 0 0
181 0 1000 0 0 1000 0 1000 26 44 26 44 20 33 251205 3 251205 3 0 0 0 0 26 44 26 44 20 33 251205 3 251205 3 0 0 0 0 26 44 26 44 20 33 251205 3 251205 3 0 0 0 0 26 44 26 44 20 33 251205 3 251205 3 0 0 0 0 26 44 26 44 20 33 251205 3 251205 3 0 0 0 0 26 44 26 44 20 33 251205 3 251205 3 0 0 0 0
182 0 1000 0 0 1000 0 1000 27 45 27 45 20 33 109395 108 0 0 80291 1 29104 107 27 45 27 45 20 33 109395 108 0 0 80291 1 29104 107 27 45 27 45 20 33 109395 108 0 0 80291 1 29104 107 27 45 27 45 20 33 109395 108 0 0 80291 1 29104 107 27 45 27 45 20 33 109395 108 0 0 80291 1 29104 107 27 45 27 45 20 33 109395 108 0 0 80291 1 29104 107
183 0 1000 0 0 1000 0 1000 27 45 27 45 21 35 0 0 0 0 0 0 0 0 27 45 27 45 21 35 0 0 0 0 0 0 0 0 27 45 27 45 21 35 0 0 0 0 0 0 0 0 27 45 27 45 21 35 0 0 0 0 0 0 0 0 27 45 27 45 21 35 0 0 0 0 0 0 0 0 27 45 27 45 21 35 0 0 0 0 0 0 0 0
184 0 1000 0 0 1000 0 1000 27 45 27 45 21 35 0 0 0 0 0 0 0 0 27 45 27 45 21 35 0 0 0 0 0 0 0 0 27 45 27 45 21 35 0 0 0 0 0 0 0 0 27 45 27 45 21 35 0 0 0 0 0 0 0 0 27 45 27 45 21 35 0 0 0 0 0 0 0 0 27 45 27 45 21 35 0 0 0 0 0 0 0 0
185 0 1000 0 0 1000 0 1000 27 45 27 45 21 35 0 0 0 0 0 0 0 0 27 45 27 45 21 35 0 0 0 0 0 0 0 0 27 45 27 45 21 35 0 0 0 0 0 0 0 0 27 45 27 45 21 35 0 0 0 0 0 0 0 0 27 45 27 45 21 35 0 0 0 0 0 0 0 0 27 45 27 45 21 35 0 0 0 0 0 0 0 0
186 0 1000 0 0 1000 0 1000 27 45 27 45 21 35 30464 112 0 0 0 0 30464 112 27 45 27 45 21 35 30464 112 0 0 0 0 30464 112 27 45 27 45 21 35 30464 112 0 0 0 0 30464 112 27 45 27 45 21 35 30464 112 0 0 0 0 30464 112 27 45 27 45 21 35 30464 112 0 0 0 0 30464 112 27 45 27 45 21 35 30464 112 0 0 0 0 30464 112
187 0 1000 0 0 1000 0 1000 27 45 27 45 21 35 0 0 0 0 0 0 0 0 27 45 27 45 21 35 0 0 0 0 0 0 0 0 27 45 27 45 21 35 0 0 0 0 0 0 0 0 27 45 27 45 21 35 0 0 0 0 0 0 0 0 27 45 27 45 21 35 0 0 0 0 0 0 0 0 27 45 27 45 21 35 0 0 0 0 0 0 0 0
188 0 1000 0 0 1000 0 1000 27 45 27 45 21 35 0 0 0 0 0 0 0 0 27 45 27 45 21 35 0 0 0 0 0 0 0 0 27 45 27 45 21 35 0 0 0 0 0 0 0 0 27 45 27 45 21 35 0 0 0 0 0 0 0 0 27 45 27 45 21 35 0 0 0 0 0 0 0 0 27 45 27 45 21 35 0 0 0 0 0 0 0 0
189 0 1000 0 0 1000 0 1000 27 45 27 45 21 35 0 0 0 0 0 0 0 0 27 45 27 45 21 35 0 0 0 0 0 0 0 0 27 45 27 45 21 35 0 0 0 0 0 0 0 0 27 45 27 45 21 35 0 0 0 0 0 0 0 0 27 45 27 45 21 35 0 0 0 0 0 0 0 0 27 45 27 45 21 35 0 0 0 0 0 0 0 0
190 0 1000 0 0 1000 0 1000 27 45 27 45 21 35 25296 93 0 0 0 0 25296 93 27 45 27 45 21 35 25296 93 0 0 0 0 25296 93 27 45 27 45 21 35 25296 93 0 0 0 0 25296 93 27 45 27 45 21 35 25296 93 0 0 0 0 25296 93 27 45 27 45 21 35 25296 93 0 0 0 0 25296 93 27 45 27 45 21 35 25296 93 0 0 0 0 25296 93
191 0 1000 0 0 1000 0 1000 27 45 27 45 21 35 0 0 0 0 0 0 0 0 27 45 27 45 21 35 0 0 0 0 0 0 0 0 27 45 27 45 21 35 0 0 0 0 0 0 0 0 27 45 27 45 21 35 0 0 0 0 0 0 0 0 27 45 27 45 21 35 0 0 0 0 0 0 0 0 27 45 27 45 21 35 0 0 0 0 0 0 0 0
192 0 1000 0 0 1000 0 1000 27 45 27 45 21 35 0 0 0 0 0 0 0 0 27 45 27 45 21 35 0 0 0 0 0 0 0 0 27 45 27 45 21 35 0 0 0 0 0 0 0 0 27 45 27 45 21 35 0 0 0 0 0 0 0 0 27 45 27 45 21 35 0 0 0 0 0 0 0 0 27 45 27 45 21 35 0 0 0 0 0 0 0 0
193 0 1000 0 0 1000 0 1000 27 45 27 45 21 35 83415 1 83415 1 0 0 0 0 27 45 27 45 21 35 83415 1 83415 1 0 0 0 0 27 45 27 45 21 35 83415 1 83415 1 0 0 0 0 27 45 27 45 21 35 83415 1 83415 1 0 0 0 0 27 45 27 45 21 35 83415 1 83415 1 0 0 0 0 27 45 27 45 21 35 83415 1 83415 1 0 0 0 0
194 0 1000 0 0 1000 0 1000 28 48 28 48 21 35 105859 95 0 0 80291 1 25568 94 28 48 28 48 21 35 105859 95 0 0 80291 1 25568 94 28 48 28 48 21 35 105859 95 0 0 80291 1 25568 94 28 48 28 48 21 35 105859 95 0 0 80291 1 25568 94 28 48 28 48 21 35 105859 95 0 0 80291 1 25568 94 28 48 28 48 21 35 105859 95 0 0 80291 1 25568 94
195 0 1000 0 0 1000 0 1000 28 48 28 48 22 38 0 0 0 0 0 0 0 0 28 48 28 48 22 38 0 0 0 0 0 0 0 0 28 48 28 48 22 38 0 0 0 0 0 0 0 0 28 48 28 48 22 38 0 0 0 0 0 0 0 0 28 48 28 48 22 38 0 0 0 0 0 0 0 0 28 48 28 48 22 38 0 0 0 0 0 0 0 0
196 0 1000 0 0 1000 0 1000 28 48 28 48 22 38 0 0 0 0 0 0 0 0 28 48 28 48 22 38 0 0 0 0 0 0 0 0 28 48 28 48 22 38 0 0 0 0 0 0 0 0 28 48 28 48 22 38 0 0 0 0 0 0 0 0 28 48 28 48 22 38 0 0 0 0 0 0 0 0 28 48 28 48 22 38 0 0 0 0 0 0 0 0
197 0 1000 0 0 1000 0 1000 28 48 28 48 22 38 0 0 0 0 0 0 0 0 28 48 28 48 22 38 0 0 0 0 0 0 0 0 28 48 28 48 22 38 0 0 0 0 0 0 0 0 28 48 28 48 22 38 0 0 0 0 0 0 0 0 28 48 28 48 22 38 0 0 0 0 0 0 0 0 28 48 28 48 22 38 0 0 0 0 0 0 0 0
198 0 1000 0 0 1000 0 1000 28 48 28 48 22 38 25024 92 0 0 0 0 25024 92 28 48 28 48 22 38 25024 92 0 0 0 0 25024 92 28 48 28 48 22 38 25024 92 0 0 0 0 25024 92 28 48 28 48 22 38 25024 92 0 0 0 0 25024 92 28 48 28 48 22 38 25024 92 0 0 0 0 25024 92 28 48 28 48 22 38 25024 92 0 0 0 0 25024 92
199 0 1000 0 0 1000 0 1000 28 48 28 48 23 39 0 0 0 0 0 0 0 0 28 48 28 48 23 39 0 0 0 0 0 0 0 0 28 48 28 48 23 39 0 0 0 0 0 0 0 0 28 48 28 48 23 39 0 0 0 0 0 0 0 0 28 48 28 48 23 39 0 0 0 0 0 0 0 0 28 48 28 48 23 39 0 0 0 0 0 0 0 0
200 0 1000 0 0 1000 0 1000 28 48 28 48 23 39 0 0 0 0 0 0 0 0 28 48 28 48 23 39 0 0 0 0 0 0 0 0 28 48 28 48 23 39 0 0 0 0 0 0 0 0 28 48 28 48 23 39 0 0 0 0 0 0 0 0 28 48 28 48 23 39 0 0 0 0 0 0 0 0 28 48 28 48 23 39 0 0 0 0 0 0 0 0
201 0 1000 0 0 1000 0 1000 28 48 28 48 23 39 0 0 0 0 0 0 0 0 28 48 28 48 23 39 0 0 0 0 0 0 0 0 28 48 28 48 23 39 0 0 0 0 0 0 0 0 28 48 28 48 23 39 0 0 0 0 0 0 0 0 28 48 28 48 23 39 0 0 0 0 0 0 0 0 28 48 28 48 23 39 0 0 0 0 0 0 0 0
202 0 1000 0 0 1000 0 1000 28 48 28 48 23 39 25296 93 0 0 0 0 25296 93 28 48 28 48 23 39 25296 93 0 0 0 0 25296 93 28 48 28 48 23 39 25296 93 0 0 0 0 25296 93 28 48 28 48 23 39 25296 93 0 0 0 0 25296 93 28 48 28 48 23 39 25296 93 0 0 0 0 25296 93 28 48 28 48 23 39 25296 93 0 0 0 0 25296 93
203 0 1000 0 0 1000 0 1000 28 48 28 48 23 39 0 0 0 0 0 0 0 0 28 48 28 48 23 39 0 0 0 0 0 0 0 0 28 48 28 48 23 39 0 0 0 0 0 0 0 0 28 48 28 48 23 39 0 0 0 0 0 0 0 0 28 48 28 48 23 39 0 0 0 0 0 0 0 0 28 48 28 48 23 39 0 0 0 0 0 0 0 0
204 0 1000 0 0 1000 0 1000 28 48 28 48 23 39 0 0 0 0 0 0 0 0 28 48 28 48 23 39 0 0 0 0 0 0 0 0 28 48 28 48 23 39 0 0 0 0 0 0 0 0 28 48 28 48 23 39 0 0 0 0 0 0 0 0 28 48 28 48 23 39 0 0 0 0 0 0 0 0 28 48 28 48 23 39 0 0 0 0 0 0 0 0
205 0 1000 0 0 1000 0 1000 28 48 28 48 23 39 0 0 0 0 0 0 0 0 28 48 28 48 23 39 0 0 0 0 0 0 0 0 28 48 28 48 23 39 0 0 0 0 0 0 0 0 28 48 28 48 23 39 0 0 0 0 0 0 0 0 28 48 28 48 23 39 0 0 0 0 0 0 0 0 28 48 28 48 23 39 0 0 0 0 0 0 0 0
206 0 1000 0 0 1000 0 1000 28 48 28 48 23 39 25568 94 0 0 0 0 25568 94 28 48 28 48 23 39 25568 94 0 0 0 0 25568 94 28 48 28 48 23 39 25568 94 0 0 0 0 25568 94 28 48 28 48 23 39 25568 94 0 0 0 0 25568 94 28 48 28 48 23 39 25568 94 0 0 0 0 25568 94 28 48 28 48 23 39 25568 94 0 0 0 0 25568 94
207 0 1000 0 0 1000 0 1000 28 48 28 48 24 41 0 0 0 0 0 0 0 0 28 48 28 48 24 41 0 0 0 0 0 0 0 0 28 48 28 48 24 41 0 0 0 0 0 0 0 0 28 48 28 48 24 41 0 0 0 0 0 0 0 0 28 48 28 48 24 41 0 0 0 0 0 0 0 0 28 48 28 48 24 41 0 0 0 0 0 0 0 0
208 0 1000 0 0 1000 0 1000 28 48 28 48 24 41 0 0 0 0 0 0 0 0 28 48 28 48 24 41 0 0 0 0 0 0 0 0 28 48 28 48 24 41 0 0 0 0 0 0 0 0 28 48 28 48 24 41 0 0 0 0 0 0 0 0 28 48 28 48 24 41 0 0 0 0 0 0 0 0 28 48 28 48 24 41 0 0 0 0 0 0 0 0
209 0 1000 0 0 1000 0 1000 28 48 28 48 24 41 83447 1 83447 1 0 0 0 0 28 48 28 48 24 41 83447 1 83447 1 0 0 0 0 28 48 28 48 24 41 83447 1 83447 1 0 0 0 0 28 48 28 48 24 41 83447 1 83447 1 0 0 0 0 28 48 28 48 24 41 83447 1 83447 1 0 0 0 0 28 48 28 48 24 41 83447 1 83447 1 0 0 0 0
210 0 1000 0 0 1000 0 1000 29 52 29 52 24 41 110483 112 0 0 80291 1 30192 111 29 52 29 52 24 41 110483 112 0 0 80291 1 30192 111 29 52 29 52 24 41 110483 112 0 0 80291 1 30192 111 29 52 29 52 24 41 110483 112 0 0 80291 1 30192 111 29 52 29 52 24 41 110483 112 0 0 80291 1 30192 111 29 52 29 52 24 41 110483 112 0 0 80291 1 30192 111
211 0 1000 0 0 1000 0 1000 29 52 29 52 25 42 0 0 0 0 0 0 0 0 29 52 29 52 25 42 0 0 0 0 0 0 0 0 29 52 29 52 25 42 0 0 0 0 0 0 0 0 29 52 29 52 25 42 0 0 0 0 0 0 0 0 29 52 29 52 25 42 0 0 0 0 0 0 0 0 29 52 29 52 25 42 0 0 0 0 0 0 0 0
212 0 1000 0 0 1000 0 1000 29 52 29 52 25 42 0 0 0 0 0 0 0 0 29 52 29 52 25 42 0 0 0 0 0 0 0 0 29 52 29 52 25 42 0 0 0 0 0 0 0 0 29 52 29 52 25 42 0 0 0 0 0 0 0 0 29 52 29 52 25 42 0 0 0 0 0 0 0 0 29 52 29 52 25 42 0 0 0 0 0 0 0 0
213 0 1000 0 0 1000 0 1000 29 52 29 52 25 42 83991 1 83991 1 0 0 0 0 29 52 29 52 25 42 83991 1 83991 1 0 0 0 0 29 52 29 52 25 42 83991 1 83991 1 0 0 0 0 29 52 29 52 25 42 83991 1 83991 1 0 0 0 0 29 52 29 52 25 42 83991 1 83991 1 0 0 0 0 29 52 29 52 25 42 83991 1 83991 1 0 0 0 0
214 0 1000 0 0 1000 0 1000 30 53 30 53 25 42 110211 111 0 0 80291 1 29920 110 30 53 30 53 25 42 110211 111 0 0 80291 1 29920 110 30 53 30 53 25 42 110211 111 0 0 80291 1 29920 110 30 53 30 53 25 42 110211 111 0 0 80291 1 29920 110 30 53 30 53 25 42 110211 111 0 0 80291 1 29920 110 30 53 30 53 25 42 110211 111 0 0 80291 1 29920 110
215 0 1000 0 0 1000 0 1000 30 53 30 53 25 42 0 0 0 0 0 0 0 0 30 53 30 53 25 42 0 0 0 0 0 0 0 0 30 53 30 53 25 42 0 0 0 0 0 0 0 0 30 53 30 53 25 42 0 0 0 0 0 0 0 0 30 53 30 53 25 42 0 0 0 0 0 0 0 0 30 53 30 53 25 42 0 0 0 0 0 0 0 0
216 0 1000 0 0 1000 0 1000 30 53 30 53 25 42 0 0 0 0 0 0 0 0 30 53 30 53 25 42 0 0 0 0 0 0 0 0 30 53 30 53 25 42 0 0 0 0 0 0 0 0 30 53 30 53 25 42 0 0 0 0 0 0 0 0 30 53 30 53 25 42 0 0 0 0 0 0 0 0 30 53 30 53 25 42 0 0 0 0 0 0 0 0
217 0 1000 0 0 1000 0 1000 30 53 30 53 25 42 83959 1 83959 1 0 0 0 0 30 53 30 53 25 42 83959 1 83959 1 0 0 0 0 30 53 30 53 25 42 83959 1 83959 1 0 0 0 0 30 53 30 53 25 42 83959 1 83959 1 0 0 0 0 30 53 30 53 25 42 83959 1 83959 1 0 0 0 0 30 53 30 53 25 42 83959 1 83959 1 0 0 0 0
218 0 1000 0 0 1000 0 1000 31 54 31 54 25 42 107763 102 0 0 80291 1 27472 101 31 54 31 54 25 42 107763 102 0 0 80291 1 27472 101 31 54 31 54 25 42 107763 102 0 0 80291 1 27472 101 31 54 31 54 25 42 107763 102 0 0 80291 1 27472 101 31 54 31 54 25 42 107763 102 0 0 80291 1 27472 101 31 54 31 54 25 42 107763 102 0 0 80291 1 27472 101
219 0 1000 0 0 1000 0 1000 31 54 31 54 26 44 0 0 0 0 0 0 0 0 31 54 31 54 26 44 0 0 0 0 0 0 0 0 31 54 31 54 26 44 0 0 0 0 0 0 0 0 31 54 31 54 26 44 0 0 0 0 0 0 0 0 31 54 31 54 26 44 0 0 0 0 0 0 0 0 31 54 31 54 26 44 0 0 0 0 0 0 0 0
220 0 1000 0 0 1000 0 1000 31 54 31 54 26 44 0 0 0 0 0 0 0 0 31 54 31 54 26 44 0 0 0 0 0 0 0 0 31 54 31 54 26 44 0 0 0 0 0 0 0 0 31 54 31 54 26 44 0 0 0 0 0 0 0 0 31 54 31 54 26 44 0 0 0 0 0 0 0 0 31 54 31 54 26 44 0 0 0 0 0 0 0 0
221 0 1000 0 0 1000 0 1000 31 54 31 54 26 44 167342 2 167342 2 0 0 0 0 31 54 31 54 26 44 167342 2 167342 2 0 0 0 0 31 54 31 54 26 44 167342 2 167342 2 0 0 0 0 31 54 31 54 26 44 167342 2 167342 2 0 0 0 0 31 54 31 54 26 44 167342 2 167342 2 0 0 0 0 31 54 31 54 26 44 167342 2 167342 2 0 0 0 0
222 0 1000 0 0 1000 0 1000 32 55 32 55 26 44 110755 113 0 0 80291 1 30464 112 32 55 32 55 26 44 110755 113 0 0 80291 1 30464 112 32 55 32 55 26 44 110755 113 0 0 80291 1 30464 112 32 55 32 55 26 44 110755 113 0 0 80291 1 30464 112 32 55 32 55 26 44 110755 113 0 0 80291 1 30464 112 32 55 32 55 26 44 110755 113 0 0 80291 1 30464 112
223 0 1000 0 0 1000 0 1000 32 55 32 55 27 45 0 0 0 0 0 0 0 0 32 55 32 55 27 45 0 0 0 0 0 0 0 0 32 55 32 55 27 45 0 0 0 0 0 0 0 0 32 55 32 55 27 45 0 0 0 0 0 0 0 0 32 55 32 55 27 45 0 0 0 0 0 0 0 0 32 55 32 55 27 45 0 0 0 0 0 0 0 0
224 0 1000 0 0 1000 0 1000 32 55 32 55 27 45 0 0 0 0 0 0 0 0 32 55 32 55 27 45 0 0 0 0 0 0 0 0 32 55 32 55 27 45 0 0 0 0 0 0 0 0 32 55 32 55 27 45 0 0 0 0 0 0 0 0 32 55 32 55 27 45 0 0 0 0 0 0 0 0 32 55 32 55 27 45 0 0 0 0 0 0 0 0
225 0 1000 0 0 1000 0 1000 32 55 32 55 27 45 84023 1 84023 1 0 0 0 0 32 55 32 55 27 45 84023 1 84023 1 0 0 0 0 32 55 32 55 27 45 84023 1 84023 1 0 0 0 0 32 55 32 55 27 45 84023 1 84023 1 0 0 0 0 32 55 32 55 27 45 84023 1 84023 1 0 0 0 0 32 55 32 55 27 45 84023 1 84023 1 0 0 0 0
226 0 1000 0 0 1000 0 1000 33 56 33 56 27 45 105315 93 0 0 80291 1 25024 92 33 56 33 56 27 45 105315 93 0 0 80291 1 25024 92 33 56 33 56 27 45 105315 93 0 0 80291 1 25024 92 33 56 33 56 27 45 105315 93 0 0 80291 1 25024 92 33 56 33 56 27 45 105315 93 0 0 80291 1 25024 92 33 56 33 56 27 45 105315 93 0 0 80291 1 25024 92
227 0 1000 0 0 1000 0 1000 33 56 33 56 27 45 0 0 0 0 0 0 0 0 33 56 33 56 27 45 0 0 0 0 0 0 0 0 33 56 33 56 27 45 0 0 0 0 0 0 0 0 33 56 33 56 27 45 0 0 0 0 0 0 0 0 33 56 33 56 27 45 0 0 0 0 0 0 0 0 33 56 33 56 27 45 0 0 0 0 0 0 0 0
228 0 1000 0 0 1000 0 1000 33 56 33 56 27 45 0 0 0 0 0 0 0 0 33 56 33 56 27 45 0 0 0 0 0 0 0 0 33 56 33 56 27 45 0 0 0 0 0 0 0 0 33 56 33 56 27 45 0 0 0 0 0 0 0 0 33 56 33 56 27 45 0 0 0 0 0 0 0 0 33 56 33 56 27 45 0 0 0 0 0 0 0 0
229 0 1000 0 0 1000 0 1000 33 56 33 56 27 45 83383 1 83383 1 0 0 0 0 33 56 33 56 27 45 83383 1 83383 1 0 0 0 0 33 56 33 56 27 45 83383 1 83383 1 0 0 0 0 33 56 33 56 27 45 83383 1 83383 1 0 0 0 0 33 56 33 56 27 45 83383 1 83383 1 0 0 0 0 33 56 33 56 27 45 83383 1 83383 1 0 0 0 0
230 0 1000 0 0 1000 0 1000 34 57 34 57 27 45 104227 89 0 0 80291 1 23936 88 34 57 34 57 27 45 104227 89 0 0 80291 1 23936 88 34 57 34 57 27 45 104227 89 0 0 80291 1 23936 88 34 57 34 57 27 45 104227 89 0 0 80291 1 23936 88 34 57 34 57 27 45 104227 89 0 0 80291 1 23936 88 34 57 34 57 27 45 104227 89 0 0 80291 1 23936 88
231 0 1000 0 0 1000 0 1000 34 57 34 57 27 45 0 0 0 0 0 0 0 0 34 57 34 57 27 45 0 0 0 0 0 0 0 0 34 57 34 57 27 45 0 0 0 0 0 0 0 0 34 57 34 57 27 45 0 0 0 0 0 0 0 0 34 57 34 57 27 45 0 0 0 0 0 0 0 0 34 57 34 57 27 45 0 0 0 0 0 0 0 0
232 0 1000 0 0 1000 0 1000 34 57 34 57 27 45 0 0 0 0 0 0 0 0 34 57 34 57 27 45 0 0 0 0 0 0 0 0 34 57 34 57 27 45 0 0 0 0 0 0 0 0 34 57 34 57 27 45 0 0 0 0 0 0 0 0 34 57 34 57 27 45 0 0 0 0 0 0 0 0 34 57 34 57 27 45 0 0 0 0 0 0 0 0
233 0 1000 0 0 1000 0 1000 34 57 34 57 27 45 166510 2 166510 2 0 0 0 0 34 57 34 57 27 45 166510 2 166510 2 0 0 0 0 34 57 34 57 27 45 166510 2 166510 2 0 0 0 0 34 57 34 57 27 45 166510 2 166510 2 0 0 0 0 34 57 34 57 27 45 166510 2 166510 2 0 0 0 0 34 57 34 57 27 45 166510 2 166510 2 0 0 0 0
234 0 1000 0 0 1000 0 1000 35 58 35 58 27 45 108035 103 0 0 80291 1 27744 102 35 58 35 58 27 45 108035 103 0 0 80291 1 27744 102 35 58 35 58 27 45 108035 103 0 0 80291 1 27744 102 35 58 35 58 27 45 108035 103 0 0 80291 1 27744 102 35 58 35 58 27 45 108035 103 0 0 80291 1 27744 102 35 58 35 58 27 45 108035 103 0 0 80291 1 27744 102
235 0 1000 0 0 1000 0 1000 35 58 35 58 28 48 0 0 0 0 0 0 0 0 35 58 35 58 28 48 0 0 0 0 0 0 0 0 35 58 35 58 28 48 0 0 0 0 0 0 0 0 35 58 35 58 28 48 0 0 0 0 0 0 0 0 35 58 35 58 28 48 0 0 0 0 0 0 0 0 35 58 35 58 28 48 0 0 0 0 0 0 0 0
236 0 1000 0 0 1000 0 1000 35 58 35 58 28 48 0 0 0 0 0 0 0 0 35 58 35 58 28 48 0 0 0 0 0 0 0 0 35 58 35 58 28 48 0 0 0 0 0 0 0 0 35 58 35 58 28 48 0 0 0 0 0 0 0 0 35 58 35 58 28 48 0 0 0 0 0 0 0 0 35 58 35 58 28 48 0 0 0 0 0 0 0 0
237 0 1000 0 0 1000 0 1000 35 58 35 58 28 48 167405 2 167405 2 0 0 0 0 35 58 35 58 28 48 167405 2 167405 2 0 0 0 0 35 58 35 58 28 48 167405 2 167405 2 0 0 0 0 35 58 35 58 28 48 167405 2 167405 2 0 0 0 0 35 58 35 58 28 48 167405 2 167405 2 0 0 0 0 35 58 35 58 28 48 167405 2 167405 2 0 0 0 0
238 0 1000 0 0 1000 0 1000 36 59 36 59 28 48 101234 78 0 0 80290 1 20944 77 36 59 36 59 28 48 101234 78 0 0 80290 1 20944 77 36 59 36 59 28 48 101234 78 0 0 80290 1 20944 77 36 59 36 59 28 48 101234 78 0 0 80290 1 20944 77 36 59 36 59 28 48 101234 78 0 0 80290 1 20944 77 36 59 36 59 28 48 101234 78 0 0 80290 1 20944 77
239 0 1000 0 0 1000 0 1000 36 59 36 59 28 48 0 0 0 0 0 0 0 0 36 59 36 59 28 48 0 0 0 0 0 0 0 0 36 59 36 59 28 48 0 0 0 0 0 0 0 0 36 59 36 59 28 48 0 0 0 0 0 0 0 0 36 59 36 59 28 48 0 0 0 0 0 0 0 0 36 59 36 59 28 48 0 0 0 0 0 0 0 0
240 0 1000 0 0 1000 0 1000 36 59 36 59 28 48 0 0 0 0 0 0 0 0 36 59 36 59 28 48 0 0 0 0 0 0 0 0 36 59 36 59 28 48 0 0 0 0 0 0 0 0 36 59 36 59 28 48 0 0 0 0 0 0 0 0 36 59 36 59 28 48 0 0 0 0 0 0 0 0 36 59 36 59 28 48 0 0 0 0 0 0 0 0
241 0 1000 0 0 1000 0 1000 36 59 36 59 28 48 165806 2 165806 2 0 0 0 0 36 59 36 59 28 48 165806 2 165806 2 0 0 0 0 36 59 36 59 28 48 165806 2 165806 2 0 0 0 0 36 59 36 59 28 48 165806 2 165806 2 0 0 0 0 36 59 36 59 28 48 165806 2 165806 2 0 0 0 0 36 59 36 59 28 48 165806 2 165806 2 0 0 0 0
242 0 1000 0 0 1000 0 1000 37 60 37 60 28 48 111027 114 0 0 80291 1 30736 113 37 60 37 60 28 48 111027 114 0 0 80291 1 30736 113 37 60 37 60 28 48 111027 114 0 0 80291 1 30736 113 37 60 37 60 28 48 111027 114 0 0 80291 1 30736 113 37 60 37 60 28 48 111027 114 0 0 80291 1 30736 113 37 60 37 60 28 48 111027 114 0 0 80291 1 30736 113
243 0 1000 0 0 1000 0 1000 37 60 37 60 28 48 0 0 0 0 0 0 0 0 37 60 37 60 28 48 0 0 0 0 0 0 0 0 37 60 37 60 28 48 0 0 0 0 0 0 0 0 37 60 37 60 28 48 0 0 0 0 0 0 0 0 37 60 37 60 28 48 0 0 0 0 0 0 0 0 37 60 37 60 28 48 0 0 0 0 0 0 0 0
244 0 1000 0 0 1000 0 1000 37 60 37 60 28 48 0 0 0 0 0 0 0 0 37 60 37 60 28 48 0 0 0 0 0 0 0 0 37 60 37 60 28 48 0 0 0 0 0 0 0 0 37 60 37 60 28 48 0 0 0 0 0 0 0 0 37 60 37 60 28 48 0 0 0 0 0 0 0 0 37 60 37 60 28 48 0 0 0 0 0 0 0 0
245 0 1000 0 0 1000 0 1000 37 60 37 60 28 48 84055 1 84055 1 0 0 0 0 37 60 37 60 28 48 84055 1 84055 1 0 0 0 0 37 60 37 60 28 48 84055 1 84055 1 0 0 0 0 37 60 37 60 28 48 84055 1 84055 1 0 0 0 0 37 60 37 60 28 48 84055 1 84055 1 0 0 0 0 37 60 37 60 28 48 84055 1 84055 1 0 0 0 0
246 0 1000 0 0 1000 0 1000 38 61 38 61 28 48 111027 114 0 0 80291 1 30736 113 38 61 38 61 28 48 111027 114 0 0 80291 1 30736 113 38 61 38 61 28 48 111027 114 0 0 80291 1 30736 113 38 61 38 61 28 48 111027 114 0 0 80291 1 30736 113 38 61 38 61 28 48 111027 114 0 0 80291 1 30736 113 38 61 38 61 28 48 111027 114 0 0 80291 1 30736 113
247 0 1000 0 0 1000 0 1000 38 61 38 61 28 48 0 0 0 0 0 0 0 0 38 61 38 61 28 48 0 0 0 0 0 0 0 0 38 61 38 61 28 48 0 0 0 0 0 0 0 0 38 61 38 61 28 48 0 0 0 0 0 0 0 0 38 61 38 61 28 48 0 0 0 0 0 0 0 0 38 61 38 61 28 48 0 0 0 0 0 0 0 0
248 0 1000 0 0 1000 0 1000 38 61 38 61 28 48 0 0 0 0 0 0 0 0 38 61 38 61 28 48 0 0 0 0 0 0 0 0 38 61 38 61 28 48 0 0 0 0 0 0 0 0 38 61 38 61 28 48 0 0 0 0 0 0 0 0 38 61 38 61 28 48 0 0 0 0 0 0 0 0 38 61 38 61 28 48 0 0 0 0 0 0 0 0
249 0 1000 0 0 1000 0 1000 38 61 38 61 28 48 0 0 0 0 0 0 0 0 38 61 38 61 28 48 0 0 0 0 0 0 0 0 38 61 38 61 28 48 0 0 0 0 0 0 0 0 38 61 38 61 28 48 0 0 0 0 0 0 0 0 38 61 38 61 28 48 0 0 0 0 0 0 0 0 38 61 38 61 28 48 0 0 0 0 0 0 0 0
250 0 1000 0 0 1000 0 1000 38 61 38 61 28 48 28016 103 0 0 0 0 28016 103 38 61 38 61 28 48 28016 103 0 0 0 0 28016 103 38 61 38 61 28 48 28016 103 0 0 0 0 28016 103 38 61 38 61 28 48 28016 103 0 0 0 0 28016 103 38 61 38 61 28 48 28016 103 0 0 0 0 28016 103 38 61 38 61 28 48 28016 103 0 0 0 0 28016 103
251 0 1000 0 0 1000 0 1000 38 61 38 61 29 52 0 0 0 0 0 0 0 0 38 61 38 61 29 52 0 0 0 0 0 0 0 0 38 61 38 61 29 52 0 0 0 0 0 0 0 0 38 61 38 61 29 52 0 0 0 0 0 0 0 0 38 61 38 61 29 52 0 0 0 0 0 0 0 0 38 61 38 61 29 52 0 0 0 0 0 0 0 0
252 0 1000 0 0 1000 0 1000 38 61 38 61 29 52 0 0 0 0 0 0 0 0 38 61 38 61 29 52 0 0 0 0 0 0 0 0 38 61 38 61 29 52 0 0 0 0 0 0 0 0 38 61 38 61 29 52 0 0 0 0 0 0 0 0 38 61 38 61 29 52 0 0 0 0 0 0 0 0 38 61 38 61 29 52 0 0 0 0 0 0 0 0
253 0 1000 0 0 1000 0 1000 38 61 38 61 29 52 83735 1 83735 1 0 0 0 0 38 61 38 61 29 52 83735 1 83735 1 0 0 0 0 38 61 38 61 29 52 83735 1 83735 1 0 0 0 0 38 61 38 61 29 52 83735 1 83735 1 0 0 0 0 38 61 38 61 29 52 83735 1 83735 1 0 0 0 0 38 61 38 61 29 52 83735 1 83735 1 0 0 0 0
254 0 1000 0 0 1000 0 1000 39 63 39 63 29 52 109667 109 0 0 80291 1 29376 108 39 63 39 63 29 52 109667 109 0 0 80291 1 29376 108 39 63 39 63 29 52 109667 109 0 0 80291 1 29376 108 39 63 39 63 29 52 109667 109 0 0 80291 1 29376 108 39 63 39 63 29 52 109667 109 0 0 80291 1 29376 108 39 63 39 63 29 52 109667 109 0 0 80291 1 29376 108
255 0 1000 0 0 1000 0 1000 39 63 39 63 30 53 0 0 0 0 0 0 0 0 39 63 39 63 30 53 0 0 0 0 0 0 0 0 39 63 39 63 30 53 0 0 0 0 0 0 0 0 39 63 39 63 30 53 0 0 0 0 0 0 0 0 39 63 39 63 30 53 0 0 0 0 0 0 0 0 39 63 39 63 30 53 0 0 0 0 0 0 0 0
256 0 1000 0 0 1000 0 1000 39 63 39 63 30 53 0 0 0 0 0 0 0 0 39 63 39 63 30 53 0 0 0 0 0 0 0 0 39 63 39 63 30 53 0 0 0 0 0 0 0 0 39 63 39 63 30 53 0 0 0 0 0 0 0 0 39 63 39 63 30 53 0 0 0 0 0 0 0 0 39 63 39 63 30 53 0 0 0 0 0 0 0 0
257 0 1000 0 0 1000 0 1000 39 63 39 63 30 53 167790 2 167790 2 0 0 0 0 39 63 39 63 30 53 167790 2 167790 2 0 0 0 0 39 63 39 63 30 53 167790 2 167790 2 0 0 0 0 39 63 39 63 30 53 167790 2 167790 2 0 0 0 0 39 63 39 63 30 53 167790 2 167790 2 0 0 0 0 39 63 39 63 30 53 167790 2 167790 2 0 0 0 0
258 0 1000 0 0 1000 0 1000 40 64 40 64 30 53 108035 103 0 0 80291 1 27744 102 40 64 40 64 30 53 108035 103 0 0 80291 1 27744 102 40 64 40 64 30 53 108035 103 0 0 80291 1 27744 102 40 64 40 64 30 53 108035 103 0 0 80291 1 27744 102 40 64 40 64 30 53 108035 103 0 0 80291 1 27744 102 40 64 40 64 30 53 108035 103 0 0 80291 1 27744 102
259 0 1000 0 0 1000 0 1000 40 64 40 64 31 54 0 0 0 0 0 0 0 0 40 64 40 64 31 54 0 0 0 0 0 0 0 0 40 64 40 64 31 54 0 0 0 0 0 0 0 0 40 64 40 64 31 54 0 0 0 0 0 0 0 0 40 64 40 64 31 54 0 0 0 0 0 0 0 0 40 64 40 64 31 54 0 0 0 0 0 0 0 0
260 0 1000 0 0 1000 0 1000 40 64 40 64 31 54 0 0 0 0 0 0 0 0 40 64 40 64 31 54 0 0 0 0 0 0 0 0 40 64 40 64 31 54 0 0 0 0 0 0 0 0 40 64 40 64 31 54 0 0 0 0 0 0 0 0 40 64 40 64 31 54 0 0 0 0 0 0 0 0 40 64 40 64 31 54 0 0 0 0 0 0 0 0
261 0 1000 0 0 1000 0 1000 40 64 40 64 31 54 83703 1 83703 1 0 0 0 0 40 64 40 64 31 54 83703 1 83703 1 0 0 0 0 40 64 40 64 31 54 83703 1 83703 1 0 0 0 0 40 64 40 64 31 54 83703 1 83703 1 0 0 0 0 40 64 40 64 31 54 83703 1 83703 1 0 0 0 0 40 64 40 64 31 54 83703 1 83703 1 0 0 0 0
262 0 1000 0 0 1000 0 1000 41 65 41 65 31 54 108579 105 0 0 80291 1 28288 104 41 65 41 65 31 54 108579 105 0 0 80291 1 28288 104 41 65 41 65 31 54 108579 105 0 0 80291 1 28288 104 41 65 41 65 31 54 108579 105 0 0 80291 1 28288 104 41 65 41 65 31 54 108579 105 0 0 80291 1 28288 104 41 65 41 65 31 54 108579 105 0 0 80291 1 28288 104
263 0 1000 0 0 1000 0 1000 41 65 41 65 32 55 0 0 0 0 0 0 0 0 41 65 41 65 32 55 0 0 0 0 0 0 0 0 41 65 41 65 32 55 0 0 0 0 0 0 0 0 41 65 41 65 32 55 0 0 0 0 0 0 0 0 41 65 41 65 32 55 0 0 0 0 0 0 0 0 41 65 41 65 32 55 0 0 0 0 0 0 0 0
264 0 1000 0 0 1000 0 1000 41 65 41 65 32 55 0 0 0 0 0 0 0 0 41 65 41 65 32 55 0 0 0 0 0 0 0 0 41 65 41 65 32 55 0 0 0 0 0 0 0 0 41 65 41 65 32 55 0 0 0 0 0 0 0 0 41 65 41 65 32 55 0 0 0 0 0 0 0 0 41 65 41 65 32 55 0 0 0 0 0 0 0 0
265 0 1000 0 0 1000 0 1000 41 65 41 65 32 55 83767 1 83767 1 0 0 0 0 41 65 41 65 32 55 83767 1 83767 1 0 0 0 0 41 65 41 65 32 55 83767 1 83767 1 0 0 0 0 41 65 41 65 32 55 83767 1 83767 1 0 0 0 0 41 65 41 65 32 55 83767 1 83767 1 0 0 0 0 41 65 41 65 32 55 83767 1 83767 1 0 0 0 0
266 0 1000 0 0 1000 0 1000 42 66 42 66 32 55 107491 101 0 0 80291 1 27200 100 42 66 42 66 32 55 107491 101 0 0 80291 1 27200 100 42 66 42 66 32 55 107491 101 0 0 80291 1 27200 100 42 66 42 66 32 55 107491 101 0 0 80291 1 27200 100 42 66 42 66 32 55 107491 101 0 0 80291 1 27200 100 42 66 42 66 32 55 107491 101 0 0 80291 1 27200 100
267 0 1000 0 0 1000 0 1000 42 66 42 66 33 56 0 0 0 0 0 0 0 0 42 66 42 66 33 56 0 0 0 0 0 0 0 0 42 66 42 66 33 56 0 0 0 0 0 0 0 0 42 66 42 66 33 56 0 0 0 0 0 0 0 0 42 66 42 66 33 56 0 0 0 0 0 0 0 0 42 66 42 66 33 56 0 0 0 0 0 0 0 0
268 0 1000 0 0 1000 0 1000 42 66 42 66 33 56 0 0 0 0 0 0 0 0 42 66 42 66 33 56 0 0 0 0 0 0 0 0 42 66 42 66 33 56 0 0 0 0 0 0 0 0 42 66 42 66 33 56 0 0 0 0 0 0 0 0 42 66 42 66 33 56 0 0 0 0 0 0 0 0 42 66 42 66 33 56 0 0 0 0 0 0 0 0
269 0 1000 0 0 1000 0 1000 42 66 42 66 33 56 83639 1 83639 1 0 0 0 0 42 66 42 66 33 56 83639 1 83639 1 0 0 0 0 42 66 42 66 33 56 83639 1 83639 1 0 0 0 0 42 66 42 66 33 56 83639 1 83639 1 0 0 0 0 42 66 42 66 33 56 83639 1 83639 1 0 0 0 0 42 66 42 66 33 56 83639 1 83639 1 0 0 0 0
270 0 1000 0 0 1000 0 1000 43 67 43 67 33 56 108851 106 0 0 80291 1 28560 105 43 67 43 67 33 56 108851 106 0 0 80291 1 28560 105 43 67 43 67 33 56 108851 106 0 0 80291 1 28560 105 43 67 43 67 33 56 108851 106 0 0 80291 1 28560 105 43 67 43 67 33 56 108851 106 0 0 80291 1 28560 105 43 67 43 67 33 56 108851 106 0 0 80291 1 28560 105
271 0 1000 0 0 1000 0 1000 43 67 43 67 34 57 0 0 0 0 0 0 0 0 43 67 43 67 34 57 0 0 0 0 0 0 0 0 43 67 43 67 34 57 0 0 0 0 0 0 0 0 43 67 43 67 34 57 0 0 0 0 0 0 0 0 43 67 43 67 34 57 0 0 0 0 0 0 0 0 43 67 43 67 34 57 0 0 0 0 0 0 0 0
272 0 1000 0 0 1000 0 1000 43 67 43 67 34 57 0 0 0 0 0 0 0 0 43 67 43 67 34 57 0 0 0 0 0 0 0 0 43 67 43 67 34 57 0 0 0 0 0 0 0 0 43 67 43 67 34 57 0 0 0 0 0 0 0 0 43 67 43 67 34 57 0 0 0 0 0 0 0 0 43 67 43 67 34 57 0 0 0 0 0 0 0 0
273 0 1000 0 0 1000 0 1000 43 67 43 67 34 57 0 0 0 0 0 0 0 0 43 67 43 67 34 57 0 0 0 0 0 0 0 0 43 67 43 67 34 57 0 0 0 0 0 0 0 0 43 67 43 67 34 57 0 0 0 0 0 0 0 0 43 67 43 67 34 57 0 0 0 0 0 0 0 0 43 67 43 67 34 57 0 0 0 0 0 0 0 0
274 0 1000 0 0 1000 0 1000 43 67 43 67 34 57 26384 97 0 0 0 0 26384 97 43 67 43 67 34 57 26384 97 0 0 0 0 26384 97 43 67 43 67 34 57 26384 97 0 0 0 0 26384 97 43 67 43 67 34 57 26384 97 0 0 0 0 26384 97 43 67 43 67 34 57 26384 97 0 0 0 0 26384 97 43 67 43 67 34 57 26384 97 0 0 0 0 26384 97
275 0 1000 0 0 1000 0 1000 43 67 43 67 35 58 0 0 0 0 0 0 0 0 43 67 43 67 35 58 0 0 0 0 0 0 0 0 43 67 43 67 35 58 0 0 0 0 0 0 0 0 43 67 43 67 35 58 0 0 0 0 0 0 0 0 43 67 43 67 35 58 0 0 0 0 0 0 0 0 43 67 43 67 35 58 0 0 0 0 0 0 0 0
276 0 1000 0 0 1000 0 1000 43 67 43 67 35 58 0 0 0 0 0 0 0 0 43 67 43 67 35 58 0 0 0 0 0 0 0 0 43 67 43 67 35 58 0 0 0 0 0 0 0 0 43 67 43 67 35 58 0 0 0 0 0 0 0 0 43 67 43 67 35 58 0 0 0 0 0 0 0 0 43 67 43 67 35 58 0 0 0 0 0 0 0 0
277 0 1000 0 0 1000 0 1000 43 67 43 67 35 58 0 0 0 0 0 0 0 0 43 67 43 67 35 58 0 0 0 0 0 0 0 0 43 67 43 67 35 58 0 0 0 0 0 0 0 0 43 67 43 67 35 58 0 0 0 0 0 0 0 0 43 67 43 67 35 58 0 0 0 0 0 0 0 0 43 67 43 67 35 58 0 0 0 0 0 0 0 0
278 0 1000 0 0 1000 0 1000 43 67 43 67 35 58 26656 98 0 0 0 0 26656 98 43 67 43 67 35 58 26656 98 0 0 0 0 26656 98 43 67 43 67 35 58 26656 98 0 0 0 0 26656 98 43 67 43 67 35 58 26656 98 0 0 0 0 26656 98 43 67 43 67 35 58 26656 98 0 0 0 0 26656 98 43 67 43 67 35 58 26656 98 0 0 0 0 26656 98
279 0 1000 0 0 1000 0 1000 43 67 43 67 36 59 0 0 0 0 0 0 0 0 43 67 43 67 36 59 0 0 0 0 0 0 0 0 43 67 43 67 36 59 0 0 0 0 0 0 0 0 43 67 43 67 36 59 0 0 0 0 0 0 0 0 43 67 43 67 36 59 0 0 0 0 0 0 0 0 43 67 43 67 36 59 0 0 0 0 0 0 0 0
280 0 1000 0 0 1000 0 1000 43 67 43 67 36 59 0 0 0 0 0 0 0 0 43 67 43 67 36 59 0 0 0 0 0 0 0 0 43 67 43 67 36 59 0 0 0 0 0 0 0 0 43 67 43 67 36 59 0 0 0 0 0 0 0 0 43 67 43 67 36 59 0 0 0 0 0 0 0 0 43 67 43 67 36 59 0 0 0 0 0 0 0 0
281 0 1000 0 0 1000 0 1000 43 67 43 67 36 59 0 0 0 0 0 0 0 0 43 67 43 67 36 59 0 0 0 0 0 0 0 0 43 67 43 67 36 59 0 0 0 0 0 0 0 0 43 67 43 67 36 59 0 0 0 0 0 0 0 0 43 67 43 67 36 59 0 0 0 0 0 0 0 0 43 67 43 67 36 59 0 0 0 0 0 0 0 0
282 0 1000 0 0 1000 0 1000 43 67 43 67 36 59 26656 98 0 0 0 0 26656 98 43 67 43 67 36 59 26656 98 0 0 0 0 26656 98 43 67 43 67 36 59 26656 98 0 0 0 0 26656 98 43 67 43 67 36 59 26656 98 0 0 0 0 26656 98 43 67 43 67 36 59 26656 98 0 0 0 0 26656 98 43 67 43 67 36 59 26656 98 0 0 0 0 26656 98
283 0 1000 0 0 1000 0 1000 43 67 43 67 37 60 0 0 0 0 0 0 0 0 43 67 43 67 37 60 0 0 0 0 0 0 0 0 43 67 43 67 37 60 0 0 0 0 0 0 0 0 43 67 43 67 37 60 0 0 0 0 0 0 0 0 43 67 43 67 37 60 0 0 0 0 0 0 0 0 43 67 43 67 37 60 0 0 0 0 0 0 0 0
284 0 1000 0 0 1000 0 1000 43 67 43 67 37 60 0 0 0 0 0 0 0 0 43 67 43 67 37 60 0 0 0 0 0 0 0 0 43 67 43 67 37 60 0 0 0 0 0 0 0 0 43 67 43 67 37 60 0 0 0 0 0 0 0 0 43 67 43 67 37 60 0 0 0 0 0 0 0 0 43 67 43 67 37 60 0 0 0 0 0 0 0 0
285 0 1000 0 0 1000 0 1000 43 67 43 67 37 60 167150 2 167150 2 0 0 0 0 43 67 43 67 37 60 167150 2 167150 2 0 0 0 0 43 67 43 67 37 60 167150 2 167150 2 0 0 0 0 43 67 43 67 37 60 167150 2 167150 2 0 0 0 0 43 67 43 67 37 60 167150 2 167150 2 0 0 0 0 43 67 43 67 37 60 167150 2 167150 2 0 0 0 0
286 0 1000 0 0 1000 0 1000 44 71 44 71 37 60 108579 105 0 0 80291 1 28288 104 44 71 44 71 37 60 108579 105 0 0 80291 1 28288 104 44 71 44 71 37 60 108579 105 0 0 80291 1 28288 104 44 71 44 71 37 60 108579 105 0 0 80291 1 28288 104 44 71 44 71 37 60 108579 105 0 0 80291 1 28288 104 44 71 44 71 37 60 108579 105 0 0 80291 1 28288 104
287 0 1000 0 0 1000 0 1000 44 71 44 71 38 61 0 0 0 0 0 0 0 0 44 71 44 71 38 61 0 0 0 0 0 0 0 0 44 71 44 71 38 61 0 0 0 0 0 0 0 0 44 71 44 71 38 61 0 0 0 0 0 0 0 0 44 71 44 71 38 61 0 0 0 0 0 0 0 0 44 71 44 71 38 61 0 0 0 0 0 0 0 0
288 0 1000 0 0 1000 0 1000 44 71 44 71 38 61 0 0 0 0 0 0 0 0 44 71 44 71 38 61 0 0 0 0 0 0 0 0 44 71 44 71 38 61 0 0 0 0 0 0 0 0 44 71 44 71 38 61 0 0 0 0 0 0 0 0 44 71 44 71 38 61 0 0 0 0 0 0 0 0 44 71 44 71 38 61 0 0 0 0 0 0 0 0
289 0 1000 0 0 1000 0 1000 44 71 44 71 38 61 83767 1 83767 1 0 0 0 0 44 71 44 71 38 61 83767 1 83767 1 0 0 0 0 44 71 44 71 38 61 83767 1 83767 1 0 0 0 0 44 71 44 71 38 61 83767 1 83767 1 0 0 0 0 44 71 44 71 38 61 83767 1 83767 1 0 0 0 0 44 71 44 71 38 61 83767 1 83767 1 0 0 0 0
290 0 1000 0 0 1000 0 1000 45 72 45 72 38 61 106947 99 0 0 80291 1 26656 98 45 72 45 72 38 61 106947 99 0 0 80291 1 26656 98 45 72 45 72 38 61 106947 99 0 0 80291 1 26656 98 45 72 45 72 38 61 106947 99 0 0 80291 1 26656 98 45 72 45 72 38 61 106947 99 0 0 80291 1 26656 98 45 72 45 72 38 61 106947 99 0 0 80291 1 26656 98
291 0 1000 0 0 1000 0 1000 45 72 45 72 38 61 0 0 0 0 0 0 0 0 45 72 45 72 38 61 0 0 0 0 0 0 0 0 45 72 45 72 38 61 0 0 0 0 0 0 0 0 45 72 45 72 38 61 0 0 0 0 0 0 0 0 45 72 45 72 38 61 0 0 0 0 0 0 0 0 45 72 45 72 38 61 0 0 0 0 0 0 0 0
292 0 1000 0 0 1000 0 1000 45 72 45 72 38 61 0 0 0 0 0 0 0 0 45 72 45 72 38 61 0 0 0 0 0 0 0 0 45 72 45 72 38 61 0 0 0 0 0 0 0 0 45 72 45 72 38 61 0 0 0 0 0 0 0 0 45 72 45 72 38 61 0 0 0 0 0 0 0 0 45 72 45 72 38 61 0 0 0 0 0 0 0 0
293 0 1000 0 0 1000 0 1000 45 72 45 72 38 61 0 0 0 0 0 0 0 0 45 72 45 72 38 61 0 0 0 0 0 0 0 0 45 72 45 72 38 61 0 0 0 0 0 0 0 0 45 72 45 72 38 61 0 0 0 0 0 0 0 0 45 72 45 72 38 61 0 0 0 0 0 0 0 0 45 72 45 72 38 61 0 0 0 0 0 0 0 0
294 0 1000 0 0 1000 0 1000 45 72 45 72 38 61 26112 96 0 0 0 0 26112 96 45 72 45 72 38 61 26112 96 0 0 0 0 26112 96 45 72 45 72 38 61 26112 96 0 0 0 0 26112 96 45 72 45 72 38 61 26112 96 0 0 0 0 26112 96 45 72 45 72 38 61 26112 96 0 0 0 0 26112 96 45 72 45 72 38 61 26112 96 0 0 0 0 26112 96
295 0 1000 0 0 1000 0 1000 45 72 45 72 39 63 0 0 0 0 0 0 0 0 45 72 45 72 39 63 0 0 0 0 0 0 0 0 45 72 45 72 39 63 0 0 0 0 0 0 0 0 45 72 45 72 39 63 0 0 0 0 0 0 0 0 45 72 45 72 39 63 0 0 0 0 0 0 0 0 45 72 45 72 39 63 0 0 0 0 0 0 0 0
296 0 1000 0 0 1000 0 1000 45 72 45 72 39 63 0 0 0 0 0 0 0 0 45 72 45 72 39 63 0 0 0 0 0 0 0 0 45 72 45 72 39 63 0 0 0 0 0 0 0 0 45 72 45 72 39 63 0 0 0 0 0 0 0 0 45 72 45 72 39 63 0 0 0 0 0 0 0 0 45 72 45 72 39 63 0 0 0 0 0 0 0 0
297 0 1000 0 0 1000 0 1000 45 72 45 72 39 63 0 0 0 0 0 0 0 0 45 72 45 72 39 63 0 0 0 0 0 0 0 0 45 72 45 72 39 63 0 0 0 0 0 0 0 0 45 72 45 72 39 63 0 0 0 0 0 0 0 0 45 72 45 72 39 63 0 0 0 0 0 0 0 0 45 72 45 72 39 63 0 0 0 0 0 0 0 0
298 0 1000 0 0 1000 0 1000 45 72 45 72 39 63 26384 97 0 0 0 0 26384 97 45 72 45 72 39 63 26384 97 0 0 0 0 26384 97 45 72 45 72 39 63 26384 97 0 0 0 0 26384 97 45 72 45 72 39 63 26384 97 0 0 0 0 26384 97 45 72 45 72 39 63 26384 97 0 0 0 0 26384 97 45 72 45 72 39 63 26384 97 0 0 0 0 26384 97
299 0 1000 0 0 1000 0 1000 45 72 45 72 40 64 0 0 0 0 0 0 0 0 45 72 45 72 40 64 0 0 0 0 0 0 0 0 45 72 45 72 40 64 0 0 0 0 0 0 0 0 45 72 45 72 40 64 0 0 0 0 0 0 0 0 45 72 45 72 40 64 0 0 0 0 0 0 0 0 45 72 45 72 40 64 0 0 0 0 0 0 0 0
300 0 1000 0 0 1000 0 1000 45 72 45 72 40 64 0 0 0 0 0 0 0 0 45 72 45 72 40 64 0 0 0 0 0 0 0 0 45 72 45 72 40 64 0 0 0 0 0 0 0 0 45 72 45 72 40 64 0 0 0 0 0 0 0 0 45 72 45 72 40 64 0 0 0 0 0 0 0 0 45 72 45 72 40 64 0 0 0 0 0 0 0 0
301 0 1000 0 0 1000 0 1000 45 72 45 72 40 64 0 0 0 0 0 0 0 0 45 72 45 72 40 64 0 0 0 0 0 0 0 0 45 72 45 72 40 64 0 0 0 0 0 0 0 0 45 72 45 72 40 64 0 0 0 0 0 0 0 0 45 72 45 72 40 64 0 0 0 0 0 0 0 0 45 72 45 72 40 64 0 0 0 0 0 0 0 0
302 0 1000 0 0 1000 0 1000 45 72 45 72 40 64 28288 104 0 0 0 0 28288 104 45 72 45 72 40 64 28288 104 0 0 0 0 28288 104 45 72 45 72 40 64 28288 104 0 0 0 0 28288 104 45 72 45 72 40 64 28288 104 0 0 0 0 28288 104 45 72 45 72 40 64 28288 104 0 0 0 0 28288 104 45 72 45 72 40 64 28288 104 0 0 0 0 28288 104
303 0 1000 0 0 1000 0 1000 45 72 45 72 41 65 0 0 0 0 0 0 0 0 45 72 45 72 41 65 0 0 0 0 0 0 0 0 45 72 45 72 41 65 0 0 0 0 0 0 0 0 45 72 45 72 41 65 0 0 0 0 0 0 0 0 45 72 45 72 41 65 0 0 0 0 0 0 0 0 45 72 45 72 41 65 0 0 0 0 0 0 0 0
