r n_asleep n_awake n_honest_asleep n_honest_dreamy n_honest_awake n_adversary n_all party0_ledger_best_length party0_ledger_best_age party0_ledger_fast_length party0_ledger_fast_age party0_ledger_slow_length party0_ledger_slow_age party0_comms_all_size party0_comms_all_count party0_comms_proposal_size party0_comms_proposal_count party0_comms_piece_block_size party0_comms_piece_block_count party0_comms_piece_vote_size party0_comms_piece_vote_count party1_ledger_best_length party1_ledger_best_age party1_ledger_fast_length party1_ledger_fast_age party1_ledger_slow_length party1_ledger_slow_age party1_comms_all_size party1_comms_all_count party1_comms_proposal_size party1_comms_proposal_count party1_comms_piece_block_size party1_comms_piece_block_count party1_comms_piece_vote_size party1_comms_piece_vote_count party2_ledger_best_length party2_ledger_best_age party2_ledger_fast_length party2_ledger_fast_age party2_ledger_slow_length party2_ledger_slow_age party2_comms_all_size party2_comms_all_count party2_comms_proposal_size party2_comms_proposal_count party2_comms_piece_block_size party2_comms_piece_block_count party2_comms_piece_vote_size party2_comms_piece_vote_count party3_ledger_best_length party3_ledger_best_age party3_ledger_fast_length party3_ledger_fast_age party3_ledger_slow_length party3_ledger_slow_age party3_comms_all_size party3_comms_all_count party3_comms_proposal_size party3_comms_proposal_count party3_comms_piece_block_size party3_comms_piece_block_count party3_comms_piece_vote_size party3_comms_piece_vote_count party4_ledger_best_length party4_ledger_best_age party4_ledger_fast_length party4_ledger_fast_age party4_ledger_slow_length party4_ledger_slow_age party4_comms_all_size party4_comms_all_count party4_comms_proposal_size party4_comms_proposal_count party4_comms_piece_block_size party4_comms_piece_block_count party4_comms_piece_vote_size party4_comms_piece_vote_count partyALWAYSAWAKE_ledger_best_length partyALWAYSAWAKE_ledger_best_age partyALWAYSAWAKE_ledger_fast_length partyALWAYSAWAKE_ledger_fast_age partyALWAYSAWAKE_ledger_slow_length partyALWAYSAWAKE_ledger_slow_age partyALWAYSAWAKE_comms_all_size partyALWAYSAWAKE_comms_all_count partyALWAYSAWAKE_comms_proposal_size partyALWAYSAWAKE_comms_proposal_count partyALWAYSAWAKE_comms_piece_block_size partyALWAYSAWAKE_comms_piece_block_count partyALWAYSAWAKE_comms_piece_vote_size partyALWAYSAWAKE_comms_piece_vote_count
4 0 1000 0 0 1000 0 1000 0 0 0 0 0 0 0 0 0 0 0 0 0 0 0 0 0 0 0 0 0 0 0 0 0 0 0 0 0 0 0 0 0 0 0 0 0 0 0 0 0 0 0 0 0 0 0 0 0 0 0 0 0 0 0 0 0 0 0 0 0 0 0 0 0 0 0 0 0 0 0 0 0 0 0 0 0 0 0 0 0 0 0 0
5 0 1000 0 0 1000 0 1000 0 0 0 0 0 0 402188 5 402188 5 0 0 0 0 0 0 0 0 0 0 402188 5 402188 5 0 0 0 0 0 0 0 0 0 0 402188 5 402188 5 0 0 0 0 0 0 0 0 0 0 402188 5 402188 5 0 0 0 0 0 0 0 0 0 0 402188 5 402188 5 0 0 0 0 0 0 0 0 0 0 402188 5 402188 5 0 0 0 0
6 0 1000 0 0 1000 0 1000 1 1 1 1 0 0 109122 107 0 0 80290 1 28832 106 1 1 1 1 0 0 109122 107 0 0 80290 1 28832 106 1 1 1 1 0 0 109122 107 0 0 80290 1 28832 106 1 1 1 1 0 0 109122 107 0 0 80290 1 28832 106 1 1 1 1 0 0 109122 107 0 0 80290 1 28832 106 1 1 1 1 0 0 109122 107 0 0 80290 1 28832 106
7 0 1000 0 0 1000 0 1000 1 1 1 1 0 0 0 0 0 0 0 0 0 0 1 1 1 1 0 0 0 0 0 0 0 0 0 0 1 1 1 1 0 0 0 0 0 0 0 0 0 0 1 1 1 1 0 0 0 0 0 0 0 0 0 0 1 1 1 1 0 0 0 0 0 0 0 0 0 0 1 1 1 1 0 0 0 0 0 0 0 0 0 0
8 0 1000 0 0 1000 0 1000 1 1 1 1 0 0 0 0 0 0 0 0 0 0 1 1 1 1 0 0 0 0 0 0 0 0 0 0 1 1 1 1 0 0 0 0 0 0 0 0 0 0 1 1 1 1 0 0 0 0 0 0 0 0 0 0 1 1 1 1 0 0 0 0 0 0 0 0 0 0 1 1 1 1 0 0 0 0 0 0 0 0 0 0
9 0 1000 0 0 1000 0 1000 1 1 1 1 0 0 83830 1 83830 1 0 0 0 0 1 1 1 1 0 0 83830 1 83830 1 0 0 0 0 1 1 1 1 0 0 83830 1 83830 1 0 0 0 0 1 1 1 1 0 0 83830 1 83830 1 0 0 0 0 1 1 1 1 0 0 83830 1 83830 1 0 0 0 0 1 1 1 1 0 0 83830 1 83830 1 0 0 0 0
10 0 1000 0 0 1000 0 1000 2 2 2 2 0 0 108034 103 0 0 80290 1 27744 102 2 2 2 2 0 0 108034 103 0 0 80290 1 27744 102 2 2 2 2 0 0 108034 103 0 0 80290 1 27744 102 2 2 2 2 0 0 108034 103 0 0 80290 1 27744 102 2 2 2 2 0 0 108034 103 0 0 80290 1 27744 102 2 2 2 2 0 0 108034 103 0 0 80290 1 27744 102
11 0 1000 0 0 1000 0 1000 2 2 2 2 0 0 0 0 0 0 0 0 0 0 2 2 2 2 0 0 0 0 0 0 0 0 0 0 2 2 2 2 0 0 0 0 0 0 0 0 0 0 2 2 2 2 0 0 0 0 0 0 0 0 0 0 2 2 2 2 0 0 0 0 0 0 0 0 0 0 2 2 2 2 0 0 0 0 0 0 0 0 0 0
12 0 1000 0 0 1000 0 1000 2 2 2 2 0 0 0 0 0 0 0 0 0 0 2 2 2 2 0 0 0 0 0 0 0 0 0 0 2 2 2 2 0 0 0 0 0 0 0 0 0 0 2 2 2 2 0 0 0 0 0 0 0 0 0 0 2 2 2 2 0 0 0 0 0 0 0 0 0 0 2 2 2 2 0 0 0 0 0 0 0 0 0 0
13 0 1000 0 0 1000 0 1000 2 2 2 2 0 0 167404 2 167404 2 0 0 0 0 2 2 2 2 0 0 167404 2 167404 2 0 0 0 0 2 2 2 2 0 0 167404 2 167404 2 0 0 0 0 2 2 2 2 0 0 167404 2 167404 2 0 0 0 0 2 2 2 2 0 0 167404 2 167404 2 0 0 0 0 2 2 2 2 0 0 167404 2 167404 2 0 0 0 0
14 0 1000 0 0 1000 0 1000 3 3 3 3 0 0 104498 90 0 0 80290 1 24208 89 3 3 3 3 0 0 104498 90 0 0 80290 1 24208 89 3 3 3 3 0 0 104498 90 0 0 80290 1 24208 89 3 3 3 3 0 0 104498 90 0 0 80290 1 24208 89 3 3 3 3 0 0 104498 90 0 0 80290 1 24208 89 3 3 3 3 0 0 104498 90 0 0 80290 1 24208 89
15 0 1000 0 0 1000 0 1000 3 3 3 3 0 0 0 0 0 0 0 0 0 0 3 3 3 3 0 0 0 0 0 0 0 0 0 0 3 3 3 3 0 0 0 0 0 0 0 0 0 0 3 3 3 3 0 0 0 0 0 0 0 0 0 0 3 3 3 3 0 0 0 0 0 0 0 0 0 0 3 3 3 3 0 0 0 0 0 0 0 0 0 0
16 0 1000 0 0 1000 0 1000 3 3 3 3 0 0 0 0 0 0 0 0 0 0 3 3 3 3 0 0 0 0 0 0 0 0 0 0 3 3 3 3 0 0 0 0 0 0 0 0 0 0 3 3 3 3 0 0 0 0 0 0 0 0 0 0 3 3 3 3 0 0 0 0 0 0 0 0 0 0 3 3 3 3 0 0 0 0 0 0 0 0 0 0
17 0 1000 0 0 1000 0 1000 3 3 3 3 0 0 499714 6 499714 6 0 0 0 0 3 3 3 3 0 0 499714 6 499714 6 0 0 0 0 3 3 3 3 0 0 499714 6 499714 6 0 0 0 0 3 3 3 3 0 0 499714 6 499714 6 0 0 0 0 3 3 3 3 0 0 499714 6 499714 6 0 0 0 0 3 3 3 3 0 0 499714 6 499714 6 0 0 0 0
18 0 1000 0 0 1000 0 1000 4 4 4 4 0 0 112658 120 0 0 80290 1 32368 119 4 4 4 4 0 0 112658 120 0 0 80290 1 32368 119 4 4 4 4 0 0 112658 120 0 0 80290 1 32368 119 4 4 4 4 0 0 112658 120 0 0 80290 1 32368 119 4 4 4 4 0 0 112658 120 0 0 80290 1 32368 119 4 4 4 4 0 0 112658 120 0 0 80290 1 32368 119
19 0 1000 0 0 1000 0 1000 4 4 4 4 0 0 0 0 0 0 0 0 0 0 4 4 4 4 0 0 0 0 0 0 0 0 0 0 4 4 4 4 0 0 0 0 0 0 0 0 0 0 4 4 4 4 0 0 0 0 0 0 0 0 0 0 4 4 4 4 0 0 0 0 0 0 0 0 0 0 4 4 4 4 0 0 0 0 0 0 0 0 0 0
20 0 1000 0 0 1000 0 1000 4 4 4 4 0 0 0 0 0 0 0 0 0 0 4 4 4 4 0 0 0 0 0 0 0 0 0 0 4 4 4 4 0 0 0 0 0 0 0 0 0 0 4 4 4 4 0 0 0 0 0 0 0 0 0 0 4 4 4 4 0 0 0 0 0 0 0 0 0 0 4 4 4 4 0 0 0 0 0 0 0 0 0 0
21 0 1000 0 0 1000 0 1000 4 4 4 4 0 0 252738 3 252738 3 0 0 0 0 4 4 4 4 0 0 252738 3 252738 3 0 0 0 0 4 4 4 4 0 0 252738 3 252738 3 0 0 0 0 4 4 4 4 0 0 252738 3 252738 3 0 0 0 0 4 4 4 4 0 0 252738 3 252738 3 0 0 0 0 4 4 4 4 0 0 252738 3 252738 3 0 0 0 0
22 0 1000 0 0 1000 0 1000 5 5 5 5 0 0 103138 85 0 0 80290 1 22848 84 5 5 5 5 0 0 103138 85 0 0 80290 1 22848 84 5 5 5 5 0 0 103138 85 0 0 80290 1 22848 84 5 5 5 5 0 0 103138 85 0 0 80290 1 22848 84 5 5 5 5 0 0 103138 85 0 0 80290 1 22848 84 5 5 5 5 0 0 103138 85 0 0 80290 1 22848 84
23 0 1000 0 0 1000 0 1000 5 5 5 5 0 0 0 0 0 0 0 0 0 0 5 5 5 5 0 0 0 0 0 0 0 0 0 0 5 5 5 5 0 0 0 0 0 0 0 0 0 0 5 5 5 5 0 0 0 0 0 0 0 0 0 0 5 5 5 5 0 0 0 0 0 0 0 0 0 0 5 5 5 5 0 0 0 0 0 0 0 0 0 0
24 0 1000 0 0 1000 0 1000 5 5 5 5 0 0 0 0 0 0 0 0 0 0 5 5 5 5 0 0 0 0 0 0 0 0 0 0 5 5 5 5 0 0 0 0 0 0 0 0 0 0 5 5 5 5 0 0 0 0 0 0 0 0 0 0 5 5 5 5 0 0 0 0 0 0 0 0 0 0 5 5 5 5 0 0 0 0 0 0 0 0 0 0
25 0 1000 0 0 1000 0 1000 5 5 5 5 0 0 249378 3 249378 3 0 0 0 0 5 5 5 5 0 0 249378 3 249378 3 0 0 0 0 5 5 5 5 0 0 249378 3 249378 3 0 0 0 0 5 5 5 5 0 0 249378 3 249378 3 0 0 0 0 5 5 5 5 0 0 249378 3 249378 3 0 0 0 0 5 5 5 5 0 0 249378 3 249378 3 0 0 0 0
26 0 1000 0 0 1000 0 1000 6 6 6 6 0 0 105586 94 0 0 80290 1 25296 93 6 6 6 6 0 0 105586 94 0 0 80290 1 25296 93 6 6 6 6 0 0 105586 94 0 0 80290 1 25296 93 6 6 6 6 0 0 105586 94 0 0 80290 1 25296 93 6 6 6 6 0 0 105586 94 0 0 80290 1 25296 93 6 6 6 6 0 0 105586 94 0 0 80290 1 25296 93
27 0 1000 0 0 1000 0 1000 6 6 6 6 0 0 0 0 0 0 0 0 0 0 6 6 6 6 0 0 0 0 0 0 0 0 0 0 6 6 6 6 0 0 0 0 0 0 0 0 0 0 6 6 6 6 0 0 0 0 0 0 0 0 0 0 6 6 6 6 0 0 0 0 0 0 0 0 0 0 6 6 6 6 0 0 0 0 0 0 0 0 0 0
28 0 1000 0 0 1000 0 1000 6 6 6 6 0 0 0 0 0 0 0 0 0 0 6 6 6 6 0 0 0 0 0 0 0 0 0 0 6 6 6 6 0 0 0 0 0 0 0 0 0 0 6 6 6 6 0 0 0 0 0 0 0 0 0 0 6 6 6 6 0 0 0 0 0 0 0 0 0 0 6 6 6 6 0 0 0 0 0 0 0 0 0 0
29 0 1000 0 0 1000 0 1000 6 6 6 6 0 0 166828 2 166828 2 0 0 0 0 6 6 6 6 0 0 166828 2 166828 2 0 0 0 0 6 6 6 6 0 0 166828 2 166828 2 0 0 0 0 6 6 6 6 0 0 166828 2 166828 2 0 0 0 0 6 6 6 6 0 0 166828 2 166828 2 0 0 0 0 6 6 6 6 0 0 166828 2 166828 2 0 0 0 0
30 0 1000 0 0 1000 0 1000 7 7 7 7 0 0 109938 110 0 0 80290 1 29648 109 7 7 7 7 0 0 109938 110 0 0 80290 1 29648 109 7 7 7 7 0 0 109938 110 0 0 80290 1 29648 109 7 7 7 7 0 0 109938 110 0 0 80290 1 29648 109 7 7 7 7 0 0 109938 110 0 0 80290 1 29648 109 7 7 7 7 0 0 109938 110 0 0 80290 1 29648 109
31 0 1000 0 0 1000 0 1000 7 7 7 7 0 0 0 0 0 0 0 0 0 0 7 7 7 7 0 0 0 0 0 0 0 0 0 0 7 7 7 7 0 0 0 0 0 0 0 0 0 0 7 7 7 7 0 0 0 0 0 0 0 0 0 0 7 7 7 7 0 0 0 0 0 0 0 0 0 0 7 7 7 7 0 0 0 0 0 0 0 0 0 0
32 0 1000 0 0 1000 0 1000 7 7 7 7 0 0 0 0 0 0 0 0 0 0 7 7 7 7 0 0 0 0 0 0 0 0 0 0 7 7 7 7 0 0 0 0 0 0 0 0 0 0 7 7 7 7 0 0 0 0 0 0 0 0 0 0 7 7 7 7 0 0 0 0 0 0 0 0 0 0 7 7 7 7 0 0 0 0 0 0 0 0 0 0
33 0 1000 0 0 1000 0 1000 7 7 7 7 0 0 83926 1 83926 1 0 0 0 0 7 7 7 7 0 0 83926 1 83926 1 0 0 0 0 7 7 7 7 0 0 83926 1 83926 1 0 0 0 0 7 7 7 7 0 0 83926 1 83926 1 0 0 0 0 7 7 7 7 0 0 83926 1 83926 1 0 0 0 0 7 7 7 7 0 0 83926 1 83926 1 0 0 0 0
34 0 1000 0 0 1000 0 1000 8 8 8 8 0 0 102594 83 0 0 80290 1 22304 82 8 8 8 8 0 0 102594 83 0 0 80290 1 22304 82 8 8 8 8 0 0 102594 83 0 0 80290 1 22304 82 8 8 8 8 0 0 102594 83 0 0 80290 1 22304 82 8 8 8 8 0 0 102594 83 0 0 80290 1 22304 82 8 8 8 8 0 0 102594 83 0 0 80290 1 22304 82
35 0 1000 0 0 1000 0 1000 8 8 8 8 0 0 0 0 0 0 0 0 0 0 8 8 8 8 0 0 0 0 0 0 0 0 0 0 8 8 8 8 0 0 0 0 0 0 0 0 0 0 8 8 8 8 0 0 0 0 0 0 0 0 0 0 8 8 8 8 0 0 0 0 0 0 0 0 0 0 8 8 8 8 0 0 0 0 0 0 0 0 0 0
36 0 1000 0 0 1000 0 1000 8 8 8 8 0 0 0 0 0 0 0 0 0 0 8 8 8 8 0 0 0 0 0 0 0 0 0 0 8 8 8 8 0 0 0 0 0 0 0 0 0 0 8 8 8 8 0 0 0 0 0 0 0 0 0 0 8 8 8 8 0 0 0 0 0 0 0 0 0 0 8 8 8 8 0 0 0 0 0 0 0 0 0 0
37 0 1000 0 0 1000 0 1000 8 8 8 8 0 0 249186 3 249186 3 0 0 0 0 8 8 8 8 0 0 249186 3 249186 3 0 0 0 0 8 8 8 8 0 0 249186 3 249186 3 0 0 0 0 8 8 8 8 0 0 249186 3 249186 3 0 0 0 0 8 8 8 8 0 0 249186 3 249186 3 0 0 0 0 8 8 8 8 0 0 249186 3 249186 3 0 0 0 0
38 0 1000 0 0 1000 0 1000 9 9 9 9 0 0 107762 102 0 0 80290 1 27472 101 9 9 9 9 0 0 107762 102 0 0 80290 1 27472 101 9 9 9 9 0 0 107762 102 0 0 80290 1 27472 101 9 9 9 9 0 0 107762 102 0 0 80290 1 27472 101 9 9 9 9 0 0 107762 102 0 0 80290 1 27472 101 9 9 9 9 0 0 107762 102 0 0 80290 1 27472 101
39 0 1000 0 0 1000 0 1000 9 9 9 9 0 0 0 0 0 0 0 0 0 0 9 9 9 9 0 0 0 0 0 0 0 0 0 0 9 9 9 9 0 0 0 0 0 0 0 0 0 0 9 9 9 9 0 0 0 0 0 0 0 0 0 0 9 9 9 9 0 0 0 0 0 0 0 0 0 0 9 9 9 9 0 0 0 0 0 0 0 0 0 0
40 0 1000 0 0 1000 0 1000 9 9 9 9 0 0 0 0 0 0 0 0 0 0 9 9 9 9 0 0 0 0 0 0 0 0 0 0 9 9 9 9 0 0 0 0 0 0 0 0 0 0 9 9 9 9 0 0 0 0 0 0 0 0 0 0 9 9 9 9 0 0 0 0 0 0 0 0 0 0 9 9 9 9 0 0 0 0 0 0 0 0 0 0
41 0 1000 0 0 1000 0 1000 9 9 9 9 0 0 167342 2 167342 2 0 0 0 0 9 9 9 9 0 0 167342 2 167342 2 0 0 0 0 9 9 9 9 0 0 167342 2 167342 2 0 0 0 0 9 9 9 9 0 0 167342 2 167342 2 0 0 0 0 9 9 9 9 0 0 167342 2 167342 2 0 0 0 0 9 9 9 9 0 0 167342 2 167342 2 0 0 0 0
42 0 1000 0 0 1000 0 1000 10 10 10 10 0 0 109395 108 0 0 80291 1 29104 107 10 10 10 10 0 0 109395 108 0 0 80291 1 29104 107 10 10 10 10 0 0 109395 108 0 0 80291 1 29104 107 10 10 10 10 0 0 109395 108 0 0 80291 1 29104 107 10 10 10 10 0 0 109395 108 0 0 80291 1 29104 107 10 10 10 10 0 0 109395 108 0 0 80291 1 29104 107
43 0 1000 0 0 1000 0 1000 10 10 10 10 0 0 0 0 0 0 0 0 0 0 10 10 10 10 0 0 0 0 0 0 0 0 0 0 10 10 10 10 0 0 0 0 0 0 0 0 0 0 10 10 10 10 0 0 0 0 0 0 0 0 0 0 10 10 10 10 0 0 0 0 0 0 0 0 0 0 10 10 10 10 0 0 0 0 0 0 0 0 0 0
44 0 1000 0 0 1000 0 1000 10 10 10 10 0 0 0 0 0 0 0 0 0 0 10 10 10 10 0 0 0 0 0 0 0 0 0 0 10 10 10 10 0 0 0 0 0 0 0 0 0 0 10 10 10 10 0 0 0 0 0 0 0 0 0 0 10 10 10 10 0 0 0 0 0 0 0 0 0 0 10 10 10 10 0 0 0 0 0 0 0 0 0 0
45 0 1000 0 0 1000 0 1000 10 10 10 10 0 0 419315 5 419315 5 0 0 0 0 10 10 10 10 0 0 419315 5 419315 5 0 0 0 0 10 10 10 10 0 0 419315 5 419315 5 0 0 0 0 10 10 10 10 0 0 419315 5 419315 5 0 0 0 0 10 10 10 10 0 0 419315 5 419315 5 0 0 0 0 10 10 10 10 0 0 419315 5 419315 5 0 0 0 0
46 0 1000 0 0 1000 0 1000 11 11 11 11 0 0 106675 98 0 0 80291 1 26384 97 11 11 11 11 0 0 106675 98 0 0 80291 1 26384 97 11 11 11 11 0 0 106675 98 0 0 80291 1 26384 97 11 11 11 11 0 0 106675 98 0 0 80291 1 26384 97 11 11 11 11 0 0 106675 98 0 0 80291 1 26384 97 11 11 11 11 0 0 106675 98 0 0 80291 1 26384 97
47 0 1000 0 0 1000 0 1000 11 11 11 11 1 1 0 0 0 0 0 0 0 0 11 11 11 11 1 1 0 0 0 0 0 0 0 0 11 11 11 11 1 1 0 0 0 0 0 0 0 0 11 11 11 11 1 1 0 0 0 0 0 0 0 0 11 11 11 11 1 1 0 0 0 0 0 0 0 0 11 11 11 11 1 1 0 0 0 0 0 0 0 0
48 0 1000 0 0 1000 0 1000 11 11 11 11 1 1 0 0 0 0 0 0 0 0 11 11 11 11 1 1 0 0 0 0 0 0 0 0 11 11 11 11 1 1 0 0 0 0 0 0 0 0 11 11 11 11 1 1 0 0 0 0 0 0 0 0 11 11 11 11 1 1 0 0 0 0 0 0 0 0 11 11 11 11 1 1 0 0 0 0 0 0 0 0
49 0 1000 0 0 1000 0 1000 11 11 11 11 1 1 334172 4 334172 4 0 0 0 0 11 11 11 11 1 1 334172 4 334172 4 0 0 0 0 11 11 11 11 1 1 334172 4 334172 4 0 0 0 0 11 11 11 11 1 1 334172 4 334172 4 0 0 0 0 11 11 11 11 1 1 334172 4 334172 4 0 0 0 0 11 11 11 11 1 1 334172 4 334172 4 0 0 0 0
50 0 1000 0 0 1000 0 1000 12 12 12 12 1 1 105587 94 0 0 80291 1 25296 93 12 12 12 12 1 1 105587 94 0 0 80291 1 25296 93 12 12 12 12 1 1 105587 94 0 0 80291 1 25296 93 12 12 12 12 1 1 105587 94 0 0 80291 1 25296 93 12 12 12 12 1 1 105587 94 0 0 80291 1 25296 93 12 12 12 12 1 1 105587 94 0 0 80291 1 25296 93
51 0 1000 0 0 1000 0 1000 12 12 12 12 2 2 0 0 0 0 0 0 0 0 12 12 12 12 2 2 0 0 0 0 0 0 0 0 12 12 12 12 2 2 0 0 0 0 0 0 0 0 12 12 12 12 2 2 0 0 0 0 0 0 0 0 12 12 12 12 2 2 0 0 0 0 0 0 0 0 12 12 12 12 2 2 0 0 0 0 0 0 0 0
52 0 1000 0 0 1000 0 1000 12 12 12 12 2 2 0 0 0 0 0 0 0 0 12 12 12 12 2 2 0 0 0 0 0 0 0 0 12 12 12 12 2 2 0 0 0 0 0 0 0 0 12 12 12 12 2 2 0 0 0 0 0 0 0 0 12 12 12 12 2 2 0 0 0 0 0 0 0 0 12 12 12 12 2 2 0 0 0 0 0 0 0 0
53 0 1000 0 0 1000 0 1000 12 12 12 12 2 2 417075 5 417075 5 0 0 0 0 12 12 12 12 2 2 417075 5 417075 5 0 0 0 0 12 12 12 12 2 2 417075 5 417075 5 0 0 0 0 12 12 12 12 2 2 417075 5 417075 5 0 0 0 0 12 12 12 12 2 2 417075 5 417075 5 0 0 0 0 12 12 12 12 2 2 417075 5 417075 5 0 0 0 0
54 0 1000 0 0 1000 0 1000 13 13 13 13 2 2 103955 88 0 0 80291 1 23664 87 13 13 13 13 2 2 103955 88 0 0 80291 1 23664 87 13 13 13 13 2 2 103955 88 0 0 80291 1 23664 87 13 13 13 13 2 2 103955 88 0 0 80291 1 23664 87 13 13 13 13 2 2 103955 88 0 0 80291 1 23664 87 13 13 13 13 2 2 103955 88 0 0 80291 1 23664 87
55 0 1000 0 0 1000 0 1000 13 13 13 13 3 3 0 0 0 0 0 0 0 0 13 13 13 13 3 3 0 0 0 0 0 0 0 0 13 13 13 13 3 3 0 0 0 0 0 0 0 0 13 13 13 13 3 3 0 0 0 0 0 0 0 0 13 13 13 13 3 3 0 0 0 0 0 0 0 0 13 13 13 13 3 3 0 0 0 0 0 0 0 0
56 0 1000 0 0 1000 0 1000 13 13 13 13 3 3 0 0 0 0 0 0 0 0 13 13 13 13 3 3 0 0 0 0 0 0 0 0 13 13 13 13 3 3 0 0 0 0 0 0 0 0 13 13 13 13 3 3 0 0 0 0 0 0 0 0 13 13 13 13 3 3 0 0 0 0 0 0 0 0 13 13 13 13 3 3 0 0 0 0 0 0 0 0
57 0 1000 0 0 1000 0 1000 13 13 13 13 3 3 166446 2 166446 2 0 0 0 0 13 13 13 13 3 3 166446 2 166446 2 0 0 0 0 13 13 13 13 3 3 166446 2 166446 2 0 0 0 0 13 13 13 13 3 3 166446 2 166446 2 0 0 0 0 13 13 13 13 3 3 166446 2 166446 2 0 0 0 0 13 13 13 13 3 3 166446 2 166446 2 0 0 0 0
58 0 1000 0 0 1000 0 1000 14 14 14 14 3 3 111299 115 0 0 80291 1 31008 114 14 14 14 14 3 3 111299 115 0 0 80291 1 31008 114 14 14 14 14 3 3 111299 115 0 0 80291 1 31008 114 14 14 14 14 3 3 111299 115 0 0 80291 1 31008 114 14 14 14 14 3 3 111299 115 0 0 80291 1 31008 114 14 14 14 14 3 3 111299 115 0 0 80291 1 31008 114
59 0 1000 0 0 1000 0 1000 14 14 14 14 4 4 0 0 0 0 0 0 0 0 14 14 14 14 4 4 0 0 0 0 0 0 0 0 14 14 14 14 4 4 0 0 0 0 0 0 0 0 14 14 14 14 4 4 0 0 0 0 0 0 0 0 14 14 14 14 4 4 0 0 0 0 0 0 0 0 14 14 14 14 4 4 0 0 0 0 0 0 0 0
60 0 1000 0 0 1000 0 1000 14 14 14 14 4 4 0 0 0 0 0 0 0 0 14 14 14 14 4 4 0 0 0 0 0 0 0 0 14 14 14 14 4 4 0 0 0 0 0 0 0 0 14 14 14 14 4 4 0 0 0 0 0 0 0 0 14 14 14 14 4 4 0 0 0 0 0 0 0 0 14 14 14 14 4 4 0 0 0 0 0 0 0 0
61 0 1000 0 0 1000 0 1000 14 14 14 14 4 4 252260 3 252260 3 0 0 0 0 14 14 14 14 4 4 252260 3 252260 3 0 0 0 0 14 14 14 14 4 4 252260 3 252260 3 0 0 0 0 14 14 14 14 4 4 252260 3 252260 3 0 0 0 0 14 14 14 14 4 4 252260 3 252260 3 0 0 0 0 14 14 14 14 4 4 252260 3 252260 3 0 0 0 0
62 0 1000 0 0 1000 0 1000 15 15 15 15 4 4 108307 104 0 0 80291 1 28016 103 15 15 15 15 4 4 108307 104 0 0 80291 1 28016 103 15 15 15 15 4 4 108307 104 0 0 80291 1 28016 103 15 15 15 15 4 4 108307 104 0 0 80291 1 28016 103 15 15 15 15 4 4 108307 104 0 0 80291 1 28016 103 15 15 15 15 4 4 108307 104 0 0 80291 1 28016 103
63 0 1000 0 0 1000 0 1000 15 15 15 15 5 5 0 0 0 0 0 0 0 0 15 15 15 15 5 5 0 0 0 0 0 0 0 0 15 15 15 15 5 5 0 0 0 0 0 0 0 0 15 15 15 15 5 5 0 0 0 0 0 0 0 0 15 15 15 15 5 5 0 0 0 0 0 0 0 0 15 15 15 15 5 5 0 0 0 0 0 0 0 0
64 0 1000 0 0 1000 0 1000 15 15 15 15 5 5 0 0 0 0 0 0 0 0 15 15 15 15 5 5 0 0 0 0 0 0 0 0 15 15 15 15 5 5 0 0 0 0 0 0 0 0 15 15 15 15 5 5 0 0 0 0 0 0 0 0 15 15 15 15 5 5 0 0 0 0 0 0 0 0 15 15 15 15 5 5 0 0 0 0 0 0 0 0
65 0 1000 0 0 1000 0 1000 15 15 15 15 5 5 167470 2 167470 2 0 0 0 0 15 15 15 15 5 5 167470 2 167470 2 0 0 0 0 15 15 15 15 5 5 167470 2 167470 2 0 0 0 0 15 15 15 15 5 5 167470 2 167470 2 0 0 0 0 15 15 15 15 5 5 167470 2 167470 2 0 0 0 0 15 15 15 15 5 5 167470 2 167470 2 0 0 0 0
66 0 1000 0 0 1000 0 1000 16 16 16 16 5 5 108851 106 0 0 80291 1 28560 105 16 16 16 16 5 5 108851 106 0 0 80291 1 28560 105 16 16 16 16 5 5 108851 106 0 0 80291 1 28560 105 16 16 16 16 5 5 108851 106 0 0 80291 1 28560 105 16 16 16 16 5 5 108851 106 0 0 80291 1 28560 105 16 16 16 16 5 5 108851 106 0 0 80291 1 28560 105
67 0 1000 0 0 1000 0 1000 16 16 16 16 6 6 0 0 0 0 0 0 0 0 16 16 16 16 6 6 0 0 0 0 0 0 0 0 16 16 16 16 6 6 0 0 0 0 0 0 0 0 16 16 16 16 6 6 0 0 0 0 0 0 0 0 16 16 16 16 6 6 0 0 0 0 0 0 0 0 16 16 16 16 6 6 0 0 0 0 0 0 0 0
68 0 1000 0 0 1000 0 1000 16 16 16 16 6 6 0 0 0 0 0 0 0 0 16 16 16 16 6 6 0 0 0 0 0 0 0 0 16 16 16 16 6 6 0 0 0 0 0 0 0 0 16 16 16 16 6 6 0 0 0 0 0 0 0 0 16 16 16 16 6 6 0 0 0 0 0 0 0 0 16 16 16 16 6 6 0 0 0 0 0 0 0 0
69 0 1000 0 0 1000 0 1000 16 16 16 16 6 6 167598 2 167598 2 0 0 0 0 16 16 16 16 6 6 167598 2 167598 2 0 0 0 0 16 16 16 16 6 6 167598 2 167598 2 0 0 0 0 16 16 16 16 6 6 167598 2 167598 2 0 0 0 0 16 16 16 16 6 6 167598 2 167598 2 0 0 0 0 16 16 16 16 6 6 167598 2 167598 2 0 0 0 0
70 0 1000 0 0 1000 0 1000 17 17 17 17 6 6 111299 115 0 0 80291 1 31008 114 17 17 17 17 6 6 111299 115 0 0 80291 1 31008 114 17 17 17 17 6 6 111299 115 0 0 80291 1 31008 114 17 17 17 17 6 6 111299 115 0 0 80291 1 31008 114 17 17 17 17 6 6 111299 115 0 0 80291 1 31008 114 17 17 17 17 6 6 111299 115 0 0 80291 1 31008 114
71 0 1000 0 0 1000 0 1000 17 17 17 17 7 7 0 0 0 0 0 0 0 0 17 17 17 17 7 7 0 0 0 0 0 0 0 0 17 17 17 17 7 7 0 0 0 0 0 0 0 0 17 17 17 17 7 7 0 0 0 0 0 0 0 0 17 17 17 17 7 7 0 0 0 0 0 0 0 0 17 17 17 17 7 7 0 0 0 0 0 0 0 0
72 0 1000 0 0 1000 0 1000 17 17 17 17 7 7 0 0 0 0 0 0 0 0 17 17 17 17 7 7 0 0 0 0 0 0 0 0 17 17 17 17 7 7 0 0 0 0 0 0 0 0 17 17 17 17 7 7 0 0 0 0 0 0 0 0 17 17 17 17 7 7 0 0 0 0 0 0 0 0 17 17 17 17 7 7 0 0 0 0 0 0 0 0
73 0 1000 0 0 1000 0 1000 17 17 17 17 7 7 84087 1 84087 1 0 0 0 0 17 17 17 17 7 7 84087 1 84087 1 0 0 0 0 17 17 17 17 7 7 84087 1 84087 1 0 0 0 0 17 17 17 17 7 7 84087 1 84087 1 0 0 0 0 17 17 17 17 7 7 84087 1 84087 1 0 0 0 0 17 17 17 17 7 7 84087 1 84087 1 0 0 0 0
74 0 1000 0 0 1000 0 1000 18 18 18 18 7 7 106947 99 0 0 80291 1 26656 98 18 18 18 18 7 7 106947 99 0 0 80291 1 26656 98 18 18 18 18 7 7 106947 99 0 0 80291 1 26656 98 18 18 18 18 7 7 106947 99 0 0 80291 1 26656 98 18 18 18 18 7 7 106947 99 0 0 80291 1 26656 98 18 18 18 18 7 7 106947 99 0 0 80291 1 26656 98
75 0 1000 0 0 1000 0 1000 18 18 18 18 8 8 0 0 0 0 0 0 0 0 18 18 18 18 8 8 0 0 0 0 0 0 0 0 18 18 18 18 8 8 0 0 0 0 0 0 0 0 18 18 18 18 8 8 0 0 0 0 0 0 0 0 18 18 18 18 8 8 0 0 0 0 0 0 0 0 18 18 18 18 8 8 0 0 0 0 0 0 0 0
76 0 1000 0 0 1000 0 1000 18 18 18 18 8 8 0 0 0 0 0 0 0 0 18 18 18 18 8 8 0 0 0 0 0 0 0 0 18 18 18 18 8 8 0 0 0 0 0 0 0 0 18 18 18 18 8 8 0 0 0 0 0 0 0 0 18 18 18 18 8 8 0 0 0 0 0 0 0 0 18 18 18 18 8 8 0 0 0 0 0 0 0 0
77 0 1000 0 0 1000 0 1000 18 18 18 18 8 8 334300 4 334300 4 0 0 0 0 18 18 18 18 8 8 334300 4 334300 4 0 0 0 0 18 18 18 18 8 8 334300 4 334300 4 0 0 0 0 18 18 18 18 8 8 334300 4 334300 4 0 0 0 0 18 18 18 18 8 8 334300 4 334300 4 0 0 0 0 18 18 18 18 8 8 334300 4 334300 4 0 0 0 0
78 0 1000 0 0 1000 0 1000 19 19 19 19 8 8 110755 113 0 0 80291 1 30464 112 19 19 19 19 8 8 110755 113 0 0 80291 1 30464 112 19 19 19 19 8 8 110755 113 0 0 80291 1 30464 112 19 19 19 19 8 8 110755 113 0 0 80291 1 30464 112 19 19 19 19 8 8 110755 113 0 0 80291 1 30464 112 19 19 19 19 8 8 110755 113 0 0 80291 1 30464 112
79 0 1000 0 0 1000 0 1000 19 19 19 19 9 9 0 0 0 0 0 0 0 0 19 19 19 19 9 9 0 0 0 0 0 0 0 0 19 19 19 19 9 9 0 0 0 0 0 0 0 0 19 19 19 19 9 9 0 0 0 0 0 0 0 0 19 19 19 19 9 9 0 0 0 0 0 0 0 0 19 19 19 19 9 9 0 0 0 0 0 0 0 0
80 0 1000 0 0 1000 0 1000 19 19 19 19 9 9 0 0 0 0 0 0 0 0 19 19 19 19 9 9 0 0 0 0 0 0 0 0 19 19 19 19 9 9 0 0 0 0 0 0 0 0 19 19 19 19 9 9 0 0 0 0 0 0 0 0 19 19 19 19 9 9 0 0 0 0 0 0 0 0 19 19 19 19 9 9 0 0 0 0 0 0 0 0
81 0 1000 0 0 1000 0 1000 19 19 19 19 9 9 252069 3 252069 3 0 0 0 0 19 19 19 19 9 9 252069 3 252069 3 0 0 0 0 19 19 19 19 9 9 252069 3 252069 3 0 0 0 0 19 19 19 19 9 9 252069 3 252069 3 0 0 0 0 19 19 19 19 9 9 252069 3 252069 3 0 0 0 0 19 19 19 19 9 9 252069 3 252069 3 0 0 0 0
82 0 1000 0 0 1000 0 1000 20 20 20 20 9 9 106403 97 0 0 80291 1 26112 96 20 20 20 20 9 9 106403 97 0 0 80291 1 26112 96 20 20 20 20 9 9 106403 97 0 0 80291 1 26112 96 20 20 20 20 9 9 106403 97 0 0 80291 1 26112 96 20 20 20 20 9 9 106403 97 0 0 80291 1 26112 96 20 20 20 20 9 9 106403 97 0 0 80291 1 26112 96
83 0 1000 0 0 1000 0 1000 20 20 20 20 10 10 0 0 0 0 0 0 0 0 20 20 20 20 10 10 0 0 0 0 0 0 0 0 20 20 20 20 10 10 0 0 0 0 0 0 0 0 20 20 20 20 10 10 0 0 0 0 0 0 0 0 20 20 20 20 10 10 0 0 0 0 0 0 0 0 20 20 20 20 10 10 0 0 0 0 0 0 0 0
84 0 1000 0 0 1000 0 1000 20 20 20 20 10 10 0 0 0 0 0 0 0 0 20 20 20 20 10 10 0 0 0 0 0 0 0 0 20 20 20 20 10 10 0 0 0 0 0 0 0 0 20 20 20 20 10 10 0 0 0 0 0 0 0 0 20 20 20 20 10 10 0 0 0 0 0 0 0 0 20 20 20 20 10 10 0 0 0 0 0 0 0 0
85 0 1000 0 0 1000 0 1000 20 20 20 20 10 10 83511 1 83511 1 0 0 0 0 20 20 20 20 10 10 83511 1 83511 1 0 0 0 0 20 20 20 20 10 10 83511 1 83511 1 0 0 0 0 20 20 20 20 10 10 83511 1 83511 1 0 0 0 0 20 20 20 20 10 10 83511 1 83511 1 0 0 0 0 20 20 20 20 10 10 83511 1 83511 1 0 0 0 0
86 0 1000 0 0 1000 0 1000 21 21 21 21 10 10 106403 97 0 0 80291 1 26112 96 21 21 21 21 10 10 106403 97 0 0 80291 1 26112 96 21 21 21 21 10 10 106403 97 0 0 80291 1 26112 96 21 21 21 21 10 10 106403 97 0 0 80291 1 26112 96 21 21 21 21 10 10 106403 97 0 0 80291 1 26112 96 21 21 21 21 10 10 106403 97 0 0 80291 1 26112 96
87 0 1000 0 0 1000 0 1000 21 21 21 21 11 11 0 0 0 0 0 0 0 0 21 21 21 21 11 11 0 0 0 0 0 0 0 0 21 21 21 21 11 11 0 0 0 0 0 0 0 0 21 21 21 21 11 11 0 0 0 0 0 0 0 0 21 21 21 21 11 11 0 0 0 0 0 0 0 0 21 21 21 21 11 11 0 0 0 0 0 0 0 0
88 0 1000 0 0 1000 0 1000 21 21 21 21 11 11 0 0 0 0 0 0 0 0 21 21 21 21 11 11 0 0 0 0 0 0 0 0 21 21 21 21 11 11 0 0 0 0 0 0 0 0 21 21 21 21 11 11 0 0 0 0 0 0 0 0 21 21 21 21 11 11 0 0 0 0 0 0 0 0 21 21 21 21 11 11 0 0 0 0 0 0 0 0
89 0 1000 0 0 1000 0 1000 21 21 21 21 11 11 167022 2 167022 2 0 0 0 0 21 21 21 21 11 11 167022 2 167022 2 0 0 0 0 21 21 21 21 11 11 167022 2 167022 2 0 0 0 0 21 21 21 21 11 11 167022 2 167022 2 0 0 0 0 21 21 21 21 11 11 167022 2 167022 2 0 0 0 0 21 21 21 21 11 11 167022 2 167022 2 0 0 0 0
90 0 1000 0 0 1000 0 1000 22 22 22 22 11 11 103411 86 0 0 80291 1 23120 85 22 22 22 22 11 11 103411 86 0 0 80291 1 23120 85 22 22 22 22 11 11 103411 86 0 0 80291 1 23120 85 22 22 22 22 11 11 103411 86 0 0 80291 1 23120 85 22 22 22 22 11 11 103411 86 0 0 80291 1 23120 85 22 22 22 22 11 11 103411 86 0 0 80291 1 23120 85
91 0 1000 0 0 1000 0 1000 22 22 22 22 12 12 0 0 0 0 0 0 0 0 22 22 22 22 12 12 0 0 0 0 0 0 0 0 22 22 22 22 12 12 0 0 0 0 0 0 0 0 22 22 22 22 12 12 0 0 0 0 0 0 0 0 22 22 22 22 12 12 0 0 0 0 0 0 0 0 22 22 22 22 12 12 0 0 0 0 0 0 0 0
92 0 1000 0 0 1000 0 1000 22 22 22 22 12 12 0 0 0 0 0 0 0 0 22 22 22 22 12 12 0 0 0 0 0 0 0 0 22 22 22 22 12 12 0 0 0 0 0 0 0 0 22 22 22 22 12 12 0 0 0 0 0 0 0 0 22 22 22 22 12 12 0 0 0 0 0 0 0 0 22 22 22 22 12 12 0 0 0 0 0 0 0 0
93 0 1000 0 0 1000 0 1000 22 22 22 22 12 12 166317 2 166317 2 0 0 0 0 22 22 22 22 12 12 166317 2 166317 2 0 0 0 0 22 22 22 22 12 12 166317 2 166317 2 0 0 0 0 22 22 22 22 12 12 166317 2 166317 2 0 0 0 0 22 22 22 22 12 12 166317 2 166317 2 0 0 0 0 22 22 22 22 12 12 166317 2 166317 2 0 0 0 0
94 0 1000 0 0 1000 0 1000 23 23 23 23 12 12 106402 97 0 0 80290 1 26112 96 23 23 23 23 12 12 106402 97 0 0 80290 1 26112 96 23 23 23 23 12 12 106402 97 0 0 80290 1 26112 96 23 23 23 23 12 12 106402 97 0 0 80290 1 26112 96 23 23 23 23 12 12 106402 97 0 0 80290 1 26112 96 23 23 23 23 12 12 106402 97 0 0 80290 1 26112 96
95 0 1000 0 0 1000 0 1000 23 23 23 23 13 13 0 0 0 0 0 0 0 0 23 23 23 23 13 13 0 0 0 0 0 0 0 0 23 23 23 23 13 13 0 0 0 0 0 0 0 0 23 23 23 23 13 13 0 0 0 0 0 0 0 0 23 23 23 23 13 13 0 0 0 0 0 0 0 0 23 23 23 23 13 13 0 0 0 0 0 0 0 0
96 0 1000 0 0 1000 0 1000 23 23 23 23 13 13 0 0 0 0 0 0 0 0 23 23 23 23 13 13 0 0 0 0 0 0 0 0 23 23 23 23 13 13 0 0 0 0 0 0 0 0 23 23 23 23 13 13 0 0 0 0 0 0 0 0 23 23 23 23 13 13 0 0 0 0 0 0 0 0 23 23 23 23 13 13 0 0 0 0 0 0 0 0
97 0 1000 0 0 1000 0 1000 23 23 23 23 13 13 167021 2 167021 2 0 0 0 0 23 23 23 23 13 13 167021 2 167021 2 0 0 0 0 23 23 23 23 13 13 167021 2 167021 2 0 0 0 0 23 23 23 23 13 13 167021 2 167021 2 0 0 0 0 23 23 23 23 13 13 167021 2 167021 2 0 0 0 0 23 23 23 23 13 13 167021 2 167021 2 0 0 0 0
98 0 1000 0 0 1000 0 1000 24 24 24 24 13 13 106131 96 0 0 80291 1 25840 95 24 24 24 24 13 13 106131 96 0 0 80291 1 25840 95 24 24 24 24 13 13 106131 96 0 0 80291 1 25840 95 24 24 24 24 13 13 106131 96 0 0 80291 1 25840 95 24 24 24 24 13 13 106131 96 0 0 80291 1 25840 95 24 24 24 24 13 13 106131 96 0 0 80291 1 25840 95
99 0 1000 0 0 1000 0 1000 24 24 24 24 14 14 0 0 0 0 0 0 0 0 24 24 24 24 14 14 0 0 0 0 0 0 0 0 24 24 24 24 14 14 0 0 0 0 0 0 0 0 24 24 24 24 14 14 0 0 0 0 0 0 0 0 24 24 24 24 14 14 0 0 0 0 0 0 0 0 24 24 24 24 14 14 0 0 0 0 0 0 0 0
100 0 1000 0 0 1000 0 1000 24 24 24 24 14 14 0 0 0 0 0 0 0 0 24 24 24 24 14 14 0 0 0 0 0 0 0 0 24 24 24 24 14 14 0 0 0 0 0 0 0 0 24 24 24 24 14 14 0 0 0 0 0 0 0 0 24 24 24 24 14 14 0 0 0 0 0 0 0 0 24 24 24 24 14 14 0 0 0 0 0 0 0 0
101 0 1000 0 0 1000 0 1000 24 24 24 24 14 14 83479 1 83479 1 0 0 0 0 24 24 24 24 14 14 83479 1 83479 1 0 0 0 0 24 24 24 24 14 14 83479 1 83479 1 0 0 0 0 24 24 24 24 14 14 83479 1 83479 1 0 0 0 0 24 24 24 24 14 14 83479 1 83479 1 0 0 0 0 24 24 24 24 14 14 83479 1 83479 1 0 0 0 0
102 0 1000 0 0 1000 0 1000 25 25 25 25 14 14 112931 121 0 0 80291 1 32640 120 25 25 25 25 14 14 112931 121 0 0 80291 1 32640 120 25 25 25 25 14 14 112931 121 0 0 80291 1 32640 120 25 25 25 25 14 14 112931 121 0 0 80291 1 32640 120 25 25 25 25 14 14 112931 121 0 0 80291 1 32640 120 25 25 25 25 14 14 112931 121 0 0 80291 1 32640 120
103 0 1000 0 0 1000 0 1000 25 25 25 25 15 15 0 0 0 0 0 0 0 0 25 25 25 25 15 15 0 0 0 0 0 0 0 0 25 25 25 25 15 15 0 0 0 0 0 0 0 0 25 25 25 25 15 15 0 0 0 0 0 0 0 0 25 25 25 25 15 15 0 0 0 0 0 0 0 0 25 25 25 25 15 15 0 0 0 0 0 0 0 0
104 0 1000 0 0 1000 0 1000 25 25 25 25 15 15 0 0 0 0 0 0 0 0 25 25 25 25 15 15 0 0 0 0 0 0 0 0 25 25 25 25 15 15 0 0 0 0 0 0 0 0 25 25 25 25 15 15 0 0 0 0 0 0 0 0 25 25 25 25 15 15 0 0 0 0 0 0 0 0 25 25 25 25 15 15 0 0 0 0 0 0 0 0
105 0 1000 0 0 1000 0 1000 25 25 25 25 15 15 337116 4 337116 4 0 0 0 0 25 25 25 25 15 15 337116 4 337116 4 0 0 0 0 25 25 25 25 15 15 337116 4 337116 4 0 0 0 0 25 25 25 25 15 15 337116 4 337116 4 0 0 0 0 25 25 25 25 15 15 337116 4 337116 4 0 0 0 0 25 25 25 25 15 15 337116 4 337116 4 0 0 0 0
106 0 1000 0 0 1000 0 1000 26 26 26 26 15 15 106403 97 0 0 80291 1 26112 96 26 26 26 26 15 15 106403 97 0 0 80291 1 26112 96 26 26 26 26 15 15 106403 97 0 0 80291 1 26112 96 26 26 26 26 15 15 106403 97 0 0 80291 1 26112 96 26 26 26 26 15 15 106403 97 0 0 80291 1 26112 96 26 26 26 26 15 15 106403 97 0 0 80291 1 26112 96
107 0 1000 0 0 1000 0 1000 26 26 26 26 16 16 0 0 0 0 0 0 0 0 26 26 26 26 16 16 0 0 0 0 0 0 0 0 26 26 26 26 16 16 0 0 0 0 0 0 0 0 26 26 26 26 16 16 0 0 0 0 0 0 0 0 26 26 26 26 16 16 0 0 0 0 0 0 0 0 26 26 26 26 16 16 0 0 0 0 0 0 0 0
108 0 1000 0 0 1000 0 1000 26 26 26 26 16 16 0 0 0 0 0 0 0 0 26 26 26 26 16 16 0 0 0 0 0 0 0 0 26 26 26 26 16 16 0 0 0 0 0 0 0 0 26 26 26 26 16 16 0 0 0 0 0 0 0 0 26 26 26 26 16 16 0 0 0 0 0 0 0 0 26 26 26 26 16 16 0 0 0 0 0 0 0 0
109 0 1000 0 0 1000 0 1000 26 26 26 26 16 16 83511 1 83511 1 0 0 0 0 26 26 26 26 16 16 83511 1 83511 1 0 0 0 0 26 26 26 26 16 16 83511 1 83511 1 0 0 0 0 26 26 26 26 16 16 83511 1 83511 1 0 0 0 0 26 26 26 26 16 16 83511 1 83511 1 0 0 0 0 26 26 26 26 16 16 83511 1 83511 1 0 0 0 0
110 0 1000 0 0 1000 0 1000 27 27 27 27 16 16 104771 91 0 0 80291 1 24480 90 27 27 27 27 16 16 104771 91 0 0 80291 1 24480 90 27 27 27 27 16 16 104771 91 0 0 80291 1 24480 90 27 27 27 27 16 16 104771 91 0 0 80291 1 24480 90 27 27 27 27 16 16 104771 91 0 0 80291 1 24480 90 27 27 27 27 16 16 104771 91 0 0 80291 1 24480 90
111 0 1000 0 0 1000 0 1000 27 27 27 27 17 17 0 0 0 0 0 0 0 0 27 27 27 27 17 17 0 0 0 0 0 0 0 0 27 27 27 27 17 17 0 0 0 0 0 0 0 0 27 27 27 27 17 17 0 0 0 0 0 0 0 0 27 27 27 27 17 17 0 0 0 0 0 0 0 0 27 27 27 27 17 17 0 0 0 0 0 0 0 0
112 0 1000 0 0 1000 0 1000 27 27 27 27 17 17 0 0 0 0 0 0 0 0 27 27 27 27 17 17 0 0 0 0 0 0 0 0 27 27 27 27 17 17 0 0 0 0 0 0 0 0 27 27 27 27 17 17 0 0 0 0 0 0 0 0 27 27 27 27 17 17 0 0 0 0 0 0 0 0 27 27 27 27 17 17 0 0 0 0 0 0 0 0
113 0 1000 0 0 1000 0 1000 27 27 27 27 17 17 0 0 0 0 0 0 0 0 27 27 27 27 17 17 0 0 0 0 0 0 0 0 27 27 27 27 17 17 0 0 0 0 0 0 0 0 27 27 27 27 17 17 0 0 0 0 0 0 0 0 27 27 27 27 17 17 0 0 0 0 0 0 0 0 27 27 27 27 17 17 0 0 0 0 0 0 0 0
114 0 1000 0 0 1000 0 1000 27 27 27 27 17 17 30464 112 0 0 0 0 30464 112 27 27 27 27 17 17 30464 112 0 0 0 0 30464 112 27 27 27 27 17 17 30464 112 0 0 0 0 30464 112 27 27 27 27 17 17 30464 112 0 0 0 0 30464 112 27 27 27 27 17 17 30464 112 0 0 0 0 30464 112 27 27 27 27 17 17 30464 112 0 0 0 0 30464 112
115 0 1000 0 0 1000 0 1000 27 27 27 27 18 18 0 0 0 0 0 0 0 0 27 27 27 27 18 18 0 0 0 0 0 0 0 0 27 27 27 27 18 18 0 0 0 0 0 0 0 0 27 27 27 27 18 18 0 0 0 0 0 0 0 0 27 27 27 27 18 18 0 0 0 0 0 0 0 0 27 27 27 27 18 18 0 0 0 0 0 0 0 0
116 0 1000 0 0 1000 0 1000 27 27 27 27 18 18 0 0 0 0 0 0 0 0 27 27 27 27 18 18 0 0 0 0 0 0 0 0 27 27 27 27 18 18 0 0 0 0 0 0 0 0 27 27 27 27 18 18 0 0 0 0 0 0 0 0 27 27 27 27 18 18 0 0 0 0 0 0 0 0 27 27 27 27 18 18 0 0 0 0 0 0 0 0
117 0 1000 0 0 1000 0 1000 27 27 27 27 18 18 420115 5 420115 5 0 0 0 0 27 27 27 27 18 18 420115 5 420115 5 0 0 0 0 27 27 27 27 18 18 420115 5 420115 5 0 0 0 0 27 27 27 27 18 18 420115 5 420115 5 0 0 0 0 27 27 27 27 18 18 420115 5 420115 5 0 0 0 0 27 27 27 27 18 18 420115 5 420115 5 0 0 0 0
118 0 1000 0 0 1000 0 1000 28 29 28 29 18 18 108307 104 0 0 80291 1 28016 103 28 29 28 29 18 18 108307 104 0 0 80291 1 28016 103 28 29 28 29 18 18 108307 104 0 0 80291 1 28016 103 28 29 28 29 18 18 108307 104 0 0 80291 1 28016 103 28 29 28 29 18 18 108307 104 0 0 80291 1 28016 103 28 29 28 29 18 18 108307 104 0 0 80291 1 28016 103
119 0 1000 0 0 1000 0 1000 28 29 28 29 19 19 0 0 0 0 0 0 0 0 28 29 28 29 19 19 0 0 0 0 0 0 0 0 28 29 28 29 19 19 0 0 0 0 0 0 0 0 28 29 28 29 19 19 0 0 0 0 0 0 0 0 28 29 28 29 19 19 0 0 0 0 0 0 0 0 28 29 28 29 19 19 0 0 0 0 0 0 0 0
120 0 1000 0 0 1000 0 1000 28 29 28 29 19 19 0 0 0 0 0 0 0 0 28 29 28 29 19 19 0 0 0 0 0 0 0 0 28 29 28 29 19 19 0 0 0 0 0 0 0 0 28 29 28 29 19 19 0 0 0 0 0 0 0 0 28 29 28 29 19 19 0 0 0 0 0 0 0 0 28 29 28 29 19 19 0 0 0 0 0 0 0 0
121 0 1000 0 0 1000 0 1000 28 29 28 29 19 19 83735 1 83735 1 0 0 0 0 28 29 28 29 19 19 83735 1 83735 1 0 0 0 0 28 29 28 29 19 19 83735 1 83735 1 0 0 0 0 28 29 28 29 19 19 83735 1 83735 1 0 0 0 0 28 29 28 29 19 19 83735 1 83735 1 0 0 0 0 28 29 28 29 19 19 83735 1 83735 1 0 0 0 0
122 0 1000 0 0 1000 0 1000 29 30 29 30 19 19 106947 99 0 0 80291 1 26656 98 29 30 29 30 19 19 106947 99 0 0 80291 1 26656 98 29 30 29 30 19 19 106947 99 0 0 80291 1 26656 98 29 30 29 30 19 19 106947 99 0 0 80291 1 26656 98 29 30 29 30 19 19 106947 99 0 0 80291 1 26656 98 29 30 29 30 19 19 106947 99 0 0 80291 1 26656 98
123 0 1000 0 0 1000 0 1000 29 30 29 30 20 20 0 0 0 0 0 0 0 0 29 30 29 30 20 20 0 0 0 0 0 0 0 0 29 30 29 30 20 20 0 0 0 0 0 0 0 0 29 30 29 30 20 20 0 0 0 0 0 0 0 0 29 30 29 30 20 20 0 0 0 0 0 0 0 0 29 30 29 30 20 20 0 0 0 0 0 0 0 0
124 0 1000 0 0 1000 0 1000 29 30 29 30 20 20 0 0 0 0 0 0 0 0 29 30 29 30 20 20 0 0 0 0 0 0 0 0 29 30 29 30 20 20 0 0 0 0 0 0 0 0 29 30 29 30 20 20 0 0 0 0 0 0 0 0 29 30 29 30 20 20 0 0 0 0 0 0 0 0 29 30 29 30 20 20 0 0 0 0 0 0 0 0
125 0 1000 0 0 1000 0 1000 29 30 29 30 20 20 250725 3 250725 3 0 0 0 0 29 30 29 30 20 20 250725 3 250725 3 0 0 0 0 29 30 29 30 20 20 250725 3 250725 3 0 0 0 0 29 30 29 30 20 20 250725 3 250725 3 0 0 0 0 29 30 29 30 20 20 250725 3 250725 3 0 0 0 0 29 30 29 30 20 20 250725 3 250725 3 0 0 0 0
126 0 1000 0 0 1000 0 1000 30 31 30 31 20 20 108851 106 0 0 80291 1 28560 105 30 31 30 31 20 20 108851 106 0 0 80291 1 28560 105 30 31 30 31 20 20 108851 106 0 0 80291 1 28560 105 30 31 30 31 20 20 108851 106 0 0 80291 1 28560 105 30 31 30 31 20 20 108851 106 0 0 80291 1 28560 105 30 31 30 31 20 20 108851 106 0 0 80291 1 28560 105
127 0 1000 0 0 1000 0 1000 30 31 30 31 21 21 0 0 0 0 0 0 0 0 30 31 30 31 21 21 0 0 0 0 0 0 0 0 30 31 30 31 21 21 0 0 0 0 0 0 0 0 30 31 30 31 21 21 0 0 0 0 0 0 0 0 30 31 30 31 21 21 0 0 0 0 0 0 0 0 30 31 30 31 21 21 0 0 0 0 0 0 0 0
128 0 1000 0 0 1000 0 1000 30 31 30 31 21 21 0 0 0 0 0 0 0 0 30 31 30 31 21 21 0 0 0 0 0 0 0 0 30 31 30 31 21 21 0 0 0 0 0 0 0 0 30 31 30 31 21 21 0 0 0 0 0 0 0 0 30 31 30 31 21 21 0 0 0 0 0 0 0 0 30 31 30 31 21 21 0 0 0 0 0 0 0 0
129 0 1000 0 0 1000 0 1000 30 31 30 31 21 21 167598 2 167598 2 0 0 0 0 30 31 30 31 21 21 167598 2 167598 2 0 0 0 0 30 31 30 31 21 21 167598 2 167598 2 0 0 0 0 30 31 30 31 21 21 167598 2 167598 2 0 0 0 0 30 31 30 31 21 21 167598 2 167598 2 0 0 0 0 30 31 30 31 21 21 167598 2 167598 2 0 0 0 0
130 0 1000 0 0 1000 0 1000 31 32 31 32 21 21 108307 104 0 0 80291 1 28016 103 31 32 31 32 21 21 108307 104 0 0 80291 1 28016 103 31 32 31 32 21 21 108307 104 0 0 80291 1 28016 103 31 32 31 32 21 21 108307 104 0 0 80291 1 28016 103 31 32 31 32 21 21 108307 104 0 0 80291 1 28016 103 31 32 31 32 21 21 108307 104 0 0 80291 1 28016 103
131 0 1000 0 0 1000 0 1000 31 32 31 32 22 22 0 0 0 0 0 0 0 0 31 32 31 32 22 22 0 0 0 0 0 0 0 0 31 32 31 32 22 22 0 0 0 0 0 0 0 0 31 32 31 32 22 22 0 0 0 0 0 0 0 0 31 32 31 32 22 22 0 0 0 0 0 0 0 0 31 32 31 32 22 22 0 0 0 0 0 0 0 0
132 0 1000 0 0 1000 0 1000 31 32 31 32 22 22 0 0 0 0 0 0 0 0 31 32 31 32 22 22 0 0 0 0 0 0 0 0 31 32 31 32 22 22 0 0 0 0 0 0 0 0 31 32 31 32 22 22 0 0 0 0 0 0 0 0 31 32 31 32 22 22 0 0 0 0 0 0 0 0 31 32 31 32 22 22 0 0 0 0 0 0 0 0
133 0 1000 0 0 1000 0 1000 31 32 31 32 22 22 83735 1 83735 1 0 0 0 0 31 32 31 32 22 22 83735 1 83735 1 0 0 0 0 31 32 31 32 22 22 83735 1 83735 1 0 0 0 0 31 32 31 32 22 22 83735 1 83735 1 0 0 0 0 31 32 31 32 22 22 83735 1 83735 1 0 0 0 0 31 32 31 32 22 22 83735 1 83735 1 0 0 0 0
134 0 1000 0 0 1000 0 1000 32 33 32 33 22 22 110483 112 0 0 80291 1 30192 111 32 33 32 33 22 22 110483 112 0 0 80291 1 30192 111 32 33 32 33 22 22 110483 112 0 0 80291 1 30192 111 32 33 32 33 22 22 110483 112 0 0 80291 1 30192 111 32 33 32 33 22 22 110483 112 0 0 80291 1 30192 111 32 33 32 33 22 22 110483 112 0 0 80291 1 30192 111
135 0 1000 0 0 1000 0 1000 32 33 32 33 23 23 0 0 0 0 0 0 0 0 32 33 32 33 23 23 0 0 0 0 0 0 0 0 32 33 32 33 23 23 0 0 0 0 0 0 0 0 32 33 32 33 23 23 0 0 0 0 0 0 0 0 32 33 32 33 23 23 0 0 0 0 0 0 0 0 32 33 32 33 23 23 0 0 0 0 0 0 0 0
136 0 1000 0 0 1000 0 1000 32 33 32 33 23 23 0 0 0 0 0 0 0 0 32 33 32 33 23 23 0 0 0 0 0 0 0 0 32 33 32 33 23 23 0 0 0 0 0 0 0 0 32 33 32 33 23 23 0 0 0 0 0 0 0 0 32 33 32 33 23 23 0 0 0 0 0 0 0 0 32 33 32 33 23 23 0 0 0 0 0 0 0 0
137 0 1000 0 0 1000 0 1000 32 33 32 33 23 23 251973 3 251973 3 0 0 0 0 32 33 32 33 23 23 251973 3 251973 3 0 0 0 0 32 33 32 33 23 23 251973 3 251973 3 0 0 0 0 32 33 32 33 23 23 251973 3 251973 3 0 0 0 0 32 33 32 33 23 23 251973 3 251973 3 0 0 0 0 32 33 32 33 23 23 251973 3 251973 3 0 0 0 0
138 0 1000 0 0 1000 0 1000 33 34 33 34 23 23 104771 91 0 0 80291 1 24480 90 33 34 33 34 23 23 104771 91 0 0 80291 1 24480 90 33 34 33 34 23 23 104771 91 0 0 80291 1 24480 90 33 34 33 34 23 23 104771 91 0 0 80291 1 24480 90 33 34 33 34 23 23 104771 91 0 0 80291 1 24480 90 33 34 33 34 23 23 104771 91 0 0 80291 1 24480 90
139 0 1000 0 0 1000 0 1000 33 34 33 34 24 24 0 0 0 0 0 0 0 0 33 34 33 34 24 24 0 0 0 0 0 0 0 0 33 34 33 34 24 24 0 0 0 0 0 0 0 0 33 34 33 34 24 24 0 0 0 0 0 0 0 0 33 34 33 34 24 24 0 0 0 0 0 0 0 0 33 34 33 34 24 24 0 0 0 0 0 0 0 0
140 0 1000 0 0 1000 0 1000 33 34 33 34 24 24 0 0 0 0 0 0 0 0 33 34 33 34 24 24 0 0 0 0 0 0 0 0 33 34 33 34 24 24 0 0 0 0 0 0 0 0 33 34 33 34 24 24 0 0 0 0 0 0 0 0 33 34 33 34 24 24 0 0 0 0 0 0 0 0 33 34 33 34 24 24 0 0 0 0 0 0 0 0
141 0 1000 0 0 1000 0 1000 33 34 33 34 24 24 83319 1 83319 1 0 0 0 0 33 34 33 34 24 24 83319 1 83319 1 0 0 0 0 33 34 33 34 24 24 83319 1 83319 1 0 0 0 0 33 34 33 34 24 24 83319 1 83319 1 0 0 0 0 33 34 33 34 24 24 83319 1 83319 1 0 0 0 0 33 34 33 34 24 24 83319 1 83319 1 0 0 0 0
142 0 1000 0 0 1000 0 1000 34 35 34 35 24 24 110483 112 0 0 80291 1 30192 111 34 35 34 35 24 24 110483 112 0 0 80291 1 30192 111 34 35 34 35 24 24 110483 112 0 0 80291 1 30192 111 34 35 34 35 24 24 110483 112 0 0 80291 1 30192 111 34 35 34 35 24 24 110483 112 0 0 80291 1 30192 111 34 35 34 35 24 24 110483 112 0 0 80291 1 30192 111
143 0 1000 0 0 1000 0 1000 34 35 34 35 25 25 0 0 0 0 0 0 0 0 34 35 34 35 25 25 0 0 0 0 0 0 0 0 34 35 34 35 25 25 0 0 0 0 0 0 0 0 34 35 34 35 25 25 0 0 0 0 0 0 0 0 34 35 34 35 25 25 0 0 0 0 0 0 0 0 34 35 34 35 25 25 0 0 0 0 0 0 0 0
144 0 1000 0 0 1000 0 1000 34 35 34 35 25 25 0 0 0 0 0 0 0 0 34 35 34 35 25 25 0 0 0 0 0 0 0 0 34 35 34 35 25 25 0 0 0 0 0 0 0 0 34 35 34 35 25 25 0 0 0 0 0 0 0 0 34 35 34 35 25 25 0 0 0 0 0 0 0 0 34 35 34 35 25 25 0 0 0 0 0 0 0 0
145 0 1000 0 0 1000 0 1000 34 35 34 35 25 25 335964 4 335964 4 0 0 0 0 34 35 34 35 25 25 335964 4 335964 4 0 0 0 0 34 35 34 35 25 25 335964 4 335964 4 0 0 0 0 34 35 34 35 25 25 335964 4 335964 4 0 0 0 0 34 35 34 35 25 25 335964 4 335964 4 0 0 0 0 34 35 34 35 25 25 335964 4 335964 4 0 0 0 0
146 0 1000 0 0 1000 0 1000 35 36 35 36 25 25 107763 102 0 0 80291 1 27472 101 35 36 35 36 25 25 107763 102 0 0 80291 1 27472 101 35 36 35 36 25 25 107763 102 0 0 80291 1 27472 101 35 36 35 36 25 25 107763 102 0 0 80291 1 27472 101 35 36 35 36 25 25 107763 102 0 0 80291 1 27472 101 35 36 35 36 25 25 107763 102 0 0 80291 1 27472 101
147 0 1000 0 0 1000 0 1000 35 36 35 36 26 26 0 0 0 0 0 0 0 0 35 36 35 36 26 26 0 0 0 0 0 0 0 0 35 36 35 36 26 26 0 0 0 0 0 0 0 0 35 36 35 36 26 26 0 0 0 0 0 0 0 0 35 36 35 36 26 26 0 0 0 0 0 0 0 0 35 36 35 36 26 26 0 0 0 0 0 0 0 0
148 0 1000 0 0 1000 0 1000 35 36 35 36 26 26 0 0 0 0 0 0 0 0 35 36 35 36 26 26 0 0 0 0 0 0 0 0 35 36 35 36 26 26 0 0 0 0 0 0 0 0 35 36 35 36 26 26 0 0 0 0 0 0 0 0 35 36 35 36 26 26 0 0 0 0 0 0 0 0 35 36 35 36 26 26 0 0 0 0 0 0 0 0
149 0 1000 0 0 1000 0 1000 35 36 35 36 26 26 251012 3 251012 3 0 0 0 0 35 36 35 36 26 26 251012 3 251012 3 0 0 0 0 35 36 35 36 26 26 251012 3 251012 3 0 0 0 0 35 36 35 36 26 26 251012 3 251012 3 0 0 0 0 35 36 35 36 26 26 251012 3 251012 3 0 0 0 0 35 36 35 36 26 26 251012 3 251012 3 0 0 0 0
150 0 1000 0 0 1000 0 1000 36 37 36 37 26 26 107763 102 0 0 80291 1 27472 101 36 37 36 37 26 26 107763 102 0 0 80291 1 27472 101 36 37 36 37 26 26 107763 102 0 0 80291 1 27472 101 36 37 36 37 26 26 107763 102 0 0 80291 1 27472 101 36 37 36 37 26 26 107763 102 0 0 80291 1 27472 101 36 37 36 37 26 26 107763 102 0 0 80291 1 27472 101
151 0 1000 0 0 1000 0 1000 36 37 36 37 27 27 0 0 0 0 0 0 0 0 36 37 36 37 27 27 0 0 0 0 0 0 0 0 36 37 36 37 27 27 0 0 0 0 0 0 0 0 36 37 36 37 27 27 0 0 0 0 0 0 0 0 36 37 36 37 27 27 0 0 0 0 0 0 0 0 36 37 36 37 27 27 0 0 0 0 0 0 0 0
152 0 1000 0 0 1000 0 1000 36 37 36 37 27 27 0 0 0 0 0 0 0 0 36 37 36 37 27 27 0 0 0 0 0 0 0 0 36 37 36 37 27 27 0 0 0 0 0 0 0 0 36 37 36 37 27 27 0 0 0 0 0 0 0 0 36 37 36 37 27 27 0 0 0 0 0 0 0 0 36 37 36 37 27 27 0 0 0 0 0 0 0 0
153 0 1000 0 0 1000 0 1000 36 37 36 37 27 27 334684 4 334684 4 0 0 0 0 36 37 36 37 27 27 334684 4 334684 4 0 0 0 0 36 37 36 37 27 27 334684 4 334684 4 0 0 0 0 36 37 36 37 27 27 334684 4 334684 4 0 0 0 0 36 37 36 37 27 27 334684 4 334684 4 0 0 0 0 36 37 36 37 27 27 334684 4 334684 4 0 0 0 0
154 0 1000 0 0 1000 0 1000 37 38 37 38 27 27 104227 89 0 0 80291 1 23936 88 37 38 37 38 27 27 104227 89 0 0 80291 1 23936 88 37 38 37 38 27 27 104227 89 0 0 80291 1 23936 88 37 38 37 38 27 27 104227 89 0 0 80291 1 23936 88 37 38 37 38 27 27 104227 89 0 0 80291 1 23936 88 37 38 37 38 27 27 104227 89 0 0 80291 1 23936 88
155 0 1000 0 0 1000 0 1000 37 38 37 38 27 27 0 0 0 0 0 0 0 0 37 38 37 38 27 27 0 0 0 0 0 0 0 0 37 38 37 38 27 27 0 0 0 0 0 0 0 0 37 38 37 38 27 27 0 0 0 0 0 0 0 0 37 38 37 38 27 27 0 0 0 0 0 0 0 0 37 38 37 38 27 27 0 0 0 0 0 0 0 0
156 0 1000 0 0 1000 0 1000 37 38 37 38 27 27 0 0 0 0 0 0 0 0 37 38 37 38 27 27 0 0 0 0 0 0 0 0 37 38 37 38 27 27 0 0 0 0 0 0 0 0 37 38 37 38 27 27 0 0 0 0 0 0 0 0 37 38 37 38 27 27 0 0 0 0 0 0 0 0 37 38 37 38 27 27 0 0 0 0 0 0 0 0
157 0 1000 0 0 1000 0 1000 37 38 37 38 27 27 416275 5 416275 5 0 0 0 0 37 38 37 38 27 27 416275 5 416275 5 0 0 0 0 37 38 37 38 27 27 416275 5 416275 5 0 0 0 0 37 38 37 38 27 27 416275 5 416275 5 0 0 0 0 37 38 37 38 27 27 416275 5 416275 5 0 0 0 0 37 38 37 38 27 27 416275 5 416275 5 0 0 0 0
158 0 1000 0 0 1000 0 1000 38 39 38 39 27 27 111571 116 0 0 80291 1 31280 115 38 39 38 39 27 27 111571 116 0 0 80291 1 31280 115 38 39 38 39 27 27 111571 116 0 0 80291 1 31280 115 38 39 38 39 27 27 111571 116 0 0 80291 1 31280 115 38 39 38 39 27 27 111571 116 0 0 80291 1 31280 115 38 39 38 39 27 27 111571 116 0 0 80291 1 31280 115
159 0 1000 0 0 1000 0 1000 38 39 38 39 28 29 0 0 0 0 0 0 0 0 38 39 38 39 28 29 0 0 0 0 0 0 0 0 38 39 38 39 28 29 0 0 0 0 0 0 0 0 38 39 38 39 28 29 0 0 0 0 0 0 0 0 38 39 38 39 28 29 0 0 0 0 0 0 0 0 38 39 38 39 28 29 0 0 0 0 0 0 0 0
160 0 1000 0 0 1000 0 1000 38 39 38 39 28 29 0 0 0 0 0 0 0 0 38 39 38 39 28 29 0 0 0 0 0 0 0 0 38 39 38 39 28 29 0 0 0 0 0 0 0 0 38 39 38 39 28 29 0 0 0 0 0 0 0 0 38 39 38 39 28 29 0 0 0 0 0 0 0 0 38 39 38 39 28 29 0 0 0 0 0 0 0 0
161 0 1000 0 0 1000 0 1000 38 39 38 39 28 29 0 0 0 0 0 0 0 0 38 39 38 39 28 29 0 0 0 0 0 0 0 0 38 39 38 39 28 29 0 0 0 0 0 0 0 0 38 39 38 39 28 29 0 0 0 0 0 0 0 0 38 39 38 39 28 29 0 0 0 0 0 0 0 0 38 39 38 39 28 29 0 0 0 0 0 0 0 0
162 0 1000 0 0 1000 0 1000 38 39 38 39 28 29 22848 84 0 0 0 0 22848 84 38 39 38 39 28 29 22848 84 0 0 0 0 22848 84 38 39 38 39 28 29 22848 84 0 0 0 0 22848 84 38 39 38 39 28 29 22848 84 0 0 0 0 22848 84 38 39 38 39 28 29 22848 84 0 0 0 0 22848 84 38 39 38 39 28 29 22848 84 0 0 0 0 22848 84
163 0 1000 0 0 1000 0 1000 38 39 38 39 29 30 0 0 0 0 0 0 0 0 38 39 38 39 29 30 0 0 0 0 0 0 0 0 38 39 38 39 29 30 0 0 0 0 0 0 0 0 38 39 38 39 29 30 0 0 0 0 0 0 0 0 38 39 38 39 29 30 0 0 0 0 0 0 0 0 38 39 38 39 29 30 0 0 0 0 0 0 0 0
164 0 1000 0 0 1000 0 1000 38 39 38 39 29 30 0 0 0 0 0 0 0 0 38 39 38 39 29 30 0 0 0 0 0 0 0 0 38 39 38 39 29 30 0 0 0 0 0 0 0 0 38 39 38 39 29 30 0 0 0 0 0 0 0 0 38 39 38 39 29 30 0 0 0 0 0 0 0 0 38 39 38 39 29 30 0 0 0 0 0 0 0 0
165 0 1000 0 0 1000 0 1000 38 39 38 39 29 30 332508 4 332508 4 0 0 0 0 38 39 38 39 29 30 332508 4 332508 4 0 0 0 0 38 39 38 39 29 30 332508 4 332508 4 0 0 0 0 38 39 38 39 29 30 332508 4 332508 4 0 0 0 0 38 39 38 39 29 30 332508 4 332508 4 0 0 0 0 38 39 38 39 29 30 332508 4 332508 4 0 0 0 0
166 0 1000 0 0 1000 0 1000 39 41 39 41 29 30 110483 112 0 0 80291 1 30192 111 39 41 39 41 29 30 110483 112 0 0 80291 1 30192 111 39 41 39 41 29 30 110483 112 0 0 80291 1 30192 111 39 41 39 41 29 30 110483 112 0 0 80291 1 30192 111 39 41 39 41 29 30 110483 112 0 0 80291 1 30192 111 39 41 39 41 29 30 110483 112 0 0 80291 1 30192 111
167 0 1000 0 0 1000 0 1000 39 41 39 41 30 31 0 0 0 0 0 0 0 0 39 41 39 41 30 31 0 0 0 0 0 0 0 0 39 41 39 41 30 31 0 0 0 0 0 0 0 0 39 41 39 41 30 31 0 0 0 0 0 0 0 0 39 41 39 41 30 31 0 0 0 0 0 0 0 0 39 41 39 41 30 31 0 0 0 0 0 0 0 0
168 0 1000 0 0 1000 0 1000 39 41 39 41 30 31 0 0 0 0 0 0 0 0 39 41 39 41 30 31 0 0 0 0 0 0 0 0 39 41 39 41 30 31 0 0 0 0 0 0 0 0 39 41 39 41 30 31 0 0 0 0 0 0 0 0 39 41 39 41 30 31 0 0 0 0 0 0 0 0 39 41 39 41 30 31 0 0 0 0 0 0 0 0
169 0 1000 0 0 1000 0 1000 39 41 39 41 30 31 83991 1 83991 1 0 0 0 0 39 41 39 41 30 31 83991 1 83991 1 0 0 0 0 39 41 39 41 30 31 83991 1 83991 1 0 0 0 0 39 41 39 41 30 31 83991 1 83991 1 0 0 0 0 39 41 39 41 30 31 83991 1 83991 1 0 0 0 0 39 41 39 41 30 31 83991 1 83991 1 0 0 0 0
170 0 1000 0 0 1000 0 1000 40 42 40 42 30 31 110483 112 0 0 80291 1 30192 111 40 42 40 42 30 31 110483 112 0 0 80291 1 30192 111 40 42 40 42 30 31 110483 112 0 0 80291 1 30192 111 40 42 40 42 30 31 110483 112 0 0 80291 1 30192 111 40 42 40 42 30 31 110483 112 0 0 80291 1 30192 111 40 42 40 42 30 31 110483 112 0 0 80291 1 30192 111
171 0 1000 0 0 1000 0 1000 40 42 40 42 31 32 0 0 0 0 0 0 0 0 40 42 40 42 31 32 0 0 0 0 0 0 0 0 40 42 40 42 31 32 0 0 0 0 0 0 0 0 40 42 40 42 31 32 0 0 0 0 0 0 0 0 40 42 40 42 31 32 0 0 0 0 0 0 0 0 40 42 40 42 31 32 0 0 0 0 0 0 0 0
172 0 1000 0 0 1000 0 1000 40 42 40 42 31 32 0 0 0 0 0 0 0 0 40 42 40 42 31 32 0 0 0 0 0 0 0 0 40 42 40 42 31 32 0 0 0 0 0 0 0 0 40 42 40 42 31 32 0 0 0 0 0 0 0 0 40 42 40 42 31 32 0 0 0 0 0 0 0 0 40 42 40 42 31 32 0 0 0 0 0 0 0 0
173 0 1000 0 0 1000 0 1000 40 42 40 42 31 32 251973 3 251973 3 0 0 0 0 40 42 40 42 31 32 251973 3 251973 3 0 0 0 0 40 42 40 42 31 32 251973 3 251973 3 0 0 0 0 40 42 40 42 31 32 251973 3 251973 3 0 0 0 0 40 42 40 42 31 32 251973 3 251973 3 0 0 0 0 40 42 40 42 31 32 251973 3 251973 3 0 0 0 0
174 0 1000 0 0 1000 0 1000 41 43 41 43 31 32 111027 114 0 0 80291 1 30736 113 41 43 41 43 31 32 111027 114 0 0 80291 1 30736 113 41 43 41 43 31 32 111027 114 0 0 80291 1 30736 113 41 43 41 43 31 32 111027 114 0 0 80291 1 30736 113 41 43 41 43 31 32 111027 114 0 0 80291 1 30736 113 41 43 41 43 31 32 111027 114 0 0 80291 1 30736 113
175 0 1000 0 0 1000 0 1000 41 43 41 43 32 33 0 0 0 0 0 0 0 0 41 43 41 43 32 33 0 0 0 0 0 0 0 0 41 43 41 43 32 33 0 0 0 0 0 0 0 0 41 43 41 43 32 33 0 0 0 0 0 0 0 0 41 43 41 43 32 33 0 0 0 0 0 0 0 0 41 43 41 43 32 33 0 0 0 0 0 0 0 0
176 0 1000 0 0 1000 0 1000 41 43 41 43 32 33 0 0 0 0 0 0 0 0 41 43 41 43 32 33 0 0 0 0 0 0 0 0 41 43 41 43 32 33 0 0 0 0 0 0 0 0 41 43 41 43 32 33 0 0 0 0 0 0 0 0 41 43 41 43 32 33 0 0 0 0 0 0 0 0 41 43 41 43 32 33 0 0 0 0 0 0 0 0
177 0 1000 0 0 1000 0 1000 41 43 41 43 32 33 252165 3 252165 3 0 0 0 0 41 43 41 43 32 33 252165 3 252165 3 0 0 0 0 41 43 41 43 32 33 252165 3 252165 3 0 0 0 0 41 43 41 43 32 33 252165 3 252165 3 0 0 0 0 41 43 41 43 32 33 252165 3 252165 3 0 0 0 0 41 43 41 43 32 33 252165 3 252165 3 0 0 0 0
178 0 1000 0 0 1000 0 1000 42 44 42 44 32 33 108579 105 0 0 80291 1 28288 104 42 44 42 44 32 33 108579 105 0 0 80291 1 28288 104 42 44 42 44 32 33 108579 105 0 0 80291 1 28288 104 42 44 42 44 32 33 108579 105 0 0 80291 1 28288 104 42 44 42 44 32 33 108579 105 0 0 80291 1 28288 104 42 44 42 44 32 33 108579 105 0 0 80291 1 28288 104
179 0 1000 0 0 1000 0 1000 42 44 42 44 33 34 0 0 0 0 0 0 0 0 42 44 42 44 33 34 0 0 0 0 0 0 0 0 42 44 42 44 33 34 0 0 0 0 0 0 0 0 42 44 42 44 33 34 0 0 0 0 0 0 0 0 42 44 42 44 33 34 0 0 0 0 0 0 0 0 42 44 42 44 33 34 0 0 0 0 0 0 0 0
180 0 1000 0 0 1000 0 1000 42 44 42 44 33 34 0 0 0 0 0 0 0 0 42 44 42 44 33 34 0 0 0 0 0 0 0 0 42 44 42 44 33 34 0 0 0 0 0 0 0 0 42 44 42 44 33 34 0 0 0 0 0 0 0 0 42 44 42 44 33 34 0 0 0 0 0 0 0 0 42 44 42 44 33 34 0 0 0 0 0 0 0 0
181 0 1000 0 0 1000 0 1000 42 44 42 44 33 34 167534 2 167534 2 0 0 0 0 42 44 42 44 33 34 167534 2 167534 2 0 0 0 0 42 44 42 44 33 34 167534 2 167534 2 0 0 0 0 42 44 42 44 33 34 167534 2 167534 2 0 0 0 0 42 44 42 44 33 34 167534 2 167534 2 0 0 0 0 42 44 42 44 33 34 167534 2 167534 2 0 0 0 0
182 0 1000 0 0 1000 0 1000 43 45 43 45 33 34 105587 94 0 0 80291 1 25296 93 43 45 43 45 33 34 105587 94 0 0 80291 1 25296 93 43 45 43 45 33 34 105587 94 0 0 80291 1 25296 93 43 45 43 45 33 34 105587 94 0 0 80291 1 25296 93 43 45 43 45 33 34 105587 94 0 0 80291 1 25296 93 43 45 43 45 33 34 105587 94 0 0 80291 1 25296 93
183 0 1000 0 0 1000 0 1000 43 45 43 45 34 35 0 0 0 0 0 0 0 0 43 45 43 45 34 35 0 0 0 0 0 0 0 0 43 45 43 45 34 35 0 0 0 0 0 0 0 0 43 45 43 45 34 35 0 0 0 0 0 0 0 0 43 45 43 45 34 35 0 0 0 0 0 0 0 0 43 45 43 45 34 35 0 0 0 0 0 0 0 0
184 0 1000 0 0 1000 0 1000 43 45 43 45 34 35 0 0 0 0 0 0 0 0 43 45 43 45 34 35 0 0 0 0 0 0 0 0 43 45 43 45 34 35 0 0 0 0 0 0 0 0 43 45 43 45 34 35 0 0 0 0 0 0 0 0 43 45 43 45 34 35 0 0 0 0 0 0 0 0 43 45 43 45 34 35 0 0 0 0 0 0 0 0
185 0 1000 0 0 1000 0 1000 43 45 43 45 34 35 166830 2 166830 2 0 0 0 0 43 45 43 45 34 35 166830 2 166830 2 0 0 0 0 43 45 43 45 34 35 166830 2 166830 2 0 0 0 0 43 45 43 45 34 35 166830 2 166830 2 0 0 0 0 43 45 43 45 34 35 166830 2 166830 2 0 0 0 0 43 45 43 45 34 35 166830 2 166830 2 0 0 0 0
186 0 1000 0 0 1000 0 1000 44 46 44 46 34 35 107763 102 0 0 80291 1 27472 101 44 46 44 46 34 35 107763 102 0 0 80291 1 27472 101 44 46 44 46 34 35 107763 102 0 0 80291 1 27472 101 44 46 44 46 34 35 107763 102 0 0 80291 1 27472 101 44 46 44 46 34 35 107763 102 0 0 80291 1 27472 101 44 46 44 46 34 35 107763 102 0 0 80291 1 27472 101
187 0 1000 0 0 1000 0 1000 44 46 44 46 35 36 0 0 0 0 0 0 0 0 44 46 44 46 35 36 0 0 0 0 0 0 0 0 44 46 44 46 35 36 0 0 0 0 0 0 0 0 44 46 44 46 35 36 0 0 0 0 0 0 0 0 44 46 44 46 35 36 0 0 0 0 0 0 0 0 44 46 44 46 35 36 0 0 0 0 0 0 0 0
188 0 1000 0 0 1000 0 1000 44 46 44 46 35 36 0 0 0 0 0 0 0 0 44 46 44 46 35 36 0 0 0 0 0 0 0 0 44 46 44 46 35 36 0 0 0 0 0 0 0 0 44 46 44 46 35 36 0 0 0 0 0 0 0 0 44 46 44 46 35 36 0 0 0 0 0 0 0 0 44 46 44 46 35 36 0 0 0 0 0 0 0 0
189 0 1000 0 0 1000 0 1000 44 46 44 46 35 36 502026 6 502026 6 0 0 0 0 44 46 44 46 35 36 502026 6 502026 6 0 0 0 0 44 46 44 46 35 36 502026 6 502026 6 0 0 0 0 44 46 44 46 35 36 502026 6 502026 6 0 0 0 0 44 46 44 46 35 36 502026 6 502026 6 0 0 0 0 44 46 44 46 35 36 502026 6 502026 6 0 0 0 0
190 0 1000 0 0 1000 0 1000 45 47 45 47 35 36 110755 113 0 0 80291 1 30464 112 45 47 45 47 35 36 110755 113 0 0 80291 1 30464 112 45 47 45 47 35 36 110755 113 0 0 80291 1 30464 112 45 47 45 47 35 36 110755 113 0 0 80291 1 30464 112 45 47 45 47 35 36 110755 113 0 0 80291 1 30464 112 45 47 45 47 35 36 110755 113 0 0 80291 1 30464 112
191 0 1000 0 0 1000 0 1000 45 47 45 47 36 37 0 0 0 0 0 0 0 0 45 47 45 47 36 37 0 0 0 0 0 0 0 0 45 47 45 47 36 37 0 0 0 0 0 0 0 0 45 47 45 47 36 37 0 0 0 0 0 0 0 0 45 47 45 47 36 37 0 0 0 0 0 0 0 0 45 47 45 47 36 37 0 0 0 0 0 0 0 0
192 0 1000 0 0 1000 0 1000 45 47 45 47 36 37 0 0 0 0 0 0 0 0 45 47 45 47 36 37 0 0 0 0 0 0 0 0 45 47 45 47 36 37 0 0 0 0 0 0 0 0 45 47 45 47 36 37 0 0 0 0 0 0 0 0 45 47 45 47 36 37 0 0 0 0 0 0 0 0 45 47 45 47 36 37 0 0 0 0 0 0 0 0
193 0 1000 0 0 1000 0 1000 45 47 45 47 36 37 252069 3 252069 3 0 0 0 0 45 47 45 47 36 37 252069 3 252069 3 0 0 0 0 45 47 45 47 36 37 252069 3 252069 3 0 0 0 0 45 47 45 47 36 37 252069 3 252069 3 0 0 0 0 45 47 45 47 36 37 252069 3 252069 3 0 0 0 0 45 47 45 47 36 37 252069 3 252069 3 0 0 0 0
194 0 1000 0 0 1000 0 1000 46 48 46 48 36 37 108035 103 0 0 80291 1 27744 102 46 48 46 48 36 37 108035 103 0 0 80291 1 27744 102 46 48 46 48 36 37 108035 103 0 0 80291 1 27744 102 46 48 46 48 36 37 108035 103 0 0 80291 1 27744 102 46 48 46 48 36 37 108035 103 0 0 80291 1 27744 102 46 48 46 48 36 37 108035 103 0 0 80291 1 27744 102
195 0 1000 0 0 1000 0 1000 46 48 46 48 37 38 0 0 0 0 0 0 0 0 46 48 46 48 37 38 0 0 0 0 0 0 0 0 46 48 46 48 37 38 0 0 0 0 0 0 0 0 46 48 46 48 37 38 0 0 0 0 0 0 0 0 46 48 46 48 37 38 0 0 0 0 0 0 0 0 46 48 46 48 37 38 0 0 0 0 0 0 0 0
196 0 1000 0 0 1000 0 1000 46 48 46 48 37 38 0 0 0 0 0 0 0 0 46 48 46 48 37 38 0 0 0 0 0 0 0 0 46 48 46 48 37 38 0 0 0 0 0 0 0 0 46 48 46 48 37 38 0 0 0 0 0 0 0 0 46 48 46 48 37 38 0 0 0 0 0 0 0 0 46 48 46 48 37 38 0 0 0 0 0 0 0 0
197 0 1000 0 0 1000 0 1000 46 48 46 48 37 38 334809 4 334809 4 0 0 0 0 46 48 46 48 37 38 334809 4 334809 4 0 0 0 0 46 48 46 48 37 38 334809 4 334809 4 0 0 0 0 46 48 46 48 37 38 334809 4 334809 4 0 0 0 0 46 48 46 48 37 38 334809 4 334809 4 0 0 0 0 46 48 46 48 37 38 334809 4 334809 4 0 0 0 0
198 0 1000 0 0 1000 0 1000 47 49 47 49 37 38 110754 113 0 0 80290 1 30464 112 47 49 47 49 37 38 110754 113 0 0 80290 1 30464 112 47 49 47 49 37 38 110754 113 0 0 80290 1 30464 112 47 49 47 49 37 38 110754 113 0 0 80290 1 30464 112 47 49 47 49 37 38 110754 113 0 0 80290 1 30464 112 47 49 47 49 37 38 110754 113 0 0 80290 1 30464 112
199 0 1000 0 0 1000 0 1000 47 49 47 49 38 39 0 0 0 0 0 0 0 0 47 49 47 49 38 39 0 0 0 0 0 0 0 0 47 49 47 49 38 39 0 0 0 0 0 0 0 0 47 49 47 49 38 39 0 0 0 0 0 0 0 0 47 49 47 49 38 39 0 0 0 0 0 0 0 0 47 49 47 49 38 39 0 0 0 0 0 0 0 0
200 0 1000 0 0 1000 0 1000 47 49 47 49 38 39 0 0 0 0 0 0 0 0 47 49 47 49 38 39 0 0 0 0 0 0 0 0 47 49 47 49 38 39 0 0 0 0 0 0 0 0 47 49 47 49 38 39 0 0 0 0 0 0 0 0 47 49 47 49 38 39 0 0 0 0 0 0 0 0 47 49 47 49 38 39 0 0 0 0 0 0 0 0
201 0 1000 0 0 1000 0 1000 47 49 47 49 38 39 84023 1 84023 1 0 0 0 0 47 49 47 49 38 39 84023 1 84023 1 0 0 0 0 47 49 47 49 38 39 84023 1 84023 1 0 0 0 0 47 49 47 49 38 39 84023 1 84023 1 0 0 0 0 47 49 47 49 38 39 84023 1 84023 1 0 0 0 0 47 49 47 49 38 39 84023 1 84023 1 0 0 0 0
202 0 1000 0 0 1000 0 1000 48 50 48 50 38 39 103955 88 0 0 80291 1 23664 87 48 50 48 50 38 39 103955 88 0 0 80291 1 23664 87 48 50 48 50 38 39 103955 88 0 0 80291 1 23664 87 48 50 48 50 38 39 103955 88 0 0 80291 1 23664 87 48 50 48 50 38 39 103955 88 0 0 80291 1 23664 87 48 50 48 50 38 39 103955 88 0 0 80291 1 23664 87
203 0 1000 0 0 1000 0 1000 48 50 48 50 38 39 0 0 0 0 0 0 0 0 48 50 48 50 38 39 0 0 0 0 0 0 0 0 48 50 48 50 38 39 0 0 0 0 0 0 0 0 48 50 48 50 38 39 0 0 0 0 0 0 0 0 48 50 48 50 38 39 0 0 0 0 0 0 0 0 48 50 48 50 38 39 0 0 0 0 0 0 0 0
204 0 1000 0 0 1000 0 1000 48 50 48 50 38 39 0 0 0 0 0 0 0 0 48 50 48 50 38 39 0 0 0 0 0 0 0 0 48 50 48 50 38 39 0 0 0 0 0 0 0 0 48 50 48 50 38 39 0 0 0 0 0 0 0 0 48 50 48 50 38 39 0 0 0 0 0 0 0 0 48 50 48 50 38 39 0 0 0 0 0 0 0 0
205 0 1000 0 0 1000 0 1000 48 50 48 50 38 39 83223 1 83223 1 0 0 0 0 48 50 48 50 38 39 83223 1 83223 1 0 0 0 0 48 50 48 50 38 39 83223 1 83223 1 0 0 0 0 48 50 48 50 38 39 83223 1 83223 1 0 0 0 0 48 50 48 50 38 39 83223 1 83223 1 0 0 0 0 48 50 48 50 38 39 83223 1 83223 1 0 0 0 0
206 0 1000 0 0 1000 0 1000 49 51 49 51 38 39 106403 97 0 0 80291 1 26112 96 49 51 49 51 38 39 106403 97 0 0 80291 1 26112 96 49 51 49 51 38 39 106403 97 0 0 80291 1 26112 96 49 51 49 51 38 39 106403 97 0 0 80291 1 26112 96 49 51 49 51 38 39 106403 97 0 0 80291 1 26112 96 49 51 49 51 38 39 106403 97 0 0 80291 1 26112 96
207 0 1000 0 0 1000 0 1000 49 51 49 51 39 41 0 0 0 0 0 0 0 0 49 51 49 51 39 41 0 0 0 0 0 0 0 0 49 51 49 51 39 41 0 0 0 0 0 0 0 0 49 51 49 51 39 41 0 0 0 0 0 0 0 0 49 51 49 51 39 41 0 0 0 0 0 0 0 0 49 51 49 51 39 41 0 0 0 0 0 0 0 0
208 0 1000 0 0 1000 0 1000 49 51 49 51 39 41 0 0 0 0 0 0 0 0 49 51 49 51 39 41 0 0 0 0 0 0 0 0 49 51 49 51 39 41 0 0 0 0 0 0 0 0 49 51 49 51 39 41 0 0 0 0 0 0 0 0 49 51 49 51 39 41 0 0 0 0 0 0 0 0 49 51 49 51 39 41 0 0 0 0 0 0 0 0
209 0 1000 0 0 1000 0 1000 49 51 49 51 39 41 167022 2 167022 2 0 0 0 0 49 51 49 51 39 41 167022 2 167022 2 0 0 0 0 49 51 49 51 39 41 167022 2 167022 2 0 0 0 0 49 51 49 51 39 41 167022 2 167022 2 0 0 0 0 49 51 49 51 39 41 167022 2 167022 2 0 0 0 0 49 51 49 51 39 41 167022 2 167022 2 0 0 0 0
210 0 1000 0 0 1000 0 1000 50 52 50 52 39 41 105859 95 0 0 80291 1 25568 94 50 52 50 52 39 41 105859 95 0 0 80291 1 25568 94 50 52 50 52 39 41 105859 95 0 0 80291 1 25568 94 50 52 50 52 39 41 105859 95 0 0 80291 1 25568 94 50 52 50 52 39 41 105859 95 0 0 80291 1 25568 94 50 52 50 52 39 41 105859 95 0 0 80291 1 25568 94
211 0 1000 0 0 1000 0 1000 50 52 50 52 40 42 0 0 0 0 0 0 0 0 50 52 50 52 40 42 0 0 0 0 0 0 0 0 50 52 50 52 40 42 0 0 0 0 0 0 0 0 50 52 50 52 40 42 0 0 0 0 0 0 0 0 50 52 50 52 40 42 0 0 0 0 0 0 0 0 50 52 50 52 40 42 0 0 0 0 0 0 0 0
212 0 1000 0 0 1000 0 1000 50 52 50 52 40 42 0 0 0 0 0 0 0 0 50 52 50 52 40 42 0 0 0 0 0 0 0 0 50 52 50 52 40 42 0 0 0 0 0 0 0 0 50 52 50 52 40 42 0 0 0 0 0 0 0 0 50 52 50 52 40 42 0 0 0 0 0 0 0 0 50 52 50 52 40 42 0 0 0 0 0 0 0 0
213 0 1000 0 0 1000 0 1000 50 52 50 52 40 42 83447 1 83447 1 0 0 0 0 50 52 50 52 40 42 83447 1 83447 1 0 0 0 0 50 52 50 52 40 42 83447 1 83447 1 0 0 0 0 50 52 50 52 40 42 83447 1 83447 1 0 0 0 0 50 52 50 52 40 42 83447 1 83447 1 0 0 0 0 50 52 50 52 40 42 83447 1 83447 1 0 0 0 0
214 0 1000 0 0 1000 0 1000 51 53 51 53 40 42 105315 93 0 0 80291 1 25024 92 51 53 51 53 40 42 105315 93 0 0 80291 1 25024 92 51 53 51 53 40 42 105315 93 0 0 80291 1 25024 92 51 53 51 53 40 42 105315 93 0 0 80291 1 25024 92 51 53 51 53 40 42 105315 93 0 0 80291 1 25024 92 51 53 51 53 40 42 105315 93 0 0 80291 1 25024 92
215 0 1000 0 0 1000 0 1000 51 53 51 53 41 43 0 0 0 0 0 0 0 0 51 53 51 53 41 43 0 0 0 0 0 0 0 0 51 53 51 53 41 43 0 0 0 0 0 0 0 0 51 53 51 53 41 43 0 0 0 0 0 0 0 0 51 53 51 53 41 43 0 0 0 0 0 0 0 0 51 53 51 53 41 43 0 0 0 0 0 0 0 0
216 0 1000 0 0 1000 0 1000 51 53 51 53 41 43 0 0 0 0 0 0 0 0 51 53 51 53 41 43 0 0 0 0 0 0 0 0 51 53 51 53 41 43 0 0 0 0 0 0 0 0 51 53 51 53 41 43 0 0 0 0 0 0 0 0 51 53 51 53 41 43 0 0 0 0 0 0 0 0 51 53 51 53 41 43 0 0 0 0 0 0 0 0
217 0 1000 0 0 1000 0 1000 51 53 51 53 41 43 583679 7 583679 7 0 0 0 0 51 53 51 53 41 43 583679 7 583679 7 0 0 0 0 51 53 51 53 41 43 583679 7 583679 7 0 0 0 0 51 53 51 53 41 43 583679 7 583679 7 0 0 0 0 51 53 51 53 41 43 583679 7 583679 7 0 0 0 0 51 53 51 53 41 43 583679 7 583679 7 0 0 0 0
218 0 1000 0 0 1000 0 1000 52 54 52 54 41 43 108851 106 0 0 80291 1 28560 105 52 54 52 54 41 43 108851 106 0 0 80291 1 28560 105 52 54 52 54 41 43 108851 106 0 0 80291 1 28560 105 52 54 52 54 41 43 108851 106 0 0 80291 1 28560 105 52 54 52 54 41 43 108851 106 0 0 80291 1 28560 105 52 54 52 54 41 43 108851 106 0 0 80291 1 28560 105
219 0 1000 0 0 1000 0 1000 52 54 52 54 42 44 0 0 0 0 0 0 0 0 52 54 52 54 42 44 0 0 0 0 0 0 0 0 52 54 52 54 42 44 0 0 0 0 0 0 0 0 52 54 52 54 42 44 0 0 0 0 0 0 0 0 52 54 52 54 42 44 0 0 0 0 0 0 0 0 52 54 52 54 42 44 0 0 0 0 0 0 0 0
220 0 1000 0 0 1000 0 1000 52 54 52 54 42 44 0 0 0 0 0 0 0 0 52 54 52 54 42 44 0 0 0 0 0 0 0 0 52 54 52 54 42 44 0 0 0 0 0 0 0 0 52 54 52 54 42 44 0 0 0 0 0 0 0 0 52 54 52 54 42 44 0 0 0 0 0 0 0 0 52 54 52 54 42 44 0 0 0 0 0 0 0 0
221 0 1000 0 0 1000 0 1000 52 54 52 54 42 44 0 0 0 0 0 0 0 0 52 54 52 54 42 44 0 0 0 0 0 0 0 0 52 54 52 54 42 44 0 0 0 0 0 0 0 0 52 54 52 54 42 44 0 0 0 0 0 0 0 0 52 54 52 54 42 44 0 0 0 0 0 0 0 0 52 54 52 54 42 44 0 0 0 0 0 0 0 0
222 0 1000 0 0 1000 0 1000 52 54 52 54 42 44 26384 97 0 0 0 0 26384 97 52 54 52 54 42 44 26384 97 0 0 0 0 26384 97 52 54 52 54 42 44 26384 97 0 0 0 0 26384 97 52 54 52 54 42 44 26384 97 0 0 0 0 26384 97 52 54 52 54 42 44 26384 97 0 0 0 0 26384 97 52 54 52 54 42 44 26384 97 0 0 0 0 26384 97
223 0 1000 0 0 1000 0 1000 52 54 52 54 43 45 0 0 0 0 0 0 0 0 52 54 52 54 43 45 0 0 0 0 0 0 0 0 52 54 52 54 43 45 0 0 0 0 0 0 0 0 52 54 52 54 43 45 0 0 0 0 0 0 0 0 52 54 52 54 43 45 0 0 0 0 0 0 0 0 52 54 52 54 43 45 0 0 0 0 0 0 0 0
224 0 1000 0 0 1000 0 1000 52 54 52 54 43 45 0 0 0 0 0 0 0 0 52 54 52 54 43 45 0 0 0 0 0 0 0 0 52 54 52 54 43 45 0 0 0 0 0 0 0 0 52 54 52 54 43 45 0 0 0 0 0 0 0 0 52 54 52 54 43 45 0 0 0 0 0 0 0 0 52 54 52 54 43 45 0 0 0 0 0 0 0 0
225 0 1000 0 0 1000 0 1000 52 54 52 54 43 45 250629 3 250629 3 0 0 0 0 52 54 52 54 43 45 250629 3 250629 3 0 0 0 0 52 54 52 54 43 45 250629 3 250629 3 0 0 0 0 52 54 52 54 43 45 250629 3 250629 3 0 0 0 0 52 54 52 54 43 45 250629 3 250629 3 0 0 0 0 52 54 52 54 43 45 250629 3 250629 3 0 0 0 0
226 0 1000 0 0 1000 0 1000 53 56 53 56 43 45 108035 103 0 0 80291 1 27744 102 53 56 53 56 43 45 108035 103 0 0 80291 1 27744 102 53 56 53 56 43 45 108035 103 0 0 80291 1 27744 102 53 56 53 56 43 45 108035 103 0 0 80291 1 27744 102 53 56 53 56 43 45 108035 103 0 0 80291 1 27744 102 53 56 53 56 43 45 108035 103 0 0 80291 1 27744 102
227 0 1000 0 0 1000 0 1000 53 56 53 56 44 46 0 0 0 0 0 0 0 0 53 56 53 56 44 46 0 0 0 0 0 0 0 0 53 56 53 56 44 46 0 0 0 0 0 0 0 0 53 56 53 56 44 46 0 0 0 0 0 0 0 0 53 56 53 56 44 46 0 0 0 0 0 0 0 0 53 56 53 56 44 46 0 0 0 0 0 0 0 0
228 0 1000 0 0 1000 0 1000 53 56 53 56 44 46 0 0 0 0 0 0 0 0 53 56 53 56 44 46 0 0 0 0 0 0 0 0 53 56 53 56 44 46 0 0 0 0 0 0 0 0 53 56 53 56 44 46 0 0 0 0 0 0 0 0 53 56 53 56 44 46 0 0 0 0 0 0 0 0 53 56 53 56 44 46 0 0 0 0 0 0 0 0
229 0 1000 0 0 1000 0 1000 53 56 53 56 44 46 251109 3 251109 3 0 0 0 0 53 56 53 56 44 46 251109 3 251109 3 0 0 0 0 53 56 53 56 44 46 251109 3 251109 3 0 0 0 0 53 56 53 56 44 46 251109 3 251109 3 0 0 0 0 53 56 53 56 44 46 251109 3 251109 3 0 0 0 0 53 56 53 56 44 46 251109 3 251109 3 0 0 0 0
230 0 1000 0 0 1000 0 1000 54 57 54 57 44 46 107491 101 0 0 80291 1 27200 100 54 57 54 57 44 46 107491 101 0 0 80291 1 27200 100 54 57 54 57 44 46 107491 101 0 0 80291 1 27200 100 54 57 54 57 44 46 107491 101 0 0 80291 1 27200 100 54 57 54 57 44 46 107491 101 0 0 80291 1 27200 100 54 57 54 57 44 46 107491 101 0 0 80291 1 27200 100
231 0 1000 0 0 1000 0 1000 54 57 54 57 45 47 0 0 0 0 0 0 0 0 54 57 54 57 45 47 0 0 0 0 0 0 0 0 54 57 54 57 45 47 0 0 0 0 0 0 0 0 54 57 54 57 45 47 0 0 0 0 0 0 0 0 54 57 54 57 45 47 0 0 0 0 0 0 0 0 54 57 54 57 45 47 0 0 0 0 0 0 0 0
232 0 1000 0 0 1000 0 1000 54 57 54 57 45 47 0 0 0 0 0 0 0 0 54 57 54 57 45 47 0 0 0 0 0 0 0 0 54 57 54 57 45 47 0 0 0 0 0 0 0 0 54 57 54 57 45 47 0 0 0 0 0 0 0 0 54 57 54 57 45 47 0 0 0 0 0 0 0 0 54 57 54 57 45 47 0 0 0 0 0 0 0 0
233 0 1000 0 0 1000 0 1000 54 57 54 57 45 47 83639 1 83639 1 0 0 0 0 54 57 54 57 45 47 83639 1 83639 1 0 0 0 0 54 57 54 57 45 47 83639 1 83639 1 0 0 0 0 54 57 54 57 45 47 83639 1 83639 1 0 0 0 0 54 57 54 57 45 47 83639 1 83639 1 0 0 0 0 54 57 54 57 45 47 83639 1 83639 1 0 0 0 0
234 0 1000 0 0 1000 0 1000 55 58 55 58 45 47 109123 107 0 0 80291 1 28832 106 55 58 55 58 45 47 109123 107 0 0 80291 1 28832 106 55 58 55 58 45 47 109123 107 0 0 80291 1 28832 106 55 58 55 58 45 47 109123 107 0 0 80291 1 28832 106 55 58 55 58 45 47 109123 107 0 0 80291 1 28832 106 55 58 55 58 45 47 109123 107 0 0 80291 1 28832 106
235 0 1000 0 0 1000 0 1000 55 58 55 58 46 48 0 0 0 0 0 0 0 0 55 58 55 58 46 48 0 0 0 0 0 0 0 0 55 58 55 58 46 48 0 0 0 0 0 0 0 0 55 58 55 58 46 48 0 0 0 0 0 0 0 0 55 58 55 58 46 48 0 0 0 0 0 0 0 0 55 58 55 58 46 48 0 0 0 0 0 0 0 0
236 0 1000 0 0 1000 0 1000 55 58 55 58 46 48 0 0 0 0 0 0 0 0 55 58 55 58 46 48 0 0 0 0 0 0 0 0 55 58 55 58 46 48 0 0 0 0 0 0 0 0 55 58 55 58 46 48 0 0 0 0 0 0 0 0 55 58 55 58 46 48 0 0 0 0 0 0 0 0 55 58 55 58 46 48 0 0 0 0 0 0 0 0
237 0 1000 0 0 1000 0 1000 55 58 55 58 46 48 251493 3 251493 3 0 0 0 0 55 58 55 58 46 48 251493 3 251493 3 0 0 0 0 55 58 55 58 46 48 251493 3 251493 3 0 0 0 0 55 58 55 58 46 48 251493 3 251493 3 0 0 0 0 55 58 55 58 46 48 251493 3 251493 3 0 0 0 0 55 58 55 58 46 48 251493 3 251493 3 0 0 0 0
238 0 1000 0 0 1000 0 1000 56 59 56 59 46 48 105859 95 0 0 80291 1 25568 94 56 59 56 59 46 48 105859 95 0 0 80291 1 25568 94 56 59 56 59 46 48 105859 95 0 0 80291 1 25568 94 56 59 56 59 46 48 105859 95 0 0 80291 1 25568 94 56 59 56 59 46 48 105859 95 0 0 80291 1 25568 94 56 59 56 59 46 48 105859 95 0 0 80291 1 25568 94
239 0 1000 0 0 1000 0 1000 56 59 56 59 47 49 0 0 0 0 0 0 0 0 56 59 56 59 47 49 0 0 0 0 0 0 0 0 56 59 56 59 47 49 0 0 0 0 0 0 0 0 56 59 56 59 47 49 0 0 0 0 0 0 0 0 56 59 56 59 47 49 0 0 0 0 0 0 0 0 56 59 56 59 47 49 0 0 0 0 0 0 0 0
240 0 1000 0 0 1000 0 1000 56 59 56 59 47 49 0 0 0 0 0 0 0 0 56 59 56 59 47 49 0 0 0 0 0 0 0 0 56 59 56 59 47 49 0 0 0 0 0 0 0 0 56 59 56 59 47 49 0 0 0 0 0 0 0 0 56 59 56 59 47 49 0 0 0 0 0 0 0 0 56 59 56 59 47 49 0 0 0 0 0 0 0 0
241 0 1000 0 0 1000 0 1000 56 59 56 59 47 49 83447 1 83447 1 0 0 0 0 56 59 56 59 47 49 83447 1 83447 1 0 0 0 0 56 59 56 59 47 49 83447 1 83447 1 0 0 0 0 56 59 56 59 47 49 83447 1 83447 1 0 0 0 0 56 59 56 59 47 49 83447 1 83447 1 0 0 0 0 56 59 56 59 47 49 83447 1 83447 1 0 0 0 0
242 0 1000 0 0 1000 0 1000 57 60 57 60 47 49 104771 91 0 0 80291 1 24480 90 57 60 57 60 47 49 104771 91 0 0 80291 1 24480 90 57 60 57 60 47 49 104771 91 0 0 80291 1 24480 90 57 60 57 60 47 49 104771 91 0 0 80291 1 24480 90 57 60 57 60 47 49 104771 91 0 0 80291 1 24480 90 57 60 57 60 47 49 104771 91 0 0 80291 1 24480 90
243 0 1000 0 0 1000 0 1000 57 60 57 60 48 50 0 0 0 0 0 0 0 0 57 60 57 60 48 50 0 0 0 0 0 0 0 0 57 60 57 60 48 50 0 0 0 0 0 0 0 0 57 60 57 60 48 50 0 0 0 0 0 0 0 0 57 60 57 60 48 50 0 0 0 0 0 0 0 0 57 60 57 60 48 50 0 0 0 0 0 0 0 0
244 0 1000 0 0 1000 0 1000 57 60 57 60 48 50 0 0 0 0 0 0 0 0 57 60 57 60 48 50 0 0 0 0 0 0 0 0 57 60 57 60 48 50 0 0 0 0 0 0 0 0 57 60 57 60 48 50 0 0 0 0 0 0 0 0 57 60 57 60 48 50 0 0 0 0 0 0 0 0 57 60 57 60 48 50 0 0 0 0 0 0 0 0
245 0 1000 0 0 1000 0 1000 57 60 57 60 48 50 166638 2 166638 2 0 0 0 0 57 60 57 60 48 50 166638 2 166638 2 0 0 0 0 57 60 57 60 48 50 166638 2 166638 2 0 0 0 0 57 60 57 60 48 50 166638 2 166638 2 0 0 0 0 57 60 57 60 48 50 166638 2 166638 2 0 0 0 0 57 60 57 60 48 50 166638 2 166638 2 0 0 0 0
246 0 1000 0 0 1000 0 1000 58 61 58 61 48 50 104771 91 0 0 80291 1 24480 90 58 61 58 61 48 50 104771 91 0 0 80291 1 24480 90 58 61 58 61 48 50 104771 91 0 0 80291 1 24480 90 58 61 58 61 48 50 104771 91 0 0 80291 1 24480 90 58 61 58 61 48 50 104771 91 0 0 80291 1 24480 90 58 61 58 61 48 50 104771 91 0 0 80291 1 24480 90
247 0 1000 0 0 1000 0 1000 58 61 58 61 49 51 0 0 0 0 0 0 0 0 58 61 58 61 49 51 0 0 0 0 0 0 0 0 58 61 58 61 49 51 0 0 0 0 0 0 0 0 58 61 58 61 49 51 0 0 0 0 0 0 0 0 58 61 58 61 49 51 0 0 0 0 0 0 0 0 58 61 58 61 49 51 0 0 0 0 0 0 0 0
248 0 1000 0 0 1000 0 1000 58 61 58 61 49 51 0 0 0 0 0 0 0 0 58 61 58 61 49 51 0 0 0 0 0 0 0 0 58 61 58 61 49 51 0 0 0 0 0 0 0 0 58 61 58 61 49 51 0 0 0 0 0 0 0 0 58 61 58 61 49 51 0 0 0 0 0 0 0 0 58 61 58 61 49 51 0 0 0 0 0 0 0 0
249 0 1000 0 0 1000 0 1000 58 61 58 61 49 51 0 0 0 0 0 0 0 0 58 61 58 61 49 51 0 0 0 0 0 0 0 0 58 61 58 61 49 51 0 0 0 0 0 0 0 0 58 61 58 61 49 51 0 0 0 0 0 0 0 0 58 61 58 61 49 51 0 0 0 0 0 0 0 0 58 61 58 61 49 51 0 0 0 0 0 0 0 0
250 0 1000 0 0 1000 0 1000 58 61 58 61 49 51 26384 97 0 0 0 0 26384 97 58 61 58 61 49 51 26384 97 0 0 0 0 26384 97 58 61 58 61 49 51 26384 97 0 0 0 0 26384 97 58 61 58 61 49 51 26384 97 0 0 0 0 26384 97 58 61 58 61 49 51 26384 97 0 0 0 0 26384 97 58 61 58 61 49 51 26384 97 0 0 0 0 26384 97
251 0 1000 0 0 1000 0 1000 58 61 58 61 50 52 0 0 0 0 0 0 0 0 58 61 58 61 50 52 0 0 0 0 0 0 0 0 58 61 58 61 50 52 0 0 0 0 0 0 0 0 58 61 58 61 50 52 0 0 0 0 0 0 0 0 58 61 58 61 50 52 0 0 0 0 0 0 0 0 58 61 58 61 50 52 0 0 0 0 0 0 0 0
252 0 1000 0 0 1000 0 1000 58 61 58 61 50 52 0 0 0 0 0 0 0 0 58 61 58 61 50 52 0 0 0 0 0 0 0 0 58 61 58 61 50 52 0 0 0 0 0 0 0 0 58 61 58 61 50 52 0 0 0 0 0 0 0 0 58 61 58 61 50 52 0 0 0 0 0 0 0 0 58 61 58 61 50 52 0 0 0 0 0 0 0 0
253 0 1000 0 0 1000 0 1000 58 61 58 61 50 52 167086 2 167086 2 0 0 0 0 58 61 58 61 50 52 167086 2 167086 2 0 0 0 0 58 61 58 61 50 52 167086 2 167086 2 0 0 0 0 58 61 58 61 50 52 167086 2 167086 2 0 0 0 0 58 61 58 61 50 52 167086 2 167086 2 0 0 0 0 58 61 58 61 50 52 167086 2 167086 2 0 0 0 0
254 0 1000 0 0 1000 0 1000 59 63 59 63 50 52 110483 112 0 0 80291 1 30192 111 59 63 59 63 50 52 110483 112 0 0 80291 1 30192 111 59 63 59 63 50 52 110483 112 0 0 80291 1 30192 111 59 63 59 63 50 52 110483 112 0 0 80291 1 30192 111 59 63 59 63 50 52 110483 112 0 0 80291 1 30192 111 59 63 59 63 50 52 110483 112 0 0 80291 1 30192 111
255 0 1000 0 0 1000 0 1000 59 63 59 63 51 53 0 0 0 0 0 0 0 0 59 63 59 63 51 53 0 0 0 0 0 0 0 0 59 63 59 63 51 53 0 0 0 0 0 0 0 0 59 63 59 63 51 53 0 0 0 0 0 0 0 0 59 63 59 63 51 53 0 0 0 0 0 0 0 0 59 63 59 63 51 53 0 0 0 0 0 0 0 0
256 0 1000 0 0 1000 0 1000 59 63 59 63 51 53 0 0 0 0 0 0 0 0 59 63 59 63 51 53 0 0 0 0 0 0 0 0 59 63 59 63 51 53 0 0 0 0 0 0 0 0 59 63 59 63 51 53 0 0 0 0 0 0 0 0 59 63 59 63 51 53 0 0 0 0 0 0 0 0 59 63 59 63 51 53 0 0 0 0 0 0 0 0
257 0 1000 0 0 1000 0 1000 59 63 59 63 51 53 83991 1 83991 1 0 0 0 0 59 63 59 63 51 53 83991 1 83991 1 0 0 0 0 59 63 59 63 51 53 83991 1 83991 1 0 0 0 0 59 63 59 63 51 53 83991 1 83991 1 0 0 0 0 59 63 59 63 51 53 83991 1 83991 1 0 0 0 0 59 63 59 63 51 53 83991 1 83991 1 0 0 0 0
258 0 1000 0 0 1000 0 1000 60 64 60 64 51 53 106403 97 0 0 80291 1 26112 96 60 64 60 64 51 53 106403 97 0 0 80291 1 26112 96 60 64 60 64 51 53 106403 97 0 0 80291 1 26112 96 60 64 60 64 51 53 106403 97 0 0 80291 1 26112 96 60 64 60 64 51 53 106403 97 0 0 80291 1 26112 96 60 64 60 64 51 53 106403 97 0 0 80291 1 26112 96
259 0 1000 0 0 1000 0 1000 60 64 60 64 52 54 0 0 0 0 0 0 0 0 60 64 60 64 52 54 0 0 0 0 0 0 0 0 60 64 60 64 52 54 0 0 0 0 0 0 0 0 60 64 60 64 52 54 0 0 0 0 0 0 0 0 60 64 60 64 52 54 0 0 0 0 0 0 0 0 60 64 60 64 52 54 0 0 0 0 0 0 0 0
260 0 1000 0 0 1000 0 1000 60 64 60 64 52 54 0 0 0 0 0 0 0 0 60 64 60 64 52 54 0 0 0 0 0 0 0 0 60 64 60 64 52 54 0 0 0 0 0 0 0 0 60 64 60 64 52 54 0 0 0 0 0 0 0 0 60 64 60 64 52 54 0 0 0 0 0 0 0 0 60 64 60 64 52 54 0 0 0 0 0 0 0 0
261 0 1000 0 0 1000 0 1000 60 64 60 64 52 54 250533 3 250533 3 0 0 0 0 60 64 60 64 52 54 250533 3 250533 3 0 0 0 0 60 64 60 64 52 54 250533 3 250533 3 0 0 0 0 60 64 60 64 52 54 250533 3 250533 3 0 0 0 0 60 64 60 64 52 54 250533 3 250533 3 0 0 0 0 60 64 60 64 52 54 250533 3 250533 3 0 0 0 0
262 0 1000 0 0 1000 0 1000 61 65 61 65 52 54 108851 106 0 0 80291 1 28560 105 61 65 61 65 52 54 108851 106 0 0 80291 1 28560 105 61 65 61 65 52 54 108851 106 0 0 80291 1 28560 105 61 65 61 65 52 54 108851 106 0 0 80291 1 28560 105 61 65 61 65 52 54 108851 106 0 0 80291 1 28560 105 61 65 61 65 52 54 108851 106 0 0 80291 1 28560 105
263 0 1000 0 0 1000 0 1000 61 65 61 65 52 54 0 0 0 0 0 0 0 0 61 65 61 65 52 54 0 0 0 0 0 0 0 0 61 65 61 65 52 54 0 0 0 0 0 0 0 0 61 65 61 65 52 54 0 0 0 0 0 0 0 0 61 65 61 65 52 54 0 0 0 0 0 0 0 0 61 65 61 65 52 54 0 0 0 0 0 0 0 0
264 0 1000 0 0 1000 0 1000 61 65 61 65 52 54 0 0 0 0 0 0 0 0 61 65 61 65 52 54 0 0 0 0 0 0 0 0 61 65 61 65 52 54 0 0 0 0 0 0 0 0 61 65 61 65 52 54 0 0 0 0 0 0 0 0 61 65 61 65 52 54 0 0 0 0 0 0 0 0 61 65 61 65 52 54 0 0 0 0 0 0 0 0
265 0 1000 0 0 1000 0 1000 61 65 61 65 52 54 0 0 0 0 0 0 0 0 61 65 61 65 52 54 0 0 0 0 0 0 0 0 61 65 61 65 52 54 0 0 0 0 0 0 0 0 61 65 61 65 52 54 0 0 0 0 0 0 0 0 61 65 61 65 52 54 0 0 0 0 0 0 0 0 61 65 61 65 52 54 0 0 0 0 0 0 0 0
266 0 1000 0 0 1000 0 1000 61 65 61 65 52 54 28288 104 0 0 0 0 28288 104 61 65 61 65 52 54 28288 104 0 0 0 0 28288 104 61 65 61 65 52 54 28288 104 0 0 0 0 28288 104 61 65 61 65 52 54 28288 104 0 0 0 0 28288 104 61 65 61 65 52 54 28288 104 0 0 0 0 28288 104 61 65 61 65 52 54 28288 104 0 0 0 0 28288 104
267 0 1000 0 0 1000 0 1000 61 65 61 65 53 56 0 0 0 0 0 0 0 0 61 65 61 65 53 56 0 0 0 0 0 0 0 0 61 65 61 65 53 56 0 0 0 0 0 0 0 0 61 65 61 65 53 56 0 0 0 0 0 0 0 0 61 65 61 65 53 56 0 0 0 0 0 0 0 0 61 65 61 65 53 56 0 0 0 0 0 0 0 0
268 0 1000 0 0 1000 0 1000 61 65 61 65 53 56 0 0 0 0 0 0 0 0 61 65 61 65 53 56 0 0 0 0 0 0 0 0 61 65 61 65 53 56 0 0 0 0 0 0 0 0 61 65 61 65 53 56 0 0 0 0 0 0 0 0 61 65 61 65 53 56 0 0 0 0 0 0 0 0 61 65 61 65 53 56 0 0 0 0 0 0 0 0
269 0 1000 0 0 1000 0 1000 61 65 61 65 53 56 0 0 0 0 0 0 0 0 61 65 61 65 53 56 0 0 0 0 0 0 0 0 61 65 61 65 53 56 0 0 0 0 0 0 0 0 61 65 61 65 53 56 0 0 0 0 0 0 0 0 61 65 61 65 53 56 0 0 0 0 0 0 0 0 61 65 61 65 53 56 0 0 0 0 0 0 0 0
270 0 1000 0 0 1000 0 1000 61 65 61 65 53 56 23392 86 0 0 0 0 23392 86 61 65 61 65 53 56 23392 86 0 0 0 0 23392 86 61 65 61 65 53 56 23392 86 0 0 0 0 23392 86 61 65 61 65 53 56 23392 86 0 0 0 0 23392 86 61 65 61 65 53 56 23392 86 0 0 0 0 23392 86 61 65 61 65 53 56 23392 86 0 0 0 0 23392 86
271 0 1000 0 0 1000 0 1000 61 65 61 65 54 57 0 0 0 0 0 0 0 0 61 65 61 65 54 57 0 0 0 0 0 0 0 0 61 65 61 65 54 57 0 0 0 0 0 0 0 0 61 65 61 65 54 57 0 0 0 0 0 0 0 0 61 65 61 65 54 57 0 0 0 0 0 0 0 0 61 65 61 65 54 57 0 0 0 0 0 0 0 0
272 0 1000 0 0 1000 0 1000 61 65 61 65 54 57 0 0 0 0 0 0 0 0 61 65 61 65 54 57 0 0 0 0 0 0 0 0 61 65 61 65 54 57 0 0 0 0 0 0 0 0 61 65 61 65 54 57 0 0 0 0 0 0 0 0 61 65 61 65 54 57 0 0 0 0 0 0 0 0 61 65 61 65 54 57 0 0 0 0 0 0 0 0
273 0 1000 0 0 1000 0 1000 61 65 61 65 54 57 166382 2 166382 2 0 0 0 0 61 65 61 65 54 57 166382 2 166382 2 0 0 0 0 61 65 61 65 54 57 166382 2 166382 2 0 0 0 0 61 65 61 65 54 57 166382 2 166382 2 0 0 0 0 61 65 61 65 54 57 166382 2 166382 2 0 0 0 0 61 65 61 65 54 57 166382 2 166382 2 0 0 0 0
274 0 1000 0 0 1000 0 1000 62 68 62 68 54 57 102867 84 0 0 80291 1 22576 83 62 68 62 68 54 57 102867 84 0 0 80291 1 22576 83 62 68 62 68 54 57 102867 84 0 0 80291 1 22576 83 62 68 62 68 54 57 102867 84 0 0 80291 1 22576 83 62 68 62 68 54 57 102867 84 0 0 80291 1 22576 83 62 68 62 68 54 57 102867 84 0 0 80291 1 22576 83
275 0 1000 0 0 1000 0 1000 62 68 62 68 55 58 0 0 0 0 0 0 0 0 62 68 62 68 55 58 0 0 0 0 0 0 0 0 62 68 62 68 55 58 0 0 0 0 0 0 0 0 62 68 62 68 55 58 0 0 0 0 0 0 0 0 62 68 62 68 55 58 0 0 0 0 0 0 0 0 62 68 62 68 55 58 0 0 0 0 0 0 0 0
276 0 1000 0 0 1000 0 1000 62 68 62 68 55 58 0 0 0 0 0 0 0 0 62 68 62 68 55 58 0 0 0 0 0 0 0 0 62 68 62 68 55 58 0 0 0 0 0 0 0 0 62 68 62 68 55 58 0 0 0 0 0 0 0 0 62 68 62 68 55 58 0 0 0 0 0 0 0 0 62 68 62 68 55 58 0 0 0 0 0 0 0 0
277 0 1000 0 0 1000 0 1000 62 68 62 68 55 58 166190 2 166190 2 0 0 0 0 62 68 62 68 55 58 166190 2 166190 2 0 0 0 0 62 68 62 68 55 58 166190 2 166190 2 0 0 0 0 62 68 62 68 55 58 166190 2 166190 2 0 0 0 0 62 68 62 68 55 58 166190 2 166190 2 0 0 0 0 62 68 62 68 55 58 166190 2 166190 2 0 0 0 0
278 0 1000 0 0 1000 0 1000 63 69 63 69 55 58 105315 93 0 0 80291 1 25024 92 63 69 63 69 55 58 105315 93 0 0 80291 1 25024 92 63 69 63 69 55 58 105315 93 0 0 80291 1 25024 92 63 69 63 69 55 58 105315 93 0 0 80291 1 25024 92 63 69 63 69 55 58 105315 93 0 0 80291 1 25024 92 63 69 63 69 55 58 105315 93 0 0 80291 1 25024 92
279 0 1000 0 0 1000 0 1000 63 69 63 69 56 59 0 0 0 0 0 0 0 0 63 69 63 69 56 59 0 0 0 0 0 0 0 0 63 69 63 69 56 59 0 0 0 0 0 0 0 0 63 69 63 69 56 59 0 0 0 0 0 0 0 0 63 69 63 69 56 59 0 0 0 0 0 0 0 0 63 69 63 69 56 59 0 0 0 0 0 0 0 0
280 0 1000 0 0 1000 0 1000 63 69 63 69 56 59 0 0 0 0 0 0 0 0 63 69 63 69 56 59 0 0 0 0 0 0 0 0 63 69 63 69 56 59 0 0 0 0 0 0 0 0 63 69 63 69 56 59 0 0 0 0 0 0 0 0 63 69 63 69 56 59 0 0 0 0 0 0 0 0 63 69 63 69 56 59 0 0 0 0 0 0 0 0
281 0 1000 0 0 1000 0 1000 63 69 63 69 56 59 250148 3 250148 3 0 0 0 0 63 69 63 69 56 59 250148 3 250148 3 0 0 0 0 63 69 63 69 56 59 250148 3 250148 3 0 0 0 0 63 69 63 69 56 59 250148 3 250148 3 0 0 0 0 63 69 63 69 56 59 250148 3 250148 3 0 0 0 0 63 69 63 69 56 59 250148 3 250148 3 0 0 0 0
282 0 1000 0 0 1000 0 1000 64 70 64 70 56 59 107762 102 0 0 80290 1 27472 101 64 70 64 70 56 59 107762 102 0 0 80290 1 27472 101 64 70 64 70 56 59 107762 102 0 0 80290 1 27472 101 64 70 64 70 56 59 107762 102 0 0 80290 1 27472 101 64 70 64 70 56 59 107762 102 0 0 80290 1 27472 101 64 70 64 70 56 59 107762 102 0 0 80290 1 27472 101
283 0 1000 0 0 1000 0 1000 64 70 64 70 57 60 0 0 0 0 0 0 0 0 64 70 64 70 57 60 0 0 0 0 0 0 0 0 64 70 64 70 57 60 0 0 0 0 0 0 0 0 64 70 64 70 57 60 0 0 0 0 0 0 0 0 64 70 64 70 57 60 0 0 0 0 0 0 0 0 64 70 64 70 57 60 0 0 0 0 0 0 0 0
284 0 1000 0 0 1000 0 1000 64 70 64 70 57 60 0 0 0 0 0 0 0 0 64 70 64 70 57 60 0 0 0 0 0 0 0 0 64 70 64 70 57 60 0 0 0 0 0 0 0 0 64 70 64 70 57 60 0 0 0 0 0 0 0 0 64 70 64 70 57 60 0 0 0 0 0 0 0 0 64 70 64 70 57 60 0 0 0 0 0 0 0 0
285 0 1000 0 0 1000 0 1000 64 70 64 70 57 60 167342 2 167342 2 0 0 0 0 64 70 64 70 57 60 167342 2 167342 2 0 0 0 0 64 70 64 70 57 60 167342 2 167342 2 0 0 0 0 64 70 64 70 57 60 167342 2 167342 2 0 0 0 0 64 70 64 70 57 60 167342 2 167342 2 0 0 0 0 64 70 64 70 57 60 167342 2 167342 2 0 0 0 0
286 0 1000 0 0 1000 0 1000 65 71 65 71 57 60 108035 103 0 0 80291 1 27744 102 65 71 65 71 57 60 108035 103 0 0 80291 1 27744 102 65 71 65 71 57 60 108035 103 0 0 80291 1 27744 102 65 71 65 71 57 60 108035 103 0 0 80291 1 27744 102 65 71 65 71 57 60 108035 103 0 0 80291 1 27744 102 65 71 65 71 57 60 108035 103 0 0 80291 1 27744 102
287 0 1000 0 0 1000 0 1000 65 71 65 71 58 61 0 0 0 0 0 0 0 0 65 71 65 71 58 61 0 0 0 0 0 0 0 0 65 71 65 71 58 61 0 0 0 0 0 0 0 0 65 71 65 71 58 61 0 0 0 0 0 0 0 0 65 71 65 71 58 61 0 0 0 0 0 0 0 0 65 71 65 71 58 61 0 0 0 0 0 0 0 0
288 0 1000 0 0 1000 0 1000 65 71 65 71 58 61 0 0 0 0 0 0 0 0 65 71 65 71 58 61 0 0 0 0 0 0 0 0 65 71 65 71 58 61 0 0 0 0 0 0 0 0 65 71 65 71 58 61 0 0 0 0 0 0 0 0 65 71 65 71 58 61 0 0 0 0 0 0 0 0 65 71 65 71 58 61 0 0 0 0 0 0 0 0
289 0 1000 0 0 1000 0 1000 65 71 65 71 58 61 167405 2 167405 2 0 0 0 0 65 71 65 71 58 61 167405 2 167405 2 0 0 0 0 65 71 65 71 58 61 167405 2 167405 2 0 0 0 0 65 71 65 71 58 61 167405 2 167405 2 0 0 0 0 65 71 65 71 58 61 167405 2 167405 2 0 0 0 0 65 71 65 71 58 61 167405 2 167405 2 0 0 0 0
290 0 1000 0 0 1000 0 1000 66 72 66 72 58 61 105043 92 0 0 80291 1 24752 91 66 72 66 72 58 61 105043 92 0 0 80291 1 24752 91 66 72 66 72 58 61 105043 92 0 0 80291 1 24752 91 66 72 66 72 58 61 105043 92 0 0 80291 1 24752 91 66 72 66 72 58 61 105043 92 0 0 80291 1 24752 91 66 72 66 72 58 61 105043 92 0 0 80291 1 24752 91
291 0 1000 0 0 1000 0 1000 66 72 66 72 58 61 0 0 0 0 0 0 0 0 66 72 66 72 58 61 0 0 0 0 0 0 0 0 66 72 66 72 58 61 0 0 0 0 0 0 0 0 66 72 66 72 58 61 0 0 0 0 0 0 0 0 66 72 66 72 58 61 0 0 0 0 0 0 0 0 66 72 66 72 58 61 0 0 0 0 0 0 0 0
292 0 1000 0 0 1000 0 1000 66 72 66 72 58 61 0 0 0 0 0 0 0 0 66 72 66 72 58 61 0 0 0 0 0 0 0 0 66 72 66 72 58 61 0 0 0 0 0 0 0 0 66 72 66 72 58 61 0 0 0 0 0 0 0 0 66 72 66 72 58 61 0 0 0 0 0 0 0 0 66 72 66 72 58 61 0 0 0 0 0 0 0 0
293 0 1000 0 0 1000 0 1000 66 72 66 72 58 61 250053 3 250053 3 0 0 0 0 66 72 66 72 58 61 250053 3 250053 3 0 0 0 0 66 72 66 72 58 61 250053 3 250053 3 0 0 0 0 66 72 66 72 58 61 250053 3 250053 3 0 0 0 0 66 72 66 72 58 61 250053 3 250053 3 0 0 0 0 66 72 66 72 58 61 250053 3 250053 3 0 0 0 0
294 0 1000 0 0 1000 0 1000 67 73 67 73 58 61 103683 87 0 0 80291 1 23392 86 67 73 67 73 58 61 103683 87 0 0 80291 1 23392 86 67 73 67 73 58 61 103683 87 0 0 80291 1 23392 86 67 73 67 73 58 61 103683 87 0 0 80291 1 23392 86 67 73 67 73 58 61 103683 87 0 0 80291 1 23392 86 67 73 67 73 58 61 103683 87 0 0 80291 1 23392 86
295 0 1000 0 0 1000 0 1000 67 73 67 73 59 63 0 0 0 0 0 0 0 0 67 73 67 73 59 63 0 0 0 0 0 0 0 0 67 73 67 73 59 63 0 0 0 0 0 0 0 0 67 73 67 73 59 63 0 0 0 0 0 0 0 0 67 73 67 73 59 63 0 0 0 0 0 0 0 0 67 73 67 73 59 63 0 0 0 0 0 0 0 0
296 0 1000 0 0 1000 0 1000 67 73 67 73 59 63 0 0 0 0 0 0 0 0 67 73 67 73 59 63 0 0 0 0 0 0 0 0 67 73 67 73 59 63 0 0 0 0 0 0 0 0 67 73 67 73 59 63 0 0 0 0 0 0 0 0 67 73 67 73 59 63 0 0 0 0 0 0 0 0 67 73 67 73 59 63 0 0 0 0 0 0 0 0
297 0 1000 0 0 1000 0 1000 67 73 67 73 59 63 166380 2 166380 2 0 0 0 0 67 73 67 73 59 63 166380 2 166380 2 0 0 0 0 67 73 67 73 59 63 166380 2 166380 2 0 0 0 0 67 73 67 73 59 63 166380 2 166380 2 0 0 0 0 67 73 67 73 59 63 166380 2 166380 2 0 0 0 0 67 73 67 73 59 63 166380 2 166380 2 0 0 0 0
298 0 1000 0 0 1000 0 1000 68 74 68 74 59 63 106131 96 0 0 80291 1 25840 95 68 74 68 74 59 63 106131 96 0 0 80291 1 25840 95 68 74 68 74 59 63 106131 96 0 0 80291 1 25840 95 68 74 68 74 59 63 106131 96 0 0 80291 1 25840 95 68 74 68 74 59 63 106131 96 0 0 80291 1 25840 95 68 74 68 74 59 63 106131 96 0 0 80291 1 25840 95
299 0 1000 0 0 1000 0 1000 68 74 68 74 60 64 0 0 0 0 0 0 0 0 68 74 68 74 60 64 0 0 0 0 0 0 0 0 68 74 68 74 60 64 0 0 0 0 0 0 0 0 68 74 68 74 60 64 0 0 0 0 0 0 0 0 68 74 68 74 60 64 0 0 0 0 0 0 0 0 68 74 68 74 60 64 0 0 0 0 0 0 0 0
300 0 1000 0 0 1000 0 1000 68 74 68 74 60 64 0 0 0 0 0 0 0 0 68 74 68 74 60 64 0 0 0 0 0 0 0 0 68 74 68 74 60 64 0 0 0 0 0 0 0 0 68 74 68 74 60 64 0 0 0 0 0 0 0 0 68 74 68 74 60 64 0 0 0 0 0 0 0 0 68 74 68 74 60 64 0 0 0 0 0 0 0 0
301 0 1000 0 0 1000 0 1000 68 74 68 74 60 64 250437 3 250437 3 0 0 0 0 68 74 68 74 60 64 250437 3 250437 3 0 0 0 0 68 74 68 74 60 64 250437 3 250437 3 0 0 0 0 68 74 68 74 60 64 250437 3 250437 3 0 0 0 0 68 74 68 74 60 64 250437 3 250437 3 0 0 0 0 68 74 68 74 60 64 250437 3 250437 3 0 0 0 0
302 0 1000 0 0 1000 0 1000 69 75 69 75 60 64 111571 116 0 0 80291 1 31280 115 69 75 69 75 60 64 111571 116 0 0 80291 1 31280 115 69 75 69 75 60 64 111571 116 0 0 80291 1 31280 115 69 75 69 75 60 64 111571 116 0 0 80291 1 31280 115 69 75 69 75 60 64 111571 116 0 0 80291 1 31280 115 69 75 69 75 60 64 111571 116 0 0 80291 1 31280 115
303 0 1000 0 0 1000 0 1000 69 75 69 75 61 65 0 0 0 0 0 0 0 0 69 75 69 75 61 65 0 0 0 0 0 0 0 0 69 75 69 75 61 65 0 0 0 0 0 0 0 0 69 75 69 75 61 65 0 0 0 0 0 0 0 0 69 75 69 75 61 65 0 0 0 0 0 0 0 0 69 75 69 75 61 65 0 0 0 0 0 0 0 0
