r n_asleep n_awake n_honest_asleep n_honest_dreamy n_honest_awake n_adversary n_all party0_ledger_best_length party0_ledger_best_age party0_ledger_fast_length party0_ledger_fast_age party0_ledger_slow_length party0_ledger_slow_age party0_comms_all_size party0_comms_all_count party0_comms_proposal_size party0_comms_proposal_count party0_comms_piece_block_size party0_comms_piece_block_count party0_comms_piece_vote_size party0_comms_piece_vote_count party1_ledger_best_length party1_ledger_best_age party1_ledger_fast_length party1_ledger_fast_age party1_ledger_slow_length party1_ledger_slow_age party1_comms_all_size party1_comms_all_count party1_comms_proposal_size party1_comms_proposal_count party1_comms_piece_block_size party1_comms_piece_block_count party1_comms_piece_vote_size party1_comms_piece_vote_count party2_ledger_best_length party2_ledger_best_age party2_ledger_fast_length party2_ledger_fast_age party2_ledger_slow_length party2_ledger_slow_age party2_comms_all_size party2_comms_all_count party2_comms_proposal_size party2_comms_proposal_count party2_comms_piece_block_size party2_comms_piece_block_count party2_comms_piece_vote_size party2_comms_piece_vote_count party3_ledger_best_length party3_ledger_best_age party3_ledger_fast_length party3_ledger_fast_age party3_ledger_slow_length party3_ledger_slow_age party3_comms_all_size party3_comms_all_count party3_comms_proposal_size party3_comms_proposal_count party3_comms_piece_block_size party3_comms_piece_block_count party3_comms_piece_vote_size party3_comms_piece_vote_count party4_ledger_best_length party4_ledger_best_age party4_ledger_fast_length party4_ledger_fast_age party4_ledger_slow_length party4_ledger_slow_age party4_comms_all_size party4_comms_all_count party4_comms_proposal_size party4_comms_proposal_count party4_comms_piece_block_size party4_comms_piece_block_count party4_comms_piece_vote_size party4_comms_piece_vote_count partyALWAYSAWAKE_ledger_best_length partyALWAYSAWAKE_ledger_best_age partyALWAYSAWAKE_ledger_fast_length partyALWAYSAWAKE_ledger_fast_age partyALWAYSAWAKE_ledger_slow_length partyALWAYSAWAKE_ledger_slow_age partyALWAYSAWAKE_comms_all_size partyALWAYSAWAKE_comms_all_count partyALWAYSAWAKE_comms_proposal_size partyALWAYSAWAKE_comms_proposal_count partyALWAYSAWAKE_comms_piece_block_size partyALWAYSAWAKE_comms_piece_block_count partyALWAYSAWAKE_comms_piece_vote_size partyALWAYSAWAKE_comms_piece_vote_count
4 0 1000 0 0 1000 0 1000 0 0 0 0 0 0 0 0 0 0 0 0 0 0 0 0 0 0 0 0 0 0 0 0 0 0 0 0 0 0 0 0 0 0 0 0 0 0 0 0 0 0 0 0 0 0 0 0 0 0 0 0 0 0 0 0 0 0 0 0 0 0 0 0 0 0 0 0 0 0 0 0 0 0 0 0 0 0 0 0 0 0 0 0
5 0 1000 0 0 1000 0 1000 0 0 0 0 0 0 80438 1 80438 1 0 0 0 0 0 0 0 0 0 0 80438 1 80438 1 0 0 0 0 0 0 0 0 0 0 80438 1 80438 1 0 0 0 0 0 0 0 0 0 0 80438 1 80438 1 0 0 0 0 0 0 0 0 0 0 80438 1 80438 1 0 0 0 0 0 0 0 0 0 0 80438 1 80438 1 0 0 0 0
6 0 1000 0 0 1000 0 1000 1 1 1 1 0 0 105042 92 0 0 80290 1 24752 91 1 1 1 1 0 0 105042 92 0 0 80290 1 24752 91 1 1 1 1 0 0 105042 92 0 0 80290 1 24752 91 1 1 1 1 0 0 105042 92 0 0 80290 1 24752 91 1 1 1 1 0 0 105042 92 0 0 80290 1 24752 91 1 1 1 1 0 0 105042 92 0 0 80290 1 24752 91
7 0 1000 0 0 1000 0 1000 1 1 1 1 0 0 0 0 0 0 0 0 0 0 1 1 1 1 0 0 0 0 0 0 0 0 0 0 1 1 1 1 0 0 0 0 0 0 0 0 0 0 1 1 1 1 0 0 0 0 0 0 0 0 0 0 1 1 1 1 0 0 0 0 0 0 0 0 0 0 1 1 1 1 0 0 0 0 0 0 0 0 0 0
8 0 1000 0 0 1000 0 1000 1 1 1 1 0 0 0 0 0 0 0 0 0 0 1 1 1 1 0 0 0 0 0 0 0 0 0 0 1 1 1 1 0 0 0 0 0 0 0 0 0 0 1 1 1 1 0 0 0 0 0 0 0 0 0 0 1 1 1 1 0 0 0 0 0 0 0 0 0 0 1 1 1 1 0 0 0 0 0 0 0 0 0 0
9 0 1000 0 0 1000 0 1000 1 1 1 1 0 0 0 0 0 0 0 0 0 0 1 1 1 1 0 0 0 0 0 0 0 0 0 0 1 1 1 1 0 0 0 0 0 0 0 0 0 0 1 1 1 1 0 0 0 0 0 0 0 0 0 0 1 1 1 1 0 0 0 0 0 0 0 0 0 0 1 1 1 1 0 0 0 0 0 0 0 0 0 0
10 0 1000 0 0 1000 0 1000 1 1 1 1 0 0 32096 118 0 0 0 0 32096 118 1 1 1 1 0 0 32096 118 0 0 0 0 32096 118 1 1 1 1 0 0 32096 118 0 0 0 0 32096 118 1 1 1 1 0 0 32096 118 0 0 0 0 32096 118 1 1 1 1 0 0 32096 118 0 0 0 0 32096 118 1 1 1 1 0 0 32096 118 0 0 0 0 32096 118
11 0 1000 0 0 1000 0 1000 1 1 1 1 0 0 0 0 0 0 0 0 0 0 1 1 1 1 0 0 0 0 0 0 0 0 0 0 1 1 1 1 0 0 0 0 0 0 0 0 0 0 1 1 1 1 0 0 0 0 0 0 0 0 0 0 1 1 1 1 0 0 0 0 0 0 0 0 0 0 1 1 1 1 0 0 0 0 0 0 0 0 0 0
12 0 1000 0 0 1000 0 1000 1 1 1 1 0 0 0 0 0 0 0 0 0 0 1 1 1 1 0 0 0 0 0 0 0 0 0 0 1 1 1 1 0 0 0 0 0 0 0 0 0 0 1 1 1 1 0 0 0 0 0 0 0 0 0 0 1 1 1 1 0 0 0 0 0 0 0 0 0 0 1 1 1 1 0 0 0 0 0 0 0 0 0 0
13 0 1000 0 0 1000 0 1000 1 1 1 1 0 0 168427 2 168427 2 0 0 0 0 1 1 1 1 0 0 168427 2 168427 2 0 0 0 0 1 1 1 1 0 0 168427 2 168427 2 0 0 0 0 1 1 1 1 0 0 168427 2 168427 2 0 0 0 0 1 1 1 1 0 0 168427 2 168427 2 0 0 0 0 1 1 1 1 0 0 168427 2 168427 2 0 0 0 0
14 0 1000 0 0 1000 0 1000 2 3 2 3 0 0 109394 108 0 0 80290 1 29104 107 2 3 2 3 0 0 109394 108 0 0 80290 1 29104 107 2 3 2 3 0 0 109394 108 0 0 80290 1 29104 107 2 3 2 3 0 0 109394 108 0 0 80290 1 29104 107 2 3 2 3 0 0 109394 108 0 0 80290 1 29104 107 2 3 2 3 0 0 109394 108 0 0 80290 1 29104 107
15 0 1000 0 0 1000 0 1000 2 3 2 3 0 0 0 0 0 0 0 0 0 0 2 3 2 3 0 0 0 0 0 0 0 0 0 0 2 3 2 3 0 0 0 0 0 0 0 0 0 0 2 3 2 3 0 0 0 0 0 0 0 0 0 0 2 3 2 3 0 0 0 0 0 0 0 0 0 0 2 3 2 3 0 0 0 0 0 0 0 0 0 0
16 0 1000 0 0 1000 0 1000 2 3 2 3 0 0 0 0 0 0 0 0 0 0 2 3 2 3 0 0 0 0 0 0 0 0 0 0 2 3 2 3 0 0 0 0 0 0 0 0 0 0 2 3 2 3 0 0 0 0 0 0 0 0 0 0 2 3 2 3 0 0 0 0 0 0 0 0 0 0 2 3 2 3 0 0 0 0 0 0 0 0 0 0
17 0 1000 0 0 1000 0 1000 2 3 2 3 0 0 83862 1 83862 1 0 0 0 0 2 3 2 3 0 0 83862 1 83862 1 0 0 0 0 2 3 2 3 0 0 83862 1 83862 1 0 0 0 0 2 3 2 3 0 0 83862 1 83862 1 0 0 0 0 2 3 2 3 0 0 83862 1 83862 1 0 0 0 0 2 3 2 3 0 0 83862 1 83862 1 0 0 0 0
18 0 1000 0 0 1000 0 1000 3 4 3 4 0 0 104770 91 0 0 80290 1 24480 90 3 4 3 4 0 0 104770 91 0 0 80290 1 24480 90 3 4 3 4 0 0 104770 91 0 0 80290 1 24480 90 3 4 3 4 0 0 104770 91 0 0 80290 1 24480 90 3 4 3 4 0 0 104770 91 0 0 80290 1 24480 90 3 4 3 4 0 0 104770 91 0 0 80290 1 24480 90
19 0 1000 0 0 1000 0 1000 3 4 3 4 0 0 0 0 0 0 0 0 0 0 3 4 3 4 0 0 0 0 0 0 0 0 0 0 3 4 3 4 0 0 0 0 0 0 0 0 0 0 3 4 3 4 0 0 0 0 0 0 0 0 0 0 3 4 3 4 0 0 0 0 0 0 0 0 0 0 3 4 3 4 0 0 0 0 0 0 0 0 0 0
20 0 1000 0 0 1000 0 1000 3 4 3 4 0 0 0 0 0 0 0 0 0 0 3 4 3 4 0 0 0 0 0 0 0 0 0 0 3 4 3 4 0 0 0 0 0 0 0 0 0 0 3 4 3 4 0 0 0 0 0 0 0 0 0 0 3 4 3 4 0 0 0 0 0 0 0 0 0 0 3 4 3 4 0 0 0 0 0 0 0 0 0 0
21 0 1000 0 0 1000 0 1000 3 4 3 4 0 0 166636 2 166636 2 0 0 0 0 3 4 3 4 0 0 166636 2 166636 2 0 0 0 0 3 4 3 4 0 0 166636 2 166636 2 0 0 0 0 3 4 3 4 0 0 166636 2 166636 2 0 0 0 0 3 4 3 4 0 0 166636 2 166636 2 0 0 0 0 3 4 3 4 0 0 166636 2 166636 2 0 0 0 0
22 0 1000 0 0 1000 0 1000 4 5 4 5 0 0 108034 103 0 0 80290 1 27744 102 4 5 4 5 0 0 108034 103 0 0 80290 1 27744 102 4 5 4 5 0 0 108034 103 0 0 80290 1 27744 102 4 5 4 5 0 0 108034 103 0 0 80290 1 27744 102 4 5 4 5 0 0 108034 103 0 0 80290 1 27744 102 4 5 4 5 0 0 108034 103 0 0 80290 1 27744 102
23 0 1000 0 0 1000 0 1000 4 5 4 5 0 0 0 0 0 0 0 0 0 0 4 5 4 5 0 0 0 0 0 0 0 0 0 0 4 5 4 5 0 0 0 0 0 0 0 0 0 0 4 5 4 5 0 0 0 0 0 0 0 0 0 0 4 5 4 5 0 0 0 0 0 0 0 0 0 0 4 5 4 5 0 0 0 0 0 0 0 0 0 0
24 0 1000 0 0 1000 0 1000 4 5 4 5 0 0 0 0 0 0 0 0 0 0 4 5 4 5 0 0 0 0 0 0 0 0 0 0 4 5 4 5 0 0 0 0 0 0 0 0 0 0 4 5 4 5 0 0 0 0 0 0 0 0 0 0 4 5 4 5 0 0 0 0 0 0 0 0 0 0 4 5 4 5 0 0 0 0 0 0 0 0 0 0
25 0 1000 0 0 1000 0 1000 4 5 4 5 0 0 83702 1 83702 1 0 0 0 0 4 5 4 5 0 0 83702 1 83702 1 0 0 0 0 4 5 4 5 0 0 83702 1 83702 1 0 0 0 0 4 5 4 5 0 0 83702 1 83702 1 0 0 0 0 4 5 4 5 0 0 83702 1 83702 1 0 0 0 0 4 5 4 5 0 0 83702 1 83702 1 0 0 0 0
26 0 1000 0 0 1000 0 1000 5 6 5 6 0 0 110482 112 0 0 80290 1 30192 111 5 6 5 6 0 0 110482 112 0 0 80290 1 30192 111 5 6 5 6 0 0 110482 112 0 0 80290 1 30192 111 5 6 5 6 0 0 110482 112 0 0 80290 1 30192 111 5 6 5 6 0 0 110482 112 0 0 80290 1 30192 111 5 6 5 6 0 0 110482 112 0 0 80290 1 30192 111
27 0 1000 0 0 1000 0 1000 5 6 5 6 0 0 0 0 0 0 0 0 0 0 5 6 5 6 0 0 0 0 0 0 0 0 0 0 5 6 5 6 0 0 0 0 0 0 0 0 0 0 5 6 5 6 0 0 0 0 0 0 0 0 0 0 5 6 5 6 0 0 0 0 0 0 0 0 0 0 5 6 5 6 0 0 0 0 0 0 0 0 0 0
28 0 1000 0 0 1000 0 1000 5 6 5 6 0 0 0 0 0 0 0 0 0 0 5 6 5 6 0 0 0 0 0 0 0 0 0 0 5 6 5 6 0 0 0 0 0 0 0 0 0 0 5 6 5 6 0 0 0 0 0 0 0 0 0 0 5 6 5 6 0 0 0 0 0 0 0 0 0 0 5 6 5 6 0 0 0 0 0 0 0 0 0 0
29 0 1000 0 0 1000 0 1000 5 6 5 6 0 0 251969 3 251969 3 0 0 0 0 5 6 5 6 0 0 251969 3 251969 3 0 0 0 0 5 6 5 6 0 0 251969 3 251969 3 0 0 0 0 5 6 5 6 0 0 251969 3 251969 3 0 0 0 0 5 6 5 6 0 0 251969 3 251969 3 0 0 0 0 5 6 5 6 0 0 251969 3 251969 3 0 0 0 0
30 0 1000 0 0 1000 0 1000 6 7 6 7 0 0 112114 118 0 0 80290 1 31824 117 6 7 6 7 0 0 112114 118 0 0 80290 1 31824 117 6 7 6 7 0 0 112114 118 0 0 80290 1 31824 117 6 7 6 7 0 0 112114 118 0 0 80290 1 31824 117 6 7 6 7 0 0 112114 118 0 0 80290 1 31824 117 6 7 6 7 0 0 112114 118 0 0 80290 1 31824 117
31 0 1000 0 0 1000 0 1000 6 7 6 7 0 0 0 0 0 0 0 0 0 0 6 7 6 7 0 0 0 0 0 0 0 0 0 0 6 7 6 7 0 0 0 0 0 0 0 0 0 0 6 7 6 7 0 0 0 0 0 0 0 0 0 0 6 7 6 7 0 0 0 0 0 0 0 0 0 0 6 7 6 7 0 0 0 0 0 0 0 0 0 0
32 0 1000 0 0 1000 0 1000 6 7 6 7 0 0 0 0 0 0 0 0 0 0 6 7 6 7 0 0 0 0 0 0 0 0 0 0 6 7 6 7 0 0 0 0 0 0 0 0 0 0 6 7 6 7 0 0 0 0 0 0 0 0 0 0 6 7 6 7 0 0 0 0 0 0 0 0 0 0 6 7 6 7 0 0 0 0 0 0 0 0 0 0
33 0 1000 0 0 1000 0 1000 6 7 6 7 0 0 420910 5 420910 5 0 0 0 0 6 7 6 7 0 0 420910 5 420910 5 0 0 0 0 6 7 6 7 0 0 420910 5 420910 5 0 0 0 0 6 7 6 7 0 0 420910 5 420910 5 0 0 0 0 6 7 6 7 0 0 420910 5 420910 5 0 0 0 0 6 7 6 7 0 0 420910 5 420910 5 0 0 0 0
34 0 1000 0 0 1000 0 1000 7 8 7 8 0 0 111842 117 0 0 80290 1 31552 116 7 8 7 8 0 0 111842 117 0 0 80290 1 31552 116 7 8 7 8 0 0 111842 117 0 0 80290 1 31552 116 7 8 7 8 0 0 111842 117 0 0 80290 1 31552 116 7 8 7 8 0 0 111842 117 0 0 80290 1 31552 116 7 8 7 8 0 0 111842 117 0 0 80290 1 31552 116
35 0 1000 0 0 1000 0 1000 7 8 7 8 0 0 0 0 0 0 0 0 0 0 7 8 7 8 0 0 0 0 0 0 0 0 0 0 7 8 7 8 0 0 0 0 0 0 0 0 0 0 7 8 7 8 0 0 0 0 0 0 0 0 0 0 7 8 7 8 0 0 0 0 0 0 0 0 0 0 7 8 7 8 0 0 0 0 0 0 0 0 0 0
36 0 1000 0 0 1000 0 1000 7 8 7 8 0 0 0 0 0 0 0 0 0 0 7 8 7 8 0 0 0 0 0 0 0 0 0 0 7 8 7 8 0 0 0 0 0 0 0 0 0 0 7 8 7 8 0 0 0 0 0 0 0 0 0 0 7 8 7 8 0 0 0 0 0 0 0 0 0 0 7 8 7 8 0 0 0 0 0 0 0 0 0 0
37 0 1000 0 0 1000 0 1000 7 8 7 8 0 0 168300 2 168300 2 0 0 0 0 7 8 7 8 0 0 168300 2 168300 2 0 0 0 0 7 8 7 8 0 0 168300 2 168300 2 0 0 0 0 7 8 7 8 0 0 168300 2 168300 2 0 0 0 0 7 8 7 8 0 0 168300 2 168300 2 0 0 0 0 7 8 7 8 0 0 168300 2 168300 2 0 0 0 0
38 0 1000 0 0 1000 0 1000 8 9 8 9 0 0 104226 89 0 0 80290 1 23936 88 8 9 8 9 0 0 104226 89 0 0 80290 1 23936 88 8 9 8 9 0 0 104226 89 0 0 80290 1 23936 88 8 9 8 9 0 0 104226 89 0 0 80290 1 23936 88 8 9 8 9 0 0 104226 89 0 0 80290 1 23936 88 8 9 8 9 0 0 104226 89 0 0 80290 1 23936 88
39 0 1000 0 0 1000 0 1000 8 9 8 9 0 0 0 0 0 0 0 0 0 0 8 9 8 9 0 0 0 0 0 0 0 0 0 0 8 9 8 9 0 0 0 0 0 0 0 0 0 0 8 9 8 9 0 0 0 0 0 0 0 0 0 0 8 9 8 9 0 0 0 0 0 0 0 0 0 0 8 9 8 9 0 0 0 0 0 0 0 0 0 0
40 0 1000 0 0 1000 0 1000 8 9 8 9 0 0 0 0 0 0 0 0 0 0 8 9 8 9 0 0 0 0 0 0 0 0 0 0 8 9 8 9 0 0 0 0 0 0 0 0 0 0 8 9 8 9 0 0 0 0 0 0 0 0 0 0 8 9 8 9 0 0 0 0 0 0 0 0 0 0 8 9 8 9 0 0 0 0 0 0 0 0 0 0
41 0 1000 0 0 1000 0 1000 8 9 8 9 0 0 166510 2 166510 2 0 0 0 0 8 9 8 9 0 0 166510 2 166510 2 0 0 0 0 8 9 8 9 0 0 166510 2 166510 2 0 0 0 0 8 9 8 9 0 0 166510 2 166510 2 0 0 0 0 8 9 8 9 0 0 166510 2 166510 2 0 0 0 0 8 9 8 9 0 0 166510 2 166510 2 0 0 0 0
42 0 1000 0 0 1000 0 1000 9 10 9 10 0 0 108307 104 0 0 80291 1 28016 103 9 10 9 10 0 0 108307 104 0 0 80291 1 28016 103 9 10 9 10 0 0 108307 104 0 0 80291 1 28016 103 9 10 9 10 0 0 108307 104 0 0 80291 1 28016 103 9 10 9 10 0 0 108307 104 0 0 80291 1 28016 103 9 10 9 10 0 0 108307 104 0 0 80291 1 28016 103
43 0 1000 0 0 1000 0 1000 9 10 9 10 0 0 0 0 0 0 0 0 0 0 9 10 9 10 0 0 0 0 0 0 0 0 0 0 9 10 9 10 0 0 0 0 0 0 0 0 0 0 9 10 9 10 0 0 0 0 0 0 0 0 0 0 9 10 9 10 0 0 0 0 0 0 0 0 0 0 9 10 9 10 0 0 0 0 0 0 0 0 0 0
44 0 1000 0 0 1000 0 1000 9 10 9 10 0 0 0 0 0 0 0 0 0 0 9 10 9 10 0 0 0 0 0 0 0 0 0 0 9 10 9 10 0 0 0 0 0 0 0 0 0 0 9 10 9 10 0 0 0 0 0 0 0 0 0 0 9 10 9 10 0 0 0 0 0 0 0 0 0 0 9 10 9 10 0 0 0 0 0 0 0 0 0 0
45 0 1000 0 0 1000 0 1000 9 10 9 10 0 0 83735 1 83735 1 0 0 0 0 9 10 9 10 0 0 83735 1 83735 1 0 0 0 0 9 10 9 10 0 0 83735 1 83735 1 0 0 0 0 9 10 9 10 0 0 83735 1 83735 1 0 0 0 0 9 10 9 10 0 0 83735 1 83735 1 0 0 0 0 9 10 9 10 0 0 83735 1 83735 1 0 0 0 0
46 0 1000 0 0 1000 0 1000 10 11 10 11 0 0 110483 112 0 0 80291 1 30192 111 10 11 10 11 0 0 110483 112 0 0 80291 1 30192 111 10 11 10 11 0 0 110483 112 0 0 80291 1 30192 111 10 11 10 11 0 0 110483 112 0 0 80291 1 30192 111 10 11 10 11 0 0 110483 112 0 0 80291 1 30192 111 10 11 10 11 0 0 110483 112 0 0 80291 1 30192 111
47 0 1000 0 0 1000 0 1000 10 11 10 11 1 1 0 0 0 0 0 0 0 0 10 11 10 11 1 1 0 0 0 0 0 0 0 0 10 11 10 11 1 1 0 0 0 0 0 0 0 0 10 11 10 11 1 1 0 0 0 0 0 0 0 0 10 11 10 11 1 1 0 0 0 0 0 0 0 0 10 11 10 11 1 1 0 0 0 0 0 0 0 0
48 0 1000 0 0 1000 0 1000 10 11 10 11 1 1 0 0 0 0 0 0 0 0 10 11 10 11 1 1 0 0 0 0 0 0 0 0 10 11 10 11 1 1 0 0 0 0 0 0 0 0 10 11 10 11 1 1 0 0 0 0 0 0 0 0 10 11 10 11 1 1 0 0 0 0 0 0 0 0 10 11 10 11 1 1 0 0 0 0 0 0 0 0
49 0 1000 0 0 1000 0 1000 10 11 10 11 1 1 167982 2 167982 2 0 0 0 0 10 11 10 11 1 1 167982 2 167982 2 0 0 0 0 10 11 10 11 1 1 167982 2 167982 2 0 0 0 0 10 11 10 11 1 1 167982 2 167982 2 0 0 0 0 10 11 10 11 1 1 167982 2 167982 2 0 0 0 0 10 11 10 11 1 1 167982 2 167982 2 0 0 0 0
50 0 1000 0 0 1000 0 1000 11 12 11 12 1 1 105043 92 0 0 80291 1 24752 91 11 12 11 12 1 1 105043 92 0 0 80291 1 24752 91 11 12 11 12 1 1 105043 92 0 0 80291 1 24752 91 11 12 11 12 1 1 105043 92 0 0 80291 1 24752 91 11 12 11 12 1 1 105043 92 0 0 80291 1 24752 91 11 12 11 12 1 1 105043 92 0 0 80291 1 24752 91
51 0 1000 0 0 1000 0 1000 11 12 11 12 1 1 0 0 0 0 0 0 0 0 11 12 11 12 1 1 0 0 0 0 0 0 0 0 11 12 11 12 1 1 0 0 0 0 0 0 0 0 11 12 11 12 1 1 0 0 0 0 0 0 0 0 11 12 11 12 1 1 0 0 0 0 0 0 0 0 11 12 11 12 1 1 0 0 0 0 0 0 0 0
52 0 1000 0 0 1000 0 1000 11 12 11 12 1 1 0 0 0 0 0 0 0 0 11 12 11 12 1 1 0 0 0 0 0 0 0 0 11 12 11 12 1 1 0 0 0 0 0 0 0 0 11 12 11 12 1 1 0 0 0 0 0 0 0 0 11 12 11 12 1 1 0 0 0 0 0 0 0 0 11 12 11 12 1 1 0 0 0 0 0 0 0 0
53 0 1000 0 0 1000 0 1000 11 12 11 12 1 1 83351 1 83351 1 0 0 0 0 11 12 11 12 1 1 83351 1 83351 1 0 0 0 0 11 12 11 12 1 1 83351 1 83351 1 0 0 0 0 11 12 11 12 1 1 83351 1 83351 1 0 0 0 0 11 12 11 12 1 1 83351 1 83351 1 0 0 0 0 11 12 11 12 1 1 83351 1 83351 1 0 0 0 0
54 0 1000 0 0 1000 0 1000 12 13 12 13 1 1 106403 97 0 0 80291 1 26112 96 12 13 12 13 1 1 106403 97 0 0 80291 1 26112 96 12 13 12 13 1 1 106403 97 0 0 80291 1 26112 96 12 13 12 13 1 1 106403 97 0 0 80291 1 26112 96 12 13 12 13 1 1 106403 97 0 0 80291 1 26112 96 12 13 12 13 1 1 106403 97 0 0 80291 1 26112 96
55 0 1000 0 0 1000 0 1000 12 13 12 13 2 3 0 0 0 0 0 0 0 0 12 13 12 13 2 3 0 0 0 0 0 0 0 0 12 13 12 13 2 3 0 0 0 0 0 0 0 0 12 13 12 13 2 3 0 0 0 0 0 0 0 0 12 13 12 13 2 3 0 0 0 0 0 0 0 0 12 13 12 13 2 3 0 0 0 0 0 0 0 0
56 0 1000 0 0 1000 0 1000 12 13 12 13 2 3 0 0 0 0 0 0 0 0 12 13 12 13 2 3 0 0 0 0 0 0 0 0 12 13 12 13 2 3 0 0 0 0 0 0 0 0 12 13 12 13 2 3 0 0 0 0 0 0 0 0 12 13 12 13 2 3 0 0 0 0 0 0 0 0 12 13 12 13 2 3 0 0 0 0 0 0 0 0
57 0 1000 0 0 1000 0 1000 12 13 12 13 2 3 167022 2 167022 2 0 0 0 0 12 13 12 13 2 3 167022 2 167022 2 0 0 0 0 12 13 12 13 2 3 167022 2 167022 2 0 0 0 0 12 13 12 13 2 3 167022 2 167022 2 0 0 0 0 12 13 12 13 2 3 167022 2 167022 2 0 0 0 0 12 13 12 13 2 3 167022 2 167022 2 0 0 0 0
58 0 1000 0 0 1000 0 1000 13 14 13 14 2 3 106947 99 0 0 80291 1 26656 98 13 14 13 14 2 3 106947 99 0 0 80291 1 26656 98 13 14 13 14 2 3 106947 99 0 0 80291 1 26656 98 13 14 13 14 2 3 106947 99 0 0 80291 1 26656 98 13 14 13 14 2 3 106947 99 0 0 80291 1 26656 98 13 14 13 14 2 3 106947 99 0 0 80291 1 26656 98
59 0 1000 0 0 1000 0 1000 13 14 13 14 3 4 0 0 0 0 0 0 0 0 13 14 13 14 3 4 0 0 0 0 0 0 0 0 13 14 13 14 3 4 0 0 0 0 0 0 0 0 13 14 13 14 3 4 0 0 0 0 0 0 0 0 13 14 13 14 3 4 0 0 0 0 0 0 0 0 13 14 13 14 3 4 0 0 0 0 0 0 0 0
60 0 1000 0 0 1000 0 1000 13 14 13 14 3 4 0 0 0 0 0 0 0 0 13 14 13 14 3 4 0 0 0 0 0 0 0 0 13 14 13 14 3 4 0 0 0 0 0 0 0 0 13 14 13 14 3 4 0 0 0 0 0 0 0 0 13 14 13 14 3 4 0 0 0 0 0 0 0 0 13 14 13 14 3 4 0 0 0 0 0 0 0 0
61 0 1000 0 0 1000 0 1000 13 14 13 14 3 4 167150 2 167150 2 0 0 0 0 13 14 13 14 3 4 167150 2 167150 2 0 0 0 0 13 14 13 14 3 4 167150 2 167150 2 0 0 0 0 13 14 13 14 3 4 167150 2 167150 2 0 0 0 0 13 14 13 14 3 4 167150 2 167150 2 0 0 0 0 13 14 13 14 3 4 167150 2 167150 2 0 0 0 0
62 0 1000 0 0 1000 0 1000 14 15 14 15 3 4 103139 85 0 0 80291 1 22848 84 14 15 14 15 3 4 103139 85 0 0 80291 1 22848 84 14 15 14 15 3 4 103139 85 0 0 80291 1 22848 84 14 15 14 15 3 4 103139 85 0 0 80291 1 22848 84 14 15 14 15 3 4 103139 85 0 0 80291 1 22848 84 14 15 14 15 3 4 103139 85 0 0 80291 1 22848 84
63 0 1000 0 0 1000 0 1000 14 15 14 15 4 5 0 0 0 0 0 0 0 0 14 15 14 15 4 5 0 0 0 0 0 0 0 0 14 15 14 15 4 5 0 0 0 0 0 0 0 0 14 15 14 15 4 5 0 0 0 0 0 0 0 0 14 15 14 15 4 5 0 0 0 0 0 0 0 0 14 15 14 15 4 5 0 0 0 0 0 0 0 0
64 0 1000 0 0 1000 0 1000 14 15 14 15 4 5 0 0 0 0 0 0 0 0 14 15 14 15 4 5 0 0 0 0 0 0 0 0 14 15 14 15 4 5 0 0 0 0 0 0 0 0 14 15 14 15 4 5 0 0 0 0 0 0 0 0 14 15 14 15 4 5 0 0 0 0 0 0 0 0 14 15 14 15 4 5 0 0 0 0 0 0 0 0
65 0 1000 0 0 1000 0 1000 14 15 14 15 4 5 166254 2 166254 2 0 0 0 0 14 15 14 15 4 5 166254 2 166254 2 0 0 0 0 14 15 14 15 4 5 166254 2 166254 2 0 0 0 0 14 15 14 15 4 5 166254 2 166254 2 0 0 0 0 14 15 14 15 4 5 166254 2 166254 2 0 0 0 0 14 15 14 15 4 5 166254 2 166254 2 0 0 0 0
66 0 1000 0 0 1000 0 1000 15 16 15 16 4 5 109667 109 0 0 80291 1 29376 108 15 16 15 16 4 5 109667 109 0 0 80291 1 29376 108 15 16 15 16 4 5 109667 109 0 0 80291 1 29376 108 15 16 15 16 4 5 109667 109 0 0 80291 1 29376 108 15 16 15 16 4 5 109667 109 0 0 80291 1 29376 108 15 16 15 16 4 5 109667 109 0 0 80291 1 29376 108
67 0 1000 0 0 1000 0 1000 15 16 15 16 5 6 0 0 0 0 0 0 0 0 15 16 15 16 5 6 0 0 0 0 0 0 0 0 15 16 15 16 5 6 0 0 0 0 0 0 0 0 15 16 15 16 5 6 0 0 0 0 0 0 0 0 15 16 15 16 5 6 0 0 0 0 0 0 0 0 15 16 15 16 5 6 0 0 0 0 0 0 0 0
68 0 1000 0 0 1000 0 1000 15 16 15 16 5 6 0 0 0 0 0 0 0 0 15 16 15 16 5 6 0 0 0 0 0 0 0 0 15 16 15 16 5 6 0 0 0 0 0 0 0 0 15 16 15 16 5 6 0 0 0 0 0 0 0 0 15 16 15 16 5 6 0 0 0 0 0 0 0 0 15 16 15 16 5 6 0 0 0 0 0 0 0 0
69 0 1000 0 0 1000 0 1000 15 16 15 16 5 6 167790 2 167790 2 0 0 0 0 15 16 15 16 5 6 167790 2 167790 2 0 0 0 0 15 16 15 16 5 6 167790 2 167790 2 0 0 0 0 15 16 15 16 5 6 167790 2 167790 2 0 0 0 0 15 16 15 16 5 6 167790 2 167790 2 0 0 0 0 15 16 15 16 5 6 167790 2 167790 2 0 0 0 0
70 0 1000 0 0 1000 0 1000 16 17 16 17 5 6 111027 114 0 0 80291 1 30736 113 16 17 16 17 5 6 111027 114 0 0 80291 1 30736 113 16 17 16 17 5 6 111027 114 0 0 80291 1 30736 113 16 17 16 17 5 6 111027 114 0 0 80291 1 30736 113 16 17 16 17 5 6 111027 114 0 0 80291 1 30736 113 16 17 16 17 5 6 111027 114 0 0 80291 1 30736 113
71 0 1000 0 0 1000 0 1000 16 17 16 17 6 7 0 0 0 0 0 0 0 0 16 17 16 17 6 7 0 0 0 0 0 0 0 0 16 17 16 17 6 7 0 0 0 0 0 0 0 0 16 17 16 17 6 7 0 0 0 0 0 0 0 0 16 17 16 17 6 7 0 0 0 0 0 0 0 0 16 17 16 17 6 7 0 0 0 0 0 0 0 0
72 0 1000 0 0 1000 0 1000 16 17 16 17 6 7 0 0 0 0 0 0 0 0 16 17 16 17 6 7 0 0 0 0 0 0 0 0 16 17 16 17 6 7 0 0 0 0 0 0 0 0 16 17 16 17 6 7 0 0 0 0 0 0 0 0 16 17 16 17 6 7 0 0 0 0 0 0 0 0 16 17 16 17 6 7 0 0 0 0 0 0 0 0
73 0 1000 0 0 1000 0 1000 16 17 16 17 6 7 168110 2 168110 2 0 0 0 0 16 17 16 17 6 7 168110 2 168110 2 0 0 0 0 16 17 16 17 6 7 168110 2 168110 2 0 0 0 0 16 17 16 17 6 7 168110 2 168110 2 0 0 0 0 16 17 16 17 6 7 168110 2 168110 2 0 0 0 0 16 17 16 17 6 7 168110 2 168110 2 0 0 0 0
74 0 1000 0 0 1000 0 1000 17 18 17 18 6 7 110483 112 0 0 80291 1 30192 111 17 18 17 18 6 7 110483 112 0 0 80291 1 30192 111 17 18 17 18 6 7 110483 112 0 0 80291 1 30192 111 17 18 17 18 6 7 110483 112 0 0 80291 1 30192 111 17 18 17 18 6 7 110483 112 0 0 80291 1 30192 111 17 18 17 18 6 7 110483 112 0 0 80291 1 30192 111
75 0 1000 0 0 1000 0 1000 17 18 17 18 7 8 0 0 0 0 0 0 0 0 17 18 17 18 7 8 0 0 0 0 0 0 0 0 17 18 17 18 7 8 0 0 0 0 0 0 0 0 17 18 17 18 7 8 0 0 0 0 0 0 0 0 17 18 17 18 7 8 0 0 0 0 0 0 0 0 17 18 17 18 7 8 0 0 0 0 0 0 0 0
76 0 1000 0 0 1000 0 1000 17 18 17 18 7 8 0 0 0 0 0 0 0 0 17 18 17 18 7 8 0 0 0 0 0 0 0 0 17 18 17 18 7 8 0 0 0 0 0 0 0 0 17 18 17 18 7 8 0 0 0 0 0 0 0 0 17 18 17 18 7 8 0 0 0 0 0 0 0 0 17 18 17 18 7 8 0 0 0 0 0 0 0 0
77 0 1000 0 0 1000 0 1000 17 18 17 18 7 8 335964 4 335964 4 0 0 0 0 17 18 17 18 7 8 335964 4 335964 4 0 0 0 0 17 18 17 18 7 8 335964 4 335964 4 0 0 0 0 17 18 17 18 7 8 335964 4 335964 4 0 0 0 0 17 18 17 18 7 8 335964 4 335964 4 0 0 0 0 17 18 17 18 7 8 335964 4 335964 4 0 0 0 0
78 0 1000 0 0 1000 0 1000 18 19 18 19 7 8 107491 101 0 0 80291 1 27200 100 18 19 18 19 7 8 107491 101 0 0 80291 1 27200 100 18 19 18 19 7 8 107491 101 0 0 80291 1 27200 100 18 19 18 19 7 8 107491 101 0 0 80291 1 27200 100 18 19 18 19 7 8 107491 101 0 0 80291 1 27200 100 18 19 18 19 7 8 107491 101 0 0 80291 1 27200 100
79 0 1000 0 0 1000 0 1000 18 19 18 19 8 9 0 0 0 0 0 0 0 0 18 19 18 19 8 9 0 0 0 0 0 0 0 0 18 19 18 19 8 9 0 0 0 0 0 0 0 0 18 19 18 19 8 9 0 0 0 0 0 0 0 0 18 19 18 19 8 9 0 0 0 0 0 0 0 0 18 19 18 19 8 9 0 0 0 0 0 0 0 0
80 0 1000 0 0 1000 0 1000 18 19 18 19 8 9 0 0 0 0 0 0 0 0 18 19 18 19 8 9 0 0 0 0 0 0 0 0 18 19 18 19 8 9 0 0 0 0 0 0 0 0 18 19 18 19 8 9 0 0 0 0 0 0 0 0 18 19 18 19 8 9 0 0 0 0 0 0 0 0 18 19 18 19 8 9 0 0 0 0 0 0 0 0
81 0 1000 0 0 1000 0 1000 18 19 18 19 8 9 250917 3 250917 3 0 0 0 0 18 19 18 19 8 9 250917 3 250917 3 0 0 0 0 18 19 18 19 8 9 250917 3 250917 3 0 0 0 0 18 19 18 19 8 9 250917 3 250917 3 0 0 0 0 18 19 18 19 8 9 250917 3 250917 3 0 0 0 0 18 19 18 19 8 9 250917 3 250917 3 0 0 0 0
82 0 1000 0 0 1000 0 1000 19 20 19 20 8 9 109667 109 0 0 80291 1 29376 108 19 20 19 20 8 9 109667 109 0 0 80291 1 29376 108 19 20 19 20 8 9 109667 109 0 0 80291 1 29376 108 19 20 19 20 8 9 109667 109 0 0 80291 1 29376 108 19 20 19 20 8 9 109667 109 0 0 80291 1 29376 108 19 20 19 20 8 9 109667 109 0 0 80291 1 29376 108
83 0 1000 0 0 1000 0 1000 19 20 19 20 9 10 0 0 0 0 0 0 0 0 19 20 19 20 9 10 0 0 0 0 0 0 0 0 19 20 19 20 9 10 0 0 0 0 0 0 0 0 19 20 19 20 9 10 0 0 0 0 0 0 0 0 19 20 19 20 9 10 0 0 0 0 0 0 0 0 19 20 19 20 9 10 0 0 0 0 0 0 0 0
84 0 1000 0 0 1000 0 1000 19 20 19 20 9 10 0 0 0 0 0 0 0 0 19 20 19 20 9 10 0 0 0 0 0 0 0 0 19 20 19 20 9 10 0 0 0 0 0 0 0 0 19 20 19 20 9 10 0 0 0 0 0 0 0 0 19 20 19 20 9 10 0 0 0 0 0 0 0 0 19 20 19 20 9 10 0 0 0 0 0 0 0 0
85 0 1000 0 0 1000 0 1000 19 20 19 20 9 10 251685 3 251685 3 0 0 0 0 19 20 19 20 9 10 251685 3 251685 3 0 0 0 0 19 20 19 20 9 10 251685 3 251685 3 0 0 0 0 19 20 19 20 9 10 251685 3 251685 3 0 0 0 0 19 20 19 20 9 10 251685 3 251685 3 0 0 0 0 19 20 19 20 9 10 251685 3 251685 3 0 0 0 0
86 0 1000 0 0 1000 0 1000 20 21 20 21 9 10 109939 110 0 0 80291 1 29648 109 20 21 20 21 9 10 109939 110 0 0 80291 1 29648 109 20 21 20 21 9 10 109939 110 0 0 80291 1 29648 109 20 21 20 21 9 10 109939 110 0 0 80291 1 29648 109 20 21 20 21 9 10 109939 110 0 0 80291 1 29648 109 20 21 20 21 9 10 109939 110 0 0 80291 1 29648 109
87 0 1000 0 0 1000 0 1000 20 21 20 21 10 11 0 0 0 0 0 0 0 0 20 21 20 21 10 11 0 0 0 0 0 0 0 0 20 21 20 21 10 11 0 0 0 0 0 0 0 0 20 21 20 21 10 11 0 0 0 0 0 0 0 0 20 21 20 21 10 11 0 0 0 0 0 0 0 0 20 21 20 21 10 11 0 0 0 0 0 0 0 0
88 0 1000 0 0 1000 0 1000 20 21 20 21 10 11 0 0 0 0 0 0 0 0 20 21 20 21 10 11 0 0 0 0 0 0 0 0 20 21 20 21 10 11 0 0 0 0 0 0 0 0 20 21 20 21 10 11 0 0 0 0 0 0 0 0 20 21 20 21 10 11 0 0 0 0 0 0 0 0 20 21 20 21 10 11 0 0 0 0 0 0 0 0
89 0 1000 0 0 1000 0 1000 20 21 20 21 10 11 83927 1 83927 1 0 0 0 0 20 21 20 21 10 11 83927 1 83927 1 0 0 0 0 20 21 20 21 10 11 83927 1 83927 1 0 0 0 0 20 21 20 21 10 11 83927 1 83927 1 0 0 0 0 20 21 20 21 10 11 83927 1 83927 1 0 0 0 0 20 21 20 21 10 11 83927 1 83927 1 0 0 0 0
90 0 1000 0 0 1000 0 1000 21 22 21 22 10 11 103955 88 0 0 80291 1 23664 87 21 22 21 22 10 11 103955 88 0 0 80291 1 23664 87 21 22 21 22 10 11 103955 88 0 0 80291 1 23664 87 21 22 21 22 10 11 103955 88 0 0 80291 1 23664 87 21 22 21 22 10 11 103955 88 0 0 80291 1 23664 87 21 22 21 22 10 11 103955 88 0 0 80291 1 23664 87
91 0 1000 0 0 1000 0 1000 21 22 21 22 11 12 0 0 0 0 0 0 0 0 21 22 21 22 11 12 0 0 0 0 0 0 0 0 21 22 21 22 11 12 0 0 0 0 0 0 0 0 21 22 21 22 11 12 0 0 0 0 0 0 0 0 21 22 21 22 11 12 0 0 0 0 0 0 0 0 21 22 21 22 11 12 0 0 0 0 0 0 0 0
92 0 1000 0 0 1000 0 1000 21 22 21 22 11 12 0 0 0 0 0 0 0 0 21 22 21 22 11 12 0 0 0 0 0 0 0 0 21 22 21 22 11 12 0 0 0 0 0 0 0 0 21 22 21 22 11 12 0 0 0 0 0 0 0 0 21 22 21 22 11 12 0 0 0 0 0 0 0 0 21 22 21 22 11 12 0 0 0 0 0 0 0 0
93 0 1000 0 0 1000 0 1000 21 22 21 22 11 12 249669 3 249669 3 0 0 0 0 21 22 21 22 11 12 249669 3 249669 3 0 0 0 0 21 22 21 22 11 12 249669 3 249669 3 0 0 0 0 21 22 21 22 11 12 249669 3 249669 3 0 0 0 0 21 22 21 22 11 12 249669 3 249669 3 0 0 0 0 21 22 21 22 11 12 249669 3 249669 3 0 0 0 0
94 0 1000 0 0 1000 0 1000 22 23 22 23 11 12 109123 107 0 0 80291 1 28832 106 22 23 22 23 11 12 109123 107 0 0 80291 1 28832 106 22 23 22 23 11 12 109123 107 0 0 80291 1 28832 106 22 23 22 23 11 12 109123 107 0 0 80291 1 28832 106 22 23 22 23 11 12 109123 107 0 0 80291 1 28832 106 22 23 22 23 11 12 109123 107 0 0 80291 1 28832 106
95 0 1000 0 0 1000 0 1000 22 23 22 23 12 13 0 0 0 0 0 0 0 0 22 23 22 23 12 13 0 0 0 0 0 0 0 0 22 23 22 23 12 13 0 0 0 0 0 0 0 0 22 23 22 23 12 13 0 0 0 0 0 0 0 0 22 23 22 23 12 13 0 0 0 0 0 0 0 0 22 23 22 23 12 13 0 0 0 0 0 0 0 0
96 0 1000 0 0 1000 0 1000 22 23 22 23 12 13 0 0 0 0 0 0 0 0 22 23 22 23 12 13 0 0 0 0 0 0 0 0 22 23 22 23 12 13 0 0 0 0 0 0 0 0 22 23 22 23 12 13 0 0 0 0 0 0 0 0 22 23 22 23 12 13 0 0 0 0 0 0 0 0 22 23 22 23 12 13 0 0 0 0 0 0 0 0
97 0 1000 0 0 1000 0 1000 22 23 22 23 12 13 167662 2 167662 2 0 0 0 0 22 23 22 23 12 13 167662 2 167662 2 0 0 0 0 22 23 22 23 12 13 167662 2 167662 2 0 0 0 0 22 23 22 23 12 13 167662 2 167662 2 0 0 0 0 22 23 22 23 12 13 167662 2 167662 2 0 0 0 0 22 23 22 23 12 13 167662 2 167662 2 0 0 0 0
98 0 1000 0 0 1000 0 1000 23 24 23 24 12 13 108851 106 0 0 80291 1 28560 105 23 24 23 24 12 13 108851 106 0 0 80291 1 28560 105 23 24 23 24 12 13 108851 106 0 0 80291 1 28560 105 23 24 23 24 12 13 108851 106 0 0 80291 1 28560 105 23 24 23 24 12 13 108851 106 0 0 80291 1 28560 105 23 24 23 24 12 13 108851 106 0 0 80291 1 28560 105
99 0 1000 0 0 1000 0 1000 23 24 23 24 13 14 0 0 0 0 0 0 0 0 23 24 23 24 13 14 0 0 0 0 0 0 0 0 23 24 23 24 13 14 0 0 0 0 0 0 0 0 23 24 23 24 13 14 0 0 0 0 0 0 0 0 23 24 23 24 13 14 0 0 0 0 0 0 0 0 23 24 23 24 13 14 0 0 0 0 0 0 0 0
100 0 1000 0 0 1000 0 1000 23 24 23 24 13 14 0 0 0 0 0 0 0 0 23 24 23 24 13 14 0 0 0 0 0 0 0 0 23 24 23 24 13 14 0 0 0 0 0 0 0 0 23 24 23 24 13 14 0 0 0 0 0 0 0 0 23 24 23 24 13 14 0 0 0 0 0 0 0 0 23 24 23 24 13 14 0 0 0 0 0 0 0 0
101 0 1000 0 0 1000 0 1000 23 24 23 24 13 14 83799 1 83799 1 0 0 0 0 23 24 23 24 13 14 83799 1 83799 1 0 0 0 0 23 24 23 24 13 14 83799 1 83799 1 0 0 0 0 23 24 23 24 13 14 83799 1 83799 1 0 0 0 0 23 24 23 24 13 14 83799 1 83799 1 0 0 0 0 23 24 23 24 13 14 83799 1 83799 1 0 0 0 0
102 0 1000 0 0 1000 0 1000 24 25 24 25 13 14 103683 87 0 0 80291 1 23392 86 24 25 24 25 13 14 103683 87 0 0 80291 1 23392 86 24 25 24 25 13 14 103683 87 0 0 80291 1 23392 86 24 25 24 25 13 14 103683 87 0 0 80291 1 23392 86 24 25 24 25 13 14 103683 87 0 0 80291 1 23392 86 24 25 24 25 13 14 103683 87 0 0 80291 1 23392 86
103 0 1000 0 0 1000 0 1000 24 25 24 25 14 15 0 0 0 0 0 0 0 0 24 25 24 25 14 15 0 0 0 0 0 0 0 0 24 25 24 25 14 15 0 0 0 0 0 0 0 0 24 25 24 25 14 15 0 0 0 0 0 0 0 0 24 25 24 25 14 15 0 0 0 0 0 0 0 0 24 25 24 25 14 15 0 0 0 0 0 0 0 0
104 0 1000 0 0 1000 0 1000 24 25 24 25 14 15 0 0 0 0 0 0 0 0 24 25 24 25 14 15 0 0 0 0 0 0 0 0 24 25 24 25 14 15 0 0 0 0 0 0 0 0 24 25 24 25 14 15 0 0 0 0 0 0 0 0 24 25 24 25 14 15 0 0 0 0 0 0 0 0 24 25 24 25 14 15 0 0 0 0 0 0 0 0
105 0 1000 0 0 1000 0 1000 24 25 24 25 14 15 166381 2 166381 2 0 0 0 0 24 25 24 25 14 15 166381 2 166381 2 0 0 0 0 24 25 24 25 14 15 166381 2 166381 2 0 0 0 0 24 25 24 25 14 15 166381 2 166381 2 0 0 0 0 24 25 24 25 14 15 166381 2 166381 2 0 0 0 0 24 25 24 25 14 15 166381 2 166381 2 0 0 0 0
106 0 1000 0 0 1000 0 1000 25 26 25 26 14 15 108307 104 0 0 80291 1 28016 103 25 26 25 26 14 15 108307 104 0 0 80291 1 28016 103 25 26 25 26 14 15 108307 104 0 0 80291 1 28016 103 25 26 25 26 14 15 108307 104 0 0 80291 1 28016 103 25 26 25 26 14 15 108307 104 0 0 80291 1 28016 103 25 26 25 26 14 15 108307 104 0 0 80291 1 28016 103
107 0 1000 0 0 1000 0 1000 25 26 25 26 15 16 0 0 0 0 0 0 0 0 25 26 25 26 15 16 0 0 0 0 0 0 0 0 25 26 25 26 15 16 0 0 0 0 0 0 0 0 25 26 25 26 15 16 0 0 0 0 0 0 0 0 25 26 25 26 15 16 0 0 0 0 0 0 0 0 25 26 25 26 15 16 0 0 0 0 0 0 0 0
108 0 1000 0 0 1000 0 1000 25 26 25 26 15 16 0 0 0 0 0 0 0 0 25 26 25 26 15 16 0 0 0 0 0 0 0 0 25 26 25 26 15 16 0 0 0 0 0 0 0 0 25 26 25 26 15 16 0 0 0 0 0 0 0 0 25 26 25 26 15 16 0 0 0 0 0 0 0 0 25 26 25 26 15 16 0 0 0 0 0 0 0 0
109 0 1000 0 0 1000 0 1000 25 26 25 26 15 16 167470 2 167470 2 0 0 0 0 25 26 25 26 15 16 167470 2 167470 2 0 0 0 0 25 26 25 26 15 16 167470 2 167470 2 0 0 0 0 25 26 25 26 15 16 167470 2 167470 2 0 0 0 0 25 26 25 26 15 16 167470 2 167470 2 0 0 0 0 25 26 25 26 15 16 167470 2 167470 2 0 0 0 0
110 0 1000 0 0 1000 0 1000 26 27 26 27 15 16 112387 119 0 0 80291 1 32096 118 26 27 26 27 15 16 112387 119 0 0 80291 1 32096 118 26 27 26 27 15 16 112387 119 0 0 80291 1 32096 118 26 27 26 27 15 16 112387 119 0 0 80291 1 32096 118 26 27 26 27 15 16 112387 119 0 0 80291 1 32096 118 26 27 26 27 15 16 112387 119 0 0 80291 1 32096 118
111 0 1000 0 0 1000 0 1000 26 27 26 27 16 17 0 0 0 0 0 0 0 0 26 27 26 27 16 17 0 0 0 0 0 0 0 0 26 27 26 27 16 17 0 0 0 0 0 0 0 0 26 27 26 27 16 17 0 0 0 0 0 0 0 0 26 27 26 27 16 17 0 0 0 0 0 0 0 0 26 27 26 27 16 17 0 0 0 0 0 0 0 0
112 0 1000 0 0 1000 0 1000 26 27 26 27 16 17 0 0 0 0 0 0 0 0 26 27 26 27 16 17 0 0 0 0 0 0 0 0 26 27 26 27 16 17 0 0 0 0 0 0 0 0 26 27 26 27 16 17 0 0 0 0 0 0 0 0 26 27 26 27 16 17 0 0 0 0 0 0 0 0 26 27 26 27 16 17 0 0 0 0 0 0 0 0
113 0 1000 0 0 1000 0 1000 26 27 26 27 16 17 84215 1 84215 1 0 0 0 0 26 27 26 27 16 17 84215 1 84215 1 0 0 0 0 26 27 26 27 16 17 84215 1 84215 1 0 0 0 0 26 27 26 27 16 17 84215 1 84215 1 0 0 0 0 26 27 26 27 16 17 84215 1 84215 1 0 0 0 0 26 27 26 27 16 17 84215 1 84215 1 0 0 0 0
114 0 1000 0 0 1000 0 1000 27 28 27 28 16 17 107763 102 0 0 80291 1 27472 101 27 28 27 28 16 17 107763 102 0 0 80291 1 27472 101 27 28 27 28 16 17 107763 102 0 0 80291 1 27472 101 27 28 27 28 16 17 107763 102 0 0 80291 1 27472 101 27 28 27 28 16 17 107763 102 0 0 80291 1 27472 101 27 28 27 28 16 17 107763 102 0 0 80291 1 27472 101
115 0 1000 0 0 1000 0 1000 27 28 27 28 17 18 0 0 0 0 0 0 0 0 27 28 27 28 17 18 0 0 0 0 0 0 0 0 27 28 27 28 17 18 0 0 0 0 0 0 0 0 27 28 27 28 17 18 0 0 0 0 0 0 0 0 27 28 27 28 17 18 0 0 0 0 0 0 0 0 27 28 27 28 17 18 0 0 0 0 0 0 0 0
116 0 1000 0 0 1000 0 1000 27 28 27 28 17 18 0 0 0 0 0 0 0 0 27 28 27 28 17 18 0 0 0 0 0 0 0 0 27 28 27 28 17 18 0 0 0 0 0 0 0 0 27 28 27 28 17 18 0 0 0 0 0 0 0 0 27 28 27 28 17 18 0 0 0 0 0 0 0 0 27 28 27 28 17 18 0 0 0 0 0 0 0 0
117 0 1000 0 0 1000 0 1000 27 28 27 28 17 18 83671 1 83671 1 0 0 0 0 27 28 27 28 17 18 83671 1 83671 1 0 0 0 0 27 28 27 28 17 18 83671 1 83671 1 0 0 0 0 27 28 27 28 17 18 83671 1 83671 1 0 0 0 0 27 28 27 28 17 18 83671 1 83671 1 0 0 0 0 27 28 27 28 17 18 83671 1 83671 1 0 0 0 0
118 0 1000 0 0 1000 0 1000 28 29 28 29 17 18 106947 99 0 0 80291 1 26656 98 28 29 28 29 17 18 106947 99 0 0 80291 1 26656 98 28 29 28 29 17 18 106947 99 0 0 80291 1 26656 98 28 29 28 29 17 18 106947 99 0 0 80291 1 26656 98 28 29 28 29 17 18 106947 99 0 0 80291 1 26656 98 28 29 28 29 17 18 106947 99 0 0 80291 1 26656 98
119 0 1000 0 0 1000 0 1000 28 29 28 29 18 19 0 0 0 0 0 0 0 0 28 29 28 29 18 19 0 0 0 0 0 0 0 0 28 29 28 29 18 19 0 0 0 0 0 0 0 0 28 29 28 29 18 19 0 0 0 0 0 0 0 0 28 29 28 29 18 19 0 0 0 0 0 0 0 0 28 29 28 29 18 19 0 0 0 0 0 0 0 0
120 0 1000 0 0 1000 0 1000 28 29 28 29 18 19 0 0 0 0 0 0 0 0 28 29 28 29 18 19 0 0 0 0 0 0 0 0 28 29 28 29 18 19 0 0 0 0 0 0 0 0 28 29 28 29 18 19 0 0 0 0 0 0 0 0 28 29 28 29 18 19 0 0 0 0 0 0 0 0 28 29 28 29 18 19 0 0 0 0 0 0 0 0
121 0 1000 0 0 1000 0 1000 28 29 28 29 18 19 83575 1 83575 1 0 0 0 0 28 29 28 29 18 19 83575 1 83575 1 0 0 0 0 28 29 28 29 18 19 83575 1 83575 1 0 0 0 0 28 29 28 29 18 19 83575 1 83575 1 0 0 0 0 28 29 28 29 18 19 83575 1 83575 1 0 0 0 0 28 29 28 29 18 19 83575 1 83575 1 0 0 0 0
122 0 1000 0 0 1000 0 1000 29 30 29 30 18 19 108035 103 0 0 80291 1 27744 102 29 30 29 30 18 19 108035 103 0 0 80291 1 27744 102 29 30 29 30 18 19 108035 103 0 0 80291 1 27744 102 29 30 29 30 18 19 108035 103 0 0 80291 1 27744 102 29 30 29 30 18 19 108035 103 0 0 80291 1 27744 102 29 30 29 30 18 19 108035 103 0 0 80291 1 27744 102
123 0 1000 0 0 1000 0 1000 29 30 29 30 19 20 0 0 0 0 0 0 0 0 29 30 29 30 19 20 0 0 0 0 0 0 0 0 29 30 29 30 19 20 0 0 0 0 0 0 0 0 29 30 29 30 19 20 0 0 0 0 0 0 0 0 29 30 29 30 19 20 0 0 0 0 0 0 0 0 29 30 29 30 19 20 0 0 0 0 0 0 0 0
124 0 1000 0 0 1000 0 1000 29 30 29 30 19 20 0 0 0 0 0 0 0 0 29 30 29 30 19 20 0 0 0 0 0 0 0 0 29 30 29 30 19 20 0 0 0 0 0 0 0 0 29 30 29 30 19 20 0 0 0 0 0 0 0 0 29 30 29 30 19 20 0 0 0 0 0 0 0 0 29 30 29 30 19 20 0 0 0 0 0 0 0 0
125 0 1000 0 0 1000 0 1000 29 30 29 30 19 20 167406 2 167406 2 0 0 0 0 29 30 29 30 19 20 167406 2 167406 2 0 0 0 0 29 30 29 30 19 20 167406 2 167406 2 0 0 0 0 29 30 29 30 19 20 167406 2 167406 2 0 0 0 0 29 30 29 30 19 20 167406 2 167406 2 0 0 0 0 29 30 29 30 19 20 167406 2 167406 2 0 0 0 0
126 0 1000 0 0 1000 0 1000 30 31 30 31 19 20 105859 95 0 0 80291 1 25568 94 30 31 30 31 19 20 105859 95 0 0 80291 1 25568 94 30 31 30 31 19 20 105859 95 0 0 80291 1 25568 94 30 31 30 31 19 20 105859 95 0 0 80291 1 25568 94 30 31 30 31 19 20 105859 95 0 0 80291 1 25568 94 30 31 30 31 19 20 105859 95 0 0 80291 1 25568 94
127 0 1000 0 0 1000 0 1000 30 31 30 31 20 21 0 0 0 0 0 0 0 0 30 31 30 31 20 21 0 0 0 0 0 0 0 0 30 31 30 31 20 21 0 0 0 0 0 0 0 0 30 31 30 31 20 21 0 0 0 0 0 0 0 0 30 31 30 31 20 21 0 0 0 0 0 0 0 0 30 31 30 31 20 21 0 0 0 0 0 0 0 0
128 0 1000 0 0 1000 0 1000 30 31 30 31 20 21 0 0 0 0 0 0 0 0 30 31 30 31 20 21 0 0 0 0 0 0 0 0 30 31 30 31 20 21 0 0 0 0 0 0 0 0 30 31 30 31 20 21 0 0 0 0 0 0 0 0 30 31 30 31 20 21 0 0 0 0 0 0 0 0 30 31 30 31 20 21 0 0 0 0 0 0 0 0
129 0 1000 0 0 1000 0 1000 30 31 30 31 20 21 83447 1 83447 1 0 0 0 0 30 31 30 31 20 21 83447 1 83447 1 0 0 0 0 30 31 30 31 20 21 83447 1 83447 1 0 0 0 0 30 31 30 31 20 21 83447 1 83447 1 0 0 0 0 30 31 30 31 20 21 83447 1 83447 1 0 0 0 0 30 31 30 31 20 21 83447 1 83447 1 0 0 0 0
130 0 1000 0 0 1000 0 1000 31 32 31 32 20 21 105043 92 0 0 80291 1 24752 91 31 32 31 32 20 21 105043 92 0 0 80291 1 24752 91 31 32 31 32 20 21 105043 92 0 0 80291 1 24752 91 31 32 31 32 20 21 105043 92 0 0 80291 1 24752 91 31 32 31 32 20 21 105043 92 0 0 80291 1 24752 91 31 32 31 32 20 21 105043 92 0 0 80291 1 24752 91
131 0 1000 0 0 1000 0 1000 31 32 31 32 21 22 0 0 0 0 0 0 0 0 31 32 31 32 21 22 0 0 0 0 0 0 0 0 31 32 31 32 21 22 0 0 0 0 0 0 0 0 31 32 31 32 21 22 0 0 0 0 0 0 0 0 31 32 31 32 21 22 0 0 0 0 0 0 0 0 31 32 31 32 21 22 0 0 0 0 0 0 0 0
132 0 1000 0 0 1000 0 1000 31 32 31 32 21 22 0 0 0 0 0 0 0 0 31 32 31 32 21 22 0 0 0 0 0 0 0 0 31 32 31 32 21 22 0 0 0 0 0 0 0 0 31 32 31 32 21 22 0 0 0 0 0 0 0 0 31 32 31 32 21 22 0 0 0 0 0 0 0 0 31 32 31 32 21 22 0 0 0 0 0 0 0 0
133 0 1000 0 0 1000 0 1000 31 32 31 32 21 22 166701 2 166701 2 0 0 0 0 31 32 31 32 21 22 166701 2 166701 2 0 0 0 0 31 32 31 32 21 22 166701 2 166701 2 0 0 0 0 31 32 31 32 21 22 166701 2 166701 2 0 0 0 0 31 32 31 32 21 22 166701 2 166701 2 0 0 0 0 31 32 31 32 21 22 166701 2 166701 2 0 0 0 0
134 0 1000 0 0 1000 0 1000 32 33 32 33 21 22 107490 101 0 0 80290 1 27200 100 32 33 32 33 21 22 107490 101 0 0 80290 1 27200 100 32 33 32 33 21 22 107490 101 0 0 80290 1 27200 100 32 33 32 33 21 22 107490 101 0 0 80290 1 27200 100 32 33 32 33 21 22 107490 101 0 0 80290 1 27200 100 32 33 32 33 21 22 107490 101 0 0 80290 1 27200 100
135 0 1000 0 0 1000 0 1000 32 33 32 33 22 23 0 0 0 0 0 0 0 0 32 33 32 33 22 23 0 0 0 0 0 0 0 0 32 33 32 33 22 23 0 0 0 0 0 0 0 0 32 33 32 33 22 23 0 0 0 0 0 0 0 0 32 33 32 33 22 23 0 0 0 0 0 0 0 0 32 33 32 33 22 23 0 0 0 0 0 0 0 0
136 0 1000 0 0 1000 0 1000 32 33 32 33 22 23 0 0 0 0 0 0 0 0 32 33 32 33 22 23 0 0 0 0 0 0 0 0 32 33 32 33 22 23 0 0 0 0 0 0 0 0 32 33 32 33 22 23 0 0 0 0 0 0 0 0 32 33 32 33 22 23 0 0 0 0 0 0 0 0 32 33 32 33 22 23 0 0 0 0 0 0 0 0
137 0 1000 0 0 1000 0 1000 32 33 32 33 22 23 250917 3 250917 3 0 0 0 0 32 33 32 33 22 23 250917 3 250917 3 0 0 0 0 32 33 32 33 22 23 250917 3 250917 3 0 0 0 0 32 33 32 33 22 23 250917 3 250917 3 0 0 0 0 32 33 32 33 22 23 250917 3 250917 3 0 0 0 0 32 33 32 33 22 23 250917 3 250917 3 0 0 0 0
138 0 1000 0 0 1000 0 1000 33 34 33 34 22 23 112115 118 0 0 80291 1 31824 117 33 34 33 34 22 23 112115 118 0 0 80291 1 31824 117 33 34 33 34 22 23 112115 118 0 0 80291 1 31824 117 33 34 33 34 22 23 112115 118 0 0 80291 1 31824 117 33 34 33 34 22 23 112115 118 0 0 80291 1 31824 117 33 34 33 34 22 23 112115 118 0 0 80291 1 31824 117
139 0 1000 0 0 1000 0 1000 33 34 33 34 23 24 0 0 0 0 0 0 0 0 33 34 33 34 23 24 0 0 0 0 0 0 0 0 33 34 33 34 23 24 0 0 0 0 0 0 0 0 33 34 33 34 23 24 0 0 0 0 0 0 0 0 33 34 33 34 23 24 0 0 0 0 0 0 0 0 33 34 33 34 23 24 0 0 0 0 0 0 0 0
140 0 1000 0 0 1000 0 1000 33 34 33 34 23 24 0 0 0 0 0 0 0 0 33 34 33 34 23 24 0 0 0 0 0 0 0 0 33 34 33 34 23 24 0 0 0 0 0 0 0 0 33 34 33 34 23 24 0 0 0 0 0 0 0 0 33 34 33 34 23 24 0 0 0 0 0 0 0 0 33 34 33 34 23 24 0 0 0 0 0 0 0 0
141 0 1000 0 0 1000 0 1000 33 34 33 34 23 24 84183 1 84183 1 0 0 0 0 33 34 33 34 23 24 84183 1 84183 1 0 0 0 0 33 34 33 34 23 24 84183 1 84183 1 0 0 0 0 33 34 33 34 23 24 84183 1 84183 1 0 0 0 0 33 34 33 34 23 24 84183 1 84183 1 0 0 0 0 33 34 33 34 23 24 84183 1 84183 1 0 0 0 0
142 0 1000 0 0 1000 0 1000 34 35 34 35 23 24 105315 93 0 0 80291 1 25024 92 34 35 34 35 23 24 105315 93 0 0 80291 1 25024 92 34 35 34 35 23 24 105315 93 0 0 80291 1 25024 92 34 35 34 35 23 24 105315 93 0 0 80291 1 25024 92 34 35 34 35 23 24 105315 93 0 0 80291 1 25024 92 34 35 34 35 23 24 105315 93 0 0 80291 1 25024 92
143 0 1000 0 0 1000 0 1000 34 35 34 35 24 25 0 0 0 0 0 0 0 0 34 35 34 35 24 25 0 0 0 0 0 0 0 0 34 35 34 35 24 25 0 0 0 0 0 0 0 0 34 35 34 35 24 25 0 0 0 0 0 0 0 0 34 35 34 35 24 25 0 0 0 0 0 0 0 0 34 35 34 35 24 25 0 0 0 0 0 0 0 0
144 0 1000 0 0 1000 0 1000 34 35 34 35 24 25 0 0 0 0 0 0 0 0 34 35 34 35 24 25 0 0 0 0 0 0 0 0 34 35 34 35 24 25 0 0 0 0 0 0 0 0 34 35 34 35 24 25 0 0 0 0 0 0 0 0 34 35 34 35 24 25 0 0 0 0 0 0 0 0 34 35 34 35 24 25 0 0 0 0 0 0 0 0
145 0 1000 0 0 1000 0 1000 34 35 34 35 24 25 83383 1 83383 1 0 0 0 0 34 35 34 35 24 25 83383 1 83383 1 0 0 0 0 34 35 34 35 24 25 83383 1 83383 1 0 0 0 0 34 35 34 35 24 25 83383 1 83383 1 0 0 0 0 34 35 34 35 24 25 83383 1 83383 1 0 0 0 0 34 35 34 35 24 25 83383 1 83383 1 0 0 0 0
146 0 1000 0 0 1000 0 1000 35 36 35 36 24 25 105043 92 0 0 80291 1 24752 91 35 36 35 36 24 25 105043 92 0 0 80291 1 24752 91 35 36 35 36 24 25 105043 92 0 0 80291 1 24752 91 35 36 35 36 24 25 105043 92 0 0 80291 1 24752 91 35 36 35 36 24 25 105043 92 0 0 80291 1 24752 91 35 36 35 36 24 25 105043 92 0 0 80291 1 24752 91
147 0 1000 0 0 1000 0 1000 35 36 35 36 25 26 0 0 0 0 0 0 0 0 35 36 35 36 25 26 0 0 0 0 0 0 0 0 35 36 35 36 25 26 0 0 0 0 0 0 0 0 35 36 35 36 25 26 0 0 0 0 0 0 0 0 35 36 35 36 25 26 0 0 0 0 0 0 0 0 35 36 35 36 25 26 0 0 0 0 0 0 0 0
148 0 1000 0 0 1000 0 1000 35 36 35 36 25 26 0 0 0 0 0 0 0 0 35 36 35 36 25 26 0 0 0 0 0 0 0 0 35 36 35 36 25 26 0 0 0 0 0 0 0 0 35 36 35 36 25 26 0 0 0 0 0 0 0 0 35 36 35 36 25 26 0 0 0 0 0 0 0 0 35 36 35 36 25 26 0 0 0 0 0 0 0 0
149 0 1000 0 0 1000 0 1000 35 36 35 36 25 26 333402 4 333402 4 0 0 0 0 35 36 35 36 25 26 333402 4 333402 4 0 0 0 0 35 36 35 36 25 26 333402 4 333402 4 0 0 0 0 35 36 35 36 25 26 333402 4 333402 4 0 0 0 0 35 36 35 36 25 26 333402 4 333402 4 0 0 0 0 35 36 35 36 25 26 333402 4 333402 4 0 0 0 0
150 0 1000 0 0 1000 0 1000 36 37 36 37 25 26 110211 111 0 0 80291 1 29920 110 36 37 36 37 25 26 110211 111 0 0 80291 1 29920 110 36 37 36 37 25 26 110211 111 0 0 80291 1 29920 110 36 37 36 37 25 26 110211 111 0 0 80291 1 29920 110 36 37 36 37 25 26 110211 111 0 0 80291 1 29920 110 36 37 36 37 25 26 110211 111 0 0 80291 1 29920 110
151 0 1000 0 0 1000 0 1000 36 37 36 37 26 27 0 0 0 0 0 0 0 0 36 37 36 37 26 27 0 0 0 0 0 0 0 0 36 37 36 37 26 27 0 0 0 0 0 0 0 0 36 37 36 37 26 27 0 0 0 0 0 0 0 0 36 37 36 37 26 27 0 0 0 0 0 0 0 0 36 37 36 37 26 27 0 0 0 0 0 0 0 0
152 0 1000 0 0 1000 0 1000 36 37 36 37 26 27 0 0 0 0 0 0 0 0 36 37 36 37 26 27 0 0 0 0 0 0 0 0 36 37 36 37 26 27 0 0 0 0 0 0 0 0 36 37 36 37 26 27 0 0 0 0 0 0 0 0 36 37 36 37 26 27 0 0 0 0 0 0 0 0 36 37 36 37 26 27 0 0 0 0 0 0 0 0
153 0 1000 0 0 1000 0 1000 36 37 36 37 26 27 335835 4 335835 4 0 0 0 0 36 37 36 37 26 27 335835 4 335835 4 0 0 0 0 36 37 36 37 26 27 335835 4 335835 4 0 0 0 0 36 37 36 37 26 27 335835 4 335835 4 0 0 0 0 36 37 36 37 26 27 335835 4 335835 4 0 0 0 0 36 37 36 37 26 27 335835 4 335835 4 0 0 0 0
154 0 1000 0 0 1000 0 1000 37 38 37 38 26 27 105315 93 0 0 80291 1 25024 92 37 38 37 38 26 27 105315 93 0 0 80291 1 25024 92 37 38 37 38 26 27 105315 93 0 0 80291 1 25024 92 37 38 37 38 26 27 105315 93 0 0 80291 1 25024 92 37 38 37 38 26 27 105315 93 0 0 80291 1 25024 92 37 38 37 38 26 27 105315 93 0 0 80291 1 25024 92
155 0 1000 0 0 1000 0 1000 37 38 37 38 27 28 0 0 0 0 0 0 0 0 37 38 37 38 27 28 0 0 0 0 0 0 0 0 37 38 37 38 27 28 0 0 0 0 0 0 0 0 37 38 37 38 27 28 0 0 0 0 0 0 0 0 37 38 37 38 27 28 0 0 0 0 0 0 0 0 37 38 37 38 27 28 0 0 0 0 0 0 0 0
156 0 1000 0 0 1000 0 1000 37 38 37 38 27 28 0 0 0 0 0 0 0 0 37 38 37 38 27 28 0 0 0 0 0 0 0 0 37 38 37 38 27 28 0 0 0 0 0 0 0 0 37 38 37 38 27 28 0 0 0 0 0 0 0 0 37 38 37 38 27 28 0 0 0 0 0 0 0 0 37 38 37 38 27 28 0 0 0 0 0 0 0 0
157 0 1000 0 0 1000 0 1000 37 38 37 38 27 28 166766 2 166766 2 0 0 0 0 37 38 37 38 27 28 166766 2 166766 2 0 0 0 0 37 38 37 38 27 28 166766 2 166766 2 0 0 0 0 37 38 37 38 27 28 166766 2 166766 2 0 0 0 0 37 38 37 38 27 28 166766 2 166766 2 0 0 0 0 37 38 37 38 27 28 166766 2 166766 2 0 0 0 0
158 0 1000 0 0 1000 0 1000 38 39 38 39 27 28 110211 111 0 0 80291 1 29920 110 38 39 38 39 27 28 110211 111 0 0 80291 1 29920 110 38 39 38 39 27 28 110211 111 0 0 80291 1 29920 110 38 39 38 39 27 28 110211 111 0 0 80291 1 29920 110 38 39 38 39 27 28 110211 111 0 0 80291 1 29920 110 38 39 38 39 27 28 110211 111 0 0 80291 1 29920 110
159 0 1000 0 0 1000 0 1000 38 39 38 39 28 29 0 0 0 0 0 0 0 0 38 39 38 39 28 29 0 0 0 0 0 0 0 0 38 39 38 39 28 29 0 0 0 0 0 0 0 0 38 39 38 39 28 29 0 0 0 0 0 0 0 0 38 39 38 39 28 29 0 0 0 0 0 0 0 0 38 39 38 39 28 29 0 0 0 0 0 0 0 0
160 0 1000 0 0 1000 0 1000 38 39 38 39 28 29 0 0 0 0 0 0 0 0 38 39 38 39 28 29 0 0 0 0 0 0 0 0 38 39 38 39 28 29 0 0 0 0 0 0 0 0 38 39 38 39 28 29 0 0 0 0 0 0 0 0 38 39 38 39 28 29 0 0 0 0 0 0 0 0 38 39 38 39 28 29 0 0 0 0 0 0 0 0
161 0 1000 0 0 1000 0 1000 38 39 38 39 28 29 251876 3 251876 3 0 0 0 0 38 39 38 39 28 29 251876 3 251876 3 0 0 0 0 38 39 38 39 28 29 251876 3 251876 3 0 0 0 0 38 39 38 39 28 29 251876 3 251876 3 0 0 0 0 38 39 38 39 28 29 251876 3 251876 3 0 0 0 0 38 39 38 39 28 29 251876 3 251876 3 0 0 0 0
162 0 1000 0 0 1000 0 1000 39 40 39 40 28 29 114291 126 0 0 80291 1 34000 125 39 40 39 40 28 29 114291 126 0 0 80291 1 34000 125 39 40 39 40 28 29 114291 126 0 0 80291 1 34000 125 39 40 39 40 28 29 114291 126 0 0 80291 1 34000 125 39 40 39 40 28 29 114291 126 0 0 80291 1 34000 125 39 40 39 40 28 29 114291 126 0 0 80291 1 34000 125
163 0 1000 0 0 1000 0 1000 39 40 39 40 29 30 0 0 0 0 0 0 0 0 39 40 39 40 29 30 0 0 0 0 0 0 0 0 39 40 39 40 29 30 0 0 0 0 0 0 0 0 39 40 39 40 29 30 0 0 0 0 0 0 0 0 39 40 39 40 29 30 0 0 0 0 0 0 0 0 39 40 39 40 29 30 0 0 0 0 0 0 0 0
164 0 1000 0 0 1000 0 1000 39 40 39 40 29 30 0 0 0 0 0 0 0 0 39 40 39 40 29 30 0 0 0 0 0 0 0 0 39 40 39 40 29 30 0 0 0 0 0 0 0 0 39 40 39 40 29 30 0 0 0 0 0 0 0 0 39 40 39 40 29 30 0 0 0 0 0 0 0 0 39 40 39 40 29 30 0 0 0 0 0 0 0 0
165 0 1000 0 0 1000 0 1000 39 40 39 40 29 30 253317 3 253317 3 0 0 0 0 39 40 39 40 29 30 253317 3 253317 3 0 0 0 0 39 40 39 40 29 30 253317 3 253317 3 0 0 0 0 39 40 39 40 29 30 253317 3 253317 3 0 0 0 0 39 40 39 40 29 30 253317 3 253317 3 0 0 0 0 39 40 39 40 29 30 253317 3 253317 3 0 0 0 0
166 0 1000 0 0 1000 0 1000 40 41 40 41 29 30 114291 126 0 0 80291 1 34000 125 40 41 40 41 29 30 114291 126 0 0 80291 1 34000 125 40 41 40 41 29 30 114291 126 0 0 80291 1 34000 125 40 41 40 41 29 30 114291 126 0 0 80291 1 34000 125 40 41 40 41 29 30 114291 126 0 0 80291 1 34000 125 40 41 40 41 29 30 114291 126 0 0 80291 1 34000 125
167 0 1000 0 0 1000 0 1000 40 41 40 41 30 31 0 0 0 0 0 0 0 0 40 41 40 41 30 31 0 0 0 0 0 0 0 0 40 41 40 41 30 31 0 0 0 0 0 0 0 0 40 41 40 41 30 31 0 0 0 0 0 0 0 0 40 41 40 41 30 31 0 0 0 0 0 0 0 0 40 41 40 41 30 31 0 0 0 0 0 0 0 0
168 0 1000 0 0 1000 0 1000 40 41 40 41 30 31 0 0 0 0 0 0 0 0 40 41 40 41 30 31 0 0 0 0 0 0 0 0 40 41 40 41 30 31 0 0 0 0 0 0 0 0 40 41 40 41 30 31 0 0 0 0 0 0 0 0 40 41 40 41 30 31 0 0 0 0 0 0 0 0 40 41 40 41 30 31 0 0 0 0 0 0 0 0
169 0 1000 0 0 1000 0 1000 40 41 40 41 30 31 168878 2 168878 2 0 0 0 0 40 41 40 41 30 31 168878 2 168878 2 0 0 0 0 40 41 40 41 30 31 168878 2 168878 2 0 0 0 0 40 41 40 41 30 31 168878 2 168878 2 0 0 0 0 40 41 40 41 30 31 168878 2 168878 2 0 0 0 0 40 41 40 41 30 31 168878 2 168878 2 0 0 0 0
170 0 1000 0 0 1000 0 1000 41 42 41 42 30 31 106947 99 0 0 80291 1 26656 98 41 42 41 42 30 31 106947 99 0 0 80291 1 26656 98 41 42 41 42 30 31 106947 99 0 0 80291 1 26656 98 41 42 41 42 30 31 106947 99 0 0 80291 1 26656 98 41 42 41 42 30 31 106947 99 0 0 80291 1 26656 98 41 42 41 42 30 31 106947 99 0 0 80291 1 26656 98
171 0 1000 0 0 1000 0 1000 41 42 41 42 31 32 0 0 0 0 0 0 0 0 41 42 41 42 31 32 0 0 0 0 0 0 0 0 41 42 41 42 31 32 0 0 0 0 0 0 0 0 41 42 41 42 31 32 0 0 0 0 0 0 0 0 41 42 41 42 31 32 0 0 0 0 0 0 0 0 41 42 41 42 31 32 0 0 0 0 0 0 0 0
172 0 1000 0 0 1000 0 1000 41 42 41 42 31 32 0 0 0 0 0 0 0 0 41 42 41 42 31 32 0 0 0 0 0 0 0 0 41 42 41 42 31 32 0 0 0 0 0 0 0 0 41 42 41 42 31 32 0 0 0 0 0 0 0 0 41 42 41 42 31 32 0 0 0 0 0 0 0 0 41 42 41 42 31 32 0 0 0 0 0 0 0 0
173 0 1000 0 0 1000 0 1000 41 42 41 42 31 32 167150 2 167150 2 0 0 0 0 41 42 41 42 31 32 167150 2 167150 2 0 0 0 0 41 42 41 42 31 32 167150 2 167150 2 0 0 0 0 41 42 41 42 31 32 167150 2 167150 2 0 0 0 0 41 42 41 42 31 32 167150 2 167150 2 0 0 0 0 41 42 41 42 31 32 167150 2 167150 2 0 0 0 0
174 0 1000 0 0 1000 0 1000 42 43 42 43 31 32 109939 110 0 0 80291 1 29648 109 42 43 42 43 31 32 109939 110 0 0 80291 1 29648 109 42 43 42 43 31 32 109939 110 0 0 80291 1 29648 109 42 43 42 43 31 32 109939 110 0 0 80291 1 29648 109 42 43 42 43 31 32 109939 110 0 0 80291 1 29648 109 42 43 42 43 31 32 109939 110 0 0 80291 1 29648 109
175 0 1000 0 0 1000 0 1000 42 43 42 43 32 33 0 0 0 0 0 0 0 0 42 43 42 43 32 33 0 0 0 0 0 0 0 0 42 43 42 43 32 33 0 0 0 0 0 0 0 0 42 43 42 43 32 33 0 0 0 0 0 0 0 0 42 43 42 43 32 33 0 0 0 0 0 0 0 0 42 43 42 43 32 33 0 0 0 0 0 0 0 0
176 0 1000 0 0 1000 0 1000 42 43 42 43 32 33 0 0 0 0 0 0 0 0 42 43 42 43 32 33 0 0 0 0 0 0 0 0 42 43 42 43 32 33 0 0 0 0 0 0 0 0 42 43 42 43 32 33 0 0 0 0 0 0 0 0 42 43 42 43 32 33 0 0 0 0 0 0 0 0 42 43 42 43 32 33 0 0 0 0 0 0 0 0
177 0 1000 0 0 1000 0 1000 42 43 42 43 32 33 83927 1 83927 1 0 0 0 0 42 43 42 43 32 33 83927 1 83927 1 0 0 0 0 42 43 42 43 32 33 83927 1 83927 1 0 0 0 0 42 43 42 43 32 33 83927 1 83927 1 0 0 0 0 42 43 42 43 32 33 83927 1 83927 1 0 0 0 0 42 43 42 43 32 33 83927 1 83927 1 0 0 0 0
178 0 1000 0 0 1000 0 1000 43 44 43 44 32 33 111299 115 0 0 80291 1 31008 114 43 44 43 44 32 33 111299 115 0 0 80291 1 31008 114 43 44 43 44 32 33 111299 115 0 0 80291 1 31008 114 43 44 43 44 32 33 111299 115 0 0 80291 1 31008 114 43 44 43 44 32 33 111299 115 0 0 80291 1 31008 114 43 44 43 44 32 33 111299 115 0 0 80291 1 31008 114
179 0 1000 0 0 1000 0 1000 43 44 43 44 33 34 0 0 0 0 0 0 0 0 43 44 43 44 33 34 0 0 0 0 0 0 0 0 43 44 43 44 33 34 0 0 0 0 0 0 0 0 43 44 43 44 33 34 0 0 0 0 0 0 0 0 43 44 43 44 33 34 0 0 0 0 0 0 0 0 43 44 43 44 33 34 0 0 0 0 0 0 0 0
180 0 1000 0 0 1000 0 1000 43 44 43 44 33 34 0 0 0 0 0 0 0 0 43 44 43 44 33 34 0 0 0 0 0 0 0 0 43 44 43 44 33 34 0 0 0 0 0 0 0 0 43 44 43 44 33 34 0 0 0 0 0 0 0 0 43 44 43 44 33 34 0 0 0 0 0 0 0 0 43 44 43 44 33 34 0 0 0 0 0 0 0 0
181 0 1000 0 0 1000 0 1000 43 44 43 44 33 34 84086 1 84086 1 0 0 0 0 43 44 43 44 33 34 84086 1 84086 1 0 0 0 0 43 44 43 44 33 34 84086 1 84086 1 0 0 0 0 43 44 43 44 33 34 84086 1 84086 1 0 0 0 0 43 44 43 44 33 34 84086 1 84086 1 0 0 0 0 43 44 43 44 33 34 84086 1 84086 1 0 0 0 0
182 0 1000 0 0 1000 0 1000 44 45 44 45 33 34 105314 93 0 0 80290 1 25024 92 44 45 44 45 33 34 105314 93 0 0 80290 1 25024 92 44 45 44 45 33 34 105314 93 0 0 80290 1 25024 92 44 45 44 45 33 34 105314 93 0 0 80290 1 25024 92 44 45 44 45 33 34 105314 93 0 0 80290 1 25024 92 44 45 44 45 33 34 105314 93 0 0 80290 1 25024 92
183 0 1000 0 0 1000 0 1000 44 45 44 45 34 35 0 0 0 0 0 0 0 0 44 45 44 45 34 35 0 0 0 0 0 0 0 0 44 45 44 45 34 35 0 0 0 0 0 0 0 0 44 45 44 45 34 35 0 0 0 0 0 0 0 0 44 45 44 45 34 35 0 0 0 0 0 0 0 0 44 45 44 45 34 35 0 0 0 0 0 0 0 0
184 0 1000 0 0 1000 0 1000 44 45 44 45 34 35 0 0 0 0 0 0 0 0 44 45 44 45 34 35 0 0 0 0 0 0 0 0 44 45 44 45 34 35 0 0 0 0 0 0 0 0 44 45 44 45 34 35 0 0 0 0 0 0 0 0 44 45 44 45 34 35 0 0 0 0 0 0 0 0 44 45 44 45 34 35 0 0 0 0 0 0 0 0
185 0 1000 0 0 1000 0 1000 44 45 44 45 34 35 83383 1 83383 1 0 0 0 0 44 45 44 45 34 35 83383 1 83383 1 0 0 0 0 44 45 44 45 34 35 83383 1 83383 1 0 0 0 0 44 45 44 45 34 35 83383 1 83383 1 0 0 0 0 44 45 44 45 34 35 83383 1 83383 1 0 0 0 0 44 45 44 45 34 35 83383 1 83383 1 0 0 0 0
186 0 1000 0 0 1000 0 1000 45 46 45 46 34 35 107219 100 0 0 80291 1 26928 99 45 46 45 46 34 35 107219 100 0 0 80291 1 26928 99 45 46 45 46 34 35 107219 100 0 0 80291 1 26928 99 45 46 45 46 34 35 107219 100 0 0 80291 1 26928 99 45 46 45 46 34 35 107219 100 0 0 80291 1 26928 99 45 46 45 46 34 35 107219 100 0 0 80291 1 26928 99
187 0 1000 0 0 1000 0 1000 45 46 45 46 35 36 0 0 0 0 0 0 0 0 45 46 45 46 35 36 0 0 0 0 0 0 0 0 45 46 45 46 35 36 0 0 0 0 0 0 0 0 45 46 45 46 35 36 0 0 0 0 0 0 0 0 45 46 45 46 35 36 0 0 0 0 0 0 0 0 45 46 45 46 35 36 0 0 0 0 0 0 0 0
188 0 1000 0 0 1000 0 1000 45 46 45 46 35 36 0 0 0 0 0 0 0 0 45 46 45 46 35 36 0 0 0 0 0 0 0 0 45 46 45 46 35 36 0 0 0 0 0 0 0 0 45 46 45 46 35 36 0 0 0 0 0 0 0 0 45 46 45 46 35 36 0 0 0 0 0 0 0 0 45 46 45 46 35 36 0 0 0 0 0 0 0 0
189 0 1000 0 0 1000 0 1000 45 46 45 46 35 36 167213 2 167213 2 0 0 0 0 45 46 45 46 35 36 167213 2 167213 2 0 0 0 0 45 46 45 46 35 36 167213 2 167213 2 0 0 0 0 45 46 45 46 35 36 167213 2 167213 2 0 0 0 0 45 46 45 46 35 36 167213 2 167213 2 0 0 0 0 45 46 45 46 35 36 167213 2 167213 2 0 0 0 0
190 0 1000 0 0 1000 0 1000 46 47 46 47 35 36 109395 108 0 0 80291 1 29104 107 46 47 46 47 35 36 109395 108 0 0 80291 1 29104 107 46 47 46 47 35 36 109395 108 0 0 80291 1 29104 107 46 47 46 47 35 36 109395 108 0 0 80291 1 29104 107 46 47 46 47 35 36 109395 108 0 0 80291 1 29104 107 46 47 46 47 35 36 109395 108 0 0 80291 1 29104 107
191 0 1000 0 0 1000 0 1000 46 47 46 47 36 37 0 0 0 0 0 0 0 0 46 47 46 47 36 37 0 0 0 0 0 0 0 0 46 47 46 47 36 37 0 0 0 0 0 0 0 0 46 47 46 47 36 37 0 0 0 0 0 0 0 0 46 47 46 47 36 37 0 0 0 0 0 0 0 0 46 47 46 47 36 37 0 0 0 0 0 0 0 0
192 0 1000 0 0 1000 0 1000 46 47 46 47 36 37 0 0 0 0 0 0 0 0 46 47 46 47 36 37 0 0 0 0 0 0 0 0 46 47 46 47 36 37 0 0 0 0 0 0 0 0 46 47 46 47 36 37 0 0 0 0 0 0 0 0 46 47 46 47 36 37 0 0 0 0 0 0 0 0 46 47 46 47 36 37 0 0 0 0 0 0 0 0
193 0 1000 0 0 1000 0 1000 46 47 46 47 36 37 251589 3 251589 3 0 0 0 0 46 47 46 47 36 37 251589 3 251589 3 0 0 0 0 46 47 46 47 36 37 251589 3 251589 3 0 0 0 0 46 47 46 47 36 37 251589 3 251589 3 0 0 0 0 46 47 46 47 36 37 251589 3 251589 3 0 0 0 0 46 47 46 47 36 37 251589 3 251589 3 0 0 0 0
194 0 1000 0 0 1000 0 1000 47 48 47 48 36 37 107219 100 0 0 80291 1 26928 99 47 48 47 48 36 37 107219 100 0 0 80291 1 26928 99 47 48 47 48 36 37 107219 100 0 0 80291 1 26928 99 47 48 47 48 36 37 107219 100 0 0 80291 1 26928 99 47 48 47 48 36 37 107219 100 0 0 80291 1 26928 99 47 48 47 48 36 37 107219 100 0 0 80291 1 26928 99
195 0 1000 0 0 1000 0 1000 47 48 47 48 37 38 0 0 0 0 0 0 0 0 47 48 47 48 37 38 0 0 0 0 0 0 0 0 47 48 47 48 37 38 0 0 0 0 0 0 0 0 47 48 47 48 37 38 0 0 0 0 0 0 0 0 47 48 47 48 37 38 0 0 0 0 0 0 0 0 47 48 47 48 37 38 0 0 0 0 0 0 0 0
196 0 1000 0 0 1000 0 1000 47 48 47 48 37 38 0 0 0 0 0 0 0 0 47 48 47 48 37 38 0 0 0 0 0 0 0 0 47 48 47 48 37 38 0 0 0 0 0 0 0 0 47 48 47 48 37 38 0 0 0 0 0 0 0 0 47 48 47 48 37 38 0 0 0 0 0 0 0 0 47 48 47 48 37 38 0 0 0 0 0 0 0 0
197 0 1000 0 0 1000 0 1000 47 48 47 48 37 38 250820 3 250820 3 0 0 0 0 47 48 47 48 37 38 250820 3 250820 3 0 0 0 0 47 48 47 48 37 38 250820 3 250820 3 0 0 0 0 47 48 47 48 37 38 250820 3 250820 3 0 0 0 0 47 48 47 48 37 38 250820 3 250820 3 0 0 0 0 47 48 47 48 37 38 250820 3 250820 3 0 0 0 0
198 0 1000 0 0 1000 0 1000 48 49 48 49 37 38 109938 110 0 0 80290 1 29648 109 48 49 48 49 37 38 109938 110 0 0 80290 1 29648 109 48 49 48 49 37 38 109938 110 0 0 80290 1 29648 109 48 49 48 49 37 38 109938 110 0 0 80290 1 29648 109 48 49 48 49 37 38 109938 110 0 0 80290 1 29648 109 48 49 48 49 37 38 109938 110 0 0 80290 1 29648 109
199 0 1000 0 0 1000 0 1000 48 49 48 49 38 39 0 0 0 0 0 0 0 0 48 49 48 49 38 39 0 0 0 0 0 0 0 0 48 49 48 49 38 39 0 0 0 0 0 0 0 0 48 49 48 49 38 39 0 0 0 0 0 0 0 0 48 49 48 49 38 39 0 0 0 0 0 0 0 0 48 49 48 49 38 39 0 0 0 0 0 0 0 0
200 0 1000 0 0 1000 0 1000 48 49 48 49 38 39 0 0 0 0 0 0 0 0 48 49 48 49 38 39 0 0 0 0 0 0 0 0 48 49 48 49 38 39 0 0 0 0 0 0 0 0 48 49 48 49 38 39 0 0 0 0 0 0 0 0 48 49 48 49 38 39 0 0 0 0 0 0 0 0 48 49 48 49 38 39 0 0 0 0 0 0 0 0
201 0 1000 0 0 1000 0 1000 48 49 48 49 38 39 167854 2 167854 2 0 0 0 0 48 49 48 49 38 39 167854 2 167854 2 0 0 0 0 48 49 48 49 38 39 167854 2 167854 2 0 0 0 0 48 49 48 49 38 39 167854 2 167854 2 0 0 0 0 48 49 48 49 38 39 167854 2 167854 2 0 0 0 0 48 49 48 49 38 39 167854 2 167854 2 0 0 0 0
202 0 1000 0 0 1000 0 1000 49 50 49 50 38 39 108579 105 0 0 80291 1 28288 104 49 50 49 50 38 39 108579 105 0 0 80291 1 28288 104 49 50 49 50 38 39 108579 105 0 0 80291 1 28288 104 49 50 49 50 38 39 108579 105 0 0 80291 1 28288 104 49 50 49 50 38 39 108579 105 0 0 80291 1 28288 104 49 50 49 50 38 39 108579 105 0 0 80291 1 28288 104
203 0 1000 0 0 1000 0 1000 49 50 49 50 39 40 0 0 0 0 0 0 0 0 49 50 49 50 39 40 0 0 0 0 0 0 0 0 49 50 49 50 39 40 0 0 0 0 0 0 0 0 49 50 49 50 39 40 0 0 0 0 0 0 0 0 49 50 49 50 39 40 0 0 0 0 0 0 0 0 49 50 49 50 39 40 0 0 0 0 0 0 0 0
204 0 1000 0 0 1000 0 1000 49 50 49 50 39 40 0 0 0 0 0 0 0 0 49 50 49 50 39 40 0 0 0 0 0 0 0 0 49 50 49 50 39 40 0 0 0 0 0 0 0 0 49 50 49 50 39 40 0 0 0 0 0 0 0 0 49 50 49 50 39 40 0 0 0 0 0 0 0 0 49 50 49 50 39 40 0 0 0 0 0 0 0 0
205 0 1000 0 0 1000 0 1000 49 50 49 50 39 40 167534 2 167534 2 0 0 0 0 49 50 49 50 39 40 167534 2 167534 2 0 0 0 0 49 50 49 50 39 40 167534 2 167534 2 0 0 0 0 49 50 49 50 39 40 167534 2 167534 2 0 0 0 0 49 50 49 50 39 40 167534 2 167534 2 0 0 0 0 49 50 49 50 39 40 167534 2 167534 2 0 0 0 0
206 0 1000 0 0 1000 0 1000 50 51 50 51 39 40 104771 91 0 0 80291 1 24480 90 50 51 50 51 39 40 104771 91 0 0 80291 1 24480 90 50 51 50 51 39 40 104771 91 0 0 80291 1 24480 90 50 51 50 51 39 40 104771 91 0 0 80291 1 24480 90 50 51 50 51 39 40 104771 91 0 0 80291 1 24480 90 50 51 50 51 39 40 104771 91 0 0 80291 1 24480 90
207 0 1000 0 0 1000 0 1000 50 51 50 51 40 41 0 0 0 0 0 0 0 0 50 51 50 51 40 41 0 0 0 0 0 0 0 0 50 51 50 51 40 41 0 0 0 0 0 0 0 0 50 51 50 51 40 41 0 0 0 0 0 0 0 0 50 51 50 51 40 41 0 0 0 0 0 0 0 0 50 51 50 51 40 41 0 0 0 0 0 0 0 0
208 0 1000 0 0 1000 0 1000 50 51 50 51 40 41 0 0 0 0 0 0 0 0 50 51 50 51 40 41 0 0 0 0 0 0 0 0 50 51 50 51 40 41 0 0 0 0 0 0 0 0 50 51 50 51 40 41 0 0 0 0 0 0 0 0 50 51 50 51 40 41 0 0 0 0 0 0 0 0 50 51 50 51 40 41 0 0 0 0 0 0 0 0
209 0 1000 0 0 1000 0 1000 50 51 50 51 40 41 249955 3 249955 3 0 0 0 0 50 51 50 51 40 41 249955 3 249955 3 0 0 0 0 50 51 50 51 40 41 249955 3 249955 3 0 0 0 0 50 51 50 51 40 41 249955 3 249955 3 0 0 0 0 50 51 50 51 40 41 249955 3 249955 3 0 0 0 0 50 51 50 51 40 41 249955 3 249955 3 0 0 0 0
210 0 1000 0 0 1000 0 1000 51 52 51 52 40 41 109121 107 0 0 80289 1 28832 106 51 52 51 52 40 41 109121 107 0 0 80289 1 28832 106 51 52 51 52 40 41 109121 107 0 0 80289 1 28832 106 51 52 51 52 40 41 109121 107 0 0 80289 1 28832 106 51 52 51 52 40 41 109121 107 0 0 80289 1 28832 106 51 52 51 52 40 41 109121 107 0 0 80289 1 28832 106
211 0 1000 0 0 1000 0 1000 51 52 51 52 41 42 0 0 0 0 0 0 0 0 51 52 51 52 41 42 0 0 0 0 0 0 0 0 51 52 51 52 41 42 0 0 0 0 0 0 0 0 51 52 51 52 41 42 0 0 0 0 0 0 0 0 51 52 51 52 41 42 0 0 0 0 0 0 0 0 51 52 51 52 41 42 0 0 0 0 0 0 0 0
212 0 1000 0 0 1000 0 1000 51 52 51 52 41 42 0 0 0 0 0 0 0 0 51 52 51 52 41 42 0 0 0 0 0 0 0 0 51 52 51 52 41 42 0 0 0 0 0 0 0 0 51 52 51 52 41 42 0 0 0 0 0 0 0 0 51 52 51 52 41 42 0 0 0 0 0 0 0 0 51 52 51 52 41 42 0 0 0 0 0 0 0 0
213 0 1000 0 0 1000 0 1000 51 52 51 52 41 42 251491 3 251491 3 0 0 0 0 51 52 51 52 41 42 251491 3 251491 3 0 0 0 0 51 52 51 52 41 42 251491 3 251491 3 0 0 0 0 51 52 51 52 41 42 251491 3 251491 3 0 0 0 0 51 52 51 52 41 42 251491 3 251491 3 0 0 0 0 51 52 51 52 41 42 251491 3 251491 3 0 0 0 0
214 0 1000 0 0 1000 0 1000 52 53 52 53 41 42 107489 101 0 0 80289 1 27200 100 52 53 52 53 41 42 107489 101 0 0 80289 1 27200 100 52 53 52 53 41 42 107489 101 0 0 80289 1 27200 100 52 53 52 53 41 42 107489 101 0 0 80289 1 27200 100 52 53 52 53 41 42 107489 101 0 0 80289 1 27200 100 52 53 52 53 41 42 107489 101 0 0 80289 1 27200 100
215 0 1000 0 0 1000 0 1000 52 53 52 53 42 43 0 0 0 0 0 0 0 0 52 53 52 53 42 43 0 0 0 0 0 0 0 0 52 53 52 53 42 43 0 0 0 0 0 0 0 0 52 53 52 53 42 43 0 0 0 0 0 0 0 0 52 53 52 53 42 43 0 0 0 0 0 0 0 0 52 53 52 53 42 43 0 0 0 0 0 0 0 0
216 0 1000 0 0 1000 0 1000 52 53 52 53 42 43 0 0 0 0 0 0 0 0 52 53 52 53 42 43 0 0 0 0 0 0 0 0 52 53 52 53 42 43 0 0 0 0 0 0 0 0 52 53 52 53 42 43 0 0 0 0 0 0 0 0 52 53 52 53 42 43 0 0 0 0 0 0 0 0 52 53 52 53 42 43 0 0 0 0 0 0 0 0
217 0 1000 0 0 1000 0 1000 52 53 52 53 42 43 167278 2 167278 2 0 0 0 0 52 53 52 53 42 43 167278 2 167278 2 0 0 0 0 52 53 52 53 42 43 167278 2 167278 2 0 0 0 0 52 53 52 53 42 43 167278 2 167278 2 0 0 0 0 52 53 52 53 42 43 167278 2 167278 2 0 0 0 0 52 53 52 53 42 43 167278 2 167278 2 0 0 0 0
218 0 1000 0 0 1000 0 1000 53 54 53 54 42 43 103139 85 0 0 80291 1 22848 84 53 54 53 54 42 43 103139 85 0 0 80291 1 22848 84 53 54 53 54 42 43 103139 85 0 0 80291 1 22848 84 53 54 53 54 42 43 103139 85 0 0 80291 1 22848 84 53 54 53 54 42 43 103139 85 0 0 80291 1 22848 84 53 54 53 54 42 43 103139 85 0 0 80291 1 22848 84
219 0 1000 0 0 1000 0 1000 53 54 53 54 43 44 0 0 0 0 0 0 0 0 53 54 53 54 43 44 0 0 0 0 0 0 0 0 53 54 53 54 43 44 0 0 0 0 0 0 0 0 53 54 53 54 43 44 0 0 0 0 0 0 0 0 53 54 53 54 43 44 0 0 0 0 0 0 0 0 53 54 53 54 43 44 0 0 0 0 0 0 0 0
220 0 1000 0 0 1000 0 1000 53 54 53 54 43 44 0 0 0 0 0 0 0 0 53 54 53 54 43 44 0 0 0 0 0 0 0 0 53 54 53 54 43 44 0 0 0 0 0 0 0 0 53 54 53 54 43 44 0 0 0 0 0 0 0 0 53 54 53 54 43 44 0 0 0 0 0 0 0 0 53 54 53 54 43 44 0 0 0 0 0 0 0 0
221 0 1000 0 0 1000 0 1000 53 54 53 54 43 44 83127 1 83127 1 0 0 0 0 53 54 53 54 43 44 83127 1 83127 1 0 0 0 0 53 54 53 54 43 44 83127 1 83127 1 0 0 0 0 53 54 53 54 43 44 83127 1 83127 1 0 0 0 0 53 54 53 54 43 44 83127 1 83127 1 0 0 0 0 53 54 53 54 43 44 83127 1 83127 1 0 0 0 0
222 0 1000 0 0 1000 0 1000 54 55 54 55 43 44 111299 115 0 0 80291 1 31008 114 54 55 54 55 43 44 111299 115 0 0 80291 1 31008 114 54 55 54 55 43 44 111299 115 0 0 80291 1 31008 114 54 55 54 55 43 44 111299 115 0 0 80291 1 31008 114 54 55 54 55 43 44 111299 115 0 0 80291 1 31008 114 54 55 54 55 43 44 111299 115 0 0 80291 1 31008 114
223 0 1000 0 0 1000 0 1000 54 55 54 55 44 45 0 0 0 0 0 0 0 0 54 55 54 55 44 45 0 0 0 0 0 0 0 0 54 55 54 55 44 45 0 0 0 0 0 0 0 0 54 55 54 55 44 45 0 0 0 0 0 0 0 0 54 55 54 55 44 45 0 0 0 0 0 0 0 0 54 55 54 55 44 45 0 0 0 0 0 0 0 0
224 0 1000 0 0 1000 0 1000 54 55 54 55 44 45 0 0 0 0 0 0 0 0 54 55 54 55 44 45 0 0 0 0 0 0 0 0 54 55 54 55 44 45 0 0 0 0 0 0 0 0 54 55 54 55 44 45 0 0 0 0 0 0 0 0 54 55 54 55 44 45 0 0 0 0 0 0 0 0 54 55 54 55 44 45 0 0 0 0 0 0 0 0
225 0 1000 0 0 1000 0 1000 54 55 54 55 44 45 84087 1 84087 1 0 0 0 0 54 55 54 55 44 45 84087 1 84087 1 0 0 0 0 54 55 54 55 44 45 84087 1 84087 1 0 0 0 0 54 55 54 55 44 45 84087 1 84087 1 0 0 0 0 54 55 54 55 44 45 84087 1 84087 1 0 0 0 0 54 55 54 55 44 45 84087 1 84087 1 0 0 0 0
226 0 1000 0 0 1000 0 1000 55 56 55 56 44 45 105587 94 0 0 80291 1 25296 93 55 56 55 56 44 45 105587 94 0 0 80291 1 25296 93 55 56 55 56 44 45 105587 94 0 0 80291 1 25296 93 55 56 55 56 44 45 105587 94 0 0 80291 1 25296 93 55 56 55 56 44 45 105587 94 0 0 80291 1 25296 93 55 56 55 56 44 45 105587 94 0 0 80291 1 25296 93
227 0 1000 0 0 1000 0 1000 55 56 55 56 45 46 0 0 0 0 0 0 0 0 55 56 55 56 45 46 0 0 0 0 0 0 0 0 55 56 55 56 45 46 0 0 0 0 0 0 0 0 55 56 55 56 45 46 0 0 0 0 0 0 0 0 55 56 55 56 45 46 0 0 0 0 0 0 0 0 55 56 55 56 45 46 0 0 0 0 0 0 0 0
228 0 1000 0 0 1000 0 1000 55 56 55 56 45 46 0 0 0 0 0 0 0 0 55 56 55 56 45 46 0 0 0 0 0 0 0 0 55 56 55 56 45 46 0 0 0 0 0 0 0 0 55 56 55 56 45 46 0 0 0 0 0 0 0 0 55 56 55 56 45 46 0 0 0 0 0 0 0 0 55 56 55 56 45 46 0 0 0 0 0 0 0 0
229 0 1000 0 0 1000 0 1000 55 56 55 56 45 46 166829 2 166829 2 0 0 0 0 55 56 55 56 45 46 166829 2 166829 2 0 0 0 0 55 56 55 56 45 46 166829 2 166829 2 0 0 0 0 55 56 55 56 45 46 166829 2 166829 2 0 0 0 0 55 56 55 56 45 46 166829 2 166829 2 0 0 0 0 55 56 55 56 45 46 166829 2 166829 2 0 0 0 0
230 0 1000 0 0 1000 0 1000 56 57 56 57 45 46 107490 101 0 0 80290 1 27200 100 56 57 56 57 45 46 107490 101 0 0 80290 1 27200 100 56 57 56 57 45 46 107490 101 0 0 80290 1 27200 100 56 57 56 57 45 46 107490 101 0 0 80290 1 27200 100 56 57 56 57 45 46 107490 101 0 0 80290 1 27200 100 56 57 56 57 45 46 107490 101 0 0 80290 1 27200 100
231 0 1000 0 0 1000 0 1000 56 57 56 57 46 47 0 0 0 0 0 0 0 0 56 57 56 57 46 47 0 0 0 0 0 0 0 0 56 57 56 57 46 47 0 0 0 0 0 0 0 0 56 57 56 57 46 47 0 0 0 0 0 0 0 0 56 57 56 57 46 47 0 0 0 0 0 0 0 0 56 57 56 57 46 47 0 0 0 0 0 0 0 0
232 0 1000 0 0 1000 0 1000 56 57 56 57 46 47 0 0 0 0 0 0 0 0 56 57 56 57 46 47 0 0 0 0 0 0 0 0 56 57 56 57 46 47 0 0 0 0 0 0 0 0 56 57 56 57 46 47 0 0 0 0 0 0 0 0 56 57 56 57 46 47 0 0 0 0 0 0 0 0 56 57 56 57 46 47 0 0 0 0 0 0 0 0
233 0 1000 0 0 1000 0 1000 56 57 56 57 46 47 250916 3 250916 3 0 0 0 0 56 57 56 57 46 47 250916 3 250916 3 0 0 0 0 56 57 56 57 46 47 250916 3 250916 3 0 0 0 0 56 57 56 57 46 47 250916 3 250916 3 0 0 0 0 56 57 56 57 46 47 250916 3 250916 3 0 0 0 0 56 57 56 57 46 47 250916 3 250916 3 0 0 0 0
234 0 1000 0 0 1000 0 1000 57 58 57 58 46 47 107491 101 0 0 80291 1 27200 100 57 58 57 58 46 47 107491 101 0 0 80291 1 27200 100 57 58 57 58 46 47 107491 101 0 0 80291 1 27200 100 57 58 57 58 46 47 107491 101 0 0 80291 1 27200 100 57 58 57 58 46 47 107491 101 0 0 80291 1 27200 100 57 58 57 58 46 47 107491 101 0 0 80291 1 27200 100
235 0 1000 0 0 1000 0 1000 57 58 57 58 47 48 0 0 0 0 0 0 0 0 57 58 57 58 47 48 0 0 0 0 0 0 0 0 57 58 57 58 47 48 0 0 0 0 0 0 0 0 57 58 57 58 47 48 0 0 0 0 0 0 0 0 57 58 57 58 47 48 0 0 0 0 0 0 0 0 57 58 57 58 47 48 0 0 0 0 0 0 0 0
236 0 1000 0 0 1000 0 1000 57 58 57 58 47 48 0 0 0 0 0 0 0 0 57 58 57 58 47 48 0 0 0 0 0 0 0 0 57 58 57 58 47 48 0 0 0 0 0 0 0 0 57 58 57 58 47 48 0 0 0 0 0 0 0 0 57 58 57 58 47 48 0 0 0 0 0 0 0 0 57 58 57 58 47 48 0 0 0 0 0 0 0 0
237 0 1000 0 0 1000 0 1000 57 58 57 58 47 48 0 0 0 0 0 0 0 0 57 58 57 58 47 48 0 0 0 0 0 0 0 0 57 58 57 58 47 48 0 0 0 0 0 0 0 0 57 58 57 58 47 48 0 0 0 0 0 0 0 0 57 58 57 58 47 48 0 0 0 0 0 0 0 0 57 58 57 58 47 48 0 0 0 0 0 0 0 0
238 0 1000 0 0 1000 0 1000 57 58 57 58 47 48 26384 97 0 0 0 0 26384 97 57 58 57 58 47 48 26384 97 0 0 0 0 26384 97 57 58 57 58 47 48 26384 97 0 0 0 0 26384 97 57 58 57 58 47 48 26384 97 0 0 0 0 26384 97 57 58 57 58 47 48 26384 97 0 0 0 0 26384 97 57 58 57 58 47 48 26384 97 0 0 0 0 26384 97
239 0 1000 0 0 1000 0 1000 57 58 57 58 48 49 0 0 0 0 0 0 0 0 57 58 57 58 48 49 0 0 0 0 0 0 0 0 57 58 57 58 48 49 0 0 0 0 0 0 0 0 57 58 57 58 48 49 0 0 0 0 0 0 0 0 57 58 57 58 48 49 0 0 0 0 0 0 0 0 57 58 57 58 48 49 0 0 0 0 0 0 0 0
240 0 1000 0 0 1000 0 1000 57 58 57 58 48 49 0 0 0 0 0 0 0 0 57 58 57 58 48 49 0 0 0 0 0 0 0 0 57 58 57 58 48 49 0 0 0 0 0 0 0 0 57 58 57 58 48 49 0 0 0 0 0 0 0 0 57 58 57 58 48 49 0 0 0 0 0 0 0 0 57 58 57 58 48 49 0 0 0 0 0 0 0 0
241 0 1000 0 0 1000 0 1000 57 58 57 58 48 49 334172 4 334172 4 0 0 0 0 57 58 57 58 48 49 334172 4 334172 4 0 0 0 0 57 58 57 58 48 49 334172 4 334172 4 0 0 0 0 57 58 57 58 48 49 334172 4 334172 4 0 0 0 0 57 58 57 58 48 49 334172 4 334172 4 0 0 0 0 57 58 57 58 48 49 334172 4 334172 4 0 0 0 0
242 0 1000 0 0 1000 0 1000 58 60 58 60 48 49 110483 112 0 0 80291 1 30192 111 58 60 58 60 48 49 110483 112 0 0 80291 1 30192 111 58 60 58 60 48 49 110483 112 0 0 80291 1 30192 111 58 60 58 60 48 49 110483 112 0 0 80291 1 30192 111 58 60 58 60 48 49 110483 112 0 0 80291 1 30192 111 58 60 58 60 48 49 110483 112 0 0 80291 1 30192 111
243 0 1000 0 0 1000 0 1000 58 60 58 60 49 50 0 0 0 0 0 0 0 0 58 60 58 60 49 50 0 0 0 0 0 0 0 0 58 60 58 60 49 50 0 0 0 0 0 0 0 0 58 60 58 60 49 50 0 0 0 0 0 0 0 0 58 60 58 60 49 50 0 0 0 0 0 0 0 0 58 60 58 60 49 50 0 0 0 0 0 0 0 0
244 0 1000 0 0 1000 0 1000 58 60 58 60 49 50 0 0 0 0 0 0 0 0 58 60 58 60 49 50 0 0 0 0 0 0 0 0 58 60 58 60 49 50 0 0 0 0 0 0 0 0 58 60 58 60 49 50 0 0 0 0 0 0 0 0 58 60 58 60 49 50 0 0 0 0 0 0 0 0 58 60 58 60 49 50 0 0 0 0 0 0 0 0
245 0 1000 0 0 1000 0 1000 58 60 58 60 49 50 167982 2 167982 2 0 0 0 0 58 60 58 60 49 50 167982 2 167982 2 0 0 0 0 58 60 58 60 49 50 167982 2 167982 2 0 0 0 0 58 60 58 60 49 50 167982 2 167982 2 0 0 0 0 58 60 58 60 49 50 167982 2 167982 2 0 0 0 0 58 60 58 60 49 50 167982 2 167982 2 0 0 0 0
246 0 1000 0 0 1000 0 1000 59 61 59 61 49 50 111299 115 0 0 80291 1 31008 114 59 61 59 61 49 50 111299 115 0 0 80291 1 31008 114 59 61 59 61 49 50 111299 115 0 0 80291 1 31008 114 59 61 59 61 49 50 111299 115 0 0 80291 1 31008 114 59 61 59 61 49 50 111299 115 0 0 80291 1 31008 114 59 61 59 61 49 50 111299 115 0 0 80291 1 31008 114
247 0 1000 0 0 1000 0 1000 59 61 59 61 50 51 0 0 0 0 0 0 0 0 59 61 59 61 50 51 0 0 0 0 0 0 0 0 59 61 59 61 50 51 0 0 0 0 0 0 0 0 59 61 59 61 50 51 0 0 0 0 0 0 0 0 59 61 59 61 50 51 0 0 0 0 0 0 0 0 59 61 59 61 50 51 0 0 0 0 0 0 0 0
248 0 1000 0 0 1000 0 1000 59 61 59 61 50 51 0 0 0 0 0 0 0 0 59 61 59 61 50 51 0 0 0 0 0 0 0 0 59 61 59 61 50 51 0 0 0 0 0 0 0 0 59 61 59 61 50 51 0 0 0 0 0 0 0 0 59 61 59 61 50 51 0 0 0 0 0 0 0 0 59 61 59 61 50 51 0 0 0 0 0 0 0 0
249 0 1000 0 0 1000 0 1000 59 61 59 61 50 51 168174 2 168174 2 0 0 0 0 59 61 59 61 50 51 168174 2 168174 2 0 0 0 0 59 61 59 61 50 51 168174 2 168174 2 0 0 0 0 59 61 59 61 50 51 168174 2 168174 2 0 0 0 0 59 61 59 61 50 51 168174 2 168174 2 0 0 0 0 59 61 59 61 50 51 168174 2 168174 2 0 0 0 0
250 0 1000 0 0 1000 0 1000 60 62 60 62 50 51 103955 88 0 0 80291 1 23664 87 60 62 60 62 50 51 103955 88 0 0 80291 1 23664 87 60 62 60 62 50 51 103955 88 0 0 80291 1 23664 87 60 62 60 62 50 51 103955 88 0 0 80291 1 23664 87 60 62 60 62 50 51 103955 88 0 0 80291 1 23664 87 60 62 60 62 50 51 103955 88 0 0 80291 1 23664 87
251 0 1000 0 0 1000 0 1000 60 62 60 62 51 52 0 0 0 0 0 0 0 0 60 62 60 62 51 52 0 0 0 0 0 0 0 0 60 62 60 62 51 52 0 0 0 0 0 0 0 0 60 62 60 62 51 52 0 0 0 0 0 0 0 0 60 62 60 62 51 52 0 0 0 0 0 0 0 0 60 62 60 62 51 52 0 0 0 0 0 0 0 0
252 0 1000 0 0 1000 0 1000 60 62 60 62 51 52 0 0 0 0 0 0 0 0 60 62 60 62 51 52 0 0 0 0 0 0 0 0 60 62 60 62 51 52 0 0 0 0 0 0 0 0 60 62 60 62 51 52 0 0 0 0 0 0 0 0 60 62 60 62 51 52 0 0 0 0 0 0 0 0 60 62 60 62 51 52 0 0 0 0 0 0 0 0
253 0 1000 0 0 1000 0 1000 60 62 60 62 51 52 83223 1 83223 1 0 0 0 0 60 62 60 62 51 52 83223 1 83223 1 0 0 0 0 60 62 60 62 51 52 83223 1 83223 1 0 0 0 0 60 62 60 62 51 52 83223 1 83223 1 0 0 0 0 60 62 60 62 51 52 83223 1 83223 1 0 0 0 0 60 62 60 62 51 52 83223 1 83223 1 0 0 0 0
254 0 1000 0 0 1000 0 1000 61 63 61 63 51 52 108035 103 0 0 80291 1 27744 102 61 63 61 63 51 52 108035 103 0 0 80291 1 27744 102 61 63 61 63 51 52 108035 103 0 0 80291 1 27744 102 61 63 61 63 51 52 108035 103 0 0 80291 1 27744 102 61 63 61 63 51 52 108035 103 0 0 80291 1 27744 102 61 63 61 63 51 52 108035 103 0 0 80291 1 27744 102
255 0 1000 0 0 1000 0 1000 61 63 61 63 52 53 0 0 0 0 0 0 0 0 61 63 61 63 52 53 0 0 0 0 0 0 0 0 61 63 61 63 52 53 0 0 0 0 0 0 0 0 61 63 61 63 52 53 0 0 0 0 0 0 0 0 61 63 61 63 52 53 0 0 0 0 0 0 0 0 61 63 61 63 52 53 0 0 0 0 0 0 0 0
256 0 1000 0 0 1000 0 1000 61 63 61 63 52 53 0 0 0 0 0 0 0 0 61 63 61 63 52 53 0 0 0 0 0 0 0 0 61 63 61 63 52 53 0 0 0 0 0 0 0 0 61 63 61 63 52 53 0 0 0 0 0 0 0 0 61 63 61 63 52 53 0 0 0 0 0 0 0 0 61 63 61 63 52 53 0 0 0 0 0 0 0 0
257 0 1000 0 0 1000 0 1000 61 63 61 63 52 53 251108 3 251108 3 0 0 0 0 61 63 61 63 52 53 251108 3 251108 3 0 0 0 0 61 63 61 63 52 53 251108 3 251108 3 0 0 0 0 61 63 61 63 52 53 251108 3 251108 3 0 0 0 0 61 63 61 63 52 53 251108 3 251108 3 0 0 0 0 61 63 61 63 52 53 251108 3 251108 3 0 0 0 0
258 0 1000 0 0 1000 0 1000 62 64 62 64 52 53 108851 106 0 0 80291 1 28560 105 62 64 62 64 52 53 108851 106 0 0 80291 1 28560 105 62 64 62 64 52 53 108851 106 0 0 80291 1 28560 105 62 64 62 64 52 53 108851 106 0 0 80291 1 28560 105 62 64 62 64 52 53 108851 106 0 0 80291 1 28560 105 62 64 62 64 52 53 108851 106 0 0 80291 1 28560 105
259 0 1000 0 0 1000 0 1000 62 64 62 64 53 54 0 0 0 0 0 0 0 0 62 64 62 64 53 54 0 0 0 0 0 0 0 0 62 64 62 64 53 54 0 0 0 0 0 0 0 0 62 64 62 64 53 54 0 0 0 0 0 0 0 0 62 64 62 64 53 54 0 0 0 0 0 0 0 0 62 64 62 64 53 54 0 0 0 0 0 0 0 0
260 0 1000 0 0 1000 0 1000 62 64 62 64 53 54 0 0 0 0 0 0 0 0 62 64 62 64 53 54 0 0 0 0 0 0 0 0 62 64 62 64 53 54 0 0 0 0 0 0 0 0 62 64 62 64 53 54 0 0 0 0 0 0 0 0 62 64 62 64 53 54 0 0 0 0 0 0 0 0 62 64 62 64 53 54 0 0 0 0 0 0 0 0
261 0 1000 0 0 1000 0 1000 62 64 62 64 53 54 251396 3 251396 3 0 0 0 0 62 64 62 64 53 54 251396 3 251396 3 0 0 0 0 62 64 62 64 53 54 251396 3 251396 3 0 0 0 0 62 64 62 64 53 54 251396 3 251396 3 0 0 0 0 62 64 62 64 53 54 251396 3 251396 3 0 0 0 0 62 64 62 64 53 54 251396 3 251396 3 0 0 0 0
262 0 1000 0 0 1000 0 1000 63 65 63 65 53 54 102594 83 0 0 80290 1 22304 82 63 65 63 65 53 54 102594 83 0 0 80290 1 22304 82 63 65 63 65 53 54 102594 83 0 0 80290 1 22304 82 63 65 63 65 53 54 102594 83 0 0 80290 1 22304 82 63 65 63 65 53 54 102594 83 0 0 80290 1 22304 82 63 65 63 65 53 54 102594 83 0 0 80290 1 22304 82
263 0 1000 0 0 1000 0 1000 63 65 63 65 54 55 0 0 0 0 0 0 0 0 63 65 63 65 54 55 0 0 0 0 0 0 0 0 63 65 63 65 54 55 0 0 0 0 0 0 0 0 63 65 63 65 54 55 0 0 0 0 0 0 0 0 63 65 63 65 54 55 0 0 0 0 0 0 0 0 63 65 63 65 54 55 0 0 0 0 0 0 0 0
264 0 1000 0 0 1000 0 1000 63 65 63 65 54 55 0 0 0 0 0 0 0 0 63 65 63 65 54 55 0 0 0 0 0 0 0 0 63 65 63 65 54 55 0 0 0 0 0 0 0 0 63 65 63 65 54 55 0 0 0 0 0 0 0 0 63 65 63 65 54 55 0 0 0 0 0 0 0 0 63 65 63 65 54 55 0 0 0 0 0 0 0 0
265 0 1000 0 0 1000 0 1000 63 65 63 65 54 55 498378 6 498378 6 0 0 0 0 63 65 63 65 54 55 498378 6 498378 6 0 0 0 0 63 65 63 65 54 55 498378 6 498378 6 0 0 0 0 63 65 63 65 54 55 498378 6 498378 6 0 0 0 0 63 65 63 65 54 55 498378 6 498378 6 0 0 0 0 63 65 63 65 54 55 498378 6 498378 6 0 0 0 0
266 0 1000 0 0 1000 0 1000 64 66 64 66 54 55 103955 88 0 0 80291 1 23664 87 64 66 64 66 54 55 103955 88 0 0 80291 1 23664 87 64 66 64 66 54 55 103955 88 0 0 80291 1 23664 87 64 66 64 66 54 55 103955 88 0 0 80291 1 23664 87 64 66 64 66 54 55 103955 88 0 0 80291 1 23664 87 64 66 64 66 54 55 103955 88 0 0 80291 1 23664 87
267 0 1000 0 0 1000 0 1000 64 66 64 66 55 56 0 0 0 0 0 0 0 0 64 66 64 66 55 56 0 0 0 0 0 0 0 0 64 66 64 66 55 56 0 0 0 0 0 0 0 0 64 66 64 66 55 56 0 0 0 0 0 0 0 0 64 66 64 66 55 56 0 0 0 0 0 0 0 0 64 66 64 66 55 56 0 0 0 0 0 0 0 0
268 0 1000 0 0 1000 0 1000 64 66 64 66 55 56 0 0 0 0 0 0 0 0 64 66 64 66 55 56 0 0 0 0 0 0 0 0 64 66 64 66 55 56 0 0 0 0 0 0 0 0 64 66 64 66 55 56 0 0 0 0 0 0 0 0 64 66 64 66 55 56 0 0 0 0 0 0 0 0 64 66 64 66 55 56 0 0 0 0 0 0 0 0
269 0 1000 0 0 1000 0 1000 64 66 64 66 55 56 166446 2 166446 2 0 0 0 0 64 66 64 66 55 56 166446 2 166446 2 0 0 0 0 64 66 64 66 55 56 166446 2 166446 2 0 0 0 0 64 66 64 66 55 56 166446 2 166446 2 0 0 0 0 64 66 64 66 55 56 166446 2 166446 2 0 0 0 0 64 66 64 66 55 56 166446 2 166446 2 0 0 0 0
270 0 1000 0 0 1000 0 1000 65 67 65 67 55 56 111027 114 0 0 80291 1 30736 113 65 67 65 67 55 56 111027 114 0 0 80291 1 30736 113 65 67 65 67 55 56 111027 114 0 0 80291 1 30736 113 65 67 65 67 55 56 111027 114 0 0 80291 1 30736 113 65 67 65 67 55 56 111027 114 0 0 80291 1 30736 113 65 67 65 67 55 56 111027 114 0 0 80291 1 30736 113
271 0 1000 0 0 1000 0 1000 65 67 65 67 56 57 0 0 0 0 0 0 0 0 65 67 65 67 56 57 0 0 0 0 0 0 0 0 65 67 65 67 56 57 0 0 0 0 0 0 0 0 65 67 65 67 56 57 0 0 0 0 0 0 0 0 65 67 65 67 56 57 0 0 0 0 0 0 0 0 65 67 65 67 56 57 0 0 0 0 0 0 0 0
272 0 1000 0 0 1000 0 1000 65 67 65 67 56 57 0 0 0 0 0 0 0 0 65 67 65 67 56 57 0 0 0 0 0 0 0 0 65 67 65 67 56 57 0 0 0 0 0 0 0 0 65 67 65 67 56 57 0 0 0 0 0 0 0 0 65 67 65 67 56 57 0 0 0 0 0 0 0 0 65 67 65 67 56 57 0 0 0 0 0 0 0 0
273 0 1000 0 0 1000 0 1000 65 67 65 67 56 57 168110 2 168110 2 0 0 0 0 65 67 65 67 56 57 168110 2 168110 2 0 0 0 0 65 67 65 67 56 57 168110 2 168110 2 0 0 0 0 65 67 65 67 56 57 168110 2 168110 2 0 0 0 0 65 67 65 67 56 57 168110 2 168110 2 0 0 0 0 65 67 65 67 56 57 168110 2 168110 2 0 0 0 0
274 0 1000 0 0 1000 0 1000 66 68 66 68 56 57 105587 94 0 0 80291 1 25296 93 66 68 66 68 56 57 105587 94 0 0 80291 1 25296 93 66 68 66 68 56 57 105587 94 0 0 80291 1 25296 93 66 68 66 68 56 57 105587 94 0 0 80291 1 25296 93 66 68 66 68 56 57 105587 94 0 0 80291 1 25296 93 66 68 66 68 56 57 105587 94 0 0 80291 1 25296 93
275 0 1000 0 0 1000 0 1000 66 68 66 68 57 58 0 0 0 0 0 0 0 0 66 68 66 68 57 58 0 0 0 0 0 0 0 0 66 68 66 68 57 58 0 0 0 0 0 0 0 0 66 68 66 68 57 58 0 0 0 0 0 0 0 0 66 68 66 68 57 58 0 0 0 0 0 0 0 0 66 68 66 68 57 58 0 0 0 0 0 0 0 0
276 0 1000 0 0 1000 0 1000 66 68 66 68 57 58 0 0 0 0 0 0 0 0 66 68 66 68 57 58 0 0 0 0 0 0 0 0 66 68 66 68 57 58 0 0 0 0 0 0 0 0 66 68 66 68 57 58 0 0 0 0 0 0 0 0 66 68 66 68 57 58 0 0 0 0 0 0 0 0 66 68 66 68 57 58 0 0 0 0 0 0 0 0
277 0 1000 0 0 1000 0 1000 66 68 66 68 57 58 250245 3 250245 3 0 0 0 0 66 68 66 68 57 58 250245 3 250245 3 0 0 0 0 66 68 66 68 57 58 250245 3 250245 3 0 0 0 0 66 68 66 68 57 58 250245 3 250245 3 0 0 0 0 66 68 66 68 57 58 250245 3 250245 3 0 0 0 0 66 68 66 68 57 58 250245 3 250245 3 0 0 0 0
278 0 1000 0 0 1000 0 1000 67 69 67 69 57 58 106403 97 0 0 80291 1 26112 96 67 69 67 69 57 58 106403 97 0 0 80291 1 26112 96 67 69 67 69 57 58 106403 97 0 0 80291 1 26112 96 67 69 67 69 57 58 106403 97 0 0 80291 1 26112 96 67 69 67 69 57 58 106403 97 0 0 80291 1 26112 96 67 69 67 69 57 58 106403 97 0 0 80291 1 26112 96
279 0 1000 0 0 1000 0 1000 67 69 67 69 57 58 0 0 0 0 0 0 0 0 67 69 67 69 57 58 0 0 0 0 0 0 0 0 67 69 67 69 57 58 0 0 0 0 0 0 0 0 67 69 67 69 57 58 0 0 0 0 0 0 0 0 67 69 67 69 57 58 0 0 0 0 0 0 0 0 67 69 67 69 57 58 0 0 0 0 0 0 0 0
280 0 1000 0 0 1000 0 1000 67 69 67 69 57 58 0 0 0 0 0 0 0 0 67 69 67 69 57 58 0 0 0 0 0 0 0 0 67 69 67 69 57 58 0 0 0 0 0 0 0 0 67 69 67 69 57 58 0 0 0 0 0 0 0 0 67 69 67 69 57 58 0 0 0 0 0 0 0 0 67 69 67 69 57 58 0 0 0 0 0 0 0 0
281 0 1000 0 0 1000 0 1000 67 69 67 69 57 58 0 0 0 0 0 0 0 0 67 69 67 69 57 58 0 0 0 0 0 0 0 0 67 69 67 69 57 58 0 0 0 0 0 0 0 0 67 69 67 69 57 58 0 0 0 0 0 0 0 0 67 69 67 69 57 58 0 0 0 0 0 0 0 0 67 69 67 69 57 58 0 0 0 0 0 0 0 0
282 0 1000 0 0 1000 0 1000 67 69 67 69 57 58 27744 102 0 0 0 0 27744 102 67 69 67 69 57 58 27744 102 0 0 0 0 27744 102 67 69 67 69 57 58 27744 102 0 0 0 0 27744 102 67 69 67 69 57 58 27744 102 0 0 0 0 27744 102 67 69 67 69 57 58 27744 102 0 0 0 0 27744 102 67 69 67 69 57 58 27744 102 0 0 0 0 27744 102
283 0 1000 0 0 1000 0 1000 67 69 67 69 58 60 0 0 0 0 0 0 0 0 67 69 67 69 58 60 0 0 0 0 0 0 0 0 67 69 67 69 58 60 0 0 0 0 0 0 0 0 67 69 67 69 58 60 0 0 0 0 0 0 0 0 67 69 67 69 58 60 0 0 0 0 0 0 0 0 67 69 67 69 58 60 0 0 0 0 0 0 0 0
284 0 1000 0 0 1000 0 1000 67 69 67 69 58 60 0 0 0 0 0 0 0 0 67 69 67 69 58 60 0 0 0 0 0 0 0 0 67 69 67 69 58 60 0 0 0 0 0 0 0 0 67 69 67 69 58 60 0 0 0 0 0 0 0 0 67 69 67 69 58 60 0 0 0 0 0 0 0 0 67 69 67 69 58 60 0 0 0 0 0 0 0 0
285 0 1000 0 0 1000 0 1000 67 69 67 69 58 60 251109 3 251109 3 0 0 0 0 67 69 67 69 58 60 251109 3 251109 3 0 0 0 0 67 69 67 69 58 60 251109 3 251109 3 0 0 0 0 67 69 67 69 58 60 251109 3 251109 3 0 0 0 0 67 69 67 69 58 60 251109 3 251109 3 0 0 0 0 67 69 67 69 58 60 251109 3 251109 3 0 0 0 0
286 0 1000 0 0 1000 0 1000 68 71 68 71 58 60 109123 107 0 0 80291 1 28832 106 68 71 68 71 58 60 109123 107 0 0 80291 1 28832 106 68 71 68 71 58 60 109123 107 0 0 80291 1 28832 106 68 71 68 71 58 60 109123 107 0 0 80291 1 28832 106 68 71 68 71 58 60 109123 107 0 0 80291 1 28832 106 68 71 68 71 58 60 109123 107 0 0 80291 1 28832 106
287 0 1000 0 0 1000 0 1000 68 71 68 71 59 61 0 0 0 0 0 0 0 0 68 71 68 71 59 61 0 0 0 0 0 0 0 0 68 71 68 71 59 61 0 0 0 0 0 0 0 0 68 71 68 71 59 61 0 0 0 0 0 0 0 0 68 71 68 71 59 61 0 0 0 0 0 0 0 0 68 71 68 71 59 61 0 0 0 0 0 0 0 0
288 0 1000 0 0 1000 0 1000 68 71 68 71 59 61 0 0 0 0 0 0 0 0 68 71 68 71 59 61 0 0 0 0 0 0 0 0 68 71 68 71 59 61 0 0 0 0 0 0 0 0 68 71 68 71 59 61 0 0 0 0 0 0 0 0 68 71 68 71 59 61 0 0 0 0 0 0 0 0 68 71 68 71 59 61 0 0 0 0 0 0 0 0
289 0 1000 0 0 1000 0 1000 68 71 68 71 59 61 167662 2 167662 2 0 0 0 0 68 71 68 71 59 61 167662 2 167662 2 0 0 0 0 68 71 68 71 59 61 167662 2 167662 2 0 0 0 0 68 71 68 71 59 61 167662 2 167662 2 0 0 0 0 68 71 68 71 59 61 167662 2 167662 2 0 0 0 0 68 71 68 71 59 61 167662 2 167662 2 0 0 0 0
290 0 1000 0 0 1000 0 1000 69 72 69 72 59 61 113747 124 0 0 80291 1 33456 123 69 72 69 72 59 61 113747 124 0 0 80291 1 33456 123 69 72 69 72 59 61 113747 124 0 0 80291 1 33456 123 69 72 69 72 59 61 113747 124 0 0 80291 1 33456 123 69 72 69 72 59 61 113747 124 0 0 80291 1 33456 123 69 72 69 72 59 61 113747 124 0 0 80291 1 33456 123
291 0 1000 0 0 1000 0 1000 69 72 69 72 60 62 0 0 0 0 0 0 0 0 69 72 69 72 60 62 0 0 0 0 0 0 0 0 69 72 69 72 60 62 0 0 0 0 0 0 0 0 69 72 69 72 60 62 0 0 0 0 0 0 0 0 69 72 69 72 60 62 0 0 0 0 0 0 0 0 69 72 69 72 60 62 0 0 0 0 0 0 0 0
292 0 1000 0 0 1000 0 1000 69 72 69 72 60 62 0 0 0 0 0 0 0 0 69 72 69 72 60 62 0 0 0 0 0 0 0 0 69 72 69 72 60 62 0 0 0 0 0 0 0 0 69 72 69 72 60 62 0 0 0 0 0 0 0 0 69 72 69 72 60 62 0 0 0 0 0 0 0 0 69 72 69 72 60 62 0 0 0 0 0 0 0 0
293 0 1000 0 0 1000 0 1000 69 72 69 72 60 62 253125 3 253125 3 0 0 0 0 69 72 69 72 60 62 253125 3 253125 3 0 0 0 0 69 72 69 72 60 62 253125 3 253125 3 0 0 0 0 69 72 69 72 60 62 253125 3 253125 3 0 0 0 0 69 72 69 72 60 62 253125 3 253125 3 0 0 0 0 69 72 69 72 60 62 253125 3 253125 3 0 0 0 0
294 0 1000 0 0 1000 0 1000 70 73 70 73 60 62 106403 97 0 0 80291 1 26112 96 70 73 70 73 60 62 106403 97 0 0 80291 1 26112 96 70 73 70 73 60 62 106403 97 0 0 80291 1 26112 96 70 73 70 73 60 62 106403 97 0 0 80291 1 26112 96 70 73 70 73 60 62 106403 97 0 0 80291 1 26112 96 70 73 70 73 60 62 106403 97 0 0 80291 1 26112 96
295 0 1000 0 0 1000 0 1000 70 73 70 73 61 63 0 0 0 0 0 0 0 0 70 73 70 73 61 63 0 0 0 0 0 0 0 0 70 73 70 73 61 63 0 0 0 0 0 0 0 0 70 73 70 73 61 63 0 0 0 0 0 0 0 0 70 73 70 73 61 63 0 0 0 0 0 0 0 0 70 73 70 73 61 63 0 0 0 0 0 0 0 0
296 0 1000 0 0 1000 0 1000 70 73 70 73 61 63 0 0 0 0 0 0 0 0 70 73 70 73 61 63 0 0 0 0 0 0 0 0 70 73 70 73 61 63 0 0 0 0 0 0 0 0 70 73 70 73 61 63 0 0 0 0 0 0 0 0 70 73 70 73 61 63 0 0 0 0 0 0 0 0 70 73 70 73 61 63 0 0 0 0 0 0 0 0
297 0 1000 0 0 1000 0 1000 70 73 70 73 61 63 250533 3 250533 3 0 0 0 0 70 73 70 73 61 63 250533 3 250533 3 0 0 0 0 70 73 70 73 61 63 250533 3 250533 3 0 0 0 0 70 73 70 73 61 63 250533 3 250533 3 0 0 0 0 70 73 70 73 61 63 250533 3 250533 3 0 0 0 0 70 73 70 73 61 63 250533 3 250533 3 0 0 0 0
298 0 1000 0 0 1000 0 1000 71 74 71 74 61 63 107763 102 0 0 80291 1 27472 101 71 74 71 74 61 63 107763 102 0 0 80291 1 27472 101 71 74 71 74 61 63 107763 102 0 0 80291 1 27472 101 71 74 71 74 61 63 107763 102 0 0 80291 1 27472 101 71 74 71 74 61 63 107763 102 0 0 80291 1 27472 101 71 74 71 74 61 63 107763 102 0 0 80291 1 27472 101
299 0 1000 0 0 1000 0 1000 71 74 71 74 62 64 0 0 0 0 0 0 0 0 71 74 71 74 62 64 0 0 0 0 0 0 0 0 71 74 71 74 62 64 0 0 0 0 0 0 0 0 71 74 71 74 62 64 0 0 0 0 0 0 0 0 71 74 71 74 62 64 0 0 0 0 0 0 0 0 71 74 71 74 62 64 0 0 0 0 0 0 0 0
300 0 1000 0 0 1000 0 1000 71 74 71 74 62 64 0 0 0 0 0 0 0 0 71 74 71 74 62 64 0 0 0 0 0 0 0 0 71 74 71 74 62 64 0 0 0 0 0 0 0 0 71 74 71 74 62 64 0 0 0 0 0 0 0 0 71 74 71 74 62 64 0 0 0 0 0 0 0 0 71 74 71 74 62 64 0 0 0 0 0 0 0 0
301 0 1000 0 0 1000 0 1000 71 74 71 74 62 64 83671 1 83671 1 0 0 0 0 71 74 71 74 62 64 83671 1 83671 1 0 0 0 0 71 74 71 74 62 64 83671 1 83671 1 0 0 0 0 71 74 71 74 62 64 83671 1 83671 1 0 0 0 0 71 74 71 74 62 64 83671 1 83671 1 0 0 0 0 71 74 71 74 62 64 83671 1 83671 1 0 0 0 0
302 0 1000 0 0 1000 0 1000 72 75 72 75 62 64 108035 103 0 0 80291 1 27744 102 72 75 72 75 62 64 108035 103 0 0 80291 1 27744 102 72 75 72 75 62 64 108035 103 0 0 80291 1 27744 102 72 75 72 75 62 64 108035 103 0 0 80291 1 27744 102 72 75 72 75 62 64 108035 103 0 0 80291 1 27744 102 72 75 72 75 62 64 108035 103 0 0 80291 1 27744 102
303 0 1000 0 0 1000 0 1000 72 75 72 75 63 65 0 0 0 0 0 0 0 0 72 75 72 75 63 65 0 0 0 0 0 0 0 0 72 75 72 75 63 65 0 0 0 0 0 0 0 0 72 75 72 75 63 65 0 0 0 0 0 0 0 0 72 75 72 75 63 65 0 0 0 0 0 0 0 0 72 75 72 75 63 65 0 0 0 0 0 0 0 0
