r n_asleep n_awake n_honest_asleep n_honest_dreamy n_honest_awake n_adversary n_all party0_ledger_best_length party0_ledger_best_age party0_ledger_fast_length party0_ledger_fast_age party0_ledger_slow_length party0_ledger_slow_age party0_comms_all_size party0_comms_all_count party0_comms_proposal_size party0_comms_proposal_count party0_comms_piece_block_size party0_comms_piece_block_count party0_comms_piece_vote_size party0_comms_piece_vote_count party1_ledger_best_length party1_ledger_best_age party1_ledger_fast_length party1_ledger_fast_age party1_ledger_slow_length party1_ledger_slow_age party1_comms_all_size party1_comms_all_count party1_comms_proposal_size party1_comms_proposal_count party1_comms_piece_block_size party1_comms_piece_block_count party1_comms_piece_vote_size party1_comms_piece_vote_count party2_ledger_best_length party2_ledger_best_age party2_ledger_fast_length party2_ledger_fast_age party2_ledger_slow_length party2_ledger_slow_age party2_comms_all_size party2_comms_all_count party2_comms_proposal_size party2_comms_proposal_count party2_comms_piece_block_size party2_comms_piece_block_count party2_comms_piece_vote_size party2_comms_piece_vote_count party3_ledger_best_length party3_ledger_best_age party3_ledger_fast_length party3_ledger_fast_age party3_ledger_slow_length party3_ledger_slow_age party3_comms_all_size party3_comms_all_count party3_comms_proposal_size party3_comms_proposal_count party3_comms_piece_block_size party3_comms_piece_block_count party3_comms_piece_vote_size party3_comms_piece_vote_count party4_ledger_best_length party4_ledger_best_age party4_ledger_fast_length party4_ledger_fast_age party4_ledger_slow_length party4_ledger_slow_age party4_comms_all_size party4_comms_all_count party4_comms_proposal_size party4_comms_proposal_count party4_comms_piece_block_size party4_comms_piece_block_count party4_comms_piece_vote_size party4_comms_piece_vote_count partyALWAYSAWAKE_ledger_best_length partyALWAYSAWAKE_ledger_best_age partyALWAYSAWAKE_ledger_fast_length partyALWAYSAWAKE_ledger_fast_age partyALWAYSAWAKE_ledger_slow_length partyALWAYSAWAKE_ledger_slow_age partyALWAYSAWAKE_comms_all_size partyALWAYSAWAKE_comms_all_count partyALWAYSAWAKE_comms_proposal_size partyALWAYSAWAKE_comms_proposal_count partyALWAYSAWAKE_comms_piece_block_size partyALWAYSAWAKE_comms_piece_block_count partyALWAYSAWAKE_comms_piece_vote_size partyALWAYSAWAKE_comms_piece_vote_count
4 0 1000 0 0 1000 0 1000 0 0 0 0 0 0 0 0 0 0 0 0 0 0 0 0 0 0 0 0 0 0 0 0 0 0 0 0 0 0 0 0 0 0 0 0 0 0 0 0 0 0 0 0 0 0 0 0 0 0 0 0 0 0 0 0 0 0 0 0 0 0 0 0 0 0 0 0 0 0 0 0 0 0 0 0 0 0 0 0 0 0 0 0
5 0 1000 0 0 1000 0 1000 0 0 0 0 0 0 0 0 0 0 0 0 0 0 0 0 0 0 0 0 0 0 0 0 0 0 0 0 0 0 0 0 0 0 0 0 0 0 0 0 0 0 0 0 0 0 0 0 0 0 0 0 0 0 0 0 0 0 0 0 0 0 0 0 0 0 0 0 0 0 0 0 0 0 0 0 0 0 0 0 0 0 0 0
6 0 1000 0 0 1000 0 1000 0 0 0 0 0 0 25024 92 0 0 0 0 25024 92 0 0 0 0 0 0 25024 92 0 0 0 0 25024 92 0 0 0 0 0 0 25024 92 0 0 0 0 25024 92 0 0 0 0 0 0 25024 92 0 0 0 0 25024 92 0 0 0 0 0 0 25024 92 0 0 0 0 25024 92 0 0 0 0 0 0 25024 92 0 0 0 0 25024 92
7 0 1000 0 0 1000 0 1000 0 0 0 0 0 0 0 0 0 0 0 0 0 0 0 0 0 0 0 0 0 0 0 0 0 0 0 0 0 0 0 0 0 0 0 0 0 0 0 0 0 0 0 0 0 0 0 0 0 0 0 0 0 0 0 0 0 0 0 0 0 0 0 0 0 0 0 0 0 0 0 0 0 0 0 0 0 0 0 0 0 0 0 0
8 0 1000 0 0 1000 0 1000 0 0 0 0 0 0 0 0 0 0 0 0 0 0 0 0 0 0 0 0 0 0 0 0 0 0 0 0 0 0 0 0 0 0 0 0 0 0 0 0 0 0 0 0 0 0 0 0 0 0 0 0 0 0 0 0 0 0 0 0 0 0 0 0 0 0 0 0 0 0 0 0 0 0 0 0 0 0 0 0 0 0 0 0
9 0 1000 0 0 1000 0 1000 0 0 0 0 0 0 6764 2 6764 2 0 0 0 0 0 0 0 0 0 0 6764 2 6764 2 0 0 0 0 0 0 0 0 0 0 6764 2 6764 2 0 0 0 0 0 0 0 0 0 0 6764 2 6764 2 0 0 0 0 0 0 0 0 0 0 6764 2 6764 2 0 0 0 0 0 0 0 0 0 0 6764 2 6764 2 0 0 0 0
10 0 1000 0 0 1000 0 1000 1 2 1 2 0 0 27762 102 0 0 290 1 27472 101 1 2 1 2 0 0 27762 102 0 0 290 1 27472 101 1 2 1 2 0 0 27762 102 0 0 290 1 27472 101 1 2 1 2 0 0 27762 102 0 0 290 1 27472 101 1 2 1 2 0 0 27762 102 0 0 290 1 27472 101 1 2 1 2 0 0 27762 102 0 0 290 1 27472 101
11 0 1000 0 0 1000 0 1000 1 2 1 2 0 0 0 0 0 0 0 0 0 0 1 2 1 2 0 0 0 0 0 0 0 0 0 0 1 2 1 2 0 0 0 0 0 0 0 0 0 0 1 2 1 2 0 0 0 0 0 0 0 0 0 0 1 2 1 2 0 0 0 0 0 0 0 0 0 0 1 2 1 2 0 0 0 0 0 0 0 0 0 0
12 0 1000 0 0 1000 0 1000 1 2 1 2 0 0 0 0 0 0 0 0 0 0 1 2 1 2 0 0 0 0 0 0 0 0 0 0 1 2 1 2 0 0 0 0 0 0 0 0 0 0 1 2 1 2 0 0 0 0 0 0 0 0 0 0 1 2 1 2 0 0 0 0 0 0 0 0 0 0 1 2 1 2 0 0 0 0 0 0 0 0 0 0
13 0 1000 0 0 1000 0 1000 1 2 1 2 0 0 14680 4 14680 4 0 0 0 0 1 2 1 2 0 0 14680 4 14680 4 0 0 0 0 1 2 1 2 0 0 14680 4 14680 4 0 0 0 0 1 2 1 2 0 0 14680 4 14680 4 0 0 0 0 1 2 1 2 0 0 14680 4 14680 4 0 0 0 0 1 2 1 2 0 0 14680 4 14680 4 0 0 0 0
14 0 1000 0 0 1000 0 1000 2 3 2 3 0 0 30210 111 0 0 290 1 29920 110 2 3 2 3 0 0 30210 111 0 0 290 1 29920 110 2 3 2 3 0 0 30210 111 0 0 290 1 29920 110 2 3 2 3 0 0 30210 111 0 0 290 1 29920 110 2 3 2 3 0 0 30210 111 0 0 290 1 29920 110 2 3 2 3 0 0 30210 111 0 0 290 1 29920 110
15 0 1000 0 0 1000 0 1000 2 3 2 3 0 0 0 0 0 0 0 0 0 0 2 3 2 3 0 0 0 0 0 0 0 0 0 0 2 3 2 3 0 0 0 0 0 0 0 0 0 0 2 3 2 3 0 0 0 0 0 0 0 0 0 0 2 3 2 3 0 0 0 0 0 0 0 0 0 0 2 3 2 3 0 0 0 0 0 0 0 0 0 0
16 0 1000 0 0 1000 0 1000 2 3 2 3 0 0 0 0 0 0 0 0 0 0 2 3 2 3 0 0 0 0 0 0 0 0 0 0 2 3 2 3 0 0 0 0 0 0 0 0 0 0 2 3 2 3 0 0 0 0 0 0 0 0 0 0 2 3 2 3 0 0 0 0 0 0 0 0 0 0 2 3 2 3 0 0 0 0 0 0 0 0 0 0
17 0 1000 0 0 1000 0 1000 2 3 2 3 0 0 0 0 0 0 0 0 0 0 2 3 2 3 0 0 0 0 0 0 0 0 0 0 2 3 2 3 0 0 0 0 0 0 0 0 0 0 2 3 2 3 0 0 0 0 0 0 0 0 0 0 2 3 2 3 0 0 0 0 0 0 0 0 0 0 2 3 2 3 0 0 0 0 0 0 0 0 0 0
18 0 1000 0 0 1000 0 1000 2 3 2 3 0 0 19312 71 0 0 0 0 19312 71 2 3 2 3 0 0 19312 71 0 0 0 0 19312 71 2 3 2 3 0 0 19312 71 0 0 0 0 19312 71 2 3 2 3 0 0 19312 71 0 0 0 0 19312 71 2 3 2 3 0 0 19312 71 0 0 0 0 19312 71 2 3 2 3 0 0 19312 71 0 0 0 0 19312 71
19 0 1000 0 0 1000 0 1000 2 3 2 3 0 0 0 0 0 0 0 0 0 0 2 3 2 3 0 0 0 0 0 0 0 0 0 0 2 3 2 3 0 0 0 0 0 0 0 0 0 0 2 3 2 3 0 0 0 0 0 0 0 0 0 0 2 3 2 3 0 0 0 0 0 0 0 0 0 0 2 3 2 3 0 0 0 0 0 0 0 0 0 0
20 0 1000 0 0 1000 0 1000 2 3 2 3 0 0 0 0 0 0 0 0 0 0 2 3 2 3 0 0 0 0 0 0 0 0 0 0 2 3 2 3 0 0 0 0 0 0 0 0 0 0 2 3 2 3 0 0 0 0 0 0 0 0 0 0 2 3 2 3 0 0 0 0 0 0 0 0 0 0 2 3 2 3 0 0 0 0 0 0 0 0 0 0
21 0 1000 0 0 1000 0 1000 2 3 2 3 0 0 0 0 0 0 0 0 0 0 2 3 2 3 0 0 0 0 0 0 0 0 0 0 2 3 2 3 0 0 0 0 0 0 0 0 0 0 2 3 2 3 0 0 0 0 0 0 0 0 0 0 2 3 2 3 0 0 0 0 0 0 0 0 0 0 2 3 2 3 0 0 0 0 0 0 0 0 0 0
22 0 1000 0 0 1000 0 1000 2 3 2 3 0 0 30192 111 0 0 0 0 30192 111 2 3 2 3 0 0 30192 111 0 0 0 0 30192 111 2 3 2 3 0 0 30192 111 0 0 0 0 30192 111 2 3 2 3 0 0 30192 111 0 0 0 0 30192 111 2 3 2 3 0 0 30192 111 0 0 0 0 30192 111 2 3 2 3 0 0 30192 111 0 0 0 0 30192 111
23 0 1000 0 0 1000 0 1000 2 3 2 3 0 0 0 0 0 0 0 0 0 0 2 3 2 3 0 0 0 0 0 0 0 0 0 0 2 3 2 3 0 0 0 0 0 0 0 0 0 0 2 3 2 3 0 0 0 0 0 0 0 0 0 0 2 3 2 3 0 0 0 0 0 0 0 0 0 0 2 3 2 3 0 0 0 0 0 0 0 0 0 0
24 0 1000 0 0 1000 0 1000 2 3 2 3 0 0 0 0 0 0 0 0 0 0 2 3 2 3 0 0 0 0 0 0 0 0 0 0 2 3 2 3 0 0 0 0 0 0 0 0 0 0 2 3 2 3 0 0 0 0 0 0 0 0 0 0 2 3 2 3 0 0 0 0 0 0 0 0 0 0 2 3 2 3 0 0 0 0 0 0 0 0 0 0
25 0 1000 0 0 1000 0 1000 2 3 2 3 0 0 11969 3 11969 3 0 0 0 0 2 3 2 3 0 0 11969 3 11969 3 0 0 0 0 2 3 2 3 0 0 11969 3 11969 3 0 0 0 0 2 3 2 3 0 0 11969 3 11969 3 0 0 0 0 2 3 2 3 0 0 11969 3 11969 3 0 0 0 0 2 3 2 3 0 0 11969 3 11969 3 0 0 0 0
26 0 1000 0 0 1000 0 1000 3 6 3 6 0 0 27490 101 0 0 290 1 27200 100 3 6 3 6 0 0 27490 101 0 0 290 1 27200 100 3 6 3 6 0 0 27490 101 0 0 290 1 27200 100 3 6 3 6 0 0 27490 101 0 0 290 1 27200 100 3 6 3 6 0 0 27490 101 0 0 290 1 27200 100 3 6 3 6 0 0 27490 101 0 0 290 1 27200 100
27 0 1000 0 0 1000 0 1000 3 6 3 6 0 0 0 0 0 0 0 0 0 0 3 6 3 6 0 0 0 0 0 0 0 0 0 0 3 6 3 6 0 0 0 0 0 0 0 0 0 0 3 6 3 6 0 0 0 0 0 0 0 0 0 0 3 6 3 6 0 0 0 0 0 0 0 0 0 0 3 6 3 6 0 0 0 0 0 0 0 0 0 0
28 0 1000 0 0 1000 0 1000 3 6 3 6 0 0 0 0 0 0 0 0 0 0 3 6 3 6 0 0 0 0 0 0 0 0 0 0 3 6 3 6 0 0 0 0 0 0 0 0 0 0 3 6 3 6 0 0 0 0 0 0 0 0 0 0 3 6 3 6 0 0 0 0 0 0 0 0 0 0 3 6 3 6 0 0 0 0 0 0 0 0 0 0
29 0 1000 0 0 1000 0 1000 3 6 3 6 0 0 14552 4 14552 4 0 0 0 0 3 6 3 6 0 0 14552 4 14552 4 0 0 0 0 3 6 3 6 0 0 14552 4 14552 4 0 0 0 0 3 6 3 6 0 0 14552 4 14552 4 0 0 0 0 3 6 3 6 0 0 14552 4 14552 4 0 0 0 0 3 6 3 6 0 0 14552 4 14552 4 0 0 0 0
30 0 1000 0 0 1000 0 1000 4 7 4 7 0 0 28578 105 0 0 290 1 28288 104 4 7 4 7 0 0 28578 105 0 0 290 1 28288 104 4 7 4 7 0 0 28578 105 0 0 290 1 28288 104 4 7 4 7 0 0 28578 105 0 0 290 1 28288 104 4 7 4 7 0 0 28578 105 0 0 290 1 28288 104 4 7 4 7 0 0 28578 105 0 0 290 1 28288 104
31 0 1000 0 0 1000 0 1000 4 7 4 7 0 0 0 0 0 0 0 0 0 0 4 7 4 7 0 0 0 0 0 0 0 0 0 0 4 7 4 7 0 0 0 0 0 0 0 0 0 0 4 7 4 7 0 0 0 0 0 0 0 0 0 0 4 7 4 7 0 0 0 0 0 0 0 0 0 0 4 7 4 7 0 0 0 0 0 0 0 0 0 0
32 0 1000 0 0 1000 0 1000 4 7 4 7 0 0 0 0 0 0 0 0 0 0 4 7 4 7 0 0 0 0 0 0 0 0 0 0 4 7 4 7 0 0 0 0 0 0 0 0 0 0 4 7 4 7 0 0 0 0 0 0 0 0 0 0 4 7 4 7 0 0 0 0 0 0 0 0 0 0 4 7 4 7 0 0 0 0 0 0 0 0 0 0
33 0 1000 0 0 1000 0 1000 4 7 4 7 0 0 11296 3 11296 3 0 0 0 0 4 7 4 7 0 0 11296 3 11296 3 0 0 0 0 4 7 4 7 0 0 11296 3 11296 3 0 0 0 0 4 7 4 7 0 0 11296 3 11296 3 0 0 0 0 4 7 4 7 0 0 11296 3 11296 3 0 0 0 0 4 7 4 7 0 0 11296 3 11296 3 0 0 0 0
34 0 1000 0 0 1000 0 1000 5 8 5 8 0 0 27217 100 0 0 289 1 26928 99 5 8 5 8 0 0 27217 100 0 0 289 1 26928 99 5 8 5 8 0 0 27217 100 0 0 289 1 26928 99 5 8 5 8 0 0 27217 100 0 0 289 1 26928 99 5 8 5 8 0 0 27217 100 0 0 289 1 26928 99 5 8 5 8 0 0 27217 100 0 0 289 1 26928 99
35 0 1000 0 0 1000 0 1000 5 8 5 8 0 0 0 0 0 0 0 0 0 0 5 8 5 8 0 0 0 0 0 0 0 0 0 0 5 8 5 8 0 0 0 0 0 0 0 0 0 0 5 8 5 8 0 0 0 0 0 0 0 0 0 0 5 8 5 8 0 0 0 0 0 0 0 0 0 0 5 8 5 8 0 0 0 0 0 0 0 0 0 0
36 0 1000 0 0 1000 0 1000 5 8 5 8 0 0 0 0 0 0 0 0 0 0 5 8 5 8 0 0 0 0 0 0 0 0 0 0 5 8 5 8 0 0 0 0 0 0 0 0 0 0 5 8 5 8 0 0 0 0 0 0 0 0 0 0 5 8 5 8 0 0 0 0 0 0 0 0 0 0 5 8 5 8 0 0 0 0 0 0 0 0 0 0
37 0 1000 0 0 1000 0 1000 5 8 5 8 0 0 3606 1 3606 1 0 0 0 0 5 8 5 8 0 0 3606 1 3606 1 0 0 0 0 5 8 5 8 0 0 3606 1 3606 1 0 0 0 0 5 8 5 8 0 0 3606 1 3606 1 0 0 0 0 5 8 5 8 0 0 3606 1 3606 1 0 0 0 0 5 8 5 8 0 0 3606 1 3606 1 0 0 0 0
38 0 1000 0 0 1000 0 1000 6 9 6 9 0 0 28034 103 0 0 290 1 27744 102 6 9 6 9 0 0 28034 103 0 0 290 1 27744 102 6 9 6 9 0 0 28034 103 0 0 290 1 27744 102 6 9 6 9 0 0 28034 103 0 0 290 1 27744 102 6 9 6 9 0 0 28034 103 0 0 290 1 27744 102 6 9 6 9 0 0 28034 103 0 0 290 1 27744 102
39 0 1000 0 0 1000 0 1000 6 9 6 9 0 0 0 0 0 0 0 0 0 0 6 9 6 9 0 0 0 0 0 0 0 0 0 0 6 9 6 9 0 0 0 0 0 0 0 0 0 0 6 9 6 9 0 0 0 0 0 0 0 0 0 0 6 9 6 9 0 0 0 0 0 0 0 0 0 0 6 9 6 9 0 0 0 0 0 0 0 0 0 0
40 0 1000 0 0 1000 0 1000 6 9 6 9 0 0 0 0 0 0 0 0 0 0 6 9 6 9 0 0 0 0 0 0 0 0 0 0 6 9 6 9 0 0 0 0 0 0 0 0 0 0 6 9 6 9 0 0 0 0 0 0 0 0 0 0 6 9 6 9 0 0 0 0 0 0 0 0 0 0 6 9 6 9 0 0 0 0 0 0 0 0 0 0
41 0 1000 0 0 1000 0 1000 6 9 6 9 0 0 11109 3 11109 3 0 0 0 0 6 9 6 9 0 0 11109 3 11109 3 0 0 0 0 6 9 6 9 0 0 11109 3 11109 3 0 0 0 0 6 9 6 9 0 0 11109 3 11109 3 0 0 0 0 6 9 6 9 0 0 11109 3 11109 3 0 0 0 0 6 9 6 9 0 0 11109 3 11109 3 0 0 0 0
42 0 1000 0 0 1000 0 1000 7 10 7 10 0 0 26675 98 0 0 291 1 26384 97 7 10 7 10 0 0 26675 98 0 0 291 1 26384 97 7 10 7 10 0 0 26675 98 0 0 291 1 26384 97 7 10 7 10 0 0 26675 98 0 0 291 1 26384 97 7 10 7 10 0 0 26675 98 0 0 291 1 26384 97 7 10 7 10 0 0 26675 98 0 0 291 1 26384 97
43 0 1000 0 0 1000 0 1000 7 10 7 10 0 0 0 0 0 0 0 0 0 0 7 10 7 10 0 0 0 0 0 0 0 0 0 0 7 10 7 10 0 0 0 0 0 0 0 0 0 0 7 10 7 10 0 0 0 0 0 0 0 0 0 0 7 10 7 10 0 0 0 0 0 0 0 0 0 0 7 10 7 10 0 0 0 0 0 0 0 0 0 0
44 0 1000 0 0 1000 0 1000 7 10 7 10 0 0 0 0 0 0 0 0 0 0 7 10 7 10 0 0 0 0 0 0 0 0 0 0 7 10 7 10 0 0 0 0 0 0 0 0 0 0 7 10 7 10 0 0 0 0 0 0 0 0 0 0 7 10 7 10 0 0 0 0 0 0 0 0 0 0 7 10 7 10 0 0 0 0 0 0 0 0 0 0
45 0 1000 0 0 1000 0 1000 7 10 7 10 0 0 10629 3 10629 3 0 0 0 0 7 10 7 10 0 0 10629 3 10629 3 0 0 0 0 7 10 7 10 0 0 10629 3 10629 3 0 0 0 0 7 10 7 10 0 0 10629 3 10629 3 0 0 0 0 7 10 7 10 0 0 10629 3 10629 3 0 0 0 0 7 10 7 10 0 0 10629 3 10629 3 0 0 0 0
46 0 1000 0 0 1000 0 1000 8 11 8 11 0 0 29395 108 0 0 291 1 29104 107 8 11 8 11 0 0 29395 108 0 0 291 1 29104 107 8 11 8 11 0 0 29395 108 0 0 291 1 29104 107 8 11 8 11 0 0 29395 108 0 0 291 1 29104 107 8 11 8 11 0 0 29395 108 0 0 291 1 29104 107 8 11 8 11 0 0 29395 108 0 0 291 1 29104 107
47 0 1000 0 0 1000 0 1000 8 11 8 11 0 0 0 0 0 0 0 0 0 0 8 11 8 11 0 0 0 0 0 0 0 0 0 0 8 11 8 11 0 0 0 0 0 0 0 0 0 0 8 11 8 11 0 0 0 0 0 0 0 0 0 0 8 11 8 11 0 0 0 0 0 0 0 0 0 0 8 11 8 11 0 0 0 0 0 0 0 0 0 0
48 0 1000 0 0 1000 0 1000 8 11 8 11 0 0 0 0 0 0 0 0 0 0 8 11 8 11 0 0 0 0 0 0 0 0 0 0 8 11 8 11 0 0 0 0 0 0 0 0 0 0 8 11 8 11 0 0 0 0 0 0 0 0 0 0 8 11 8 11 0 0 0 0 0 0 0 0 0 0 8 11 8 11 0 0 0 0 0 0 0 0 0 0
49 0 1000 0 0 1000 0 1000 8 11 8 11 0 0 11589 3 11589 3 0 0 0 0 8 11 8 11 0 0 11589 3 11589 3 0 0 0 0 8 11 8 11 0 0 11589 3 11589 3 0 0 0 0 8 11 8 11 0 0 11589 3 11589 3 0 0 0 0 8 11 8 11 0 0 11589 3 11589 3 0 0 0 0 8 11 8 11 0 0 11589 3 11589 3 0 0 0 0
50 0 1000 0 0 1000 0 1000 9 12 9 12 0 0 26403 97 0 0 291 1 26112 96 9 12 9 12 0 0 26403 97 0 0 291 1 26112 96 9 12 9 12 0 0 26403 97 0 0 291 1 26112 96 9 12 9 12 0 0 26403 97 0 0 291 1 26112 96 9 12 9 12 0 0 26403 97 0 0 291 1 26112 96 9 12 9 12 0 0 26403 97 0 0 291 1 26112 96
51 0 1000 0 0 1000 0 1000 9 12 9 12 1 2 0 0 0 0 0 0 0 0 9 12 9 12 1 2 0 0 0 0 0 0 0 0 9 12 9 12 1 2 0 0 0 0 0 0 0 0 9 12 9 12 1 2 0 0 0 0 0 0 0 0 9 12 9 12 1 2 0 0 0 0 0 0 0 0 9 12 9 12 1 2 0 0 0 0 0 0 0 0
52 0 1000 0 0 1000 0 1000 9 12 9 12 1 2 0 0 0 0 0 0 0 0 9 12 9 12 1 2 0 0 0 0 0 0 0 0 9 12 9 12 1 2 0 0 0 0 0 0 0 0 9 12 9 12 1 2 0 0 0 0 0 0 0 0 9 12 9 12 1 2 0 0 0 0 0 0 0 0 9 12 9 12 1 2 0 0 0 0 0 0 0 0
53 0 1000 0 0 1000 0 1000 9 12 9 12 1 2 3511 1 3511 1 0 0 0 0 9 12 9 12 1 2 3511 1 3511 1 0 0 0 0 9 12 9 12 1 2 3511 1 3511 1 0 0 0 0 9 12 9 12 1 2 3511 1 3511 1 0 0 0 0 9 12 9 12 1 2 3511 1 3511 1 0 0 0 0 9 12 9 12 1 2 3511 1 3511 1 0 0 0 0
54 0 1000 0 0 1000 0 1000 10 13 10 13 1 2 33475 123 0 0 291 1 33184 122 10 13 10 13 1 2 33475 123 0 0 291 1 33184 122 10 13 10 13 1 2 33475 123 0 0 291 1 33184 122 10 13 10 13 1 2 33475 123 0 0 291 1 33184 122 10 13 10 13 1 2 33475 123 0 0 291 1 33184 122 10 13 10 13 1 2 33475 123 0 0 291 1 33184 122
55 0 1000 0 0 1000 0 1000 10 13 10 13 2 3 0 0 0 0 0 0 0 0 10 13 10 13 2 3 0 0 0 0 0 0 0 0 10 13 10 13 2 3 0 0 0 0 0 0 0 0 10 13 10 13 2 3 0 0 0 0 0 0 0 0 10 13 10 13 2 3 0 0 0 0 0 0 0 0 10 13 10 13 2 3 0 0 0 0 0 0 0 0
56 0 1000 0 0 1000 0 1000 10 13 10 13 2 3 0 0 0 0 0 0 0 0 10 13 10 13 2 3 0 0 0 0 0 0 0 0 10 13 10 13 2 3 0 0 0 0 0 0 0 0 10 13 10 13 2 3 0 0 0 0 0 0 0 0 10 13 10 13 2 3 0 0 0 0 0 0 0 0 10 13 10 13 2 3 0 0 0 0 0 0 0 0
57 0 1000 0 0 1000 0 1000 10 13 10 13 2 3 8686 2 8686 2 0 0 0 0 10 13 10 13 2 3 8686 2 8686 2 0 0 0 0 10 13 10 13 2 3 8686 2 8686 2 0 0 0 0 10 13 10 13 2 3 8686 2 8686 2 0 0 0 0 10 13 10 13 2 3 8686 2 8686 2 0 0 0 0 10 13 10 13 2 3 8686 2 8686 2 0 0 0 0
58 0 1000 0 0 1000 0 1000 11 14 11 14 2 3 28579 105 0 0 291 1 28288 104 11 14 11 14 2 3 28579 105 0 0 291 1 28288 104 11 14 11 14 2 3 28579 105 0 0 291 1 28288 104 11 14 11 14 2 3 28579 105 0 0 291 1 28288 104 11 14 11 14 2 3 28579 105 0 0 291 1 28288 104 11 14 11 14 2 3 28579 105 0 0 291 1 28288 104
59 0 1000 0 0 1000 0 1000 11 14 11 14 2 3 0 0 0 0 0 0 0 0 11 14 11 14 2 3 0 0 0 0 0 0 0 0 11 14 11 14 2 3 0 0 0 0 0 0 0 0 11 14 11 14 2 3 0 0 0 0 0 0 0 0 11 14 11 14 2 3 0 0 0 0 0 0 0 0 11 14 11 14 2 3 0 0 0 0 0 0 0 0
60 0 1000 0 0 1000 0 1000 11 14 11 14 2 3 0 0 0 0 0 0 0 0 11 14 11 14 2 3 0 0 0 0 0 0 0 0 11 14 11 14 2 3 0 0 0 0 0 0 0 0 11 14 11 14 2 3 0 0 0 0 0 0 0 0 11 14 11 14 2 3 0 0 0 0 0 0 0 0 11 14 11 14 2 3 0 0 0 0 0 0 0 0
61 0 1000 0 0 1000 0 1000 11 14 11 14 2 3 3767 1 3767 1 0 0 0 0 11 14 11 14 2 3 3767 1 3767 1 0 0 0 0 11 14 11 14 2 3 3767 1 3767 1 0 0 0 0 11 14 11 14 2 3 3767 1 3767 1 0 0 0 0 11 14 11 14 2 3 3767 1 3767 1 0 0 0 0 11 14 11 14 2 3 3767 1 3767 1 0 0 0 0
62 0 1000 0 0 1000 0 1000 12 15 12 15 2 3 23411 86 0 0 291 1 23120 85 12 15 12 15 2 3 23411 86 0 0 291 1 23120 85 12 15 12 15 2 3 23411 86 0 0 291 1 23120 85 12 15 12 15 2 3 23411 86 0 0 291 1 23120 85 12 15 12 15 2 3 23411 86 0 0 291 1 23120 85 12 15 12 15 2 3 23411 86 0 0 291 1 23120 85
63 0 1000 0 0 1000 0 1000 12 15 12 15 2 3 0 0 0 0 0 0 0 0 12 15 12 15 2 3 0 0 0 0 0 0 0 0 12 15 12 15 2 3 0 0 0 0 0 0 0 0 12 15 12 15 2 3 0 0 0 0 0 0 0 0 12 15 12 15 2 3 0 0 0 0 0 0 0 0 12 15 12 15 2 3 0 0 0 0 0 0 0 0
64 0 1000 0 0 1000 0 1000 12 15 12 15 2 3 0 0 0 0 0 0 0 0 12 15 12 15 2 3 0 0 0 0 0 0 0 0 12 15 12 15 2 3 0 0 0 0 0 0 0 0 12 15 12 15 2 3 0 0 0 0 0 0 0 0 12 15 12 15 2 3 0 0 0 0 0 0 0 0 12 15 12 15 2 3 0 0 0 0 0 0 0 0
65 900 100 900 0 100 0 1000 12 15 12 15 2 3 6318 2 6318 2 0 0 0 0 12 15 12 15 2 3 6318 2 6318 2 0 0 0 0 12 15 12 15 2 3 6318 2 6318 2 0 0 0 0 12 15 12 15 2 3 6318 2 6318 2 0 0 0 0 12 15 12 15 2 3 6318 2 6318 2 0 0 0 0 12 15 12 15 2 3 6318 2 6318 2 0 0 0 0
66 900 100 900 0 100 0 1000 12 15 12 15 2 3 2739 10 0 0 291 1 2448 9 12 15 12 15 2 3 2739 10 0 0 291 1 2448 9 12 15 12 15 2 3 2739 10 0 0 291 1 2448 9 12 15 12 15 2 3 2739 10 0 0 291 1 2448 9 12 15 12 15 2 3 2739 10 0 0 291 1 2448 9 12 15 12 15 2 3 2739 10 0 0 291 1 2448 9
67 900 100 900 0 100 0 1000 12 15 12 15 2 3 0 0 0 0 0 0 0 0 12 15 12 15 2 3 0 0 0 0 0 0 0 0 12 15 12 15 2 3 0 0 0 0 0 0 0 0 12 15 12 15 2 3 0 0 0 0 0 0 0 0 12 15 12 15 2 3 0 0 0 0 0 0 0 0 12 15 12 15 3 6 0 0 0 0 0 0 0 0
68 900 100 900 0 100 0 1000 12 15 12 15 2 3 0 0 0 0 0 0 0 0 12 15 12 15 2 3 0 0 0 0 0 0 0 0 12 15 12 15 2 3 0 0 0 0 0 0 0 0 12 15 12 15 2 3 0 0 0 0 0 0 0 0 12 15 12 15 2 3 0 0 0 0 0 0 0 0 12 15 12 15 3 6 0 0 0 0 0 0 0 0
69 900 100 900 0 100 0 1000 12 15 12 15 2 3 0 0 0 0 0 0 0 0 12 15 12 15 2 3 0 0 0 0 0 0 0 0 12 15 12 15 2 3 0 0 0 0 0 0 0 0 12 15 12 15 2 3 0 0 0 0 0 0 0 0 12 15 12 15 2 3 0 0 0 0 0 0 0 0 12 15 12 15 3 6 0 0 0 0 0 0 0 0
70 900 100 900 0 100 0 1000 12 15 12 15 2 3 4080 15 0 0 0 0 4080 15 12 15 12 15 2 3 4080 15 0 0 0 0 4080 15 12 15 12 15 2 3 4080 15 0 0 0 0 4080 15 12 15 12 15 2 3 4080 15 0 0 0 0 4080 15 12 15 12 15 2 3 4080 15 0 0 0 0 4080 15 12 15 12 15 3 6 4080 15 0 0 0 0 4080 15
71 900 100 900 0 100 0 1000 12 15 12 15 2 3 0 0 0 0 0 0 0 0 12 15 12 15 2 3 0 0 0 0 0 0 0 0 12 15 12 15 2 3 0 0 0 0 0 0 0 0 12 15 12 15 2 3 0 0 0 0 0 0 0 0 12 15 12 15 2 3 0 0 0 0 0 0 0 0 12 15 12 15 4 7 0 0 0 0 0 0 0 0
72 900 100 900 0 100 0 1000 12 15 12 15 2 3 0 0 0 0 0 0 0 0 12 15 12 15 2 3 0 0 0 0 0 0 0 0 12 15 12 15 2 3 0 0 0 0 0 0 0 0 12 15 12 15 2 3 0 0 0 0 0 0 0 0 12 15 12 15 2 3 0 0 0 0 0 0 0 0 12 15 12 15 4 7 0 0 0 0 0 0 0 0
73 900 100 900 0 100 0 1000 12 15 12 15 2 3 0 0 0 0 0 0 0 0 12 15 12 15 2 3 0 0 0 0 0 0 0 0 12 15 12 15 2 3 0 0 0 0 0 0 0 0 12 15 12 15 2 3 0 0 0 0 0 0 0 0 12 15 12 15 2 3 0 0 0 0 0 0 0 0 12 15 12 15 4 7 0 0 0 0 0 0 0 0
74 900 100 900 0 100 0 1000 12 15 12 15 2 3 4080 15 0 0 0 0 4080 15 12 15 12 15 2 3 4080 15 0 0 0 0 4080 15 12 15 12 15 2 3 4080 15 0 0 0 0 4080 15 12 15 12 15 2 3 4080 15 0 0 0 0 4080 15 12 15 12 15 2 3 4080 15 0 0 0 0 4080 15 12 15 12 15 4 7 4080 15 0 0 0 0 4080 15
75 900 100 900 0 100 0 1000 12 15 12 15 2 3 0 0 0 0 0 0 0 0 12 15 12 15 2 3 0 0 0 0 0 0 0 0 12 15 12 15 2 3 0 0 0 0 0 0 0 0 12 15 12 15 2 3 0 0 0 0 0 0 0 0 12 15 12 15 2 3 0 0 0 0 0 0 0 0 12 15 12 15 5 8 0 0 0 0 0 0 0 0
76 900 100 900 0 100 0 1000 12 15 12 15 2 3 0 0 0 0 0 0 0 0 12 15 12 15 2 3 0 0 0 0 0 0 0 0 12 15 12 15 2 3 0 0 0 0 0 0 0 0 12 15 12 15 2 3 0 0 0 0 0 0 0 0 12 15 12 15 2 3 0 0 0 0 0 0 0 0 12 15 12 15 5 8 0 0 0 0 0 0 0 0
77 900 100 900 0 100 0 1000 12 15 12 15 2 3 0 0 0 0 0 0 0 0 12 15 12 15 2 3 0 0 0 0 0 0 0 0 12 15 12 15 2 3 0 0 0 0 0 0 0 0 12 15 12 15 2 3 0 0 0 0 0 0 0 0 12 15 12 15 2 3 0 0 0 0 0 0 0 0 12 15 12 15 5 8 0 0 0 0 0 0 0 0
78 900 100 900 0 100 0 1000 12 15 12 15 2 3 2992 11 0 0 0 0 2992 11 12 15 12 15 2 3 2992 11 0 0 0 0 2992 11 12 15 12 15 2 3 2992 11 0 0 0 0 2992 11 12 15 12 15 2 3 2992 11 0 0 0 0 2992 11 12 15 12 15 2 3 2992 11 0 0 0 0 2992 11 12 15 12 15 5 8 2992 11 0 0 0 0 2992 11
79 900 100 900 0 100 0 1000 12 15 12 15 2 3 0 0 0 0 0 0 0 0 12 15 12 15 2 3 0 0 0 0 0 0 0 0 12 15 12 15 2 3 0 0 0 0 0 0 0 0 12 15 12 15 2 3 0 0 0 0 0 0 0 0 12 15 12 15 2 3 0 0 0 0 0 0 0 0 12 15 12 15 6 9 0 0 0 0 0 0 0 0
80 900 100 900 0 100 0 1000 12 15 12 15 2 3 0 0 0 0 0 0 0 0 12 15 12 15 2 3 0 0 0 0 0 0 0 0 12 15 12 15 2 3 0 0 0 0 0 0 0 0 12 15 12 15 2 3 0 0 0 0 0 0 0 0 12 15 12 15 2 3 0 0 0 0 0 0 0 0 12 15 12 15 6 9 0 0 0 0 0 0 0 0
81 900 100 900 0 100 0 1000 12 15 12 15 2 3 0 0 0 0 0 0 0 0 12 15 12 15 2 3 0 0 0 0 0 0 0 0 12 15 12 15 2 3 0 0 0 0 0 0 0 0 12 15 12 15 2 3 0 0 0 0 0 0 0 0 12 15 12 15 2 3 0 0 0 0 0 0 0 0 12 15 12 15 6 9 0 0 0 0 0 0 0 0
82 900 100 900 0 100 0 1000 12 15 12 15 2 3 1632 6 0 0 0 0 1632 6 12 15 12 15 2 3 1632 6 0 0 0 0 1632 6 12 15 12 15 2 3 1632 6 0 0 0 0 1632 6 12 15 12 15 2 3 1632 6 0 0 0 0 1632 6 12 15 12 15 2 3 1632 6 0 0 0 0 1632 6 12 15 12 15 6 9 1632 6 0 0 0 0 1632 6
83 900 100 900 0 100 0 1000 12 15 12 15 2 3 0 0 0 0 0 0 0 0 12 15 12 15 2 3 0 0 0 0 0 0 0 0 12 15 12 15 2 3 0 0 0 0 0 0 0 0 12 15 12 15 2 3 0 0 0 0 0 0 0 0 12 15 12 15 2 3 0 0 0 0 0 0 0 0 12 15 12 15 7 10 0 0 0 0 0 0 0 0
84 900 100 900 0 100 0 1000 12 15 12 15 2 3 0 0 0 0 0 0 0 0 12 15 12 15 2 3 0 0 0 0 0 0 0 0 12 15 12 15 2 3 0 0 0 0 0 0 0 0 12 15 12 15 2 3 0 0 0 0 0 0 0 0 12 15 12 15 2 3 0 0 0 0 0 0 0 0 12 15 12 15 7 10 0 0 0 0 0 0 0 0
85 900 100 900 0 100 0 1000 12 15 12 15 2 3 1262 2 1262 2 0 0 0 0 12 15 12 15 2 3 1262 2 1262 2 0 0 0 0 12 15 12 15 2 3 1262 2 1262 2 0 0 0 0 12 15 12 15 2 3 1262 2 1262 2 0 0 0 0 12 15 12 15 2 3 1262 2 1262 2 0 0 0 0 12 15 12 15 7 10 1262 2 1262 2 0 0 0 0
86 900 100 900 0 100 0 1000 12 15 12 15 2 3 2739 10 0 0 291 1 2448 9 12 15 12 15 2 3 2739 10 0 0 291 1 2448 9 12 15 12 15 2 3 2739 10 0 0 291 1 2448 9 12 15 12 15 2 3 2739 10 0 0 291 1 2448 9 12 15 12 15 2 3 2739 10 0 0 291 1 2448 9 12 15 12 15 7 10 2739 10 0 0 291 1 2448 9
87 900 100 900 0 100 0 1000 12 15 12 15 2 3 0 0 0 0 0 0 0 0 12 15 12 15 2 3 0 0 0 0 0 0 0 0 12 15 12 15 2 3 0 0 0 0 0 0 0 0 12 15 12 15 2 3 0 0 0 0 0 0 0 0 12 15 12 15 2 3 0 0 0 0 0 0 0 0 12 15 12 15 8 11 0 0 0 0 0 0 0 0
88 900 100 900 0 100 0 1000 12 15 12 15 2 3 0 0 0 0 0 0 0 0 12 15 12 15 2 3 0 0 0 0 0 0 0 0 12 15 12 15 2 3 0 0 0 0 0 0 0 0 12 15 12 15 2 3 0 0 0 0 0 0 0 0 12 15 12 15 2 3 0 0 0 0 0 0 0 0 12 15 12 15 8 11 0 0 0 0 0 0 0 0
89 900 100 900 0 100 0 1000 12 15 12 15 2 3 0 0 0 0 0 0 0 0 12 15 12 15 2 3 0 0 0 0 0 0 0 0 12 15 12 15 2 3 0 0 0 0 0 0 0 0 12 15 12 15 2 3 0 0 0 0 0 0 0 0 12 15 12 15 2 3 0 0 0 0 0 0 0 0 12 15 12 15 8 11 0 0 0 0 0 0 0 0
90 900 100 900 0 100 0 1000 12 15 12 15 2 3 1904 7 0 0 0 0 1904 7 12 15 12 15 2 3 1904 7 0 0 0 0 1904 7 12 15 12 15 2 3 1904 7 0 0 0 0 1904 7 12 15 12 15 2 3 1904 7 0 0 0 0 1904 7 12 15 12 15 2 3 1904 7 0 0 0 0 1904 7 12 15 12 15 8 11 1904 7 0 0 0 0 1904 7
91 900 100 900 0 100 0 1000 12 15 12 15 2 3 0 0 0 0 0 0 0 0 12 15 12 15 2 3 0 0 0 0 0 0 0 0 12 15 12 15 2 3 0 0 0 0 0 0 0 0 12 15 12 15 2 3 0 0 0 0 0 0 0 0 12 15 12 15 2 3 0 0 0 0 0 0 0 0 12 15 12 15 9 12 0 0 0 0 0 0 0 0
92 900 100 900 0 100 0 1000 12 15 12 15 2 3 0 0 0 0 0 0 0 0 12 15 12 15 2 3 0 0 0 0 0 0 0 0 12 15 12 15 2 3 0 0 0 0 0 0 0 0 12 15 12 15 2 3 0 0 0 0 0 0 0 0 12 15 12 15 2 3 0 0 0 0 0 0 0 0 12 15 12 15 9 12 0 0 0 0 0 0 0 0
93 900 100 900 0 100 0 1000 12 15 12 15 2 3 0 0 0 0 0 0 0 0 12 15 12 15 2 3 0 0 0 0 0 0 0 0 12 15 12 15 2 3 0 0 0 0 0 0 0 0 12 15 12 15 2 3 0 0 0 0 0 0 0 0 12 15 12 15 2 3 0 0 0 0 0 0 0 0 12 15 12 15 9 12 0 0 0 0 0 0 0 0
94 900 100 900 0 100 0 1000 12 15 12 15 2 3 1360 5 0 0 0 0 1360 5 12 15 12 15 2 3 1360 5 0 0 0 0 1360 5 12 15 12 15 2 3 1360 5 0 0 0 0 1360 5 12 15 12 15 2 3 1360 5 0 0 0 0 1360 5 12 15 12 15 2 3 1360 5 0 0 0 0 1360 5 12 15 12 15 9 12 1360 5 0 0 0 0 1360 5
95 900 100 900 0 100 0 1000 12 15 12 15 2 3 0 0 0 0 0 0 0 0 12 15 12 15 2 3 0 0 0 0 0 0 0 0 12 15 12 15 2 3 0 0 0 0 0 0 0 0 12 15 12 15 2 3 0 0 0 0 0 0 0 0 12 15 12 15 2 3 0 0 0 0 0 0 0 0 12 15 12 15 10 13 0 0 0 0 0 0 0 0
96 900 100 900 0 100 0 1000 12 15 12 15 2 3 0 0 0 0 0 0 0 0 12 15 12 15 2 3 0 0 0 0 0 0 0 0 12 15 12 15 2 3 0 0 0 0 0 0 0 0 12 15 12 15 2 3 0 0 0 0 0 0 0 0 12 15 12 15 2 3 0 0 0 0 0 0 0 0 12 15 12 15 10 13 0 0 0 0 0 0 0 0
97 900 100 900 0 100 0 1000 12 15 12 15 2 3 599 1 599 1 0 0 0 0 12 15 12 15 2 3 599 1 599 1 0 0 0 0 12 15 12 15 2 3 599 1 599 1 0 0 0 0 12 15 12 15 2 3 599 1 599 1 0 0 0 0 12 15 12 15 2 3 599 1 599 1 0 0 0 0 12 15 12 15 10 13 599 1 599 1 0 0 0 0
98 900 100 900 0 100 0 1000 12 15 12 15 2 3 3011 11 0 0 291 1 2720 10 12 15 12 15 2 3 3011 11 0 0 291 1 2720 10 12 15 12 15 2 3 3011 11 0 0 291 1 2720 10 12 15 12 15 2 3 3011 11 0 0 291 1 2720 10 12 15 12 15 2 3 3011 11 0 0 291 1 2720 10 12 15 12 15 10 13 3011 11 0 0 291 1 2720 10
99 900 100 900 0 100 0 1000 12 15 12 15 2 3 0 0 0 0 0 0 0 0 12 15 12 15 2 3 0 0 0 0 0 0 0 0 12 15 12 15 2 3 0 0 0 0 0 0 0 0 12 15 12 15 2 3 0 0 0 0 0 0 0 0 12 15 12 15 2 3 0 0 0 0 0 0 0 0 12 15 12 15 11 14 0 0 0 0 0 0 0 0
100 900 100 900 0 100 0 1000 12 15 12 15 2 3 0 0 0 0 0 0 0 0 12 15 12 15 2 3 0 0 0 0 0 0 0 0 12 15 12 15 2 3 0 0 0 0 0 0 0 0 12 15 12 15 2 3 0 0 0 0 0 0 0 0 12 15 12 15 2 3 0 0 0 0 0 0 0 0 12 15 12 15 11 14 0 0 0 0 0 0 0 0
101 900 100 900 0 100 0 1000 12 15 12 15 2 3 0 0 0 0 0 0 0 0 12 15 12 15 2 3 0 0 0 0 0 0 0 0 12 15 12 15 2 3 0 0 0 0 0 0 0 0 12 15 12 15 2 3 0 0 0 0 0 0 0 0 12 15 12 15 2 3 0 0 0 0 0 0 0 0 12 15 12 15 11 14 0 0 0 0 0 0 0 0
102 900 100 900 0 100 0 1000 12 15 12 15 2 3 2720 10 0 0 0 0 2720 10 12 15 12 15 2 3 2720 10 0 0 0 0 2720 10 12 15 12 15 2 3 2720 10 0 0 0 0 2720 10 12 15 12 15 2 3 2720 10 0 0 0 0 2720 10 12 15 12 15 2 3 2720 10 0 0 0 0 2720 10 12 15 12 15 11 14 2720 10 0 0 0 0 2720 10
103 900 100 900 0 100 0 1000 12 15 12 15 2 3 0 0 0 0 0 0 0 0 12 15 12 15 2 3 0 0 0 0 0 0 0 0 12 15 12 15 2 3 0 0 0 0 0 0 0 0 12 15 12 15 2 3 0 0 0 0 0 0 0 0 12 15 12 15 2 3 0 0 0 0 0 0 0 0 12 15 12 15 12 15 0 0 0 0 0 0 0 0
104 900 100 900 0 100 0 1000 12 15 12 15 2 3 0 0 0 0 0 0 0 0 12 15 12 15 2 3 0 0 0 0 0 0 0 0 12 15 12 15 2 3 0 0 0 0 0 0 0 0 12 15 12 15 2 3 0 0 0 0 0 0 0 0 12 15 12 15 2 3 0 0 0 0 0 0 0 0 12 15 12 15 12 15 0 0 0 0 0 0 0 0
105 900 100 900 0 100 0 1000 12 15 12 15 2 3 1518 2 1518 2 0 0 0 0 12 15 12 15 2 3 1518 2 1518 2 0 0 0 0 12 15 12 15 2 3 1518 2 1518 2 0 0 0 0 12 15 12 15 2 3 1518 2 1518 2 0 0 0 0 12 15 12 15 2 3 1518 2 1518 2 0 0 0 0 12 15 12 15 12 15 1518 2 1518 2 0 0 0 0
106 900 100 900 0 100 0 1000 12 15 12 15 2 3 4371 16 0 0 291 1 4080 15 12 15 12 15 2 3 4371 16 0 0 291 1 4080 15 12 15 12 15 2 3 4371 16 0 0 291 1 4080 15 12 15 12 15 2 3 4371 16 0 0 291 1 4080 15 12 15 12 15 2 3 4371 16 0 0 291 1 4080 15 12 15 12 15 12 15 4371 16 0 0 291 1 4080 15
107 900 100 900 0 100 0 1000 12 15 12 15 2 3 0 0 0 0 0 0 0 0 12 15 12 15 2 3 0 0 0 0 0 0 0 0 12 15 12 15 2 3 0 0 0 0 0 0 0 0 12 15 12 15 2 3 0 0 0 0 0 0 0 0 12 15 12 15 2 3 0 0 0 0 0 0 0 0 13 16 12 15 13 16 0 0 0 0 0 0 0 0
108 900 100 900 0 100 0 1000 12 15 12 15 2 3 0 0 0 0 0 0 0 0 12 15 12 15 2 3 0 0 0 0 0 0 0 0 12 15 12 15 2 3 0 0 0 0 0 0 0 0 12 15 12 15 2 3 0 0 0 0 0 0 0 0 12 15 12 15 2 3 0 0 0 0 0 0 0 0 13 16 12 15 13 16 0 0 0 0 0 0 0 0
109 900 100 900 0 100 0 1000 12 15 12 15 2 3 0 0 0 0 0 0 0 0 12 15 12 15 2 3 0 0 0 0 0 0 0 0 12 15 12 15 2 3 0 0 0 0 0 0 0 0 12 15 12 15 2 3 0 0 0 0 0 0 0 0 12 15 12 15 2 3 0 0 0 0 0 0 0 0 13 16 12 15 13 16 0 0 0 0 0 0 0 0
110 900 100 900 0 100 0 1000 12 15 12 15 2 3 4352 16 0 0 0 0 4352 16 12 15 12 15 2 3 4352 16 0 0 0 0 4352 16 12 15 12 15 2 3 4352 16 0 0 0 0 4352 16 12 15 12 15 2 3 4352 16 0 0 0 0 4352 16 12 15 12 15 2 3 4352 16 0 0 0 0 4352 16 13 16 12 15 13 16 4352 16 0 0 0 0 4352 16
111 900 100 900 0 100 0 1000 12 15 12 15 2 3 0 0 0 0 0 0 0 0 12 15 12 15 2 3 0 0 0 0 0 0 0 0 12 15 12 15 2 3 0 0 0 0 0 0 0 0 12 15 12 15 2 3 0 0 0 0 0 0 0 0 12 15 12 15 2 3 0 0 0 0 0 0 0 0 13 16 12 15 13 16 0 0 0 0 0 0 0 0
112 900 100 900 0 100 0 1000 12 15 12 15 2 3 0 0 0 0 0 0 0 0 12 15 12 15 2 3 0 0 0 0 0 0 0 0 12 15 12 15 2 3 0 0 0 0 0 0 0 0 12 15 12 15 2 3 0 0 0 0 0 0 0 0 12 15 12 15 2 3 0 0 0 0 0 0 0 0 13 16 12 15 13 16 0 0 0 0 0 0 0 0
113 900 100 900 0 100 0 1000 12 15 12 15 2 3 0 0 0 0 0 0 0 0 12 15 12 15 2 3 0 0 0 0 0 0 0 0 12 15 12 15 2 3 0 0 0 0 0 0 0 0 12 15 12 15 2 3 0 0 0 0 0 0 0 0 12 15 12 15 2 3 0 0 0 0 0 0 0 0 13 16 12 15 13 16 0 0 0 0 0 0 0 0
114 900 100 900 0 100 0 1000 12 15 12 15 2 3 2720 10 0 0 0 0 2720 10 12 15 12 15 2 3 2720 10 0 0 0 0 2720 10 12 15 12 15 2 3 2720 10 0 0 0 0 2720 10 12 15 12 15 2 3 2720 10 0 0 0 0 2720 10 12 15 12 15 2 3 2720 10 0 0 0 0 2720 10 13 16 12 15 13 16 2720 10 0 0 0 0 2720 10
115 900 100 900 0 100 0 1000 12 15 12 15 2 3 0 0 0 0 0 0 0 0 12 15 12 15 2 3 0 0 0 0 0 0 0 0 12 15 12 15 2 3 0 0 0 0 0 0 0 0 12 15 12 15 2 3 0 0 0 0 0 0 0 0 12 15 12 15 2 3 0 0 0 0 0 0 0 0 13 16 12 15 13 16 0 0 0 0 0 0 0 0
116 900 100 900 0 100 0 1000 12 15 12 15 2 3 0 0 0 0 0 0 0 0 12 15 12 15 2 3 0 0 0 0 0 0 0 0 12 15 12 15 2 3 0 0 0 0 0 0 0 0 12 15 12 15 2 3 0 0 0 0 0 0 0 0 12 15 12 15 2 3 0 0 0 0 0 0 0 0 13 16 12 15 13 16 0 0 0 0 0 0 0 0
117 900 100 900 0 100 0 1000 12 15 12 15 2 3 0 0 0 0 0 0 0 0 12 15 12 15 2 3 0 0 0 0 0 0 0 0 12 15 12 15 2 3 0 0 0 0 0 0 0 0 12 15 12 15 2 3 0 0 0 0 0 0 0 0 12 15 12 15 2 3 0 0 0 0 0 0 0 0 13 16 12 15 13 16 0 0 0 0 0 0 0 0
118 900 100 900 0 100 0 1000 12 15 12 15 2 3 2992 11 0 0 0 0 2992 11 12 15 12 15 2 3 2992 11 0 0 0 0 2992 11 12 15 12 15 2 3 2992 11 0 0 0 0 2992 11 12 15 12 15 2 3 2992 11 0 0 0 0 2992 11 12 15 12 15 2 3 2992 11 0 0 0 0 2992 11 13 16 12 15 13 16 2992 11 0 0 0 0 2992 11
119 900 100 900 0 100 0 1000 12 15 12 15 2 3 0 0 0 0 0 0 0 0 12 15 12 15 2 3 0 0 0 0 0 0 0 0 12 15 12 15 2 3 0 0 0 0 0 0 0 0 12 15 12 15 2 3 0 0 0 0 0 0 0 0 12 15 12 15 2 3 0 0 0 0 0 0 0 0 13 16 12 15 13 16 0 0 0 0 0 0 0 0
120 900 100 900 0 100 0 1000 12 15 12 15 2 3 0 0 0 0 0 0 0 0 12 15 12 15 2 3 0 0 0 0 0 0 0 0 12 15 12 15 2 3 0 0 0 0 0 0 0 0 12 15 12 15 2 3 0 0 0 0 0 0 0 0 12 15 12 15 2 3 0 0 0 0 0 0 0 0 13 16 12 15 13 16 0 0 0 0 0 0 0 0
121 900 100 900 0 100 0 1000 12 15 12 15 2 3 0 0 0 0 0 0 0 0 12 15 12 15 2 3 0 0 0 0 0 0 0 0 12 15 12 15 2 3 0 0 0 0 0 0 0 0 12 15 12 15 2 3 0 0 0 0 0 0 0 0 12 15 12 15 2 3 0 0 0 0 0 0 0 0 13 16 12 15 13 16 0 0 0 0 0 0 0 0
122 900 100 900 0 100 0 1000 12 15 12 15 2 3 3264 12 0 0 0 0 3264 12 12 15 12 15 2 3 3264 12 0 0 0 0 3264 12 12 15 12 15 2 3 3264 12 0 0 0 0 3264 12 12 15 12 15 2 3 3264 12 0 0 0 0 3264 12 12 15 12 15 2 3 3264 12 0 0 0 0 3264 12 13 16 12 15 13 16 3264 12 0 0 0 0 3264 12
123 900 100 900 0 100 0 1000 12 15 12 15 2 3 0 0 0 0 0 0 0 0 12 15 12 15 2 3 0 0 0 0 0 0 0 0 12 15 12 15 2 3 0 0 0 0 0 0 0 0 12 15 12 15 2 3 0 0 0 0 0 0 0 0 12 15 12 15 2 3 0 0 0 0 0 0 0 0 13 16 12 15 13 16 0 0 0 0 0 0 0 0
124 900 100 900 0 100 0 1000 12 15 12 15 2 3 0 0 0 0 0 0 0 0 12 15 12 15 2 3 0 0 0 0 0 0 0 0 12 15 12 15 2 3 0 0 0 0 0 0 0 0 12 15 12 15 2 3 0 0 0 0 0 0 0 0 12 15 12 15 2 3 0 0 0 0 0 0 0 0 13 16 12 15 13 16 0 0 0 0 0 0 0 0
125 900 100 900 0 100 0 1000 12 15 12 15 2 3 823 1 823 1 0 0 0 0 12 15 12 15 2 3 823 1 823 1 0 0 0 0 12 15 12 15 2 3 823 1 823 1 0 0 0 0 12 15 12 15 2 3 823 1 823 1 0 0 0 0 12 15 12 15 2 3 823 1 823 1 0 0 0 0 13 16 12 15 13 16 823 1 823 1 0 0 0 0
126 0 1000 0 900 100 0 1000 12 15 12 15 2 3 5731 21 0 0 291 1 5440 20 12 15 12 15 2 3 5731 21 0 0 291 1 5440 20 12 15 12 15 2 3 5731 21 0 0 291 1 5440 20 12 15 12 15 2 3 5731 21 0 0 291 1 5440 20 12 15 12 15 2 3 5731 21 0 0 291 1 5440 20 13 16 12 15 13 16 5731 21 0 0 291 1 5440 20
127 0 1000 0 0 1000 0 1000 14 21 12 15 14 21 0 0 0 0 0 0 0 0 14 21 12 15 14 21 0 0 0 0 0 0 0 0 14 21 12 15 14 21 0 0 0 0 0 0 0 0 14 21 12 15 14 21 0 0 0 0 0 0 0 0 14 21 12 15 14 21 0 0 0 0 0 0 0 0 14 21 12 15 14 21 0 0 0 0 0 0 0 0
128 0 1000 0 0 1000 0 1000 14 21 12 15 14 21 0 0 0 0 0 0 0 0 14 21 12 15 14 21 0 0 0 0 0 0 0 0 14 21 12 15 14 21 0 0 0 0 0 0 0 0 14 21 12 15 14 21 0 0 0 0 0 0 0 0 14 21 12 15 14 21 0 0 0 0 0 0 0 0 14 21 12 15 14 21 0 0 0 0 0 0 0 0
129 0 1000 0 0 1000 0 1000 14 21 12 15 14 21 2158 2 2158 2 0 0 0 0 14 21 12 15 14 21 2158 2 2158 2 0 0 0 0 14 21 12 15 14 21 2158 2 2158 2 0 0 0 0 14 21 12 15 14 21 2158 2 2158 2 0 0 0 0 14 21 12 15 14 21 2158 2 2158 2 0 0 0 0 14 21 12 15 14 21 2158 2 2158 2 0 0 0 0
130 0 1000 0 0 1000 0 1000 18 32 18 32 14 21 24771 91 0 0 291 1 24480 90 18 32 18 32 14 21 24771 91 0 0 291 1 24480 90 18 32 18 32 14 21 24771 91 0 0 291 1 24480 90 18 32 18 32 14 21 24771 91 0 0 291 1 24480 90 18 32 18 32 14 21 24771 91 0 0 291 1 24480 90 18 32 18 32 14 21 24771 91 0 0 291 1 24480 90
131 0 1000 0 0 1000 0 1000 18 32 18 32 14 21 0 0 0 0 0 0 0 0 18 32 18 32 14 21 0 0 0 0 0 0 0 0 18 32 18 32 14 21 0 0 0 0 0 0 0 0 18 32 18 32 14 21 0 0 0 0 0 0 0 0 18 32 18 32 14 21 0 0 0 0 0 0 0 0 18 32 18 32 14 21 0 0 0 0 0 0 0 0
132 0 1000 0 0 1000 0 1000 18 32 18 32 14 21 0 0 0 0 0 0 0 0 18 32 18 32 14 21 0 0 0 0 0 0 0 0 18 32 18 32 14 21 0 0 0 0 0 0 0 0 18 32 18 32 14 21 0 0 0 0 0 0 0 0 18 32 18 32 14 21 0 0 0 0 0 0 0 0 18 32 18 32 14 21 0 0 0 0 0 0 0 0
133 0 1000 0 0 1000 0 1000 18 32 18 32 14 21 6638 2 6638 2 0 0 0 0 18 32 18 32 14 21 6638 2 6638 2 0 0 0 0 18 32 18 32 14 21 6638 2 6638 2 0 0 0 0 18 32 18 32 14 21 6638 2 6638 2 0 0 0 0 18 32 18 32 14 21 6638 2 6638 2 0 0 0 0 18 32 18 32 14 21 6638 2 6638 2 0 0 0 0
134 0 1000 0 0 1000 0 1000 19 33 19 33 14 21 27219 100 0 0 291 1 26928 99 19 33 19 33 14 21 27219 100 0 0 291 1 26928 99 19 33 19 33 14 21 27219 100 0 0 291 1 26928 99 19 33 19 33 14 21 27219 100 0 0 291 1 26928 99 19 33 19 33 14 21 27219 100 0 0 291 1 26928 99 19 33 19 33 14 21 27219 100 0 0 291 1 26928 99
135 0 1000 0 0 1000 0 1000 19 33 19 33 14 21 0 0 0 0 0 0 0 0 19 33 19 33 14 21 0 0 0 0 0 0 0 0 19 33 19 33 14 21 0 0 0 0 0 0 0 0 19 33 19 33 14 21 0 0 0 0 0 0 0 0 19 33 19 33 14 21 0 0 0 0 0 0 0 0 19 33 19 33 14 21 0 0 0 0 0 0 0 0
136 0 1000 0 0 1000 0 1000 19 33 19 33 14 21 0 0 0 0 0 0 0 0 19 33 19 33 14 21 0 0 0 0 0 0 0 0 19 33 19 33 14 21 0 0 0 0 0 0 0 0 19 33 19 33 14 21 0 0 0 0 0 0 0 0 19 33 19 33 14 21 0 0 0 0 0 0 0 0 19 33 19 33 14 21 0 0 0 0 0 0 0 0
137 0 1000 0 0 1000 0 1000 19 33 19 33 14 21 14428 4 14428 4 0 0 0 0 19 33 19 33 14 21 14428 4 14428 4 0 0 0 0 19 33 19 33 14 21 14428 4 14428 4 0 0 0 0 19 33 19 33 14 21 14428 4 14428 4 0 0 0 0 19 33 19 33 14 21 14428 4 14428 4 0 0 0 0 19 33 19 33 14 21 14428 4 14428 4 0 0 0 0
138 0 1000 0 0 1000 0 1000 20 34 20 34 14 21 28035 103 0 0 291 1 27744 102 20 34 20 34 14 21 28035 103 0 0 291 1 27744 102 20 34 20 34 14 21 28035 103 0 0 291 1 27744 102 20 34 20 34 14 21 28035 103 0 0 291 1 27744 102 20 34 20 34 14 21 28035 103 0 0 291 1 27744 102 20 34 20 34 14 21 28035 103 0 0 291 1 27744 102
139 0 1000 0 0 1000 0 1000 20 34 20 34 15 24 0 0 0 0 0 0 0 0 20 34 20 34 15 24 0 0 0 0 0 0 0 0 20 34 20 34 15 24 0 0 0 0 0 0 0 0 20 34 20 34 15 24 0 0 0 0 0 0 0 0 20 34 20 34 15 24 0 0 0 0 0 0 0 0 20 34 20 34 15 24 0 0 0 0 0 0 0 0
140 0 1000 0 0 1000 0 1000 20 34 20 34 15 24 0 0 0 0 0 0 0 0 20 34 20 34 15 24 0 0 0 0 0 0 0 0 20 34 20 34 15 24 0 0 0 0 0 0 0 0 20 34 20 34 15 24 0 0 0 0 0 0 0 0 20 34 20 34 15 24 0 0 0 0 0 0 0 0 20 34 20 34 15 24 0 0 0 0 0 0 0 0
141 0 1000 0 0 1000 0 1000 20 34 20 34 15 24 3703 1 3703 1 0 0 0 0 20 34 20 34 15 24 3703 1 3703 1 0 0 0 0 20 34 20 34 15 24 3703 1 3703 1 0 0 0 0 20 34 20 34 15 24 3703 1 3703 1 0 0 0 0 20 34 20 34 15 24 3703 1 3703 1 0 0 0 0 20 34 20 34 15 24 3703 1 3703 1 0 0 0 0
142 0 1000 0 0 1000 0 1000 21 35 21 35 15 24 22867 84 0 0 291 1 22576 83 21 35 21 35 15 24 22867 84 0 0 291 1 22576 83 21 35 21 35 15 24 22867 84 0 0 291 1 22576 83 21 35 21 35 15 24 22867 84 0 0 291 1 22576 83 21 35 21 35 15 24 22867 84 0 0 291 1 22576 83 21 35 21 35 15 24 22867 84 0 0 291 1 22576 83
143 0 1000 0 0 1000 0 1000 21 35 21 35 15 24 0 0 0 0 0 0 0 0 21 35 21 35 15 24 0 0 0 0 0 0 0 0 21 35 21 35 15 24 0 0 0 0 0 0 0 0 21 35 21 35 15 24 0 0 0 0 0 0 0 0 21 35 21 35 15 24 0 0 0 0 0 0 0 0 21 35 21 35 15 24 0 0 0 0 0 0 0 0
144 0 1000 0 0 1000 0 1000 21 35 21 35 15 24 0 0 0 0 0 0 0 0 21 35 21 35 15 24 0 0 0 0 0 0 0 0 21 35 21 35 15 24 0 0 0 0 0 0 0 0 21 35 21 35 15 24 0 0 0 0 0 0 0 0 21 35 21 35 15 24 0 0 0 0 0 0 0 0 21 35 21 35 15 24 0 0 0 0 0 0 0 0
145 0 1000 0 0 1000 0 1000 21 35 21 35 15 24 9285 3 9285 3 0 0 0 0 21 35 21 35 15 24 9285 3 9285 3 0 0 0 0 21 35 21 35 15 24 9285 3 9285 3 0 0 0 0 21 35 21 35 15 24 9285 3 9285 3 0 0 0 0 21 35 21 35 15 24 9285 3 9285 3 0 0 0 0 21 35 21 35 15 24 9285 3 9285 3 0 0 0 0
146 0 1000 0 0 1000 0 1000 22 36 22 36 15 24 26131 96 0 0 291 1 25840 95 22 36 22 36 15 24 26131 96 0 0 291 1 25840 95 22 36 22 36 15 24 26131 96 0 0 291 1 25840 95 22 36 22 36 15 24 26131 96 0 0 291 1 25840 95 22 36 22 36 15 24 26131 96 0 0 291 1 25840 95 22 36 22 36 15 24 26131 96 0 0 291 1 25840 95
147 0 1000 0 0 1000 0 1000 22 36 22 36 16 26 0 0 0 0 0 0 0 0 22 36 22 36 16 26 0 0 0 0 0 0 0 0 22 36 22 36 16 26 0 0 0 0 0 0 0 0 22 36 22 36 16 26 0 0 0 0 0 0 0 0 22 36 22 36 16 26 0 0 0 0 0 0 0 0 22 36 22 36 16 26 0 0 0 0 0 0 0 0
148 0 1000 0 0 1000 0 1000 22 36 22 36 16 26 0 0 0 0 0 0 0 0 22 36 22 36 16 26 0 0 0 0 0 0 0 0 22 36 22 36 16 26 0 0 0 0 0 0 0 0 22 36 22 36 16 26 0 0 0 0 0 0 0 0 22 36 22 36 16 26 0 0 0 0 0 0 0 0 22 36 22 36 16 26 0 0 0 0 0 0 0 0
149 0 1000 0 0 1000 0 1000 22 36 22 36 16 26 3478 1 3478 1 0 0 0 0 22 36 22 36 16 26 3478 1 3478 1 0 0 0 0 22 36 22 36 16 26 3478 1 3478 1 0 0 0 0 22 36 22 36 16 26 3478 1 3478 1 0 0 0 0 22 36 22 36 16 26 3478 1 3478 1 0 0 0 0 22 36 22 36 16 26 3478 1 3478 1 0 0 0 0
150 0 1000 0 0 1000 0 1000 23 37 23 37 16 26 27490 101 0 0 290 1 27200 100 23 37 23 37 16 26 27490 101 0 0 290 1 27200 100 23 37 23 37 16 26 27490 101 0 0 290 1 27200 100 23 37 23 37 16 26 27490 101 0 0 290 1 27200 100 23 37 23 37 16 26 27490 101 0 0 290 1 27200 100 23 37 23 37 16 26 27490 101 0 0 290 1 27200 100
151 0 1000 0 0 1000 0 1000 23 37 23 37 16 26 0 0 0 0 0 0 0 0 23 37 23 37 16 26 0 0 0 0 0 0 0 0 23 37 23 37 16 26 0 0 0 0 0 0 0 0 23 37 23 37 16 26 0 0 0 0 0 0 0 0 23 37 23 37 16 26 0 0 0 0 0 0 0 0 23 37 23 37 16 26 0 0 0 0 0 0 0 0
152 0 1000 0 0 1000 0 1000 23 37 23 37 16 26 0 0 0 0 0 0 0 0 23 37 23 37 16 26 0 0 0 0 0 0 0 0 23 37 23 37 16 26 0 0 0 0 0 0 0 0 23 37 23 37 16 26 0 0 0 0 0 0 0 0 23 37 23 37 16 26 0 0 0 0 0 0 0 0 23 37 23 37 16 26 0 0 0 0 0 0 0 0
153 0 1000 0 0 1000 0 1000 23 37 23 37 16 26 10917 3 10917 3 0 0 0 0 23 37 23 37 16 26 10917 3 10917 3 0 0 0 0 23 37 23 37 16 26 10917 3 10917 3 0 0 0 0 23 37 23 37 16 26 10917 3 10917 3 0 0 0 0 23 37 23 37 16 26 10917 3 10917 3 0 0 0 0 23 37 23 37 16 26 10917 3 10917 3 0 0 0 0
154 0 1000 0 0 1000 0 1000 24 38 24 38 16 26 28579 105 0 0 291 1 28288 104 24 38 24 38 16 26 28579 105 0 0 291 1 28288 104 24 38 24 38 16 26 28579 105 0 0 291 1 28288 104 24 38 24 38 16 26 28579 105 0 0 291 1 28288 104 24 38 24 38 16 26 28579 105 0 0 291 1 28288 104 24 38 24 38 16 26 28579 105 0 0 291 1 28288 104
155 0 1000 0 0 1000 0 1000 24 38 24 38 16 26 0 0 0 0 0 0 0 0 24 38 24 38 16 26 0 0 0 0 0 0 0 0 24 38 24 38 16 26 0 0 0 0 0 0 0 0 24 38 24 38 16 26 0 0 0 0 0 0 0 0 24 38 24 38 16 26 0 0 0 0 0 0 0 0 24 38 24 38 16 26 0 0 0 0 0 0 0 0
156 0 1000 0 0 1000 0 1000 24 38 24 38 16 26 0 0 0 0 0 0 0 0 24 38 24 38 16 26 0 0 0 0 0 0 0 0 24 38 24 38 16 26 0 0 0 0 0 0 0 0 24 38 24 38 16 26 0 0 0 0 0 0 0 0 24 38 24 38 16 26 0 0 0 0 0 0 0 0 24 38 24 38 16 26 0 0 0 0 0 0 0 0
157 0 1000 0 0 1000 0 1000 24 38 24 38 16 26 7533 2 7533 2 0 0 0 0 24 38 24 38 16 26 7533 2 7533 2 0 0 0 0 24 38 24 38 16 26 7533 2 7533 2 0 0 0 0 24 38 24 38 16 26 7533 2 7533 2 0 0 0 0 24 38 24 38 16 26 7533 2 7533 2 0 0 0 0 24 38 24 38 16 26 7533 2 7533 2 0 0 0 0
158 0 1000 0 0 1000 0 1000 25 39 25 39 16 26 28851 106 0 0 291 1 28560 105 25 39 25 39 16 26 28851 106 0 0 291 1 28560 105 25 39 25 39 16 26 28851 106 0 0 291 1 28560 105 25 39 25 39 16 26 28851 106 0 0 291 1 28560 105 25 39 25 39 16 26 28851 106 0 0 291 1 28560 105 25 39 25 39 16 26 28851 106 0 0 291 1 28560 105
159 0 1000 0 0 1000 0 1000 25 39 25 39 16 26 0 0 0 0 0 0 0 0 25 39 25 39 16 26 0 0 0 0 0 0 0 0 25 39 25 39 16 26 0 0 0 0 0 0 0 0 25 39 25 39 16 26 0 0 0 0 0 0 0 0 25 39 25 39 16 26 0 0 0 0 0 0 0 0 25 39 25 39 16 26 0 0 0 0 0 0 0 0
160 0 1000 0 0 1000 0 1000 25 39 25 39 16 26 0 0 0 0 0 0 0 0 25 39 25 39 16 26 0 0 0 0 0 0 0 0 25 39 25 39 16 26 0 0 0 0 0 0 0 0 25 39 25 39 16 26 0 0 0 0 0 0 0 0 25 39 25 39 16 26 0 0 0 0 0 0 0 0 25 39 25 39 16 26 0 0 0 0 0 0 0 0
161 0 1000 0 0 1000 0 1000 25 39 25 39 16 26 11396 3 11396 3 0 0 0 0 25 39 25 39 16 26 11396 3 11396 3 0 0 0 0 25 39 25 39 16 26 11396 3 11396 3 0 0 0 0 25 39 25 39 16 26 11396 3 11396 3 0 0 0 0 25 39 25 39 16 26 11396 3 11396 3 0 0 0 0 25 39 25 39 16 26 11396 3 11396 3 0 0 0 0
162 0 1000 0 0 1000 0 1000 26 40 26 40 16 26 23955 88 0 0 291 1 23664 87 26 40 26 40 16 26 23955 88 0 0 291 1 23664 87 26 40 26 40 16 26 23955 88 0 0 291 1 23664 87 26 40 26 40 16 26 23955 88 0 0 291 1 23664 87 26 40 26 40 16 26 23955 88 0 0 291 1 23664 87 26 40 26 40 16 26 23955 88 0 0 291 1 23664 87
163 0 1000 0 0 1000 0 1000 26 40 26 40 16 26 0 0 0 0 0 0 0 0 26 40 26 40 16 26 0 0 0 0 0 0 0 0 26 40 26 40 16 26 0 0 0 0 0 0 0 0 26 40 26 40 16 26 0 0 0 0 0 0 0 0 26 40 26 40 16 26 0 0 0 0 0 0 0 0 26 40 26 40 16 26 0 0 0 0 0 0 0 0
164 0 1000 0 0 1000 0 1000 26 40 26 40 16 26 0 0 0 0 0 0 0 0 26 40 26 40 16 26 0 0 0 0 0 0 0 0 26 40 26 40 16 26 0 0 0 0 0 0 0 0 26 40 26 40 16 26 0 0 0 0 0 0 0 0 26 40 26 40 16 26 0 0 0 0 0 0 0 0 26 40 26 40 16 26 0 0 0 0 0 0 0 0
165 0 1000 0 0 1000 0 1000 26 40 26 40 16 26 12892 4 12892 4 0 0 0 0 26 40 26 40 16 26 12892 4 12892 4 0 0 0 0 26 40 26 40 16 26 12892 4 12892 4 0 0 0 0 26 40 26 40 16 26 12892 4 12892 4 0 0 0 0 26 40 26 40 16 26 12892 4 12892 4 0 0 0 0 26 40 26 40 16 26 12892 4 12892 4 0 0 0 0
166 0 1000 0 0 1000 0 1000 27 41 27 41 16 26 23955 88 0 0 291 1 23664 87 27 41 27 41 16 26 23955 88 0 0 291 1 23664 87 27 41 27 41 16 26 23955 88 0 0 291 1 23664 87 27 41 27 41 16 26 23955 88 0 0 291 1 23664 87 27 41 27 41 16 26 23955 88 0 0 291 1 23664 87 27 41 27 41 16 26 23955 88 0 0 291 1 23664 87
167 0 1000 0 0 1000 0 1000 27 41 27 41 17 31 0 0 0 0 0 0 0 0 27 41 27 41 17 31 0 0 0 0 0 0 0 0 27 41 27 41 17 31 0 0 0 0 0 0 0 0 27 41 27 41 17 31 0 0 0 0 0 0 0 0 27 41 27 41 17 31 0 0 0 0 0 0 0 0 27 41 27 41 17 31 0 0 0 0 0 0 0 0
168 0 1000 0 0 1000 0 1000 27 41 27 41 17 31 0 0 0 0 0 0 0 0 27 41 27 41 17 31 0 0 0 0 0 0 0 0 27 41 27 41 17 31 0 0 0 0 0 0 0 0 27 41 27 41 17 31 0 0 0 0 0 0 0 0 27 41 27 41 17 31 0 0 0 0 0 0 0 0 27 41 27 41 17 31 0 0 0 0 0 0 0 0
169 0 1000 0 0 1000 0 1000 27 41 27 41 17 31 6446 2 6446 2 0 0 0 0 27 41 27 41 17 31 6446 2 6446 2 0 0 0 0 27 41 27 41 17 31 6446 2 6446 2 0 0 0 0 27 41 27 41 17 31 6446 2 6446 2 0 0 0 0 27 41 27 41 17 31 6446 2 6446 2 0 0 0 0 27 41 27 41 17 31 6446 2 6446 2 0 0 0 0
170 0 1000 0 0 1000 0 1000 28 42 28 42 17 31 29939 110 0 0 291 1 29648 109 28 42 28 42 17 31 29939 110 0 0 291 1 29648 109 28 42 28 42 17 31 29939 110 0 0 291 1 29648 109 28 42 28 42 17 31 29939 110 0 0 291 1 29648 109 28 42 28 42 17 31 29939 110 0 0 291 1 29648 109 28 42 28 42 17 31 29939 110 0 0 291 1 29648 109
171 0 1000 0 0 1000 0 1000 28 42 28 42 18 32 0 0 0 0 0 0 0 0 28 42 28 42 18 32 0 0 0 0 0 0 0 0 28 42 28 42 18 32 0 0 0 0 0 0 0 0 28 42 28 42 18 32 0 0 0 0 0 0 0 0 28 42 28 42 18 32 0 0 0 0 0 0 0 0 28 42 28 42 18 32 0 0 0 0 0 0 0 0
172 0 1000 0 0 1000 0 1000 28 42 28 42 18 32 0 0 0 0 0 0 0 0 28 42 28 42 18 32 0 0 0 0 0 0 0 0 28 42 28 42 18 32 0 0 0 0 0 0 0 0 28 42 28 42 18 32 0 0 0 0 0 0 0 0 28 42 28 42 18 32 0 0 0 0 0 0 0 0 28 42 28 42 18 32 0 0 0 0 0 0 0 0
173 0 1000 0 0 1000 0 1000 28 42 28 42 18 32 15707 4 15707 4 0 0 0 0 28 42 28 42 18 32 15707 4 15707 4 0 0 0 0 28 42 28 42 18 32 15707 4 15707 4 0 0 0 0 28 42 28 42 18 32 15707 4 15707 4 0 0 0 0 28 42 28 42 18 32 15707 4 15707 4 0 0 0 0 28 42 28 42 18 32 15707 4 15707 4 0 0 0 0
174 0 1000 0 0 1000 0 1000 29 43 29 43 18 32 25587 94 0 0 291 1 25296 93 29 43 29 43 18 32 25587 94 0 0 291 1 25296 93 29 43 29 43 18 32 25587 94 0 0 291 1 25296 93 29 43 29 43 18 32 25587 94 0 0 291 1 25296 93 29 43 29 43 18 32 25587 94 0 0 291 1 25296 93 29 43 29 43 18 32 25587 94 0 0 291 1 25296 93
175 0 1000 0 0 1000 0 1000 29 43 29 43 19 33 0 0 0 0 0 0 0 0 29 43 29 43 19 33 0 0 0 0 0 0 0 0 29 43 29 43 19 33 0 0 0 0 0 0 0 0 29 43 29 43 19 33 0 0 0 0 0 0 0 0 29 43 29 43 19 33 0 0 0 0 0 0 0 0 29 43 29 43 19 33 0 0 0 0 0 0 0 0
176 0 1000 0 0 1000 0 1000 29 43 29 43 19 33 0 0 0 0 0 0 0 0 29 43 29 43 19 33 0 0 0 0 0 0 0 0 29 43 29 43 19 33 0 0 0 0 0 0 0 0 29 43 29 43 19 33 0 0 0 0 0 0 0 0 29 43 29 43 19 33 0 0 0 0 0 0 0 0 29 43 29 43 19 33 0 0 0 0 0 0 0 0
177 0 1000 0 0 1000 0 1000 29 43 29 43 19 33 3415 1 3415 1 0 0 0 0 29 43 29 43 19 33 3415 1 3415 1 0 0 0 0 29 43 29 43 19 33 3415 1 3415 1 0 0 0 0 29 43 29 43 19 33 3415 1 3415 1 0 0 0 0 29 43 29 43 19 33 3415 1 3415 1 0 0 0 0 29 43 29 43 19 33 3415 1 3415 1 0 0 0 0
178 0 1000 0 0 1000 0 1000 30 44 30 44 19 33 28579 105 0 0 291 1 28288 104 30 44 30 44 19 33 28579 105 0 0 291 1 28288 104 30 44 30 44 19 33 28579 105 0 0 291 1 28288 104 30 44 30 44 19 33 28579 105 0 0 291 1 28288 104 30 44 30 44 19 33 28579 105 0 0 291 1 28288 104 30 44 30 44 19 33 28579 105 0 0 291 1 28288 104
179 0 1000 0 0 1000 0 1000 30 44 30 44 20 34 0 0 0 0 0 0 0 0 30 44 30 44 20 34 0 0 0 0 0 0 0 0 30 44 30 44 20 34 0 0 0 0 0 0 0 0 30 44 30 44 20 34 0 0 0 0 0 0 0 0 30 44 30 44 20 34 0 0 0 0 0 0 0 0 30 44 30 44 20 34 0 0 0 0 0 0 0 0
180 0 1000 0 0 1000 0 1000 30 44 30 44 20 34 0 0 0 0 0 0 0 0 30 44 30 44 20 34 0 0 0 0 0 0 0 0 30 44 30 44 20 34 0 0 0 0 0 0 0 0 30 44 30 44 20 34 0 0 0 0 0 0 0 0 30 44 30 44 20 34 0 0 0 0 0 0 0 0 30 44 30 44 20 34 0 0 0 0 0 0 0 0
181 0 1000 0 0 1000 0 1000 30 44 30 44 20 34 3767 1 3767 1 0 0 0 0 30 44 30 44 20 34 3767 1 3767 1 0 0 0 0 30 44 30 44 20 34 3767 1 3767 1 0 0 0 0 30 44 30 44 20 34 3767 1 3767 1 0 0 0 0 30 44 30 44 20 34 3767 1 3767 1 0 0 0 0 30 44 30 44 20 34 3767 1 3767 1 0 0 0 0
182 0 1000 0 0 1000 0 1000 31 45 31 45 20 34 23139 85 0 0 291 1 22848 84 31 45 31 45 20 34 23139 85 0 0 291 1 22848 84 31 45 31 45 20 34 23139 85 0 0 291 1 22848 84 31 45 31 45 20 34 23139 85 0 0 291 1 22848 84 31 45 31 45 20 34 23139 85 0 0 291 1 22848 84 31 45 31 45 20 34 23139 85 0 0 291 1 22848 84
183 0 1000 0 0 1000 0 1000 31 45 31 45 21 35 0 0 0 0 0 0 0 0 31 45 31 45 21 35 0 0 0 0 0 0 0 0 31 45 31 45 21 35 0 0 0 0 0 0 0 0 31 45 31 45 21 35 0 0 0 0 0 0 0 0 31 45 31 45 21 35 0 0 0 0 0 0 0 0 31 45 31 45 21 35 0 0 0 0 0 0 0 0
184 0 1000 0 0 1000 0 1000 31 45 31 45 21 35 0 0 0 0 0 0 0 0 31 45 31 45 21 35 0 0 0 0 0 0 0 0 31 45 31 45 21 35 0 0 0 0 0 0 0 0 31 45 31 45 21 35 0 0 0 0 0 0 0 0 31 45 31 45 21 35 0 0 0 0 0 0 0 0 31 45 31 45 21 35 0 0 0 0 0 0 0 0
185 0 1000 0 0 1000 0 1000 31 45 31 45 21 35 9381 3 9381 3 0 0 0 0 31 45 31 45 21 35 9381 3 9381 3 0 0 0 0 31 45 31 45 21 35 9381 3 9381 3 0 0 0 0 31 45 31 45 21 35 9381 3 9381 3 0 0 0 0 31 45 31 45 21 35 9381 3 9381 3 0 0 0 0 31 45 31 45 21 35 9381 3 9381 3 0 0 0 0
186 0 1000 0 0 1000 0 1000 32 46 32 46 21 35 24499 90 0 0 291 1 24208 89 32 46 32 46 21 35 24499 90 0 0 291 1 24208 89 32 46 32 46 21 35 24499 90 0 0 291 1 24208 89 32 46 32 46 21 35 24499 90 0 0 291 1 24208 89 32 46 32 46 21 35 24499 90 0 0 291 1 24208 89 32 46 32 46 21 35 24499 90 0 0 291 1 24208 89
187 900 100 900 0 100 0 1000 32 46 32 46 21 35 0 0 0 0 0 0 0 0 32 46 32 46 21 35 0 0 0 0 0 0 0 0 32 46 32 46 21 35 0 0 0 0 0 0 0 0 32 46 32 46 21 35 0 0 0 0 0 0 0 0 32 46 32 46 21 35 0 0 0 0 0 0 0 0 32 46 32 46 22 36 0 0 0 0 0 0 0 0
188 900 100 900 0 100 0 1000 32 46 32 46 21 35 0 0 0 0 0 0 0 0 32 46 32 46 21 35 0 0 0 0 0 0 0 0 32 46 32 46 21 35 0 0 0 0 0 0 0 0 32 46 32 46 21 35 0 0 0 0 0 0 0 0 32 46 32 46 21 35 0 0 0 0 0 0 0 0 32 46 32 46 22 36 0 0 0 0 0 0 0 0
189 900 100 900 0 100 0 1000 32 46 32 46 21 35 0 0 0 0 0 0 0 0 32 46 32 46 21 35 0 0 0 0 0 0 0 0 32 46 32 46 21 35 0 0 0 0 0 0 0 0 32 46 32 46 21 35 0 0 0 0 0 0 0 0 32 46 32 46 21 35 0 0 0 0 0 0 0 0 32 46 32 46 22 36 0 0 0 0 0 0 0 0
190 900 100 900 0 100 0 1000 32 46 32 46 21 35 2992 11 0 0 0 0 2992 11 32 46 32 46 21 35 2992 11 0 0 0 0 2992 11 32 46 32 46 21 35 2992 11 0 0 0 0 2992 11 32 46 32 46 21 35 2992 11 0 0 0 0 2992 11 32 46 32 46 21 35 2992 11 0 0 0 0 2992 11 32 46 32 46 22 36 2992 11 0 0 0 0 2992 11
191 900 100 900 0 100 0 1000 32 46 32 46 21 35 0 0 0 0 0 0 0 0 32 46 32 46 21 35 0 0 0 0 0 0 0 0 32 46 32 46 21 35 0 0 0 0 0 0 0 0 32 46 32 46 21 35 0 0 0 0 0 0 0 0 32 46 32 46 21 35 0 0 0 0 0 0 0 0 32 46 32 46 23 37 0 0 0 0 0 0 0 0
192 900 100 900 0 100 0 1000 32 46 32 46 21 35 0 0 0 0 0 0 0 0 32 46 32 46 21 35 0 0 0 0 0 0 0 0 32 46 32 46 21 35 0 0 0 0 0 0 0 0 32 46 32 46 21 35 0 0 0 0 0 0 0 0 32 46 32 46 21 35 0 0 0 0 0 0 0 0 32 46 32 46 23 37 0 0 0 0 0 0 0 0
193 900 100 900 0 100 0 1000 32 46 32 46 21 35 0 0 0 0 0 0 0 0 32 46 32 46 21 35 0 0 0 0 0 0 0 0 32 46 32 46 21 35 0 0 0 0 0 0 0 0 32 46 32 46 21 35 0 0 0 0 0 0 0 0 32 46 32 46 21 35 0 0 0 0 0 0 0 0 32 46 32 46 23 37 0 0 0 0 0 0 0 0
194 900 100 900 0 100 0 1000 32 46 32 46 21 35 4080 15 0 0 0 0 4080 15 32 46 32 46 21 35 4080 15 0 0 0 0 4080 15 32 46 32 46 21 35 4080 15 0 0 0 0 4080 15 32 46 32 46 21 35 4080 15 0 0 0 0 4080 15 32 46 32 46 21 35 4080 15 0 0 0 0 4080 15 32 46 32 46 23 37 4080 15 0 0 0 0 4080 15
195 900 100 900 0 100 0 1000 32 46 32 46 21 35 0 0 0 0 0 0 0 0 32 46 32 46 21 35 0 0 0 0 0 0 0 0 32 46 32 46 21 35 0 0 0 0 0 0 0 0 32 46 32 46 21 35 0 0 0 0 0 0 0 0 32 46 32 46 21 35 0 0 0 0 0 0 0 0 32 46 32 46 24 38 0 0 0 0 0 0 0 0
196 900 100 900 0 100 0 1000 32 46 32 46 21 35 0 0 0 0 0 0 0 0 32 46 32 46 21 35 0 0 0 0 0 0 0 0 32 46 32 46 21 35 0 0 0 0 0 0 0 0 32 46 32 46 21 35 0 0 0 0 0 0 0 0 32 46 32 46 21 35 0 0 0 0 0 0 0 0 32 46 32 46 24 38 0 0 0 0 0 0 0 0
197 900 100 900 0 100 0 1000 32 46 32 46 21 35 919 1 919 1 0 0 0 0 32 46 32 46 21 35 919 1 919 1 0 0 0 0 32 46 32 46 21 35 919 1 919 1 0 0 0 0 32 46 32 46 21 35 919 1 919 1 0 0 0 0 32 46 32 46 21 35 919 1 919 1 0 0 0 0 32 46 32 46 24 38 919 1 919 1 0 0 0 0
198 900 100 900 0 100 0 1000 32 46 32 46 21 35 4099 15 0 0 291 1 3808 14 32 46 32 46 21 35 4099 15 0 0 291 1 3808 14 32 46 32 46 21 35 4099 15 0 0 291 1 3808 14 32 46 32 46 21 35 4099 15 0 0 291 1 3808 14 32 46 32 46 21 35 4099 15 0 0 291 1 3808 14 32 46 32 46 24 38 4099 15 0 0 291 1 3808 14
199 900 100 900 0 100 0 1000 32 46 32 46 21 35 0 0 0 0 0 0 0 0 32 46 32 46 21 35 0 0 0 0 0 0 0 0 32 46 32 46 21 35 0 0 0 0 0 0 0 0 32 46 32 46 21 35 0 0 0 0 0 0 0 0 32 46 32 46 21 35 0 0 0 0 0 0 0 0 32 46 32 46 25 39 0 0 0 0 0 0 0 0
200 900 100 900 0 100 0 1000 32 46 32 46 21 35 0 0 0 0 0 0 0 0 32 46 32 46 21 35 0 0 0 0 0 0 0 0 32 46 32 46 21 35 0 0 0 0 0 0 0 0 32 46 32 46 21 35 0 0 0 0 0 0 0 0 32 46 32 46 21 35 0 0 0 0 0 0 0 0 32 46 32 46 25 39 0 0 0 0 0 0 0 0
201 900 100 900 0 100 0 1000 32 46 32 46 21 35 1774 2 1774 2 0 0 0 0 32 46 32 46 21 35 1774 2 1774 2 0 0 0 0 32 46 32 46 21 35 1774 2 1774 2 0 0 0 0 32 46 32 46 21 35 1774 2 1774 2 0 0 0 0 32 46 32 46 21 35 1774 2 1774 2 0 0 0 0 32 46 32 46 25 39 1774 2 1774 2 0 0 0 0
202 900 100 900 0 100 0 1000 32 46 32 46 21 35 2739 10 0 0 291 1 2448 9 32 46 32 46 21 35 2739 10 0 0 291 1 2448 9 32 46 32 46 21 35 2739 10 0 0 291 1 2448 9 32 46 32 46 21 35 2739 10 0 0 291 1 2448 9 32 46 32 46 21 35 2739 10 0 0 291 1 2448 9 32 46 32 46 25 39 2739 10 0 0 291 1 2448 9
203 900 100 900 0 100 0 1000 32 46 32 46 21 35 0 0 0 0 0 0 0 0 32 46 32 46 21 35 0 0 0 0 0 0 0 0 32 46 32 46 21 35 0 0 0 0 0 0 0 0 32 46 32 46 21 35 0 0 0 0 0 0 0 0 32 46 32 46 21 35 0 0 0 0 0 0 0 0 32 46 32 46 26 40 0 0 0 0 0 0 0 0
204 900 100 900 0 100 0 1000 32 46 32 46 21 35 0 0 0 0 0 0 0 0 32 46 32 46 21 35 0 0 0 0 0 0 0 0 32 46 32 46 21 35 0 0 0 0 0 0 0 0 32 46 32 46 21 35 0 0 0 0 0 0 0 0 32 46 32 46 21 35 0 0 0 0 0 0 0 0 32 46 32 46 26 40 0 0 0 0 0 0 0 0
205 900 100 900 0 100 0 1000 32 46 32 46 21 35 0 0 0 0 0 0 0 0 32 46 32 46 21 35 0 0 0 0 0 0 0 0 32 46 32 46 21 35 0 0 0 0 0 0 0 0 32 46 32 46 21 35 0 0 0 0 0 0 0 0 32 46 32 46 21 35 0 0 0 0 0 0 0 0 32 46 32 46 26 40 0 0 0 0 0 0 0 0
206 900 100 900 0 100 0 1000 32 46 32 46 21 35 3536 13 0 0 0 0 3536 13 32 46 32 46 21 35 3536 13 0 0 0 0 3536 13 32 46 32 46 21 35 3536 13 0 0 0 0 3536 13 32 46 32 46 21 35 3536 13 0 0 0 0 3536 13 32 46 32 46 21 35 3536 13 0 0 0 0 3536 13 32 46 32 46 26 40 3536 13 0 0 0 0 3536 13
207 900 100 900 0 100 0 1000 32 46 32 46 21 35 0 0 0 0 0 0 0 0 32 46 32 46 21 35 0 0 0 0 0 0 0 0 32 46 32 46 21 35 0 0 0 0 0 0 0 0 32 46 32 46 21 35 0 0 0 0 0 0 0 0 32 46 32 46 21 35 0 0 0 0 0 0 0 0 32 46 32 46 27 41 0 0 0 0 0 0 0 0
208 900 100 900 0 100 0 1000 32 46 32 46 21 35 0 0 0 0 0 0 0 0 32 46 32 46 21 35 0 0 0 0 0 0 0 0 32 46 32 46 21 35 0 0 0 0 0 0 0 0 32 46 32 46 21 35 0 0 0 0 0 0 0 0 32 46 32 46 21 35 0 0 0 0 0 0 0 0 32 46 32 46 27 41 0 0 0 0 0 0 0 0
209 900 100 900 0 100 0 1000 32 46 32 46 21 35 0 0 0 0 0 0 0 0 32 46 32 46 21 35 0 0 0 0 0 0 0 0 32 46 32 46 21 35 0 0 0 0 0 0 0 0 32 46 32 46 21 35 0 0 0 0 0 0 0 0 32 46 32 46 21 35 0 0 0 0 0 0 0 0 32 46 32 46 27 41 0 0 0 0 0 0 0 0
210 900 100 900 0 100 0 1000 32 46 32 46 21 35 2448 9 0 0 0 0 2448 9 32 46 32 46 21 35 2448 9 0 0 0 0 2448 9 32 46 32 46 21 35 2448 9 0 0 0 0 2448 9 32 46 32 46 21 35 2448 9 0 0 0 0 2448 9 32 46 32 46 21 35 2448 9 0 0 0 0 2448 9 32 46 32 46 27 41 2448 9 0 0 0 0 2448 9
211 900 100 900 0 100 0 1000 32 46 32 46 21 35 0 0 0 0 0 0 0 0 32 46 32 46 21 35 0 0 0 0 0 0 0 0 32 46 32 46 21 35 0 0 0 0 0 0 0 0 32 46 32 46 21 35 0 0 0 0 0 0 0 0 32 46 32 46 21 35 0 0 0 0 0 0 0 0 32 46 32 46 28 42 0 0 0 0 0 0 0 0
212 900 100 900 0 100 0 1000 32 46 32 46 21 35 0 0 0 0 0 0 0 0 32 46 32 46 21 35 0 0 0 0 0 0 0 0 32 46 32 46 21 35 0 0 0 0 0 0 0 0 32 46 32 46 21 35 0 0 0 0 0 0 0 0 32 46 32 46 21 35 0 0 0 0 0 0 0 0 32 46 32 46 28 42 0 0 0 0 0 0 0 0
213 900 100 900 0 100 0 1000 32 46 32 46 21 35 0 0 0 0 0 0 0 0 32 46 32 46 21 35 0 0 0 0 0 0 0 0 32 46 32 46 21 35 0 0 0 0 0 0 0 0 32 46 32 46 21 35 0 0 0 0 0 0 0 0 32 46 32 46 21 35 0 0 0 0 0 0 0 0 32 46 32 46 28 42 0 0 0 0 0 0 0 0
214 900 100 900 0 100 0 1000 32 46 32 46 21 35 1904 7 0 0 0 0 1904 7 32 46 32 46 21 35 1904 7 0 0 0 0 1904 7 32 46 32 46 21 35 1904 7 0 0 0 0 1904 7 32 46 32 46 21 35 1904 7 0 0 0 0 1904 7 32 46 32 46 21 35 1904 7 0 0 0 0 1904 7 32 46 32 46 28 42 1904 7 0 0 0 0 1904 7
215 900 100 900 0 100 0 1000 32 46 32 46 21 35 0 0 0 0 0 0 0 0 32 46 32 46 21 35 0 0 0 0 0 0 0 0 32 46 32 46 21 35 0 0 0 0 0 0 0 0 32 46 32 46 21 35 0 0 0 0 0 0 0 0 32 46 32 46 21 35 0 0 0 0 0 0 0 0 32 46 32 46 29 43 0 0 0 0 0 0 0 0
216 900 100 900 0 100 0 1000 32 46 32 46 21 35 0 0 0 0 0 0 0 0 32 46 32 46 21 35 0 0 0 0 0 0 0 0 32 46 32 46 21 35 0 0 0 0 0 0 0 0 32 46 32 46 21 35 0 0 0 0 0 0 0 0 32 46 32 46 21 35 0 0 0 0 0 0 0 0 32 46 32 46 29 43 0 0 0 0 0 0 0 0
217 900 100 900 0 100 0 1000 32 46 32 46 21 35 0 0 0 0 0 0 0 0 32 46 32 46 21 35 0 0 0 0 0 0 0 0 32 46 32 46 21 35 0 0 0 0 0 0 0 0 32 46 32 46 21 35 0 0 0 0 0 0 0 0 32 46 32 46 21 35 0 0 0 0 0 0 0 0 32 46 32 46 29 43 0 0 0 0 0 0 0 0
218 900 100 900 0 100 0 1000 32 46 32 46 21 35 3536 13 0 0 0 0 3536 13 32 46 32 46 21 35 3536 13 0 0 0 0 3536 13 32 46 32 46 21 35 3536 13 0 0 0 0 3536 13 32 46 32 46 21 35 3536 13 0 0 0 0 3536 13 32 46 32 46 21 35 3536 13 0 0 0 0 3536 13 32 46 32 46 29 43 3536 13 0 0 0 0 3536 13
219 900 100 900 0 100 0 1000 32 46 32 46 21 35 0 0 0 0 0 0 0 0 32 46 32 46 21 35 0 0 0 0 0 0 0 0 32 46 32 46 21 35 0 0 0 0 0 0 0 0 32 46 32 46 21 35 0 0 0 0 0 0 0 0 32 46 32 46 21 35 0 0 0 0 0 0 0 0 32 46 32 46 30 44 0 0 0 0 0 0 0 0
220 900 100 900 0 100 0 1000 32 46 32 46 21 35 0 0 0 0 0 0 0 0 32 46 32 46 21 35 0 0 0 0 0 0 0 0 32 46 32 46 21 35 0 0 0 0 0 0 0 0 32 46 32 46 21 35 0 0 0 0 0 0 0 0 32 46 32 46 21 35 0 0 0 0 0 0 0 0 32 46 32 46 30 44 0 0 0 0 0 0 0 0
221 900 100 900 0 100 0 1000 32 46 32 46 21 35 0 0 0 0 0 0 0 0 32 46 32 46 21 35 0 0 0 0 0 0 0 0 32 46 32 46 21 35 0 0 0 0 0 0 0 0 32 46 32 46 21 35 0 0 0 0 0 0 0 0 32 46 32 46 21 35 0 0 0 0 0 0 0 0 32 46 32 46 30 44 0 0 0 0 0 0 0 0
222 900 100 900 0 100 0 1000 32 46 32 46 21 35 2992 11 0 0 0 0 2992 11 32 46 32 46 21 35 2992 11 0 0 0 0 2992 11 32 46 32 46 21 35 2992 11 0 0 0 0 2992 11 32 46 32 46 21 35 2992 11 0 0 0 0 2992 11 32 46 32 46 21 35 2992 11 0 0 0 0 2992 11 32 46 32 46 30 44 2992 11 0 0 0 0 2992 11
223 900 100 900 0 100 0 1000 32 46 32 46 21 35 0 0 0 0 0 0 0 0 32 46 32 46 21 35 0 0 0 0 0 0 0 0 32 46 32 46 21 35 0 0 0 0 0 0 0 0 32 46 32 46 21 35 0 0 0 0 0 0 0 0 32 46 32 46 21 35 0 0 0 0 0 0 0 0 32 46 32 46 31 45 0 0 0 0 0 0 0 0
224 900 100 900 0 100 0 1000 32 46 32 46 21 35 0 0 0 0 0 0 0 0 32 46 32 46 21 35 0 0 0 0 0 0 0 0 32 46 32 46 21 35 0 0 0 0 0 0 0 0 32 46 32 46 21 35 0 0 0 0 0 0 0 0 32 46 32 46 21 35 0 0 0 0 0 0 0 0 32 46 32 46 31 45 0 0 0 0 0 0 0 0
225 900 100 900 0 100 0 1000 32 46 32 46 21 35 0 0 0 0 0 0 0 0 32 46 32 46 21 35 0 0 0 0 0 0 0 0 32 46 32 46 21 35 0 0 0 0 0 0 0 0 32 46 32 46 21 35 0 0 0 0 0 0 0 0 32 46 32 46 21 35 0 0 0 0 0 0 0 0 32 46 32 46 31 45 0 0 0 0 0 0 0 0
226 900 100 900 0 100 0 1000 32 46 32 46 21 35 3536 13 0 0 0 0 3536 13 32 46 32 46 21 35 3536 13 0 0 0 0 3536 13 32 46 32 46 21 35 3536 13 0 0 0 0 3536 13 32 46 32 46 21 35 3536 13 0 0 0 0 3536 13 32 46 32 46 21 35 3536 13 0 0 0 0 3536 13 32 46 32 46 31 45 3536 13 0 0 0 0 3536 13
227 900 100 900 0 100 0 1000 32 46 32 46 21 35 0 0 0 0 0 0 0 0 32 46 32 46 21 35 0 0 0 0 0 0 0 0 32 46 32 46 21 35 0 0 0 0 0 0 0 0 32 46 32 46 21 35 0 0 0 0 0 0 0 0 32 46 32 46 21 35 0 0 0 0 0 0 0 0 32 46 32 46 32 46 0 0 0 0 0 0 0 0
228 900 100 900 0 100 0 1000 32 46 32 46 21 35 0 0 0 0 0 0 0 0 32 46 32 46 21 35 0 0 0 0 0 0 0 0 32 46 32 46 21 35 0 0 0 0 0 0 0 0 32 46 32 46 21 35 0 0 0 0 0 0 0 0 32 46 32 46 21 35 0 0 0 0 0 0 0 0 32 46 32 46 32 46 0 0 0 0 0 0 0 0
229 900 100 900 0 100 0 1000 32 46 32 46 21 35 0 0 0 0 0 0 0 0 32 46 32 46 21 35 0 0 0 0 0 0 0 0 32 46 32 46 21 35 0 0 0 0 0 0 0 0 32 46 32 46 21 35 0 0 0 0 0 0 0 0 32 46 32 46 21 35 0 0 0 0 0 0 0 0 32 46 32 46 32 46 0 0 0 0 0 0 0 0
230 900 100 900 0 100 0 1000 32 46 32 46 21 35 2720 10 0 0 0 0 2720 10 32 46 32 46 21 35 2720 10 0 0 0 0 2720 10 32 46 32 46 21 35 2720 10 0 0 0 0 2720 10 32 46 32 46 21 35 2720 10 0 0 0 0 2720 10 32 46 32 46 21 35 2720 10 0 0 0 0 2720 10 32 46 32 46 32 46 2720 10 0 0 0 0 2720 10
231 900 100 900 0 100 0 1000 32 46 32 46 21 35 0 0 0 0 0 0 0 0 32 46 32 46 21 35 0 0 0 0 0 0 0 0 32 46 32 46 21 35 0 0 0 0 0 0 0 0 32 46 32 46 21 35 0 0 0 0 0 0 0 0 32 46 32 46 21 35 0 0 0 0 0 0 0 0 32 46 32 46 32 46 0 0 0 0 0 0 0 0
232 900 100 900 0 100 0 1000 32 46 32 46 21 35 0 0 0 0 0 0 0 0 32 46 32 46 21 35 0 0 0 0 0 0 0 0 32 46 32 46 21 35 0 0 0 0 0 0 0 0 32 46 32 46 21 35 0 0 0 0 0 0 0 0 32 46 32 46 21 35 0 0 0 0 0 0 0 0 32 46 32 46 32 46 0 0 0 0 0 0 0 0
233 900 100 900 0 100 0 1000 32 46 32 46 21 35 757 1 757 1 0 0 0 0 32 46 32 46 21 35 757 1 757 1 0 0 0 0 32 46 32 46 21 35 757 1 757 1 0 0 0 0 32 46 32 46 21 35 757 1 757 1 0 0 0 0 32 46 32 46 21 35 757 1 757 1 0 0 0 0 32 46 32 46 32 46 757 1 757 1 0 0 0 0
234 900 100 900 0 100 0 1000 32 46 32 46 21 35 3009 11 0 0 289 1 2720 10 32 46 32 46 21 35 3009 11 0 0 289 1 2720 10 32 46 32 46 21 35 3009 11 0 0 289 1 2720 10 32 46 32 46 21 35 3009 11 0 0 289 1 2720 10 32 46 32 46 21 35 3009 11 0 0 289 1 2720 10 32 46 32 46 32 46 3009 11 0 0 289 1 2720 10
235 900 100 900 0 100 0 1000 32 46 32 46 21 35 0 0 0 0 0 0 0 0 32 46 32 46 21 35 0 0 0 0 0 0 0 0 32 46 32 46 21 35 0 0 0 0 0 0 0 0 32 46 32 46 21 35 0 0 0 0 0 0 0 0 32 46 32 46 21 35 0 0 0 0 0 0 0 0 32 46 32 46 32 46 0 0 0 0 0 0 0 0
236 900 100 900 0 100 0 1000 32 46 32 46 21 35 0 0 0 0 0 0 0 0 32 46 32 46 21 35 0 0 0 0 0 0 0 0 32 46 32 46 21 35 0 0 0 0 0 0 0 0 32 46 32 46 21 35 0 0 0 0 0 0 0 0 32 46 32 46 21 35 0 0 0 0 0 0 0 0 32 46 32 46 32 46 0 0 0 0 0 0 0 0
237 900 100 900 0 100 0 1000 32 46 32 46 21 35 758 1 758 1 0 0 0 0 32 46 32 46 21 35 758 1 758 1 0 0 0 0 32 46 32 46 21 35 758 1 758 1 0 0 0 0 32 46 32 46 21 35 758 1 758 1 0 0 0 0 32 46 32 46 21 35 758 1 758 1 0 0 0 0 32 46 32 46 32 46 758 1 758 1 0 0 0 0
238 900 100 900 0 100 0 1000 32 46 32 46 21 35 3010 11 0 0 290 1 2720 10 32 46 32 46 21 35 3010 11 0 0 290 1 2720 10 32 46 32 46 21 35 3010 11 0 0 290 1 2720 10 32 46 32 46 21 35 3010 11 0 0 290 1 2720 10 32 46 32 46 21 35 3010 11 0 0 290 1 2720 10 32 46 32 46 32 46 3010 11 0 0 290 1 2720 10
239 900 100 900 0 100 0 1000 32 46 32 46 21 35 0 0 0 0 0 0 0 0 32 46 32 46 21 35 0 0 0 0 0 0 0 0 32 46 32 46 21 35 0 0 0 0 0 0 0 0 32 46 32 46 21 35 0 0 0 0 0 0 0 0 32 46 32 46 21 35 0 0 0 0 0 0 0 0 33 49 32 46 33 49 0 0 0 0 0 0 0 0
240 900 100 900 0 100 0 1000 32 46 32 46 21 35 0 0 0 0 0 0 0 0 32 46 32 46 21 35 0 0 0 0 0 0 0 0 32 46 32 46 21 35 0 0 0 0 0 0 0 0 32 46 32 46 21 35 0 0 0 0 0 0 0 0 32 46 32 46 21 35 0 0 0 0 0 0 0 0 33 49 32 46 33 49 0 0 0 0 0 0 0 0
241 900 100 900 0 100 0 1000 32 46 32 46 21 35 0 0 0 0 0 0 0 0 32 46 32 46 21 35 0 0 0 0 0 0 0 0 32 46 32 46 21 35 0 0 0 0 0 0 0 0 32 46 32 46 21 35 0 0 0 0 0 0 0 0 32 46 32 46 21 35 0 0 0 0 0 0 0 0 33 49 32 46 33 49 0 0 0 0 0 0 0 0
242 900 100 900 0 100 0 1000 32 46 32 46 21 35 2992 11 0 0 0 0 2992 11 32 46 32 46 21 35 2992 11 0 0 0 0 2992 11 32 46 32 46 21 35 2992 11 0 0 0 0 2992 11 32 46 32 46 21 35 2992 11 0 0 0 0 2992 11 32 46 32 46 21 35 2992 11 0 0 0 0 2992 11 33 49 32 46 33 49 2992 11 0 0 0 0 2992 11
243 900 100 900 0 100 0 1000 32 46 32 46 21 35 0 0 0 0 0 0 0 0 32 46 32 46 21 35 0 0 0 0 0 0 0 0 32 46 32 46 21 35 0 0 0 0 0 0 0 0 32 46 32 46 21 35 0 0 0 0 0 0 0 0 32 46 32 46 21 35 0 0 0 0 0 0 0 0 34 50 32 46 34 50 0 0 0 0 0 0 0 0
244 900 100 900 0 100 0 1000 32 46 32 46 21 35 0 0 0 0 0 0 0 0 32 46 32 46 21 35 0 0 0 0 0 0 0 0 32 46 32 46 21 35 0 0 0 0 0 0 0 0 32 46 32 46 21 35 0 0 0 0 0 0 0 0 32 46 32 46 21 35 0 0 0 0 0 0 0 0 34 50 32 46 34 50 0 0 0 0 0 0 0 0
245 900 100 900 0 100 0 1000 32 46 32 46 21 35 0 0 0 0 0 0 0 0 32 46 32 46 21 35 0 0 0 0 0 0 0 0 32 46 32 46 21 35 0 0 0 0 0 0 0 0 32 46 32 46 21 35 0 0 0 0 0 0 0 0 32 46 32 46 21 35 0 0 0 0 0 0 0 0 34 50 32 46 34 50 0 0 0 0 0 0 0 0
246 900 100 900 0 100 0 1000 32 46 32 46 21 35 2448 9 0 0 0 0 2448 9 32 46 32 46 21 35 2448 9 0 0 0 0 2448 9 32 46 32 46 21 35 2448 9 0 0 0 0 2448 9 32 46 32 46 21 35 2448 9 0 0 0 0 2448 9 32 46 32 46 21 35 2448 9 0 0 0 0 2448 9 34 50 32 46 34 50 2448 9 0 0 0 0 2448 9
247 900 100 900 0 100 0 1000 32 46 32 46 21 35 0 0 0 0 0 0 0 0 32 46 32 46 21 35 0 0 0 0 0 0 0 0 32 46 32 46 21 35 0 0 0 0 0 0 0 0 32 46 32 46 21 35 0 0 0 0 0 0 0 0 32 46 32 46 21 35 0 0 0 0 0 0 0 0 34 50 32 46 34 50 0 0 0 0 0 0 0 0
248 0 1000 0 900 100 0 1000 32 46 32 46 21 35 0 0 0 0 0 0 0 0 32 46 32 46 21 35 0 0 0 0 0 0 0 0 32 46 32 46 21 35 0 0 0 0 0 0 0 0 32 46 32 46 21 35 0 0 0 0 0 0 0 0 32 46 32 46 21 35 0 0 0 0 0 0 0 0 34 50 32 46 34 50 0 0 0 0 0 0 0 0
249 0 1000 0 900 100 0 1000 32 46 32 46 21 35 0 0 0 0 0 0 0 0 32 46 32 46 21 35 0 0 0 0 0 0 0 0 32 46 32 46 21 35 0 0 0 0 0 0 0 0 32 46 32 46 21 35 0 0 0 0 0 0 0 0 32 46 32 46 21 35 0 0 0 0 0 0 0 0 34 50 32 46 34 50 0 0 0 0 0 0 0 0
250 0 1000 0 900 100 0 1000 32 46 32 46 21 35 2448 9 0 0 0 0 2448 9 32 46 32 46 21 35 2448 9 0 0 0 0 2448 9 32 46 32 46 21 35 2448 9 0 0 0 0 2448 9 32 46 32 46 21 35 2448 9 0 0 0 0 2448 9 32 46 32 46 21 35 2448 9 0 0 0 0 2448 9 34 50 32 46 34 50 2448 9 0 0 0 0 2448 9
251 0 1000 0 0 1000 0 1000 34 50 32 46 34 50 0 0 0 0 0 0 0 0 34 50 32 46 34 50 0 0 0 0 0 0 0 0 34 50 32 46 34 50 0 0 0 0 0 0 0 0 34 50 32 46 34 50 0 0 0 0 0 0 0 0 34 50 32 46 34 50 0 0 0 0 0 0 0 0 34 50 32 46 34 50 0 0 0 0 0 0 0 0
252 0 1000 0 0 1000 0 1000 34 50 32 46 34 50 0 0 0 0 0 0 0 0 34 50 32 46 34 50 0 0 0 0 0 0 0 0 34 50 32 46 34 50 0 0 0 0 0 0 0 0 34 50 32 46 34 50 0 0 0 0 0 0 0 0 34 50 32 46 34 50 0 0 0 0 0 0 0 0 34 50 32 46 34 50 0 0 0 0 0 0 0 0
253 0 1000 0 0 1000 0 1000 34 50 32 46 34 50 3635 5 3635 5 0 0 0 0 34 50 32 46 34 50 3635 5 3635 5 0 0 0 0 34 50 32 46 34 50 3635 5 3635 5 0 0 0 0 34 50 32 46 34 50 3635 5 3635 5 0 0 0 0 34 50 32 46 34 50 3635 5 3635 5 0 0 0 0 34 50 32 46 34 50 3635 5 3635 5 0 0 0 0
254 0 1000 0 0 1000 0 1000 37 63 37 63 34 50 29123 107 0 0 291 1 28832 106 37 63 37 63 34 50 29123 107 0 0 291 1 28832 106 37 63 37 63 34 50 29123 107 0 0 291 1 28832 106 37 63 37 63 34 50 29123 107 0 0 291 1 28832 106 37 63 37 63 34 50 29123 107 0 0 291 1 28832 106 37 63 37 63 34 50 29123 107 0 0 291 1 28832 106
255 0 1000 0 0 1000 0 1000 37 63 37 63 34 50 0 0 0 0 0 0 0 0 37 63 37 63 34 50 0 0 0 0 0 0 0 0 37 63 37 63 34 50 0 0 0 0 0 0 0 0 37 63 37 63 34 50 0 0 0 0 0 0 0 0 37 63 37 63 34 50 0 0 0 0 0 0 0 0 37 63 37 63 34 50 0 0 0 0 0 0 0 0
256 0 1000 0 0 1000 0 1000 37 63 37 63 34 50 0 0 0 0 0 0 0 0 37 63 37 63 34 50 0 0 0 0 0 0 0 0 37 63 37 63 34 50 0 0 0 0 0 0 0 0 37 63 37 63 34 50 0 0 0 0 0 0 0 0 37 63 37 63 34 50 0 0 0 0 0 0 0 0 37 63 37 63 34 50 0 0 0 0 0 0 0 0
257 0 1000 0 0 1000 0 1000 37 63 37 63 34 50 15324 4 15324 4 0 0 0 0 37 63 37 63 34 50 15324 4 15324 4 0 0 0 0 37 63 37 63 34 50 15324 4 15324 4 0 0 0 0 37 63 37 63 34 50 15324 4 15324 4 0 0 0 0 37 63 37 63 34 50 15324 4 15324 4 0 0 0 0 37 63 37 63 34 50 15324 4 15324 4 0 0 0 0
258 0 1000 0 0 1000 0 1000 38 64 38 64 34 50 28579 105 0 0 291 1 28288 104 38 64 38 64 34 50 28579 105 0 0 291 1 28288 104 38 64 38 64 34 50 28579 105 0 0 291 1 28288 104 38 64 38 64 34 50 28579 105 0 0 291 1 28288 104 38 64 38 64 34 50 28579 105 0 0 291 1 28288 104 38 64 38 64 34 50 28579 105 0 0 291 1 28288 104
259 0 1000 0 0 1000 0 1000 38 64 38 64 34 50 0 0 0 0 0 0 0 0 38 64 38 64 34 50 0 0 0 0 0 0 0 0 38 64 38 64 34 50 0 0 0 0 0 0 0 0 38 64 38 64 34 50 0 0 0 0 0 0 0 0 38 64 38 64 34 50 0 0 0 0 0 0 0 0 38 64 38 64 34 50 0 0 0 0 0 0 0 0
260 0 1000 0 0 1000 0 1000 38 64 38 64 34 50 0 0 0 0 0 0 0 0 38 64 38 64 34 50 0 0 0 0 0 0 0 0 38 64 38 64 34 50 0 0 0 0 0 0 0 0 38 64 38 64 34 50 0 0 0 0 0 0 0 0 38 64 38 64 34 50 0 0 0 0 0 0 0 0 38 64 38 64 34 50 0 0 0 0 0 0 0 0
261 0 1000 0 0 1000 0 1000 38 64 38 64 34 50 11301 3 11301 3 0 0 0 0 38 64 38 64 34 50 11301 3 11301 3 0 0 0 0 38 64 38 64 34 50 11301 3 11301 3 0 0 0 0 38 64 38 64 34 50 11301 3 11301 3 0 0 0 0 38 64 38 64 34 50 11301 3 11301 3 0 0 0 0 38 64 38 64 34 50 11301 3 11301 3 0 0 0 0
262 0 1000 0 0 1000 0 1000 39 65 39 65 34 50 26675 98 0 0 291 1 26384 97 39 65 39 65 34 50 26675 98 0 0 291 1 26384 97 39 65 39 65 34 50 26675 98 0 0 291 1 26384 97 39 65 39 65 34 50 26675 98 0 0 291 1 26384 97 39 65 39 65 34 50 26675 98 0 0 291 1 26384 97 39 65 39 65 34 50 26675 98 0 0 291 1 26384 97
263 0 1000 0 0 1000 0 1000 39 65 39 65 34 50 0 0 0 0 0 0 0 0 39 65 39 65 34 50 0 0 0 0 0 0 0 0 39 65 39 65 34 50 0 0 0 0 0 0 0 0 39 65 39 65 34 50 0 0 0 0 0 0 0 0 39 65 39 65 34 50 0 0 0 0 0 0 0 0 39 65 39 65 34 50 0 0 0 0 0 0 0 0
264 0 1000 0 0 1000 0 1000 39 65 39 65 34 50 0 0 0 0 0 0 0 0 39 65 39 65 34 50 0 0 0 0 0 0 0 0 39 65 39 65 34 50 0 0 0 0 0 0 0 0 39 65 39 65 34 50 0 0 0 0 0 0 0 0 39 65 39 65 34 50 0 0 0 0 0 0 0 0 39 65 39 65 34 50 0 0 0 0 0 0 0 0
265 0 1000 0 0 1000 0 1000 39 65 39 65 34 50 14172 4 14172 4 0 0 0 0 39 65 39 65 34 50 14172 4 14172 4 0 0 0 0 39 65 39 65 34 50 14172 4 14172 4 0 0 0 0 39 65 39 65 34 50 14172 4 14172 4 0 0 0 0 39 65 39 65 34 50 14172 4 14172 4 0 0 0 0 39 65 39 65 34 50 14172 4 14172 4 0 0 0 0
266 0 1000 0 0 1000 0 1000 40 66 40 66 34 50 23955 88 0 0 291 1 23664 87 40 66 40 66 34 50 23955 88 0 0 291 1 23664 87 40 66 40 66 34 50 23955 88 0 0 291 1 23664 87 40 66 40 66 34 50 23955 88 0 0 291 1 23664 87 40 66 40 66 34 50 23955 88 0 0 291 1 23664 87 40 66 40 66 34 50 23955 88 0 0 291 1 23664 87
267 0 1000 0 0 1000 0 1000 40 66 40 66 34 50 0 0 0 0 0 0 0 0 40 66 40 66 34 50 0 0 0 0 0 0 0 0 40 66 40 66 34 50 0 0 0 0 0 0 0 0 40 66 40 66 34 50 0 0 0 0 0 0 0 0 40 66 40 66 34 50 0 0 0 0 0 0 0 0 40 66 40 66 34 50 0 0 0 0 0 0 0 0
268 0 1000 0 0 1000 0 1000 40 66 40 66 34 50 0 0 0 0 0 0 0 0 40 66 40 66 34 50 0 0 0 0 0 0 0 0 40 66 40 66 34 50 0 0 0 0 0 0 0 0 40 66 40 66 34 50 0 0 0 0 0 0 0 0 40 66 40 66 34 50 0 0 0 0 0 0 0 0 40 66 40 66 34 50 0 0 0 0 0 0 0 0
269 0 1000 0 0 1000 0 1000 40 66 40 66 34 50 6446 2 6446 2 0 0 0 0 40 66 40 66 34 50 6446 2 6446 2 0 0 0 0 40 66 40 66 34 50 6446 2 6446 2 0 0 0 0 40 66 40 66 34 50 6446 2 6446 2 0 0 0 0 40 66 40 66 34 50 6446 2 6446 2 0 0 0 0 40 66 40 66 34 50 6446 2 6446 2 0 0 0 0
270 0 1000 0 0 1000 0 1000 41 67 41 67 34 50 25043 92 0 0 291 1 24752 91 41 67 41 67 34 50 25043 92 0 0 291 1 24752 91 41 67 41 67 34 50 25043 92 0 0 291 1 24752 91 41 67 41 67 34 50 25043 92 0 0 291 1 24752 91 41 67 41 67 34 50 25043 92 0 0 291 1 24752 91 41 67 41 67 34 50 25043 92 0 0 291 1 24752 91
271 0 1000 0 0 1000 0 1000 41 67 41 67 34 50 0 0 0 0 0 0 0 0 41 67 41 67 34 50 0 0 0 0 0 0 0 0 41 67 41 67 34 50 0 0 0 0 0 0 0 0 41 67 41 67 34 50 0 0 0 0 0 0 0 0 41 67 41 67 34 50 0 0 0 0 0 0 0 0 41 67 41 67 34 50 0 0 0 0 0 0 0 0
272 0 1000 0 0 1000 0 1000 41 67 41 67 34 50 0 0 0 0 0 0 0 0 41 67 41 67 34 50 0 0 0 0 0 0 0 0 41 67 41 67 34 50 0 0 0 0 0 0 0 0 41 67 41 67 34 50 0 0 0 0 0 0 0 0 41 67 41 67 34 50 0 0 0 0 0 0 0 0 41 67 41 67 34 50 0 0 0 0 0 0 0 0
273 0 1000 0 0 1000 0 1000 41 67 41 67 34 50 3351 1 3351 1 0 0 0 0 41 67 41 67 34 50 3351 1 3351 1 0 0 0 0 41 67 41 67 34 50 3351 1 3351 1 0 0 0 0 41 67 41 67 34 50 3351 1 3351 1 0 0 0 0 41 67 41 67 34 50 3351 1 3351 1 0 0 0 0 41 67 41 67 34 50 3351 1 3351 1 0 0 0 0
274 0 1000 0 0 1000 0 1000 42 68 42 68 34 50 28035 103 0 0 291 1 27744 102 42 68 42 68 34 50 28035 103 0 0 291 1 27744 102 42 68 42 68 34 50 28035 103 0 0 291 1 27744 102 42 68 42 68 34 50 28035 103 0 0 291 1 27744 102 42 68 42 68 34 50 28035 103 0 0 291 1 27744 102 42 68 42 68 34 50 28035 103 0 0 291 1 27744 102
275 0 1000 0 0 1000 0 1000 42 68 42 68 35 58 0 0 0 0 0 0 0 0 42 68 42 68 35 58 0 0 0 0 0 0 0 0 42 68 42 68 35 58 0 0 0 0 0 0 0 0 42 68 42 68 35 58 0 0 0 0 0 0 0 0 42 68 42 68 35 58 0 0 0 0 0 0 0 0 42 68 42 68 35 58 0 0 0 0 0 0 0 0
276 0 1000 0 0 1000 0 1000 42 68 42 68 35 58 0 0 0 0 0 0 0 0 42 68 42 68 35 58 0 0 0 0 0 0 0 0 42 68 42 68 35 58 0 0 0 0 0 0 0 0 42 68 42 68 35 58 0 0 0 0 0 0 0 0 42 68 42 68 35 58 0 0 0 0 0 0 0 0 42 68 42 68 35 58 0 0 0 0 0 0 0 0
277 0 1000 0 0 1000 0 1000 42 68 42 68 35 58 25919 7 25919 7 0 0 0 0 42 68 42 68 35 58 25919 7 25919 7 0 0 0 0 42 68 42 68 35 58 25919 7 25919 7 0 0 0 0 42 68 42 68 35 58 25919 7 25919 7 0 0 0 0 42 68 42 68 35 58 25919 7 25919 7 0 0 0 0 42 68 42 68 35 58 25919 7 25919 7 0 0 0 0
278 0 1000 0 0 1000 0 1000 43 69 43 69 35 58 23683 87 0 0 291 1 23392 86 43 69 43 69 35 58 23683 87 0 0 291 1 23392 86 43 69 43 69 35 58 23683 87 0 0 291 1 23392 86 43 69 43 69 35 58 23683 87 0 0 291 1 23392 86 43 69 43 69 35 58 23683 87 0 0 291 1 23392 86 43 69 43 69 35 58 23683 87 0 0 291 1 23392 86
279 0 1000 0 0 1000 0 1000 43 69 43 69 36 59 0 0 0 0 0 0 0 0 43 69 43 69 36 59 0 0 0 0 0 0 0 0 43 69 43 69 36 59 0 0 0 0 0 0 0 0 43 69 43 69 36 59 0 0 0 0 0 0 0 0 43 69 43 69 36 59 0 0 0 0 0 0 0 0 43 69 43 69 36 59 0 0 0 0 0 0 0 0
280 0 1000 0 0 1000 0 1000 43 69 43 69 36 59 0 0 0 0 0 0 0 0 43 69 43 69 36 59 0 0 0 0 0 0 0 0 43 69 43 69 36 59 0 0 0 0 0 0 0 0 43 69 43 69 36 59 0 0 0 0 0 0 0 0 43 69 43 69 36 59 0 0 0 0 0 0 0 0 43 69 43 69 36 59 0 0 0 0 0 0 0 0
281 0 1000 0 0 1000 0 1000 43 69 43 69 36 59 3191 1 3191 1 0 0 0 0 43 69 43 69 36 59 3191 1 3191 1 0 0 0 0 43 69 43 69 36 59 3191 1 3191 1 0 0 0 0 43 69 43 69 36 59 3191 1 3191 1 0 0 0 0 43 69 43 69 36 59 3191 1 3191 1 0 0 0 0 43 69 43 69 36 59 3191 1 3191 1 0 0 0 0
282 0 1000 0 0 1000 0 1000 44 70 44 70 36 59 26131 96 0 0 291 1 25840 95 44 70 44 70 36 59 26131 96 0 0 291 1 25840 95 44 70 44 70 36 59 26131 96 0 0 291 1 25840 95 44 70 44 70 36 59 26131 96 0 0 291 1 25840 95 44 70 44 70 36 59 26131 96 0 0 291 1 25840 95 44 70 44 70 36 59 26131 96 0 0 291 1 25840 95
283 0 1000 0 0 1000 0 1000 44 70 44 70 36 59 0 0 0 0 0 0 0 0 44 70 44 70 36 59 0 0 0 0 0 0 0 0 44 70 44 70 36 59 0 0 0 0 0 0 0 0 44 70 44 70 36 59 0 0 0 0 0 0 0 0 44 70 44 70 36 59 0 0 0 0 0 0 0 0 44 70 44 70 36 59 0 0 0 0 0 0 0 0
284 0 1000 0 0 1000 0 1000 44 70 44 70 36 59 0 0 0 0 0 0 0 0 44 70 44 70 36 59 0 0 0 0 0 0 0 0 44 70 44 70 36 59 0 0 0 0 0 0 0 0 44 70 44 70 36 59 0 0 0 0 0 0 0 0 44 70 44 70 36 59 0 0 0 0 0 0 0 0 44 70 44 70 36 59 0 0 0 0 0 0 0 0
285 0 1000 0 0 1000 0 1000 44 70 44 70 36 59 3479 1 3479 1 0 0 0 0 44 70 44 70 36 59 3479 1 3479 1 0 0 0 0 44 70 44 70 36 59 3479 1 3479 1 0 0 0 0 44 70 44 70 36 59 3479 1 3479 1 0 0 0 0 44 70 44 70 36 59 3479 1 3479 1 0 0 0 0 44 70 44 70 36 59 3479 1 3479 1 0 0 0 0
286 0 1000 0 0 1000 0 1000 45 71 45 71 36 59 29939 110 0 0 291 1 29648 109 45 71 45 71 36 59 29939 110 0 0 291 1 29648 109 45 71 45 71 36 59 29939 110 0 0 291 1 29648 109 45 71 45 71 36 59 29939 110 0 0 291 1 29648 109 45 71 45 71 36 59 29939 110 0 0 291 1 29648 109 45 71 45 71 36 59 29939 110 0 0 291 1 29648 109
287 0 1000 0 0 1000 0 1000 45 71 45 71 36 59 0 0 0 0 0 0 0 0 45 71 45 71 36 59 0 0 0 0 0 0 0 0 45 71 45 71 36 59 0 0 0 0 0 0 0 0 45 71 45 71 36 59 0 0 0 0 0 0 0 0 45 71 45 71 36 59 0 0 0 0 0 0 0 0 45 71 45 71 36 59 0 0 0 0 0 0 0 0
288 0 1000 0 0 1000 0 1000 45 71 45 71 36 59 0 0 0 0 0 0 0 0 45 71 45 71 36 59 0 0 0 0 0 0 0 0 45 71 45 71 36 59 0 0 0 0 0 0 0 0 45 71 45 71 36 59 0 0 0 0 0 0 0 0 45 71 45 71 36 59 0 0 0 0 0 0 0 0 45 71 45 71 36 59 0 0 0 0 0 0 0 0
289 0 1000 0 0 1000 0 1000 45 71 45 71 36 59 11781 3 11781 3 0 0 0 0 45 71 45 71 36 59 11781 3 11781 3 0 0 0 0 45 71 45 71 36 59 11781 3 11781 3 0 0 0 0 45 71 45 71 36 59 11781 3 11781 3 0 0 0 0 45 71 45 71 36 59 11781 3 11781 3 0 0 0 0 45 71 45 71 36 59 11781 3 11781 3 0 0 0 0
290 0 1000 0 0 1000 0 1000 46 72 46 72 36 59 24771 91 0 0 291 1 24480 90 46 72 46 72 36 59 24771 91 0 0 291 1 24480 90 46 72 46 72 36 59 24771 91 0 0 291 1 24480 90 46 72 46 72 36 59 24771 91 0 0 291 1 24480 90 46 72 46 72 36 59 24771 91 0 0 291 1 24480 90 46 72 46 72 36 59 24771 91 0 0 291 1 24480 90
291 0 1000 0 0 1000 0 1000 46 72 46 72 36 59 0 0 0 0 0 0 0 0 46 72 46 72 36 59 0 0 0 0 0 0 0 0 46 72 46 72 36 59 0 0 0 0 0 0 0 0 46 72 46 72 36 59 0 0 0 0 0 0 0 0 46 72 46 72 36 59 0 0 0 0 0 0 0 0 46 72 46 72 36 59 0 0 0 0 0 0 0 0
292 0 1000 0 0 1000 0 1000 46 72 46 72 36 59 0 0 0 0 0 0 0 0 46 72 46 72 36 59 0 0 0 0 0 0 0 0 46 72 46 72 36 59 0 0 0 0 0 0 0 0 46 72 46 72 36 59 0 0 0 0 0 0 0 0 46 72 46 72 36 59 0 0 0 0 0 0 0 0 46 72 46 72 36 59 0 0 0 0 0 0 0 0
293 0 1000 0 0 1000 0 1000 46 72 46 72 36 59 0 0 0 0 0 0 0 0 46 72 46 72 36 59 0 0 0 0 0 0 0 0 46 72 46 72 36 59 0 0 0 0 0 0 0 0 46 72 46 72 36 59 0 0 0 0 0 0 0 0 46 72 46 72 36 59 0 0 0 0 0 0 0 0 46 72 46 72 36 59 0 0 0 0 0 0 0 0
294 0 1000 0 0 1000 0 1000 46 72 46 72 36 59 27472 101 0 0 0 0 27472 101 46 72 46 72 36 59 27472 101 0 0 0 0 27472 101 46 72 46 72 36 59 27472 101 0 0 0 0 27472 101 46 72 46 72 36 59 27472 101 0 0 0 0 27472 101 46 72 46 72 36 59 27472 101 0 0 0 0 27472 101 46 72 46 72 36 59 27472 101 0 0 0 0 27472 101
295 0 1000 0 0 1000 0 1000 46 72 46 72 37 63 0 0 0 0 0 0 0 0 46 72 46 72 37 63 0 0 0 0 0 0 0 0 46 72 46 72 37 63 0 0 0 0 0 0 0 0 46 72 46 72 37 63 0 0 0 0 0 0 0 0 46 72 46 72 37 63 0 0 0 0 0 0 0 0 46 72 46 72 37 63 0 0 0 0 0 0 0 0
296 0 1000 0 0 1000 0 1000 46 72 46 72 37 63 0 0 0 0 0 0 0 0 46 72 46 72 37 63 0 0 0 0 0 0 0 0 46 72 46 72 37 63 0 0 0 0 0 0 0 0 46 72 46 72 37 63 0 0 0 0 0 0 0 0 46 72 46 72 37 63 0 0 0 0 0 0 0 0 46 72 46 72 37 63 0 0 0 0 0 0 0 0
297 0 1000 0 0 1000 0 1000 46 72 46 72 37 63 11013 3 11013 3 0 0 0 0 46 72 46 72 37 63 11013 3 11013 3 0 0 0 0 46 72 46 72 37 63 11013 3 11013 3 0 0 0 0 46 72 46 72 37 63 11013 3 11013 3 0 0 0 0 46 72 46 72 37 63 11013 3 11013 3 0 0 0 0 46 72 46 72 37 63 11013 3 11013 3 0 0 0 0
298 0 1000 0 0 1000 0 1000 47 74 47 74 37 63 32931 121 0 0 291 1 32640 120 47 74 47 74 37 63 32931 121 0 0 291 1 32640 120 47 74 47 74 37 63 32931 121 0 0 291 1 32640 120 47 74 47 74 37 63 32931 121 0 0 291 1 32640 120 47 74 47 74 37 63 32931 121 0 0 291 1 32640 120 47 74 47 74 37 63 32931 121 0 0 291 1 32640 120
299 0 1000 0 0 1000 0 1000 47 74 47 74 38 64 0 0 0 0 0 0 0 0 47 74 47 74 38 64 0 0 0 0 0 0 0 0 47 74 47 74 38 64 0 0 0 0 0 0 0 0 47 74 47 74 38 64 0 0 0 0 0 0 0 0 47 74 47 74 38 64 0 0 0 0 0 0 0 0 47 74 47 74 38 64 0 0 0 0 0 0 0 0
300 0 1000 0 0 1000 0 1000 47 74 47 74 38 64 0 0 0 0 0 0 0 0 47 74 47 74 38 64 0 0 0 0 0 0 0 0 47 74 47 74 38 64 0 0 0 0 0 0 0 0 47 74 47 74 38 64 0 0 0 0 0 0 0 0 47 74 47 74 38 64 0 0 0 0 0 0 0 0 47 74 47 74 38 64 0 0 0 0 0 0 0 0
301 0 1000 0 0 1000 0 1000 47 74 47 74 38 64 4279 1 4279 1 0 0 0 0 47 74 47 74 38 64 4279 1 4279 1 0 0 0 0 47 74 47 74 38 64 4279 1 4279 1 0 0 0 0 47 74 47 74 38 64 4279 1 4279 1 0 0 0 0 47 74 47 74 38 64 4279 1 4279 1 0 0 0 0 47 74 47 74 38 64 4279 1 4279 1 0 0 0 0
302 0 1000 0 0 1000 0 1000 48 75 48 75 38 64 29667 109 0 0 291 1 29376 108 48 75 48 75 38 64 29667 109 0 0 291 1 29376 108 48 75 48 75 38 64 29667 109 0 0 291 1 29376 108 48 75 48 75 38 64 29667 109 0 0 291 1 29376 108 48 75 48 75 38 64 29667 109 0 0 291 1 29376 108 48 75 48 75 38 64 29667 109 0 0 291 1 29376 108
303 0 1000 0 0 1000 0 1000 48 75 48 75 39 65 0 0 0 0 0 0 0 0 48 75 48 75 39 65 0 0 0 0 0 0 0 0 48 75 48 75 39 65 0 0 0 0 0 0 0 0 48 75 48 75 39 65 0 0 0 0 0 0 0 0 48 75 48 75 39 65 0 0 0 0 0 0 0 0 48 75 48 75 39 65 0 0 0 0 0 0 0 0
