r n_asleep n_awake n_honest_asleep n_honest_dreamy n_honest_awake n_adversary n_all party0_ledger_best_length party0_ledger_best_age party0_ledger_fast_length party0_ledger_fast_age party0_ledger_slow_length party0_ledger_slow_age party0_comms_all_size party0_comms_all_count party0_comms_proposal_size party0_comms_proposal_count party0_comms_piece_block_size party0_comms_piece_block_count party0_comms_piece_vote_size party0_comms_piece_vote_count party1_ledger_best_length party1_ledger_best_age party1_ledger_fast_length party1_ledger_fast_age party1_ledger_slow_length party1_ledger_slow_age party1_comms_all_size party1_comms_all_count party1_comms_proposal_size party1_comms_proposal_count party1_comms_piece_block_size party1_comms_piece_block_count party1_comms_piece_vote_size party1_comms_piece_vote_count party2_ledger_best_length party2_ledger_best_age party2_ledger_fast_length party2_ledger_fast_age party2_ledger_slow_length party2_ledger_slow_age party2_comms_all_size party2_comms_all_count party2_comms_proposal_size party2_comms_proposal_count party2_comms_piece_block_size party2_comms_piece_block_count party2_comms_piece_vote_size party2_comms_piece_vote_count party3_ledger_best_length party3_ledger_best_age party3_ledger_fast_length party3_ledger_fast_age party3_ledger_slow_length party3_ledger_slow_age party3_comms_all_size party3_comms_all_count party3_comms_proposal_size party3_comms_proposal_count party3_comms_piece_block_size party3_comms_piece_block_count party3_comms_piece_vote_size party3_comms_piece_vote_count party4_ledger_best_length party4_ledger_best_age party4_ledger_fast_length party4_ledger_fast_age party4_ledger_slow_length party4_ledger_slow_age party4_comms_all_size party4_comms_all_count party4_comms_proposal_size party4_comms_proposal_count party4_comms_piece_block_size party4_comms_piece_block_count party4_comms_piece_vote_size party4_comms_piece_vote_count partyALWAYSAWAKE_ledger_best_length partyALWAYSAWAKE_ledger_best_age partyALWAYSAWAKE_ledger_fast_length partyALWAYSAWAKE_ledger_fast_age partyALWAYSAWAKE_ledger_slow_length partyALWAYSAWAKE_ledger_slow_age partyALWAYSAWAKE_comms_all_size partyALWAYSAWAKE_comms_all_count partyALWAYSAWAKE_comms_proposal_size partyALWAYSAWAKE_comms_proposal_count partyALWAYSAWAKE_comms_piece_block_size partyALWAYSAWAKE_comms_piece_block_count partyALWAYSAWAKE_comms_piece_vote_size partyALWAYSAWAKE_comms_piece_vote_count
4 0 1000 0 0 1000 0 1000 0 0 0 0 0 0 0 0 0 0 0 0 0 0 0 0 0 0 0 0 0 0 0 0 0 0 0 0 0 0 0 0 0 0 0 0 0 0 0 0 0 0 0 0 0 0 0 0 0 0 0 0 0 0 0 0 0 0 0 0 0 0 0 0 0 0 0 0 0 0 0 0 0 0 0 0 0 0 0 0 0 0 0 0
5 0 1000 0 0 1000 0 1000 0 0 0 0 0 0 80438 1 80438 1 0 0 0 0 0 0 0 0 0 0 80438 1 80438 1 0 0 0 0 0 0 0 0 0 0 80438 1 80438 1 0 0 0 0 0 0 0 0 0 0 80438 1 80438 1 0 0 0 0 0 0 0 0 0 0 80438 1 80438 1 0 0 0 0 0 0 0 0 0 0 80438 1 80438 1 0 0 0 0
6 0 1000 0 0 1000 0 1000 1 1 1 1 0 0 108306 104 0 0 80290 1 28016 103 1 1 1 1 0 0 108306 104 0 0 80290 1 28016 103 1 1 1 1 0 0 108306 104 0 0 80290 1 28016 103 1 1 1 1 0 0 108306 104 0 0 80290 1 28016 103 1 1 1 1 0 0 108306 104 0 0 80290 1 28016 103 1 1 1 1 0 0 108306 104 0 0 80290 1 28016 103
7 0 1000 0 0 1000 0 1000 1 1 1 1 0 0 0 0 0 0 0 0 0 0 1 1 1 1 0 0 0 0 0 0 0 0 0 0 1 1 1 1 0 0 0 0 0 0 0 0 0 0 1 1 1 1 0 0 0 0 0 0 0 0 0 0 1 1 1 1 0 0 0 0 0 0 0 0 0 0 1 1 1 1 0 0 0 0 0 0 0 0 0 0
8 0 1000 0 0 1000 0 1000 1 1 1 1 0 0 0 0 0 0 0 0 0 0 1 1 1 1 0 0 0 0 0 0 0 0 0 0 1 1 1 1 0 0 0 0 0 0 0 0 0 0 1 1 1 1 0 0 0 0 0 0 0 0 0 0 1 1 1 1 0 0 0 0 0 0 0 0 0 0 1 1 1 1 0 0 0 0 0 0 0 0 0 0
9 0 1000 0 0 1000 0 1000 1 1 1 1 0 0 0 0 0 0 0 0 0 0 1 1 1 1 0 0 0 0 0 0 0 0 0 0 1 1 1 1 0 0 0 0 0 0 0 0 0 0 1 1 1 1 0 0 0 0 0 0 0 0 0 0 1 1 1 1 0 0 0 0 0 0 0 0 0 0 1 1 1 1 0 0 0 0 0 0 0 0 0 0
10 0 1000 0 0 1000 0 1000 1 1 1 1 0 0 26384 97 0 0 0 0 26384 97 1 1 1 1 0 0 26384 97 0 0 0 0 26384 97 1 1 1 1 0 0 26384 97 0 0 0 0 26384 97 1 1 1 1 0 0 26384 97 0 0 0 0 26384 97 1 1 1 1 0 0 26384 97 0 0 0 0 26384 97 1 1 1 1 0 0 26384 97 0 0 0 0 26384 97
11 0 1000 0 0 1000 0 1000 1 1 1 1 0 0 0 0 0 0 0 0 0 0 1 1 1 1 0 0 0 0 0 0 0 0 0 0 1 1 1 1 0 0 0 0 0 0 0 0 0 0 1 1 1 1 0 0 0 0 0 0 0 0 0 0 1 1 1 1 0 0 0 0 0 0 0 0 0 0 1 1 1 1 0 0 0 0 0 0 0 0 0 0
12 0 1000 0 0 1000 0 1000 1 1 1 1 0 0 0 0 0 0 0 0 0 0 1 1 1 1 0 0 0 0 0 0 0 0 0 0 1 1 1 1 0 0 0 0 0 0 0 0 0 0 1 1 1 1 0 0 0 0 0 0 0 0 0 0 1 1 1 1 0 0 0 0 0 0 0 0 0 0 1 1 1 1 0 0 0 0 0 0 0 0 0 0
13 0 1000 0 0 1000 0 1000 1 1 1 1 0 0 334168 4 334168 4 0 0 0 0 1 1 1 1 0 0 334168 4 334168 4 0 0 0 0 1 1 1 1 0 0 334168 4 334168 4 0 0 0 0 1 1 1 1 0 0 334168 4 334168 4 0 0 0 0 1 1 1 1 0 0 334168 4 334168 4 0 0 0 0 1 1 1 1 0 0 334168 4 334168 4 0 0 0 0
14 0 1000 0 0 1000 0 1000 2 3 2 3 0 0 108034 103 0 0 80290 1 27744 102 2 3 2 3 0 0 108034 103 0 0 80290 1 27744 102 2 3 2 3 0 0 108034 103 0 0 80290 1 27744 102 2 3 2 3 0 0 108034 103 0 0 80290 1 27744 102 2 3 2 3 0 0 108034 103 0 0 80290 1 27744 102 2 3 2 3 0 0 108034 103 0 0 80290 1 27744 102
15 0 1000 0 0 1000 0 1000 2 3 2 3 0 0 0 0 0 0 0 0 0 0 2 3 2 3 0 0 0 0 0 0 0 0 0 0 2 3 2 3 0 0 0 0 0 0 0 0 0 0 2 3 2 3 0 0 0 0 0 0 0 0 0 0 2 3 2 3 0 0 0 0 0 0 0 0 0 0 2 3 2 3 0 0 0 0 0 0 0 0 0 0
16 0 1000 0 0 1000 0 1000 2 3 2 3 0 0 0 0 0 0 0 0 0 0 2 3 2 3 0 0 0 0 0 0 0 0 0 0 2 3 2 3 0 0 0 0 0 0 0 0 0 0 2 3 2 3 0 0 0 0 0 0 0 0 0 0 2 3 2 3 0 0 0 0 0 0 0 0 0 0 2 3 2 3 0 0 0 0 0 0 0 0 0 0
17 0 1000 0 0 1000 0 1000 2 3 2 3 0 0 83702 1 83702 1 0 0 0 0 2 3 2 3 0 0 83702 1 83702 1 0 0 0 0 2 3 2 3 0 0 83702 1 83702 1 0 0 0 0 2 3 2 3 0 0 83702 1 83702 1 0 0 0 0 2 3 2 3 0 0 83702 1 83702 1 0 0 0 0 2 3 2 3 0 0 83702 1 83702 1 0 0 0 0
18 0 1000 0 0 1000 0 1000 3 4 3 4 0 0 111298 115 0 0 80290 1 31008 114 3 4 3 4 0 0 111298 115 0 0 80290 1 31008 114 3 4 3 4 0 0 111298 115 0 0 80290 1 31008 114 3 4 3 4 0 0 111298 115 0 0 80290 1 31008 114 3 4 3 4 0 0 111298 115 0 0 80290 1 31008 114 3 4 3 4 0 0 111298 115 0 0 80290 1 31008 114
19 0 1000 0 0 1000 0 1000 3 4 3 4 0 0 0 0 0 0 0 0 0 0 3 4 3 4 0 0 0 0 0 0 0 0 0 0 3 4 3 4 0 0 0 0 0 0 0 0 0 0 3 4 3 4 0 0 0 0 0 0 0 0 0 0 3 4 3 4 0 0 0 0 0 0 0 0 0 0 3 4 3 4 0 0 0 0 0 0 0 0 0 0
20 0 1000 0 0 1000 0 1000 3 4 3 4 0 0 0 0 0 0 0 0 0 0 3 4 3 4 0 0 0 0 0 0 0 0 0 0 3 4 3 4 0 0 0 0 0 0 0 0 0 0 3 4 3 4 0 0 0 0 0 0 0 0 0 0 3 4 3 4 0 0 0 0 0 0 0 0 0 0 3 4 3 4 0 0 0 0 0 0 0 0 0 0
21 0 1000 0 0 1000 0 1000 3 4 3 4 0 0 504516 6 504516 6 0 0 0 0 3 4 3 4 0 0 504516 6 504516 6 0 0 0 0 3 4 3 4 0 0 504516 6 504516 6 0 0 0 0 3 4 3 4 0 0 504516 6 504516 6 0 0 0 0 3 4 3 4 0 0 504516 6 504516 6 0 0 0 0 3 4 3 4 0 0 504516 6 504516 6 0 0 0 0
22 0 1000 0 0 1000 0 1000 4 5 4 5 0 0 107218 100 0 0 80290 1 26928 99 4 5 4 5 0 0 107218 100 0 0 80290 1 26928 99 4 5 4 5 0 0 107218 100 0 0 80290 1 26928 99 4 5 4 5 0 0 107218 100 0 0 80290 1 26928 99 4 5 4 5 0 0 107218 100 0 0 80290 1 26928 99 4 5 4 5 0 0 107218 100 0 0 80290 1 26928 99
23 0 1000 0 0 1000 0 1000 4 5 4 5 0 0 0 0 0 0 0 0 0 0 4 5 4 5 0 0 0 0 0 0 0 0 0 0 4 5 4 5 0 0 0 0 0 0 0 0 0 0 4 5 4 5 0 0 0 0 0 0 0 0 0 0 4 5 4 5 0 0 0 0 0 0 0 0 0 0 4 5 4 5 0 0 0 0 0 0 0 0 0 0
24 0 1000 0 0 1000 0 1000 4 5 4 5 0 0 0 0 0 0 0 0 0 0 4 5 4 5 0 0 0 0 0 0 0 0 0 0 4 5 4 5 0 0 0 0 0 0 0 0 0 0 4 5 4 5 0 0 0 0 0 0 0 0 0 0 4 5 4 5 0 0 0 0 0 0 0 0 0 0 4 5 4 5 0 0 0 0 0 0 0 0 0 0
25 0 1000 0 0 1000 0 1000 4 5 4 5 0 0 83606 1 83606 1 0 0 0 0 4 5 4 5 0 0 83606 1 83606 1 0 0 0 0 4 5 4 5 0 0 83606 1 83606 1 0 0 0 0 4 5 4 5 0 0 83606 1 83606 1 0 0 0 0 4 5 4 5 0 0 83606 1 83606 1 0 0 0 0 4 5 4 5 0 0 83606 1 83606 1 0 0 0 0
26 0 1000 0 0 1000 0 1000 5 6 5 6 0 0 111026 114 0 0 80290 1 30736 113 5 6 5 6 0 0 111026 114 0 0 80290 1 30736 113 5 6 5 6 0 0 111026 114 0 0 80290 1 30736 113 5 6 5 6 0 0 111026 114 0 0 80290 1 30736 113 5 6 5 6 0 0 111026 114 0 0 80290 1 30736 113 5 6 5 6 0 0 111026 114 0 0 80290 1 30736 113
27 0 1000 0 0 1000 0 1000 5 6 5 6 0 0 0 0 0 0 0 0 0 0 5 6 5 6 0 0 0 0 0 0 0 0 0 0 5 6 5 6 0 0 0 0 0 0 0 0 0 0 5 6 5 6 0 0 0 0 0 0 0 0 0 0 5 6 5 6 0 0 0 0 0 0 0 0 0 0 5 6 5 6 0 0 0 0 0 0 0 0 0 0
28 0 1000 0 0 1000 0 1000 5 6 5 6 0 0 0 0 0 0 0 0 0 0 5 6 5 6 0 0 0 0 0 0 0 0 0 0 5 6 5 6 0 0 0 0 0 0 0 0 0 0 5 6 5 6 0 0 0 0 0 0 0 0 0 0 5 6 5 6 0 0 0 0 0 0 0 0 0 0 5 6 5 6 0 0 0 0 0 0 0 0 0 0
29 0 1000 0 0 1000 0 1000 5 6 5 6 0 0 0 0 0 0 0 0 0 0 5 6 5 6 0 0 0 0 0 0 0 0 0 0 5 6 5 6 0 0 0 0 0 0 0 0 0 0 5 6 5 6 0 0 0 0 0 0 0 0 0 0 5 6 5 6 0 0 0 0 0 0 0 0 0 0 5 6 5 6 0 0 0 0 0 0 0 0 0 0
30 0 1000 0 0 1000 0 1000 5 6 5 6 0 0 26928 99 0 0 0 0 26928 99 5 6 5 6 0 0 26928 99 0 0 0 0 26928 99 5 6 5 6 0 0 26928 99 0 0 0 0 26928 99 5 6 5 6 0 0 26928 99 0 0 0 0 26928 99 5 6 5 6 0 0 26928 99 0 0 0 0 26928 99 5 6 5 6 0 0 26928 99 0 0 0 0 26928 99
31 0 1000 0 0 1000 0 1000 5 6 5 6 0 0 0 0 0 0 0 0 0 0 5 6 5 6 0 0 0 0 0 0 0 0 0 0 5 6 5 6 0 0 0 0 0 0 0 0 0 0 5 6 5 6 0 0 0 0 0 0 0 0 0 0 5 6 5 6 0 0 0 0 0 0 0 0 0 0 5 6 5 6 0 0 0 0 0 0 0 0 0 0
32 0 1000 0 0 1000 0 1000 5 6 5 6 0 0 0 0 0 0 0 0 0 0 5 6 5 6 0 0 0 0 0 0 0 0 0 0 5 6 5 6 0 0 0 0 0 0 0 0 0 0 5 6 5 6 0 0 0 0 0 0 0 0 0 0 5 6 5 6 0 0 0 0 0 0 0 0 0 0 5 6 5 6 0 0 0 0 0 0 0 0 0 0
33 0 1000 0 0 1000 0 1000 5 6 5 6 0 0 250818 3 250818 3 0 0 0 0 5 6 5 6 0 0 250818 3 250818 3 0 0 0 0 5 6 5 6 0 0 250818 3 250818 3 0 0 0 0 5 6 5 6 0 0 250818 3 250818 3 0 0 0 0 5 6 5 6 0 0 250818 3 250818 3 0 0 0 0 5 6 5 6 0 0 250818 3 250818 3 0 0 0 0
34 0 1000 0 0 1000 0 1000 6 8 6 8 0 0 108034 103 0 0 80290 1 27744 102 6 8 6 8 0 0 108034 103 0 0 80290 1 27744 102 6 8 6 8 0 0 108034 103 0 0 80290 1 27744 102 6 8 6 8 0 0 108034 103 0 0 80290 1 27744 102 6 8 6 8 0 0 108034 103 0 0 80290 1 27744 102 6 8 6 8 0 0 108034 103 0 0 80290 1 27744 102
35 0 1000 0 0 1000 0 1000 6 8 6 8 0 0 0 0 0 0 0 0 0 0 6 8 6 8 0 0 0 0 0 0 0 0 0 0 6 8 6 8 0 0 0 0 0 0 0 0 0 0 6 8 6 8 0 0 0 0 0 0 0 0 0 0 6 8 6 8 0 0 0 0 0 0 0 0 0 0 6 8 6 8 0 0 0 0 0 0 0 0 0 0
36 0 1000 0 0 1000 0 1000 6 8 6 8 0 0 0 0 0 0 0 0 0 0 6 8 6 8 0 0 0 0 0 0 0 0 0 0 6 8 6 8 0 0 0 0 0 0 0 0 0 0 6 8 6 8 0 0 0 0 0 0 0 0 0 0 6 8 6 8 0 0 0 0 0 0 0 0 0 0 6 8 6 8 0 0 0 0 0 0 0 0 0 0
37 0 1000 0 0 1000 0 1000 6 8 6 8 0 0 251105 3 251105 3 0 0 0 0 6 8 6 8 0 0 251105 3 251105 3 0 0 0 0 6 8 6 8 0 0 251105 3 251105 3 0 0 0 0 6 8 6 8 0 0 251105 3 251105 3 0 0 0 0 6 8 6 8 0 0 251105 3 251105 3 0 0 0 0 6 8 6 8 0 0 251105 3 251105 3 0 0 0 0
38 0 1000 0 0 1000 0 1000 7 9 7 9 0 0 106673 98 0 0 80289 1 26384 97 7 9 7 9 0 0 106673 98 0 0 80289 1 26384 97 7 9 7 9 0 0 106673 98 0 0 80289 1 26384 97 7 9 7 9 0 0 106673 98 0 0 80289 1 26384 97 7 9 7 9 0 0 106673 98 0 0 80289 1 26384 97 7 9 7 9 0 0 106673 98 0 0 80289 1 26384 97
39 0 1000 0 0 1000 0 1000 7 9 7 9 0 0 0 0 0 0 0 0 0 0 7 9 7 9 0 0 0 0 0 0 0 0 0 0 7 9 7 9 0 0 0 0 0 0 0 0 0 0 7 9 7 9 0 0 0 0 0 0 0 0 0 0 7 9 7 9 0 0 0 0 0 0 0 0 0 0 7 9 7 9 0 0 0 0 0 0 0 0 0 0
40 0 1000 0 0 1000 0 1000 7 9 7 9 0 0 0 0 0 0 0 0 0 0 7 9 7 9 0 0 0 0 0 0 0 0 0 0 7 9 7 9 0 0 0 0 0 0 0 0 0 0 7 9 7 9 0 0 0 0 0 0 0 0 0 0 7 9 7 9 0 0 0 0 0 0 0 0 0 0 7 9 7 9 0 0 0 0 0 0 0 0 0 0
41 0 1000 0 0 1000 0 1000 7 9 7 9 0 0 83543 1 83543 1 0 0 0 0 7 9 7 9 0 0 83543 1 83543 1 0 0 0 0 7 9 7 9 0 0 83543 1 83543 1 0 0 0 0 7 9 7 9 0 0 83543 1 83543 1 0 0 0 0 7 9 7 9 0 0 83543 1 83543 1 0 0 0 0 7 9 7 9 0 0 83543 1 83543 1 0 0 0 0
42 0 1000 0 0 1000 0 1000 8 10 8 10 0 0 109395 108 0 0 80291 1 29104 107 8 10 8 10 0 0 109395 108 0 0 80291 1 29104 107 8 10 8 10 0 0 109395 108 0 0 80291 1 29104 107 8 10 8 10 0 0 109395 108 0 0 80291 1 29104 107 8 10 8 10 0 0 109395 108 0 0 80291 1 29104 107 8 10 8 10 0 0 109395 108 0 0 80291 1 29104 107
43 0 1000 0 0 1000 0 1000 8 10 8 10 0 0 0 0 0 0 0 0 0 0 8 10 8 10 0 0 0 0 0 0 0 0 0 0 8 10 8 10 0 0 0 0 0 0 0 0 0 0 8 10 8 10 0 0 0 0 0 0 0 0 0 0 8 10 8 10 0 0 0 0 0 0 0 0 0 0 8 10 8 10 0 0 0 0 0 0 0 0 0 0
44 0 1000 0 0 1000 0 1000 8 10 8 10 0 0 0 0 0 0 0 0 0 0 8 10 8 10 0 0 0 0 0 0 0 0 0 0 8 10 8 10 0 0 0 0 0 0 0 0 0 0 8 10 8 10 0 0 0 0 0 0 0 0 0 0 8 10 8 10 0 0 0 0 0 0 0 0 0 0 8 10 8 10 0 0 0 0 0 0 0 0 0 0
45 0 1000 0 0 1000 0 1000 8 10 8 10 0 0 83863 1 83863 1 0 0 0 0 8 10 8 10 0 0 83863 1 83863 1 0 0 0 0 8 10 8 10 0 0 83863 1 83863 1 0 0 0 0 8 10 8 10 0 0 83863 1 83863 1 0 0 0 0 8 10 8 10 0 0 83863 1 83863 1 0 0 0 0 8 10 8 10 0 0 83863 1 83863 1 0 0 0 0
46 0 1000 0 0 1000 0 1000 9 11 9 11 0 0 105315 93 0 0 80291 1 25024 92 9 11 9 11 0 0 105315 93 0 0 80291 1 25024 92 9 11 9 11 0 0 105315 93 0 0 80291 1 25024 92 9 11 9 11 0 0 105315 93 0 0 80291 1 25024 92 9 11 9 11 0 0 105315 93 0 0 80291 1 25024 92 9 11 9 11 0 0 105315 93 0 0 80291 1 25024 92
47 0 1000 0 0 1000 0 1000 9 11 9 11 1 1 0 0 0 0 0 0 0 0 9 11 9 11 1 1 0 0 0 0 0 0 0 0 9 11 9 11 1 1 0 0 0 0 0 0 0 0 9 11 9 11 1 1 0 0 0 0 0 0 0 0 9 11 9 11 1 1 0 0 0 0 0 0 0 0 9 11 9 11 1 1 0 0 0 0 0 0 0 0
48 0 1000 0 0 1000 0 1000 9 11 9 11 1 1 0 0 0 0 0 0 0 0 9 11 9 11 1 1 0 0 0 0 0 0 0 0 9 11 9 11 1 1 0 0 0 0 0 0 0 0 9 11 9 11 1 1 0 0 0 0 0 0 0 0 9 11 9 11 1 1 0 0 0 0 0 0 0 0 9 11 9 11 1 1 0 0 0 0 0 0 0 0
49 0 1000 0 0 1000 0 1000 9 11 9 11 1 1 416915 5 416915 5 0 0 0 0 9 11 9 11 1 1 416915 5 416915 5 0 0 0 0 9 11 9 11 1 1 416915 5 416915 5 0 0 0 0 9 11 9 11 1 1 416915 5 416915 5 0 0 0 0 9 11 9 11 1 1 416915 5 416915 5 0 0 0 0 9 11 9 11 1 1 416915 5 416915 5 0 0 0 0
50 0 1000 0 0 1000 0 1000 10 12 10 12 1 1 110483 112 0 0 80291 1 30192 111 10 12 10 12 1 1 110483 112 0 0 80291 1 30192 111 10 12 10 12 1 1 110483 112 0 0 80291 1 30192 111 10 12 10 12 1 1 110483 112 0 0 80291 1 30192 111 10 12 10 12 1 1 110483 112 0 0 80291 1 30192 111 10 12 10 12 1 1 110483 112 0 0 80291 1 30192 111
51 0 1000 0 0 1000 0 1000 10 12 10 12 1 1 0 0 0 0 0 0 0 0 10 12 10 12 1 1 0 0 0 0 0 0 0 0 10 12 10 12 1 1 0 0 0 0 0 0 0 0 10 12 10 12 1 1 0 0 0 0 0 0 0 0 10 12 10 12 1 1 0 0 0 0 0 0 0 0 10 12 10 12 1 1 0 0 0 0 0 0 0 0
52 0 1000 0 0 1000 0 1000 10 12 10 12 1 1 0 0 0 0 0 0 0 0 10 12 10 12 1 1 0 0 0 0 0 0 0 0 10 12 10 12 1 1 0 0 0 0 0 0 0 0 10 12 10 12 1 1 0 0 0 0 0 0 0 0 10 12 10 12 1 1 0 0 0 0 0 0 0 0 10 12 10 12 1 1 0 0 0 0 0 0 0 0
53 0 1000 0 0 1000 0 1000 10 12 10 12 1 1 83990 1 83990 1 0 0 0 0 10 12 10 12 1 1 83990 1 83990 1 0 0 0 0 10 12 10 12 1 1 83990 1 83990 1 0 0 0 0 10 12 10 12 1 1 83990 1 83990 1 0 0 0 0 10 12 10 12 1 1 83990 1 83990 1 0 0 0 0 10 12 10 12 1 1 83990 1 83990 1 0 0 0 0
54 0 1000 0 0 1000 0 1000 11 13 11 13 1 1 105042 92 0 0 80290 1 24752 91 11 13 11 13 1 1 105042 92 0 0 80290 1 24752 91 11 13 11 13 1 1 105042 92 0 0 80290 1 24752 91 11 13 11 13 1 1 105042 92 0 0 80290 1 24752 91 11 13 11 13 1 1 105042 92 0 0 80290 1 24752 91 11 13 11 13 1 1 105042 92 0 0 80290 1 24752 91
55 0 1000 0 0 1000 0 1000 11 13 11 13 2 3 0 0 0 0 0 0 0 0 11 13 11 13 2 3 0 0 0 0 0 0 0 0 11 13 11 13 2 3 0 0 0 0 0 0 0 0 11 13 11 13 2 3 0 0 0 0 0 0 0 0 11 13 11 13 2 3 0 0 0 0 0 0 0 0 11 13 11 13 2 3 0 0 0 0 0 0 0 0
56 0 1000 0 0 1000 0 1000 11 13 11 13 2 3 0 0 0 0 0 0 0 0 11 13 11 13 2 3 0 0 0 0 0 0 0 0 11 13 11 13 2 3 0 0 0 0 0 0 0 0 11 13 11 13 2 3 0 0 0 0 0 0 0 0 11 13 11 13 2 3 0 0 0 0 0 0 0 0 11 13 11 13 2 3 0 0 0 0 0 0 0 0
57 0 1000 0 0 1000 0 1000 11 13 11 13 2 3 83350 1 83350 1 0 0 0 0 11 13 11 13 2 3 83350 1 83350 1 0 0 0 0 11 13 11 13 2 3 83350 1 83350 1 0 0 0 0 11 13 11 13 2 3 83350 1 83350 1 0 0 0 0 11 13 11 13 2 3 83350 1 83350 1 0 0 0 0 11 13 11 13 2 3 83350 1 83350 1 0 0 0 0
58 0 1000 0 0 1000 0 1000 12 14 12 14 2 3 106674 98 0 0 80290 1 26384 97 12 14 12 14 2 3 106674 98 0 0 80290 1 26384 97 12 14 12 14 2 3 106674 98 0 0 80290 1 26384 97 12 14 12 14 2 3 106674 98 0 0 80290 1 26384 97 12 14 12 14 2 3 106674 98 0 0 80290 1 26384 97 12 14 12 14 2 3 106674 98 0 0 80290 1 26384 97
59 0 1000 0 0 1000 0 1000 12 14 12 14 3 4 0 0 0 0 0 0 0 0 12 14 12 14 3 4 0 0 0 0 0 0 0 0 12 14 12 14 3 4 0 0 0 0 0 0 0 0 12 14 12 14 3 4 0 0 0 0 0 0 0 0 12 14 12 14 3 4 0 0 0 0 0 0 0 0 12 14 12 14 3 4 0 0 0 0 0 0 0 0
60 0 1000 0 0 1000 0 1000 12 14 12 14 3 4 0 0 0 0 0 0 0 0 12 14 12 14 3 4 0 0 0 0 0 0 0 0 12 14 12 14 3 4 0 0 0 0 0 0 0 0 12 14 12 14 3 4 0 0 0 0 0 0 0 0 12 14 12 14 3 4 0 0 0 0 0 0 0 0 12 14 12 14 3 4 0 0 0 0 0 0 0 0
61 0 1000 0 0 1000 0 1000 12 14 12 14 3 4 167085 2 167085 2 0 0 0 0 12 14 12 14 3 4 167085 2 167085 2 0 0 0 0 12 14 12 14 3 4 167085 2 167085 2 0 0 0 0 12 14 12 14 3 4 167085 2 167085 2 0 0 0 0 12 14 12 14 3 4 167085 2 167085 2 0 0 0 0 12 14 12 14 3 4 167085 2 167085 2 0 0 0 0
62 0 1000 0 0 1000 0 1000 13 15 13 15 3 4 105314 93 0 0 80290 1 25024 92 13 15 13 15 3 4 105314 93 0 0 80290 1 25024 92 13 15 13 15 3 4 105314 93 0 0 80290 1 25024 92 13 15 13 15 3 4 105314 93 0 0 80290 1 25024 92 13 15 13 15 3 4 105314 93 0 0 80290 1 25024 92 13 15 13 15 3 4 105314 93 0 0 80290 1 25024 92
63 0 1000 0 0 1000 0 1000 13 15 13 15 4 5 0 0 0 0 0 0 0 0 13 15 13 15 4 5 0 0 0 0 0 0 0 0 13 15 13 15 4 5 0 0 0 0 0 0 0 0 13 15 13 15 4 5 0 0 0 0 0 0 0 0 13 15 13 15 4 5 0 0 0 0 0 0 0 0 13 15 13 15 4 5 0 0 0 0 0 0 0 0
64 0 1000 0 0 1000 0 1000 13 15 13 15 4 5 0 0 0 0 0 0 0 0 13 15 13 15 4 5 0 0 0 0 0 0 0 0 13 15 13 15 4 5 0 0 0 0 0 0 0 0 13 15 13 15 4 5 0 0 0 0 0 0 0 0 13 15 13 15 4 5 0 0 0 0 0 0 0 0 13 15 13 15 4 5 0 0 0 0 0 0 0 0
65 800 200 800 0 200 0 1000 13 15 13 15 4 5 0 0 0 0 0 0 0 0 13 15 13 15 4 5 0 0 0 0 0 0 0 0 13 15 13 15 4 5 0 0 0 0 0 0 0 0 13 15 13 15 4 5 0 0 0 0 0 0 0 0 13 15 13 15 4 5 0 0 0 0 0 0 0 0 13 15 13 15 4 5 0 0 0 0 0 0 0 0
66 800 200 800 0 200 0 1000 13 15 13 15 4 5 5984 22 0 0 0 0 5984 22 13 15 13 15 4 5 5984 22 0 0 0 0 5984 22 13 15 13 15 4 5 5984 22 0 0 0 0 5984 22 13 15 13 15 4 5 5984 22 0 0 0 0 5984 22 13 15 13 15 4 5 5984 22 0 0 0 0 5984 22 13 15 13 15 4 5 5984 22 0 0 0 0 5984 22
67 800 200 800 0 200 0 1000 13 15 13 15 4 5 0 0 0 0 0 0 0 0 13 15 13 15 4 5 0 0 0 0 0 0 0 0 13 15 13 15 4 5 0 0 0 0 0 0 0 0 13 15 13 15 4 5 0 0 0 0 0 0 0 0 13 15 13 15 4 5 0 0 0 0 0 0 0 0 13 15 13 15 5 6 0 0 0 0 0 0 0 0
68 800 200 800 0 200 0 1000 13 15 13 15 4 5 0 0 0 0 0 0 0 0 13 15 13 15 4 5 0 0 0 0 0 0 0 0 13 15 13 15 4 5 0 0 0 0 0 0 0 0 13 15 13 15 4 5 0 0 0 0 0 0 0 0 13 15 13 15 4 5 0 0 0 0 0 0 0 0 13 15 13 15 5 6 0 0 0 0 0 0 0 0
69 800 200 800 0 200 0 1000 13 15 13 15 4 5 0 0 0 0 0 0 0 0 13 15 13 15 4 5 0 0 0 0 0 0 0 0 13 15 13 15 4 5 0 0 0 0 0 0 0 0 13 15 13 15 4 5 0 0 0 0 0 0 0 0 13 15 13 15 4 5 0 0 0 0 0 0 0 0 13 15 13 15 5 6 0 0 0 0 0 0 0 0
70 800 200 800 0 200 0 1000 13 15 13 15 4 5 6256 23 0 0 0 0 6256 23 13 15 13 15 4 5 6256 23 0 0 0 0 6256 23 13 15 13 15 4 5 6256 23 0 0 0 0 6256 23 13 15 13 15 4 5 6256 23 0 0 0 0 6256 23 13 15 13 15 4 5 6256 23 0 0 0 0 6256 23 13 15 13 15 5 6 6256 23 0 0 0 0 6256 23
71 800 200 800 0 200 0 1000 13 15 13 15 4 5 0 0 0 0 0 0 0 0 13 15 13 15 4 5 0 0 0 0 0 0 0 0 13 15 13 15 4 5 0 0 0 0 0 0 0 0 13 15 13 15 4 5 0 0 0 0 0 0 0 0 13 15 13 15 4 5 0 0 0 0 0 0 0 0 13 15 13 15 5 6 0 0 0 0 0 0 0 0
72 800 200 800 0 200 0 1000 13 15 13 15 4 5 0 0 0 0 0 0 0 0 13 15 13 15 4 5 0 0 0 0 0 0 0 0 13 15 13 15 4 5 0 0 0 0 0 0 0 0 13 15 13 15 4 5 0 0 0 0 0 0 0 0 13 15 13 15 4 5 0 0 0 0 0 0 0 0 13 15 13 15 5 6 0 0 0 0 0 0 0 0
73 800 200 800 0 200 0 1000 13 15 13 15 4 5 81175 1 81175 1 0 0 0 0 13 15 13 15 4 5 81175 1 81175 1 0 0 0 0 13 15 13 15 4 5 81175 1 81175 1 0 0 0 0 13 15 13 15 4 5 81175 1 81175 1 0 0 0 0 13 15 13 15 4 5 81175 1 81175 1 0 0 0 0 13 15 13 15 5 6 81175 1 81175 1 0 0 0 0
74 800 200 800 0 200 0 1000 13 15 13 15 4 5 87091 26 0 0 80291 1 6800 25 13 15 13 15 4 5 87091 26 0 0 80291 1 6800 25 13 15 13 15 4 5 87091 26 0 0 80291 1 6800 25 13 15 13 15 4 5 87091 26 0 0 80291 1 6800 25 13 15 13 15 4 5 87091 26 0 0 80291 1 6800 25 13 15 13 15 5 6 87091 26 0 0 80291 1 6800 25
75 800 200 800 0 200 0 1000 13 15 13 15 4 5 0 0 0 0 0 0 0 0 13 15 13 15 4 5 0 0 0 0 0 0 0 0 13 15 13 15 4 5 0 0 0 0 0 0 0 0 13 15 13 15 4 5 0 0 0 0 0 0 0 0 13 15 13 15 4 5 0 0 0 0 0 0 0 0 13 15 13 15 6 8 0 0 0 0 0 0 0 0
76 800 200 800 0 200 0 1000 13 15 13 15 4 5 0 0 0 0 0 0 0 0 13 15 13 15 4 5 0 0 0 0 0 0 0 0 13 15 13 15 4 5 0 0 0 0 0 0 0 0 13 15 13 15 4 5 0 0 0 0 0 0 0 0 13 15 13 15 4 5 0 0 0 0 0 0 0 0 13 15 13 15 6 8 0 0 0 0 0 0 0 0
77 800 200 800 0 200 0 1000 13 15 13 15 4 5 0 0 0 0 0 0 0 0 13 15 13 15 4 5 0 0 0 0 0 0 0 0 13 15 13 15 4 5 0 0 0 0 0 0 0 0 13 15 13 15 4 5 0 0 0 0 0 0 0 0 13 15 13 15 4 5 0 0 0 0 0 0 0 0 13 15 13 15 6 8 0 0 0 0 0 0 0 0
78 800 200 800 0 200 0 1000 13 15 13 15 4 5 7344 27 0 0 0 0 7344 27 13 15 13 15 4 5 7344 27 0 0 0 0 7344 27 13 15 13 15 4 5 7344 27 0 0 0 0 7344 27 13 15 13 15 4 5 7344 27 0 0 0 0 7344 27 13 15 13 15 4 5 7344 27 0 0 0 0 7344 27 13 15 13 15 6 8 7344 27 0 0 0 0 7344 27
79 800 200 800 0 200 0 1000 13 15 13 15 4 5 0 0 0 0 0 0 0 0 13 15 13 15 4 5 0 0 0 0 0 0 0 0 13 15 13 15 4 5 0 0 0 0 0 0 0 0 13 15 13 15 4 5 0 0 0 0 0 0 0 0 13 15 13 15 4 5 0 0 0 0 0 0 0 0 13 15 13 15 7 9 0 0 0 0 0 0 0 0
80 800 200 800 0 200 0 1000 13 15 13 15 4 5 0 0 0 0 0 0 0 0 13 15 13 15 4 5 0 0 0 0 0 0 0 0 13 15 13 15 4 5 0 0 0 0 0 0 0 0 13 15 13 15 4 5 0 0 0 0 0 0 0 0 13 15 13 15 4 5 0 0 0 0 0 0 0 0 13 15 13 15 7 9 0 0 0 0 0 0 0 0
81 800 200 800 0 200 0 1000 13 15 13 15 4 5 162605 2 162605 2 0 0 0 0 13 15 13 15 4 5 162605 2 162605 2 0 0 0 0 13 15 13 15 4 5 162605 2 162605 2 0 0 0 0 13 15 13 15 4 5 162605 2 162605 2 0 0 0 0 13 15 13 15 4 5 162605 2 162605 2 0 0 0 0 13 15 13 15 7 9 162605 2 162605 2 0 0 0 0
82 800 200 800 0 200 0 1000 13 15 13 15 4 5 84642 17 0 0 80290 1 4352 16 13 15 13 15 4 5 84642 17 0 0 80290 1 4352 16 13 15 13 15 4 5 84642 17 0 0 80290 1 4352 16 13 15 13 15 4 5 84642 17 0 0 80290 1 4352 16 13 15 13 15 4 5 84642 17 0 0 80290 1 4352 16 13 15 13 15 7 9 84642 17 0 0 80290 1 4352 16
83 800 200 800 0 200 0 1000 13 15 13 15 4 5 0 0 0 0 0 0 0 0 13 15 13 15 4 5 0 0 0 0 0 0 0 0 13 15 13 15 4 5 0 0 0 0 0 0 0 0 13 15 13 15 4 5 0 0 0 0 0 0 0 0 13 15 13 15 4 5 0 0 0 0 0 0 0 0 13 15 13 15 8 10 0 0 0 0 0 0 0 0
84 800 200 800 0 200 0 1000 13 15 13 15 4 5 0 0 0 0 0 0 0 0 13 15 13 15 4 5 0 0 0 0 0 0 0 0 13 15 13 15 4 5 0 0 0 0 0 0 0 0 13 15 13 15 4 5 0 0 0 0 0 0 0 0 13 15 13 15 4 5 0 0 0 0 0 0 0 0 13 15 13 15 8 10 0 0 0 0 0 0 0 0
85 800 200 800 0 200 0 1000 13 15 13 15 4 5 0 0 0 0 0 0 0 0 13 15 13 15 4 5 0 0 0 0 0 0 0 0 13 15 13 15 4 5 0 0 0 0 0 0 0 0 13 15 13 15 4 5 0 0 0 0 0 0 0 0 13 15 13 15 4 5 0 0 0 0 0 0 0 0 13 15 13 15 8 10 0 0 0 0 0 0 0 0
86 800 200 800 0 200 0 1000 13 15 13 15 4 5 5712 21 0 0 0 0 5712 21 13 15 13 15 4 5 5712 21 0 0 0 0 5712 21 13 15 13 15 4 5 5712 21 0 0 0 0 5712 21 13 15 13 15 4 5 5712 21 0 0 0 0 5712 21 13 15 13 15 4 5 5712 21 0 0 0 0 5712 21 13 15 13 15 8 10 5712 21 0 0 0 0 5712 21
87 800 200 800 0 200 0 1000 13 15 13 15 4 5 0 0 0 0 0 0 0 0 13 15 13 15 4 5 0 0 0 0 0 0 0 0 13 15 13 15 4 5 0 0 0 0 0 0 0 0 13 15 13 15 4 5 0 0 0 0 0 0 0 0 13 15 13 15 4 5 0 0 0 0 0 0 0 0 13 15 13 15 9 11 0 0 0 0 0 0 0 0
88 800 200 800 0 200 0 1000 13 15 13 15 4 5 0 0 0 0 0 0 0 0 13 15 13 15 4 5 0 0 0 0 0 0 0 0 13 15 13 15 4 5 0 0 0 0 0 0 0 0 13 15 13 15 4 5 0 0 0 0 0 0 0 0 13 15 13 15 4 5 0 0 0 0 0 0 0 0 13 15 13 15 9 11 0 0 0 0 0 0 0 0
89 800 200 800 0 200 0 1000 13 15 13 15 4 5 81111 1 81111 1 0 0 0 0 13 15 13 15 4 5 81111 1 81111 1 0 0 0 0 13 15 13 15 4 5 81111 1 81111 1 0 0 0 0 13 15 13 15 4 5 81111 1 81111 1 0 0 0 0 13 15 13 15 4 5 81111 1 81111 1 0 0 0 0 13 15 13 15 9 11 81111 1 81111 1 0 0 0 0
90 800 200 800 0 200 0 1000 13 15 13 15 4 5 84371 16 0 0 80291 1 4080 15 13 15 13 15 4 5 84371 16 0 0 80291 1 4080 15 13 15 13 15 4 5 84371 16 0 0 80291 1 4080 15 13 15 13 15 4 5 84371 16 0 0 80291 1 4080 15 13 15 13 15 4 5 84371 16 0 0 80291 1 4080 15 13 15 13 15 9 11 84371 16 0 0 80291 1 4080 15
91 800 200 800 0 200 0 1000 13 15 13 15 4 5 0 0 0 0 0 0 0 0 13 15 13 15 4 5 0 0 0 0 0 0 0 0 13 15 13 15 4 5 0 0 0 0 0 0 0 0 13 15 13 15 4 5 0 0 0 0 0 0 0 0 13 15 13 15 4 5 0 0 0 0 0 0 0 0 13 15 13 15 10 12 0 0 0 0 0 0 0 0
92 800 200 800 0 200 0 1000 13 15 13 15 4 5 0 0 0 0 0 0 0 0 13 15 13 15 4 5 0 0 0 0 0 0 0 0 13 15 13 15 4 5 0 0 0 0 0 0 0 0 13 15 13 15 4 5 0 0 0 0 0 0 0 0 13 15 13 15 4 5 0 0 0 0 0 0 0 0 13 15 13 15 10 12 0 0 0 0 0 0 0 0
93 800 200 800 0 200 0 1000 13 15 13 15 4 5 0 0 0 0 0 0 0 0 13 15 13 15 4 5 0 0 0 0 0 0 0 0 13 15 13 15 4 5 0 0 0 0 0 0 0 0 13 15 13 15 4 5 0 0 0 0 0 0 0 0 13 15 13 15 4 5 0 0 0 0 0 0 0 0 13 15 13 15 10 12 0 0 0 0 0 0 0 0
94 800 200 800 0 200 0 1000 13 15 13 15 4 5 7072 26 0 0 0 0 7072 26 13 15 13 15 4 5 7072 26 0 0 0 0 7072 26 13 15 13 15 4 5 7072 26 0 0 0 0 7072 26 13 15 13 15 4 5 7072 26 0 0 0 0 7072 26 13 15 13 15 4 5 7072 26 0 0 0 0 7072 26 13 15 13 15 10 12 7072 26 0 0 0 0 7072 26
95 800 200 800 0 200 0 1000 13 15 13 15 4 5 0 0 0 0 0 0 0 0 13 15 13 15 4 5 0 0 0 0 0 0 0 0 13 15 13 15 4 5 0 0 0 0 0 0 0 0 13 15 13 15 4 5 0 0 0 0 0 0 0 0 13 15 13 15 4 5 0 0 0 0 0 0 0 0 13 15 13 15 11 13 0 0 0 0 0 0 0 0
96 800 200 800 0 200 0 1000 13 15 13 15 4 5 0 0 0 0 0 0 0 0 13 15 13 15 4 5 0 0 0 0 0 0 0 0 13 15 13 15 4 5 0 0 0 0 0 0 0 0 13 15 13 15 4 5 0 0 0 0 0 0 0 0 13 15 13 15 4 5 0 0 0 0 0 0 0 0 13 15 13 15 11 13 0 0 0 0 0 0 0 0
97 800 200 800 0 200 0 1000 13 15 13 15 4 5 81271 1 81271 1 0 0 0 0 13 15 13 15 4 5 81271 1 81271 1 0 0 0 0 13 15 13 15 4 5 81271 1 81271 1 0 0 0 0 13 15 13 15 4 5 81271 1 81271 1 0 0 0 0 13 15 13 15 4 5 81271 1 81271 1 0 0 0 0 13 15 13 15 11 13 81271 1 81271 1 0 0 0 0
98 800 200 800 0 200 0 1000 13 15 13 15 4 5 84371 16 0 0 80291 1 4080 15 13 15 13 15 4 5 84371 16 0 0 80291 1 4080 15 13 15 13 15 4 5 84371 16 0 0 80291 1 4080 15 13 15 13 15 4 5 84371 16 0 0 80291 1 4080 15 13 15 13 15 4 5 84371 16 0 0 80291 1 4080 15 13 15 13 15 11 13 84371 16 0 0 80291 1 4080 15
99 800 200 800 0 200 0 1000 13 15 13 15 4 5 0 0 0 0 0 0 0 0 13 15 13 15 4 5 0 0 0 0 0 0 0 0 13 15 13 15 4 5 0 0 0 0 0 0 0 0 13 15 13 15 4 5 0 0 0 0 0 0 0 0 13 15 13 15 4 5 0 0 0 0 0 0 0 0 13 15 13 15 12 14 0 0 0 0 0 0 0 0
100 800 200 800 0 200 0 1000 13 15 13 15 4 5 0 0 0 0 0 0 0 0 13 15 13 15 4 5 0 0 0 0 0 0 0 0 13 15 13 15 4 5 0 0 0 0 0 0 0 0 13 15 13 15 4 5 0 0 0 0 0 0 0 0 13 15 13 15 4 5 0 0 0 0 0 0 0 0 13 15 13 15 12 14 0 0 0 0 0 0 0 0
101 800 200 800 0 200 0 1000 13 15 13 15 4 5 80919 1 80919 1 0 0 0 0 13 15 13 15 4 5 80919 1 80919 1 0 0 0 0 13 15 13 15 4 5 80919 1 80919 1 0 0 0 0 13 15 13 15 4 5 80919 1 80919 1 0 0 0 0 13 15 13 15 4 5 80919 1 80919 1 0 0 0 0 13 15 13 15 12 14 80919 1 80919 1 0 0 0 0
102 800 200 800 0 200 0 1000 13 15 13 15 4 5 86819 25 0 0 80291 1 6528 24 13 15 13 15 4 5 86819 25 0 0 80291 1 6528 24 13 15 13 15 4 5 86819 25 0 0 80291 1 6528 24 13 15 13 15 4 5 86819 25 0 0 80291 1 6528 24 13 15 13 15 4 5 86819 25 0 0 80291 1 6528 24 13 15 13 15 12 14 86819 25 0 0 80291 1 6528 24
103 800 200 800 0 200 0 1000 13 15 13 15 4 5 0 0 0 0 0 0 0 0 13 15 13 15 4 5 0 0 0 0 0 0 0 0 13 15 13 15 4 5 0 0 0 0 0 0 0 0 13 15 13 15 4 5 0 0 0 0 0 0 0 0 13 15 13 15 4 5 0 0 0 0 0 0 0 0 13 15 13 15 13 15 0 0 0 0 0 0 0 0
104 800 200 800 0 200 0 1000 13 15 13 15 4 5 0 0 0 0 0 0 0 0 13 15 13 15 4 5 0 0 0 0 0 0 0 0 13 15 13 15 4 5 0 0 0 0 0 0 0 0 13 15 13 15 4 5 0 0 0 0 0 0 0 0 13 15 13 15 4 5 0 0 0 0 0 0 0 0 13 15 13 15 13 15 0 0 0 0 0 0 0 0
105 800 200 800 0 200 0 1000 13 15 13 15 4 5 0 0 0 0 0 0 0 0 13 15 13 15 4 5 0 0 0 0 0 0 0 0 13 15 13 15 4 5 0 0 0 0 0 0 0 0 13 15 13 15 4 5 0 0 0 0 0 0 0 0 13 15 13 15 4 5 0 0 0 0 0 0 0 0 13 15 13 15 13 15 0 0 0 0 0 0 0 0
106 800 200 800 0 200 0 1000 13 15 13 15 4 5 5168 19 0 0 0 0 5168 19 13 15 13 15 4 5 5168 19 0 0 0 0 5168 19 13 15 13 15 4 5 5168 19 0 0 0 0 5168 19 13 15 13 15 4 5 5168 19 0 0 0 0 5168 19 13 15 13 15 4 5 5168 19 0 0 0 0 5168 19 13 15 13 15 13 15 5168 19 0 0 0 0 5168 19
107 800 200 800 0 200 0 1000 13 15 13 15 4 5 0 0 0 0 0 0 0 0 13 15 13 15 4 5 0 0 0 0 0 0 0 0 13 15 13 15 4 5 0 0 0 0 0 0 0 0 13 15 13 15 4 5 0 0 0 0 0 0 0 0 13 15 13 15 4 5 0 0 0 0 0 0 0 0 13 15 13 15 13 15 0 0 0 0 0 0 0 0
108 800 200 800 0 200 0 1000 13 15 13 15 4 5 0 0 0 0 0 0 0 0 13 15 13 15 4 5 0 0 0 0 0 0 0 0 13 15 13 15 4 5 0 0 0 0 0 0 0 0 13 15 13 15 4 5 0 0 0 0 0 0 0 0 13 15 13 15 4 5 0 0 0 0 0 0 0 0 13 15 13 15 13 15 0 0 0 0 0 0 0 0
109 800 200 800 0 200 0 1000 13 15 13 15 4 5 0 0 0 0 0 0 0 0 13 15 13 15 4 5 0 0 0 0 0 0 0 0 13 15 13 15 4 5 0 0 0 0 0 0 0 0 13 15 13 15 4 5 0 0 0 0 0 0 0 0 13 15 13 15 4 5 0 0 0 0 0 0 0 0 13 15 13 15 13 15 0 0 0 0 0 0 0 0
110 800 200 800 0 200 0 1000 13 15 13 15 4 5 6256 23 0 0 0 0 6256 23 13 15 13 15 4 5 6256 23 0 0 0 0 6256 23 13 15 13 15 4 5 6256 23 0 0 0 0 6256 23 13 15 13 15 4 5 6256 23 0 0 0 0 6256 23 13 15 13 15 4 5 6256 23 0 0 0 0 6256 23 13 15 13 15 13 15 6256 23 0 0 0 0 6256 23
111 800 200 800 0 200 0 1000 13 15 13 15 4 5 0 0 0 0 0 0 0 0 13 15 13 15 4 5 0 0 0 0 0 0 0 0 13 15 13 15 4 5 0 0 0 0 0 0 0 0 13 15 13 15 4 5 0 0 0 0 0 0 0 0 13 15 13 15 4 5 0 0 0 0 0 0 0 0 13 15 13 15 13 15 0 0 0 0 0 0 0 0
112 800 200 800 0 200 0 1000 13 15 13 15 4 5 0 0 0 0 0 0 0 0 13 15 13 15 4 5 0 0 0 0 0 0 0 0 13 15 13 15 4 5 0 0 0 0 0 0 0 0 13 15 13 15 4 5 0 0 0 0 0 0 0 0 13 15 13 15 4 5 0 0 0 0 0 0 0 0 13 15 13 15 13 15 0 0 0 0 0 0 0 0
113 800 200 800 0 200 0 1000 13 15 13 15 4 5 0 0 0 0 0 0 0 0 13 15 13 15 4 5 0 0 0 0 0 0 0 0 13 15 13 15 4 5 0 0 0 0 0 0 0 0 13 15 13 15 4 5 0 0 0 0 0 0 0 0 13 15 13 15 4 5 0 0 0 0 0 0 0 0 13 15 13 15 13 15 0 0 0 0 0 0 0 0
114 800 200 800 0 200 0 1000 13 15 13 15 4 5 4624 17 0 0 0 0 4624 17 13 15 13 15 4 5 4624 17 0 0 0 0 4624 17 13 15 13 15 4 5 4624 17 0 0 0 0 4624 17 13 15 13 15 4 5 4624 17 0 0 0 0 4624 17 13 15 13 15 4 5 4624 17 0 0 0 0 4624 17 13 15 13 15 13 15 4624 17 0 0 0 0 4624 17
115 800 200 800 0 200 0 1000 13 15 13 15 4 5 0 0 0 0 0 0 0 0 13 15 13 15 4 5 0 0 0 0 0 0 0 0 13 15 13 15 4 5 0 0 0 0 0 0 0 0 13 15 13 15 4 5 0 0 0 0 0 0 0 0 13 15 13 15 4 5 0 0 0 0 0 0 0 0 14 18 13 15 14 18 0 0 0 0 0 0 0 0
116 800 200 800 0 200 0 1000 13 15 13 15 4 5 0 0 0 0 0 0 0 0 13 15 13 15 4 5 0 0 0 0 0 0 0 0 13 15 13 15 4 5 0 0 0 0 0 0 0 0 13 15 13 15 4 5 0 0 0 0 0 0 0 0 13 15 13 15 4 5 0 0 0 0 0 0 0 0 14 18 13 15 14 18 0 0 0 0 0 0 0 0
117 800 200 800 0 200 0 1000 13 15 13 15 4 5 0 0 0 0 0 0 0 0 13 15 13 15 4 5 0 0 0 0 0 0 0 0 13 15 13 15 4 5 0 0 0 0 0 0 0 0 13 15 13 15 4 5 0 0 0 0 0 0 0 0 13 15 13 15 4 5 0 0 0 0 0 0 0 0 14 18 13 15 14 18 0 0 0 0 0 0 0 0
118 800 200 800 0 200 0 1000 13 15 13 15 4 5 5712 21 0 0 0 0 5712 21 13 15 13 15 4 5 5712 21 0 0 0 0 5712 21 13 15 13 15 4 5 5712 21 0 0 0 0 5712 21 13 15 13 15 4 5 5712 21 0 0 0 0 5712 21 13 15 13 15 4 5 5712 21 0 0 0 0 5712 21 14 18 13 15 14 18 5712 21 0 0 0 0 5712 21
119 800 200 800 0 200 0 1000 13 15 13 15 4 5 0 0 0 0 0 0 0 0 13 15 13 15 4 5 0 0 0 0 0 0 0 0 13 15 13 15 4 5 0 0 0 0 0 0 0 0 13 15 13 15 4 5 0 0 0 0 0 0 0 0 13 15 13 15 4 5 0 0 0 0 0 0 0 0 14 18 13 15 14 18 0 0 0 0 0 0 0 0
120 800 200 800 0 200 0 1000 13 15 13 15 4 5 0 0 0 0 0 0 0 0 13 15 13 15 4 5 0 0 0 0 0 0 0 0 13 15 13 15 4 5 0 0 0 0 0 0 0 0 13 15 13 15 4 5 0 0 0 0 0 0 0 0 13 15 13 15 4 5 0 0 0 0 0 0 0 0 14 18 13 15 14 18 0 0 0 0 0 0 0 0
121 800 200 800 0 200 0 1000 13 15 13 15 4 5 0 0 0 0 0 0 0 0 13 15 13 15 4 5 0 0 0 0 0 0 0 0 13 15 13 15 4 5 0 0 0 0 0 0 0 0 13 15 13 15 4 5 0 0 0 0 0 0 0 0 13 15 13 15 4 5 0 0 0 0 0 0 0 0 14 18 13 15 14 18 0 0 0 0 0 0 0 0
122 800 200 800 0 200 0 1000 13 15 13 15 4 5 6800 25 0 0 0 0 6800 25 13 15 13 15 4 5 6800 25 0 0 0 0 6800 25 13 15 13 15 4 5 6800 25 0 0 0 0 6800 25 13 15 13 15 4 5 6800 25 0 0 0 0 6800 25 13 15 13 15 4 5 6800 25 0 0 0 0 6800 25 14 18 13 15 14 18 6800 25 0 0 0 0 6800 25
123 800 200 800 0 200 0 1000 13 15 13 15 4 5 0 0 0 0 0 0 0 0 13 15 13 15 4 5 0 0 0 0 0 0 0 0 13 15 13 15 4 5 0 0 0 0 0 0 0 0 13 15 13 15 4 5 0 0 0 0 0 0 0 0 13 15 13 15 4 5 0 0 0 0 0 0 0 0 15 20 13 15 15 20 0 0 0 0 0 0 0 0
124 800 200 800 0 200 0 1000 13 15 13 15 4 5 0 0 0 0 0 0 0 0 13 15 13 15 4 5 0 0 0 0 0 0 0 0 13 15 13 15 4 5 0 0 0 0 0 0 0 0 13 15 13 15 4 5 0 0 0 0 0 0 0 0 13 15 13 15 4 5 0 0 0 0 0 0 0 0 15 20 13 15 15 20 0 0 0 0 0 0 0 0
125 800 200 800 0 200 0 1000 13 15 13 15 4 5 81239 1 81239 1 0 0 0 0 13 15 13 15 4 5 81239 1 81239 1 0 0 0 0 13 15 13 15 4 5 81239 1 81239 1 0 0 0 0 13 15 13 15 4 5 81239 1 81239 1 0 0 0 0 13 15 13 15 4 5 81239 1 81239 1 0 0 0 0 15 20 13 15 15 20 81239 1 81239 1 0 0 0 0
126 0 1000 0 800 200 0 1000 13 15 13 15 4 5 86003 22 0 0 80291 1 5712 21 13 15 13 15 4 5 86003 22 0 0 80291 1 5712 21 13 15 13 15 4 5 86003 22 0 0 80291 1 5712 21 13 15 13 15 4 5 86003 22 0 0 80291 1 5712 21 13 15 13 15 4 5 86003 22 0 0 80291 1 5712 21 15 20 13 15 15 20 86003 22 0 0 80291 1 5712 21
127 0 1000 0 0 1000 0 1000 15 20 13 15 15 20 0 0 0 0 0 0 0 0 15 20 13 15 15 20 0 0 0 0 0 0 0 0 15 20 13 15 15 20 0 0 0 0 0 0 0 0 15 20 13 15 15 20 0 0 0 0 0 0 0 0 15 20 13 15 15 20 0 0 0 0 0 0 0 0 15 20 13 15 15 20 0 0 0 0 0 0 0 0
128 0 1000 0 0 1000 0 1000 15 20 13 15 15 20 0 0 0 0 0 0 0 0 15 20 13 15 15 20 0 0 0 0 0 0 0 0 15 20 13 15 15 20 0 0 0 0 0 0 0 0 15 20 13 15 15 20 0 0 0 0 0 0 0 0 15 20 13 15 15 20 0 0 0 0 0 0 0 0 15 20 13 15 15 20 0 0 0 0 0 0 0 0
129 0 1000 0 0 1000 0 1000 15 20 13 15 15 20 243333 3 243333 3 0 0 0 0 15 20 13 15 15 20 243333 3 243333 3 0 0 0 0 15 20 13 15 15 20 243333 3 243333 3 0 0 0 0 15 20 13 15 15 20 243333 3 243333 3 0 0 0 0 15 20 13 15 15 20 243333 3 243333 3 0 0 0 0 15 20 13 15 15 20 243333 3 243333 3 0 0 0 0
130 0 1000 0 0 1000 0 1000 20 32 20 32 15 20 108035 103 0 0 80291 1 27744 102 20 32 20 32 15 20 108035 103 0 0 80291 1 27744 102 20 32 20 32 15 20 108035 103 0 0 80291 1 27744 102 20 32 20 32 15 20 108035 103 0 0 80291 1 27744 102 20 32 20 32 15 20 108035 103 0 0 80291 1 27744 102 20 32 20 32 15 20 108035 103 0 0 80291 1 27744 102
131 0 1000 0 0 1000 0 1000 20 32 20 32 16 22 0 0 0 0 0 0 0 0 20 32 20 32 16 22 0 0 0 0 0 0 0 0 20 32 20 32 16 22 0 0 0 0 0 0 0 0 20 32 20 32 16 22 0 0 0 0 0 0 0 0 20 32 20 32 16 22 0 0 0 0 0 0 0 0 20 32 20 32 16 22 0 0 0 0 0 0 0 0
132 0 1000 0 0 1000 0 1000 20 32 20 32 16 22 0 0 0 0 0 0 0 0 20 32 20 32 16 22 0 0 0 0 0 0 0 0 20 32 20 32 16 22 0 0 0 0 0 0 0 0 20 32 20 32 16 22 0 0 0 0 0 0 0 0 20 32 20 32 16 22 0 0 0 0 0 0 0 0 20 32 20 32 16 22 0 0 0 0 0 0 0 0
133 0 1000 0 0 1000 0 1000 20 32 20 32 16 22 251109 3 251109 3 0 0 0 0 20 32 20 32 16 22 251109 3 251109 3 0 0 0 0 20 32 20 32 16 22 251109 3 251109 3 0 0 0 0 20 32 20 32 16 22 251109 3 251109 3 0 0 0 0 20 32 20 32 16 22 251109 3 251109 3 0 0 0 0 20 32 20 32 16 22 251109 3 251109 3 0 0 0 0
134 0 1000 0 0 1000 0 1000 21 33 21 33 16 22 106131 96 0 0 80291 1 25840 95 21 33 21 33 16 22 106131 96 0 0 80291 1 25840 95 21 33 21 33 16 22 106131 96 0 0 80291 1 25840 95 21 33 21 33 16 22 106131 96 0 0 80291 1 25840 95 21 33 21 33 16 22 106131 96 0 0 80291 1 25840 95 21 33 21 33 16 22 106131 96 0 0 80291 1 25840 95
135 0 1000 0 0 1000 0 1000 21 33 21 33 16 22 0 0 0 0 0 0 0 0 21 33 21 33 16 22 0 0 0 0 0 0 0 0 21 33 21 33 16 22 0 0 0 0 0 0 0 0 21 33 21 33 16 22 0 0 0 0 0 0 0 0 21 33 21 33 16 22 0 0 0 0 0 0 0 0 21 33 21 33 16 22 0 0 0 0 0 0 0 0
136 0 1000 0 0 1000 0 1000 21 33 21 33 16 22 0 0 0 0 0 0 0 0 21 33 21 33 16 22 0 0 0 0 0 0 0 0 21 33 21 33 16 22 0 0 0 0 0 0 0 0 21 33 21 33 16 22 0 0 0 0 0 0 0 0 21 33 21 33 16 22 0 0 0 0 0 0 0 0 21 33 21 33 16 22 0 0 0 0 0 0 0 0
137 0 1000 0 0 1000 0 1000 21 33 21 33 16 22 83479 1 83479 1 0 0 0 0 21 33 21 33 16 22 83479 1 83479 1 0 0 0 0 21 33 21 33 16 22 83479 1 83479 1 0 0 0 0 21 33 21 33 16 22 83479 1 83479 1 0 0 0 0 21 33 21 33 16 22 83479 1 83479 1 0 0 0 0 21 33 21 33 16 22 83479 1 83479 1 0 0 0 0
138 0 1000 0 0 1000 0 1000 22 34 22 34 16 22 111571 116 0 0 80291 1 31280 115 22 34 22 34 16 22 111571 116 0 0 80291 1 31280 115 22 34 22 34 16 22 111571 116 0 0 80291 1 31280 115 22 34 22 34 16 22 111571 116 0 0 80291 1 31280 115 22 34 22 34 16 22 111571 116 0 0 80291 1 31280 115 22 34 22 34 16 22 111571 116 0 0 80291 1 31280 115
139 0 1000 0 0 1000 0 1000 22 34 22 34 17 24 0 0 0 0 0 0 0 0 22 34 22 34 17 24 0 0 0 0 0 0 0 0 22 34 22 34 17 24 0 0 0 0 0 0 0 0 22 34 22 34 17 24 0 0 0 0 0 0 0 0 22 34 22 34 17 24 0 0 0 0 0 0 0 0 22 34 22 34 17 24 0 0 0 0 0 0 0 0
140 0 1000 0 0 1000 0 1000 22 34 22 34 17 24 0 0 0 0 0 0 0 0 22 34 22 34 17 24 0 0 0 0 0 0 0 0 22 34 22 34 17 24 0 0 0 0 0 0 0 0 22 34 22 34 17 24 0 0 0 0 0 0 0 0 22 34 22 34 17 24 0 0 0 0 0 0 0 0 22 34 22 34 17 24 0 0 0 0 0 0 0 0
141 0 1000 0 0 1000 0 1000 22 34 22 34 17 24 168238 2 168238 2 0 0 0 0 22 34 22 34 17 24 168238 2 168238 2 0 0 0 0 22 34 22 34 17 24 168238 2 168238 2 0 0 0 0 22 34 22 34 17 24 168238 2 168238 2 0 0 0 0 22 34 22 34 17 24 168238 2 168238 2 0 0 0 0 22 34 22 34 17 24 168238 2 168238 2 0 0 0 0
142 0 1000 0 0 1000 0 1000 23 35 23 35 17 24 109123 107 0 0 80291 1 28832 106 23 35 23 35 17 24 109123 107 0 0 80291 1 28832 106 23 35 23 35 17 24 109123 107 0 0 80291 1 28832 106 23 35 23 35 17 24 109123 107 0 0 80291 1 28832 106 23 35 23 35 17 24 109123 107 0 0 80291 1 28832 106 23 35 23 35 17 24 109123 107 0 0 80291 1 28832 106
143 0 1000 0 0 1000 0 1000 23 35 23 35 18 25 0 0 0 0 0 0 0 0 23 35 23 35 18 25 0 0 0 0 0 0 0 0 23 35 23 35 18 25 0 0 0 0 0 0 0 0 23 35 23 35 18 25 0 0 0 0 0 0 0 0 23 35 23 35 18 25 0 0 0 0 0 0 0 0 23 35 23 35 18 25 0 0 0 0 0 0 0 0
144 0 1000 0 0 1000 0 1000 23 35 23 35 18 25 0 0 0 0 0 0 0 0 23 35 23 35 18 25 0 0 0 0 0 0 0 0 23 35 23 35 18 25 0 0 0 0 0 0 0 0 23 35 23 35 18 25 0 0 0 0 0 0 0 0 23 35 23 35 18 25 0 0 0 0 0 0 0 0 23 35 23 35 18 25 0 0 0 0 0 0 0 0
145 0 1000 0 0 1000 0 1000 23 35 23 35 18 25 251492 3 251492 3 0 0 0 0 23 35 23 35 18 25 251492 3 251492 3 0 0 0 0 23 35 23 35 18 25 251492 3 251492 3 0 0 0 0 23 35 23 35 18 25 251492 3 251492 3 0 0 0 0 23 35 23 35 18 25 251492 3 251492 3 0 0 0 0 23 35 23 35 18 25 251492 3 251492 3 0 0 0 0
146 0 1000 0 0 1000 0 1000 24 36 24 36 18 25 110755 113 0 0 80291 1 30464 112 24 36 24 36 18 25 110755 113 0 0 80291 1 30464 112 24 36 24 36 18 25 110755 113 0 0 80291 1 30464 112 24 36 24 36 18 25 110755 113 0 0 80291 1 30464 112 24 36 24 36 18 25 110755 113 0 0 80291 1 30464 112 24 36 24 36 18 25 110755 113 0 0 80291 1 30464 112
147 0 1000 0 0 1000 0 1000 24 36 24 36 18 25 0 0 0 0 0 0 0 0 24 36 24 36 18 25 0 0 0 0 0 0 0 0 24 36 24 36 18 25 0 0 0 0 0 0 0 0 24 36 24 36 18 25 0 0 0 0 0 0 0 0 24 36 24 36 18 25 0 0 0 0 0 0 0 0 24 36 24 36 18 25 0 0 0 0 0 0 0 0
148 0 1000 0 0 1000 0 1000 24 36 24 36 18 25 0 0 0 0 0 0 0 0 24 36 24 36 18 25 0 0 0 0 0 0 0 0 24 36 24 36 18 25 0 0 0 0 0 0 0 0 24 36 24 36 18 25 0 0 0 0 0 0 0 0 24 36 24 36 18 25 0 0 0 0 0 0 0 0 24 36 24 36 18 25 0 0 0 0 0 0 0 0
149 0 1000 0 0 1000 0 1000 24 36 24 36 18 25 84023 1 84023 1 0 0 0 0 24 36 24 36 18 25 84023 1 84023 1 0 0 0 0 24 36 24 36 18 25 84023 1 84023 1 0 0 0 0 24 36 24 36 18 25 84023 1 84023 1 0 0 0 0 24 36 24 36 18 25 84023 1 84023 1 0 0 0 0 24 36 24 36 18 25 84023 1 84023 1 0 0 0 0
150 0 1000 0 0 1000 0 1000 25 37 25 37 18 25 106131 96 0 0 80291 1 25840 95 25 37 25 37 18 25 106131 96 0 0 80291 1 25840 95 25 37 25 37 18 25 106131 96 0 0 80291 1 25840 95 25 37 25 37 18 25 106131 96 0 0 80291 1 25840 95 25 37 25 37 18 25 106131 96 0 0 80291 1 25840 95 25 37 25 37 18 25 106131 96 0 0 80291 1 25840 95
151 0 1000 0 0 1000 0 1000 25 37 25 37 18 25 0 0 0 0 0 0 0 0 25 37 25 37 18 25 0 0 0 0 0 0 0 0 25 37 25 37 18 25 0 0 0 0 0 0 0 0 25 37 25 37 18 25 0 0 0 0 0 0 0 0 25 37 25 37 18 25 0 0 0 0 0 0 0 0 25 37 25 37 18 25 0 0 0 0 0 0 0 0
152 0 1000 0 0 1000 0 1000 25 37 25 37 18 25 0 0 0 0 0 0 0 0 25 37 25 37 18 25 0 0 0 0 0 0 0 0 25 37 25 37 18 25 0 0 0 0 0 0 0 0 25 37 25 37 18 25 0 0 0 0 0 0 0 0 25 37 25 37 18 25 0 0 0 0 0 0 0 0 25 37 25 37 18 25 0 0 0 0 0 0 0 0
153 0 1000 0 0 1000 0 1000 25 37 25 37 18 25 417395 5 417395 5 0 0 0 0 25 37 25 37 18 25 417395 5 417395 5 0 0 0 0 25 37 25 37 18 25 417395 5 417395 5 0 0 0 0 25 37 25 37 18 25 417395 5 417395 5 0 0 0 0 25 37 25 37 18 25 417395 5 417395 5 0 0 0 0 25 37 25 37 18 25 417395 5 417395 5 0 0 0 0
154 0 1000 0 0 1000 0 1000 26 38 26 38 18 25 108579 105 0 0 80291 1 28288 104 26 38 26 38 18 25 108579 105 0 0 80291 1 28288 104 26 38 26 38 18 25 108579 105 0 0 80291 1 28288 104 26 38 26 38 18 25 108579 105 0 0 80291 1 28288 104 26 38 26 38 18 25 108579 105 0 0 80291 1 28288 104 26 38 26 38 18 25 108579 105 0 0 80291 1 28288 104
155 0 1000 0 0 1000 0 1000 26 38 26 38 18 25 0 0 0 0 0 0 0 0 26 38 26 38 18 25 0 0 0 0 0 0 0 0 26 38 26 38 18 25 0 0 0 0 0 0 0 0 26 38 26 38 18 25 0 0 0 0 0 0 0 0 26 38 26 38 18 25 0 0 0 0 0 0 0 0 26 38 26 38 18 25 0 0 0 0 0 0 0 0
156 0 1000 0 0 1000 0 1000 26 38 26 38 18 25 0 0 0 0 0 0 0 0 26 38 26 38 18 25 0 0 0 0 0 0 0 0 26 38 26 38 18 25 0 0 0 0 0 0 0 0 26 38 26 38 18 25 0 0 0 0 0 0 0 0 26 38 26 38 18 25 0 0 0 0 0 0 0 0 26 38 26 38 18 25 0 0 0 0 0 0 0 0
157 0 1000 0 0 1000 0 1000 26 38 26 38 18 25 335068 4 335068 4 0 0 0 0 26 38 26 38 18 25 335068 4 335068 4 0 0 0 0 26 38 26 38 18 25 335068 4 335068 4 0 0 0 0 26 38 26 38 18 25 335068 4 335068 4 0 0 0 0 26 38 26 38 18 25 335068 4 335068 4 0 0 0 0 26 38 26 38 18 25 335068 4 335068 4 0 0 0 0
158 0 1000 0 0 1000 0 1000 27 39 27 39 18 25 109123 107 0 0 80291 1 28832 106 27 39 27 39 18 25 109123 107 0 0 80291 1 28832 106 27 39 27 39 18 25 109123 107 0 0 80291 1 28832 106 27 39 27 39 18 25 109123 107 0 0 80291 1 28832 106 27 39 27 39 18 25 109123 107 0 0 80291 1 28832 106 27 39 27 39 18 25 109123 107 0 0 80291 1 28832 106
159 0 1000 0 0 1000 0 1000 27 39 27 39 18 25 0 0 0 0 0 0 0 0 27 39 27 39 18 25 0 0 0 0 0 0 0 0 27 39 27 39 18 25 0 0 0 0 0 0 0 0 27 39 27 39 18 25 0 0 0 0 0 0 0 0 27 39 27 39 18 25 0 0 0 0 0 0 0 0 27 39 27 39 18 25 0 0 0 0 0 0 0 0
160 0 1000 0 0 1000 0 1000 27 39 27 39 18 25 0 0 0 0 0 0 0 0 27 39 27 39 18 25 0 0 0 0 0 0 0 0 27 39 27 39 18 25 0 0 0 0 0 0 0 0 27 39 27 39 18 25 0 0 0 0 0 0 0 0 27 39 27 39 18 25 0 0 0 0 0 0 0 0 27 39 27 39 18 25 0 0 0 0 0 0 0 0
161 0 1000 0 0 1000 0 1000 27 39 27 39 18 25 167662 2 167662 2 0 0 0 0 27 39 27 39 18 25 167662 2 167662 2 0 0 0 0 27 39 27 39 18 25 167662 2 167662 2 0 0 0 0 27 39 27 39 18 25 167662 2 167662 2 0 0 0 0 27 39 27 39 18 25 167662 2 167662 2 0 0 0 0 27 39 27 39 18 25 167662 2 167662 2 0 0 0 0
162 0 1000 0 0 1000 0 1000 28 40 28 40 18 25 102323 82 0 0 80291 1 22032 81 28 40 28 40 18 25 102323 82 0 0 80291 1 22032 81 28 40 28 40 18 25 102323 82 0 0 80291 1 22032 81 28 40 28 40 18 25 102323 82 0 0 80291 1 22032 81 28 40 28 40 18 25 102323 82 0 0 80291 1 22032 81 28 40 28 40 18 25 102323 82 0 0 80291 1 22032 81
163 0 1000 0 0 1000 0 1000 28 40 28 40 18 25 0 0 0 0 0 0 0 0 28 40 28 40 18 25 0 0 0 0 0 0 0 0 28 40 28 40 18 25 0 0 0 0 0 0 0 0 28 40 28 40 18 25 0 0 0 0 0 0 0 0 28 40 28 40 18 25 0 0 0 0 0 0 0 0 28 40 28 40 18 25 0 0 0 0 0 0 0 0
164 0 1000 0 0 1000 0 1000 28 40 28 40 18 25 0 0 0 0 0 0 0 0 28 40 28 40 18 25 0 0 0 0 0 0 0 0 28 40 28 40 18 25 0 0 0 0 0 0 0 0 28 40 28 40 18 25 0 0 0 0 0 0 0 0 28 40 28 40 18 25 0 0 0 0 0 0 0 0 28 40 28 40 18 25 0 0 0 0 0 0 0 0
165 0 1000 0 0 1000 0 1000 28 40 28 40 18 25 332124 4 332124 4 0 0 0 0 28 40 28 40 18 25 332124 4 332124 4 0 0 0 0 28 40 28 40 18 25 332124 4 332124 4 0 0 0 0 28 40 28 40 18 25 332124 4 332124 4 0 0 0 0 28 40 28 40 18 25 332124 4 332124 4 0 0 0 0 28 40 28 40 18 25 332124 4 332124 4 0 0 0 0
166 0 1000 0 0 1000 0 1000 29 41 29 41 18 25 108307 104 0 0 80291 1 28016 103 29 41 29 41 18 25 108307 104 0 0 80291 1 28016 103 29 41 29 41 18 25 108307 104 0 0 80291 1 28016 103 29 41 29 41 18 25 108307 104 0 0 80291 1 28016 103 29 41 29 41 18 25 108307 104 0 0 80291 1 28016 103 29 41 29 41 18 25 108307 104 0 0 80291 1 28016 103
167 0 1000 0 0 1000 0 1000 29 41 29 41 19 31 0 0 0 0 0 0 0 0 29 41 29 41 19 31 0 0 0 0 0 0 0 0 29 41 29 41 19 31 0 0 0 0 0 0 0 0 29 41 29 41 19 31 0 0 0 0 0 0 0 0 29 41 29 41 19 31 0 0 0 0 0 0 0 0 29 41 29 41 19 31 0 0 0 0 0 0 0 0
168 0 1000 0 0 1000 0 1000 29 41 29 41 19 31 0 0 0 0 0 0 0 0 29 41 29 41 19 31 0 0 0 0 0 0 0 0 29 41 29 41 19 31 0 0 0 0 0 0 0 0 29 41 29 41 19 31 0 0 0 0 0 0 0 0 29 41 29 41 19 31 0 0 0 0 0 0 0 0 29 41 29 41 19 31 0 0 0 0 0 0 0 0
169 0 1000 0 0 1000 0 1000 29 41 29 41 19 31 167469 2 167469 2 0 0 0 0 29 41 29 41 19 31 167469 2 167469 2 0 0 0 0 29 41 29 41 19 31 167469 2 167469 2 0 0 0 0 29 41 29 41 19 31 167469 2 167469 2 0 0 0 0 29 41 29 41 19 31 167469 2 167469 2 0 0 0 0 29 41 29 41 19 31 167469 2 167469 2 0 0 0 0
170 0 1000 0 0 1000 0 1000 30 42 30 42 19 31 105586 94 0 0 80290 1 25296 93 30 42 30 42 19 31 105586 94 0 0 80290 1 25296 93 30 42 30 42 19 31 105586 94 0 0 80290 1 25296 93 30 42 30 42 19 31 105586 94 0 0 80290 1 25296 93 30 42 30 42 19 31 105586 94 0 0 80290 1 25296 93 30 42 30 42 19 31 105586 94 0 0 80290 1 25296 93
171 0 1000 0 0 1000 0 1000 30 42 30 42 20 32 0 0 0 0 0 0 0 0 30 42 30 42 20 32 0 0 0 0 0 0 0 0 30 42 30 42 20 32 0 0 0 0 0 0 0 0 30 42 30 42 20 32 0 0 0 0 0 0 0 0 30 42 30 42 20 32 0 0 0 0 0 0 0 0 30 42 30 42 20 32 0 0 0 0 0 0 0 0
172 0 1000 0 0 1000 0 1000 30 42 30 42 20 32 0 0 0 0 0 0 0 0 30 42 30 42 20 32 0 0 0 0 0 0 0 0 30 42 30 42 20 32 0 0 0 0 0 0 0 0 30 42 30 42 20 32 0 0 0 0 0 0 0 0 30 42 30 42 20 32 0 0 0 0 0 0 0 0 30 42 30 42 20 32 0 0 0 0 0 0 0 0
173 0 1000 0 0 1000 0 1000 30 42 30 42 20 32 333660 4 333660 4 0 0 0 0 30 42 30 42 20 32 333660 4 333660 4 0 0 0 0 30 42 30 42 20 32 333660 4 333660 4 0 0 0 0 30 42 30 42 20 32 333660 4 333660 4 0 0 0 0 30 42 30 42 20 32 333660 4 333660 4 0 0 0 0 30 42 30 42 20 32 333660 4 333660 4 0 0 0 0
174 0 1000 0 0 1000 0 1000 31 43 31 43 20 32 108579 105 0 0 80291 1 28288 104 31 43 31 43 20 32 108579 105 0 0 80291 1 28288 104 31 43 31 43 20 32 108579 105 0 0 80291 1 28288 104 31 43 31 43 20 32 108579 105 0 0 80291 1 28288 104 31 43 31 43 20 32 108579 105 0 0 80291 1 28288 104 31 43 31 43 20 32 108579 105 0 0 80291 1 28288 104
175 0 1000 0 0 1000 0 1000 31 43 31 43 21 33 0 0 0 0 0 0 0 0 31 43 31 43 21 33 0 0 0 0 0 0 0 0 31 43 31 43 21 33 0 0 0 0 0 0 0 0 31 43 31 43 21 33 0 0 0 0 0 0 0 0 31 43 31 43 21 33 0 0 0 0 0 0 0 0 31 43 31 43 21 33 0 0 0 0 0 0 0 0
176 0 1000 0 0 1000 0 1000 31 43 31 43 21 33 0 0 0 0 0 0 0 0 31 43 31 43 21 33 0 0 0 0 0 0 0 0 31 43 31 43 21 33 0 0 0 0 0 0 0 0 31 43 31 43 21 33 0 0 0 0 0 0 0 0 31 43 31 43 21 33 0 0 0 0 0 0 0 0 31 43 31 43 21 33 0 0 0 0 0 0 0 0
177 0 1000 0 0 1000 0 1000 31 43 31 43 21 33 0 0 0 0 0 0 0 0 31 43 31 43 21 33 0 0 0 0 0 0 0 0 31 43 31 43 21 33 0 0 0 0 0 0 0 0 31 43 31 43 21 33 0 0 0 0 0 0 0 0 31 43 31 43 21 33 0 0 0 0 0 0 0 0 31 43 31 43 21 33 0 0 0 0 0 0 0 0
178 0 1000 0 0 1000 0 1000 31 43 31 43 21 33 28560 105 0 0 0 0 28560 105 31 43 31 43 21 33 28560 105 0 0 0 0 28560 105 31 43 31 43 21 33 28560 105 0 0 0 0 28560 105 31 43 31 43 21 33 28560 105 0 0 0 0 28560 105 31 43 31 43 21 33 28560 105 0 0 0 0 28560 105 31 43 31 43 21 33 28560 105 0 0 0 0 28560 105
179 0 1000 0 0 1000 0 1000 31 43 31 43 22 34 0 0 0 0 0 0 0 0 31 43 31 43 22 34 0 0 0 0 0 0 0 0 31 43 31 43 22 34 0 0 0 0 0 0 0 0 31 43 31 43 22 34 0 0 0 0 0 0 0 0 31 43 31 43 22 34 0 0 0 0 0 0 0 0 31 43 31 43 22 34 0 0 0 0 0 0 0 0
180 0 1000 0 0 1000 0 1000 31 43 31 43 22 34 0 0 0 0 0 0 0 0 31 43 31 43 22 34 0 0 0 0 0 0 0 0 31 43 31 43 22 34 0 0 0 0 0 0 0 0 31 43 31 43 22 34 0 0 0 0 0 0 0 0 31 43 31 43 22 34 0 0 0 0 0 0 0 0 31 43 31 43 22 34 0 0 0 0 0 0 0 0
181 0 1000 0 0 1000 0 1000 31 43 31 43 22 34 251396 3 251396 3 0 0 0 0 31 43 31 43 22 34 251396 3 251396 3 0 0 0 0 31 43 31 43 22 34 251396 3 251396 3 0 0 0 0 31 43 31 43 22 34 251396 3 251396 3 0 0 0 0 31 43 31 43 22 34 251396 3 251396 3 0 0 0 0 31 43 31 43 22 34 251396 3 251396 3 0 0 0 0
182 0 1000 0 0 1000 0 1000 32 45 32 45 22 34 108579 105 0 0 80291 1 28288 104 32 45 32 45 22 34 108579 105 0 0 80291 1 28288 104 32 45 32 45 22 34 108579 105 0 0 80291 1 28288 104 32 45 32 45 22 34 108579 105 0 0 80291 1 28288 104 32 45 32 45 22 34 108579 105 0 0 80291 1 28288 104 32 45 32 45 22 34 108579 105 0 0 80291 1 28288 104
183 0 1000 0 0 1000 0 1000 32 45 32 45 23 35 0 0 0 0 0 0 0 0 32 45 32 45 23 35 0 0 0 0 0 0 0 0 32 45 32 45 23 35 0 0 0 0 0 0 0 0 32 45 32 45 23 35 0 0 0 0 0 0 0 0 32 45 32 45 23 35 0 0 0 0 0 0 0 0 32 45 32 45 23 35 0 0 0 0 0 0 0 0
184 0 1000 0 0 1000 0 1000 32 45 32 45 23 35 0 0 0 0 0 0 0 0 32 45 32 45 23 35 0 0 0 0 0 0 0 0 32 45 32 45 23 35 0 0 0 0 0 0 0 0 32 45 32 45 23 35 0 0 0 0 0 0 0 0 32 45 32 45 23 35 0 0 0 0 0 0 0 0 32 45 32 45 23 35 0 0 0 0 0 0 0 0
185 0 1000 0 0 1000 0 1000 32 45 32 45 23 35 335068 4 335068 4 0 0 0 0 32 45 32 45 23 35 335068 4 335068 4 0 0 0 0 32 45 32 45 23 35 335068 4 335068 4 0 0 0 0 32 45 32 45 23 35 335068 4 335068 4 0 0 0 0 32 45 32 45 23 35 335068 4 335068 4 0 0 0 0 32 45 32 45 23 35 335068 4 335068 4 0 0 0 0
186 0 1000 0 0 1000 0 1000 33 46 33 46 23 35 108307 104 0 0 80291 1 28016 103 33 46 33 46 23 35 108307 104 0 0 80291 1 28016 103 33 46 33 46 23 35 108307 104 0 0 80291 1 28016 103 33 46 33 46 23 35 108307 104 0 0 80291 1 28016 103 33 46 33 46 23 35 108307 104 0 0 80291 1 28016 103 33 46 33 46 23 35 108307 104 0 0 80291 1 28016 103
187 800 200 800 0 200 0 1000 33 46 33 46 23 35 0 0 0 0 0 0 0 0 33 46 33 46 23 35 0 0 0 0 0 0 0 0 33 46 33 46 23 35 0 0 0 0 0 0 0 0 33 46 33 46 23 35 0 0 0 0 0 0 0 0 33 46 33 46 23 35 0 0 0 0 0 0 0 0 33 46 33 46 24 36 0 0 0 0 0 0 0 0
188 800 200 800 0 200 0 1000 33 46 33 46 23 35 0 0 0 0 0 0 0 0 33 46 33 46 23 35 0 0 0 0 0 0 0 0 33 46 33 46 23 35 0 0 0 0 0 0 0 0 33 46 33 46 23 35 0 0 0 0 0 0 0 0 33 46 33 46 23 35 0 0 0 0 0 0 0 0 33 46 33 46 24 36 0 0 0 0 0 0 0 0
189 800 200 800 0 200 0 1000 33 46 33 46 23 35 83735 1 83735 1 0 0 0 0 33 46 33 46 23 35 83735 1 83735 1 0 0 0 0 33 46 33 46 23 35 83735 1 83735 1 0 0 0 0 33 46 33 46 23 35 83735 1 83735 1 0 0 0 0 33 46 33 46 23 35 83735 1 83735 1 0 0 0 0 33 46 33 46 24 36 83735 1 83735 1 0 0 0 0
190 800 200 800 0 200 0 1000 33 46 33 46 23 35 84643 17 0 0 80291 1 4352 16 33 46 33 46 23 35 84643 17 0 0 80291 1 4352 16 33 46 33 46 23 35 84643 17 0 0 80291 1 4352 16 33 46 33 46 23 35 84643 17 0 0 80291 1 4352 16 33 46 33 46 23 35 84643 17 0 0 80291 1 4352 16 33 46 33 46 24 36 84643 17 0 0 80291 1 4352 16
191 800 200 800 0 200 0 1000 33 46 33 46 23 35 0 0 0 0 0 0 0 0 33 46 33 46 23 35 0 0 0 0 0 0 0 0 33 46 33 46 23 35 0 0 0 0 0 0 0 0 33 46 33 46 23 35 0 0 0 0 0 0 0 0 33 46 33 46 23 35 0 0 0 0 0 0 0 0 33 46 33 46 25 37 0 0 0 0 0 0 0 0
192 800 200 800 0 200 0 1000 33 46 33 46 23 35 0 0 0 0 0 0 0 0 33 46 33 46 23 35 0 0 0 0 0 0 0 0 33 46 33 46 23 35 0 0 0 0 0 0 0 0 33 46 33 46 23 35 0 0 0 0 0 0 0 0 33 46 33 46 23 35 0 0 0 0 0 0 0 0 33 46 33 46 25 37 0 0 0 0 0 0 0 0
193 800 200 800 0 200 0 1000 33 46 33 46 23 35 80951 1 80951 1 0 0 0 0 33 46 33 46 23 35 80951 1 80951 1 0 0 0 0 33 46 33 46 23 35 80951 1 80951 1 0 0 0 0 33 46 33 46 23 35 80951 1 80951 1 0 0 0 0 33 46 33 46 23 35 80951 1 80951 1 0 0 0 0 33 46 33 46 25 37 80951 1 80951 1 0 0 0 0
194 800 200 800 0 200 0 1000 33 46 33 46 23 35 84099 15 0 0 80291 1 3808 14 33 46 33 46 23 35 84099 15 0 0 80291 1 3808 14 33 46 33 46 23 35 84099 15 0 0 80291 1 3808 14 33 46 33 46 23 35 84099 15 0 0 80291 1 3808 14 33 46 33 46 23 35 84099 15 0 0 80291 1 3808 14 33 46 33 46 25 37 84099 15 0 0 80291 1 3808 14
195 800 200 800 0 200 0 1000 33 46 33 46 23 35 0 0 0 0 0 0 0 0 33 46 33 46 23 35 0 0 0 0 0 0 0 0 33 46 33 46 23 35 0 0 0 0 0 0 0 0 33 46 33 46 23 35 0 0 0 0 0 0 0 0 33 46 33 46 23 35 0 0 0 0 0 0 0 0 33 46 33 46 26 38 0 0 0 0 0 0 0 0
196 800 200 800 0 200 0 1000 33 46 33 46 23 35 0 0 0 0 0 0 0 0 33 46 33 46 23 35 0 0 0 0 0 0 0 0 33 46 33 46 23 35 0 0 0 0 0 0 0 0 33 46 33 46 23 35 0 0 0 0 0 0 0 0 33 46 33 46 23 35 0 0 0 0 0 0 0 0 33 46 33 46 26 38 0 0 0 0 0 0 0 0
197 800 200 800 0 200 0 1000 33 46 33 46 23 35 0 0 0 0 0 0 0 0 33 46 33 46 23 35 0 0 0 0 0 0 0 0 33 46 33 46 23 35 0 0 0 0 0 0 0 0 33 46 33 46 23 35 0 0 0 0 0 0 0 0 33 46 33 46 23 35 0 0 0 0 0 0 0 0 33 46 33 46 26 38 0 0 0 0 0 0 0 0
198 800 200 800 0 200 0 1000 33 46 33 46 23 35 4624 17 0 0 0 0 4624 17 33 46 33 46 23 35 4624 17 0 0 0 0 4624 17 33 46 33 46 23 35 4624 17 0 0 0 0 4624 17 33 46 33 46 23 35 4624 17 0 0 0 0 4624 17 33 46 33 46 23 35 4624 17 0 0 0 0 4624 17 33 46 33 46 26 38 4624 17 0 0 0 0 4624 17
199 800 200 800 0 200 0 1000 33 46 33 46 23 35 0 0 0 0 0 0 0 0 33 46 33 46 23 35 0 0 0 0 0 0 0 0 33 46 33 46 23 35 0 0 0 0 0 0 0 0 33 46 33 46 23 35 0 0 0 0 0 0 0 0 33 46 33 46 23 35 0 0 0 0 0 0 0 0 33 46 33 46 27 39 0 0 0 0 0 0 0 0
200 800 200 800 0 200 0 1000 33 46 33 46 23 35 0 0 0 0 0 0 0 0 33 46 33 46 23 35 0 0 0 0 0 0 0 0 33 46 33 46 23 35 0 0 0 0 0 0 0 0 33 46 33 46 23 35 0 0 0 0 0 0 0 0 33 46 33 46 23 35 0 0 0 0 0 0 0 0 33 46 33 46 27 39 0 0 0 0 0 0 0 0
201 800 200 800 0 200 0 1000 33 46 33 46 23 35 0 0 0 0 0 0 0 0 33 46 33 46 23 35 0 0 0 0 0 0 0 0 33 46 33 46 23 35 0 0 0 0 0 0 0 0 33 46 33 46 23 35 0 0 0 0 0 0 0 0 33 46 33 46 23 35 0 0 0 0 0 0 0 0 33 46 33 46 27 39 0 0 0 0 0 0 0 0
202 800 200 800 0 200 0 1000 33 46 33 46 23 35 4352 16 0 0 0 0 4352 16 33 46 33 46 23 35 4352 16 0 0 0 0 4352 16 33 46 33 46 23 35 4352 16 0 0 0 0 4352 16 33 46 33 46 23 35 4352 16 0 0 0 0 4352 16 33 46 33 46 23 35 4352 16 0 0 0 0 4352 16 33 46 33 46 27 39 4352 16 0 0 0 0 4352 16
203 800 200 800 0 200 0 1000 33 46 33 46 23 35 0 0 0 0 0 0 0 0 33 46 33 46 23 35 0 0 0 0 0 0 0 0 33 46 33 46 23 35 0 0 0 0 0 0 0 0 33 46 33 46 23 35 0 0 0 0 0 0 0 0 33 46 33 46 23 35 0 0 0 0 0 0 0 0 33 46 33 46 28 40 0 0 0 0 0 0 0 0
204 800 200 800 0 200 0 1000 33 46 33 46 23 35 0 0 0 0 0 0 0 0 33 46 33 46 23 35 0 0 0 0 0 0 0 0 33 46 33 46 23 35 0 0 0 0 0 0 0 0 33 46 33 46 23 35 0 0 0 0 0 0 0 0 33 46 33 46 23 35 0 0 0 0 0 0 0 0 33 46 33 46 28 40 0 0 0 0 0 0 0 0
205 800 200 800 0 200 0 1000 33 46 33 46 23 35 80951 1 80951 1 0 0 0 0 33 46 33 46 23 35 80951 1 80951 1 0 0 0 0 33 46 33 46 23 35 80951 1 80951 1 0 0 0 0 33 46 33 46 23 35 80951 1 80951 1 0 0 0 0 33 46 33 46 23 35 80951 1 80951 1 0 0 0 0 33 46 33 46 28 40 80951 1 80951 1 0 0 0 0
206 800 200 800 0 200 0 1000 33 46 33 46 23 35 84099 15 0 0 80291 1 3808 14 33 46 33 46 23 35 84099 15 0 0 80291 1 3808 14 33 46 33 46 23 35 84099 15 0 0 80291 1 3808 14 33 46 33 46 23 35 84099 15 0 0 80291 1 3808 14 33 46 33 46 23 35 84099 15 0 0 80291 1 3808 14 33 46 33 46 28 40 84099 15 0 0 80291 1 3808 14
207 800 200 800 0 200 0 1000 33 46 33 46 23 35 0 0 0 0 0 0 0 0 33 46 33 46 23 35 0 0 0 0 0 0 0 0 33 46 33 46 23 35 0 0 0 0 0 0 0 0 33 46 33 46 23 35 0 0 0 0 0 0 0 0 33 46 33 46 23 35 0 0 0 0 0 0 0 0 33 46 33 46 29 41 0 0 0 0 0 0 0 0
208 800 200 800 0 200 0 1000 33 46 33 46 23 35 0 0 0 0 0 0 0 0 33 46 33 46 23 35 0 0 0 0 0 0 0 0 33 46 33 46 23 35 0 0 0 0 0 0 0 0 33 46 33 46 23 35 0 0 0 0 0 0 0 0 33 46 33 46 23 35 0 0 0 0 0 0 0 0 33 46 33 46 29 41 0 0 0 0 0 0 0 0
209 800 200 800 0 200 0 1000 33 46 33 46 23 35 80887 1 80887 1 0 0 0 0 33 46 33 46 23 35 80887 1 80887 1 0 0 0 0 33 46 33 46 23 35 80887 1 80887 1 0 0 0 0 33 46 33 46 23 35 80887 1 80887 1 0 0 0 0 33 46 33 46 23 35 80887 1 80887 1 0 0 0 0 33 46 33 46 29 41 80887 1 80887 1 0 0 0 0
210 800 200 800 0 200 0 1000 33 46 33 46 23 35 85731 21 0 0 80291 1 5440 20 33 46 33 46 23 35 85731 21 0 0 80291 1 5440 20 33 46 33 46 23 35 85731 21 0 0 80291 1 5440 20 33 46 33 46 23 35 85731 21 0 0 80291 1 5440 20 33 46 33 46 23 35 85731 21 0 0 80291 1 5440 20 33 46 33 46 29 41 85731 21 0 0 80291 1 5440 20
211 800 200 800 0 200 0 1000 33 46 33 46 23 35 0 0 0 0 0 0 0 0 33 46 33 46 23 35 0 0 0 0 0 0 0 0 33 46 33 46 23 35 0 0 0 0 0 0 0 0 33 46 33 46 23 35 0 0 0 0 0 0 0 0 33 46 33 46 23 35 0 0 0 0 0 0 0 0 33 46 33 46 30 42 0 0 0 0 0 0 0 0
212 800 200 800 0 200 0 1000 33 46 33 46 23 35 0 0 0 0 0 0 0 0 33 46 33 46 23 35 0 0 0 0 0 0 0 0 33 46 33 46 23 35 0 0 0 0 0 0 0 0 33 46 33 46 23 35 0 0 0 0 0 0 0 0 33 46 33 46 23 35 0 0 0 0 0 0 0 0 33 46 33 46 30 42 0 0 0 0 0 0 0 0
213 800 200 800 0 200 0 1000 33 46 33 46 23 35 0 0 0 0 0 0 0 0 33 46 33 46 23 35 0 0 0 0 0 0 0 0 33 46 33 46 23 35 0 0 0 0 0 0 0 0 33 46 33 46 23 35 0 0 0 0 0 0 0 0 33 46 33 46 23 35 0 0 0 0 0 0 0 0 33 46 33 46 30 42 0 0 0 0 0 0 0 0
214 800 200 800 0 200 0 1000 33 46 33 46 23 35 5712 21 0 0 0 0 5712 21 33 46 33 46 23 35 5712 21 0 0 0 0 5712 21 33 46 33 46 23 35 5712 21 0 0 0 0 5712 21 33 46 33 46 23 35 5712 21 0 0 0 0 5712 21 33 46 33 46 23 35 5712 21 0 0 0 0 5712 21 33 46 33 46 30 42 5712 21 0 0 0 0 5712 21
215 800 200 800 0 200 0 1000 33 46 33 46 23 35 0 0 0 0 0 0 0 0 33 46 33 46 23 35 0 0 0 0 0 0 0 0 33 46 33 46 23 35 0 0 0 0 0 0 0 0 33 46 33 46 23 35 0 0 0 0 0 0 0 0 33 46 33 46 23 35 0 0 0 0 0 0 0 0 33 46 33 46 31 43 0 0 0 0 0 0 0 0
216 800 200 800 0 200 0 1000 33 46 33 46 23 35 0 0 0 0 0 0 0 0 33 46 33 46 23 35 0 0 0 0 0 0 0 0 33 46 33 46 23 35 0 0 0 0 0 0 0 0 33 46 33 46 23 35 0 0 0 0 0 0 0 0 33 46 33 46 23 35 0 0 0 0 0 0 0 0 33 46 33 46 31 43 0 0 0 0 0 0 0 0
217 800 200 800 0 200 0 1000 33 46 33 46 23 35 81111 1 81111 1 0 0 0 0 33 46 33 46 23 35 81111 1 81111 1 0 0 0 0 33 46 33 46 23 35 81111 1 81111 1 0 0 0 0 33 46 33 46 23 35 81111 1 81111 1 0 0 0 0 33 46 33 46 23 35 81111 1 81111 1 0 0 0 0 33 46 33 46 31 43 81111 1 81111 1 0 0 0 0
218 800 200 800 0 200 0 1000 33 46 33 46 23 35 88179 30 0 0 80291 1 7888 29 33 46 33 46 23 35 88179 30 0 0 80291 1 7888 29 33 46 33 46 23 35 88179 30 0 0 80291 1 7888 29 33 46 33 46 23 35 88179 30 0 0 80291 1 7888 29 33 46 33 46 23 35 88179 30 0 0 80291 1 7888 29 33 46 33 46 31 43 88179 30 0 0 80291 1 7888 29
219 800 200 800 0 200 0 1000 33 46 33 46 23 35 0 0 0 0 0 0 0 0 33 46 33 46 23 35 0 0 0 0 0 0 0 0 33 46 33 46 23 35 0 0 0 0 0 0 0 0 33 46 33 46 23 35 0 0 0 0 0 0 0 0 33 46 33 46 23 35 0 0 0 0 0 0 0 0 33 46 33 46 31 43 0 0 0 0 0 0 0 0
220 800 200 800 0 200 0 1000 33 46 33 46 23 35 0 0 0 0 0 0 0 0 33 46 33 46 23 35 0 0 0 0 0 0 0 0 33 46 33 46 23 35 0 0 0 0 0 0 0 0 33 46 33 46 23 35 0 0 0 0 0 0 0 0 33 46 33 46 23 35 0 0 0 0 0 0 0 0 33 46 33 46 31 43 0 0 0 0 0 0 0 0
221 800 200 800 0 200 0 1000 33 46 33 46 23 35 0 0 0 0 0 0 0 0 33 46 33 46 23 35 0 0 0 0 0 0 0 0 33 46 33 46 23 35 0 0 0 0 0 0 0 0 33 46 33 46 23 35 0 0 0 0 0 0 0 0 33 46 33 46 23 35 0 0 0 0 0 0 0 0 33 46 33 46 31 43 0 0 0 0 0 0 0 0
222 800 200 800 0 200 0 1000 33 46 33 46 23 35 6528 24 0 0 0 0 6528 24 33 46 33 46 23 35 6528 24 0 0 0 0 6528 24 33 46 33 46 23 35 6528 24 0 0 0 0 6528 24 33 46 33 46 23 35 6528 24 0 0 0 0 6528 24 33 46 33 46 23 35 6528 24 0 0 0 0 6528 24 33 46 33 46 31 43 6528 24 0 0 0 0 6528 24
223 800 200 800 0 200 0 1000 33 46 33 46 23 35 0 0 0 0 0 0 0 0 33 46 33 46 23 35 0 0 0 0 0 0 0 0 33 46 33 46 23 35 0 0 0 0 0 0 0 0 33 46 33 46 23 35 0 0 0 0 0 0 0 0 33 46 33 46 23 35 0 0 0 0 0 0 0 0 33 46 33 46 32 45 0 0 0 0 0 0 0 0
224 800 200 800 0 200 0 1000 33 46 33 46 23 35 0 0 0 0 0 0 0 0 33 46 33 46 23 35 0 0 0 0 0 0 0 0 33 46 33 46 23 35 0 0 0 0 0 0 0 0 33 46 33 46 23 35 0 0 0 0 0 0 0 0 33 46 33 46 23 35 0 0 0 0 0 0 0 0 33 46 33 46 32 45 0 0 0 0 0 0 0 0
225 800 200 800 0 200 0 1000 33 46 33 46 23 35 0 0 0 0 0 0 0 0 33 46 33 46 23 35 0 0 0 0 0 0 0 0 33 46 33 46 23 35 0 0 0 0 0 0 0 0 33 46 33 46 23 35 0 0 0 0 0 0 0 0 33 46 33 46 23 35 0 0 0 0 0 0 0 0 33 46 33 46 32 45 0 0 0 0 0 0 0 0
226 800 200 800 0 200 0 1000 33 46 33 46 23 35 7072 26 0 0 0 0 7072 26 33 46 33 46 23 35 7072 26 0 0 0 0 7072 26 33 46 33 46 23 35 7072 26 0 0 0 0 7072 26 33 46 33 46 23 35 7072 26 0 0 0 0 7072 26 33 46 33 46 23 35 7072 26 0 0 0 0 7072 26 33 46 33 46 32 45 7072 26 0 0 0 0 7072 26
227 800 200 800 0 200 0 1000 33 46 33 46 23 35 0 0 0 0 0 0 0 0 33 46 33 46 23 35 0 0 0 0 0 0 0 0 33 46 33 46 23 35 0 0 0 0 0 0 0 0 33 46 33 46 23 35 0 0 0 0 0 0 0 0 33 46 33 46 23 35 0 0 0 0 0 0 0 0 33 46 33 46 33 46 0 0 0 0 0 0 0 0
228 800 200 800 0 200 0 1000 33 46 33 46 23 35 0 0 0 0 0 0 0 0 33 46 33 46 23 35 0 0 0 0 0 0 0 0 33 46 33 46 23 35 0 0 0 0 0 0 0 0 33 46 33 46 23 35 0 0 0 0 0 0 0 0 33 46 33 46 23 35 0 0 0 0 0 0 0 0 33 46 33 46 33 46 0 0 0 0 0 0 0 0
229 800 200 800 0 200 0 1000 33 46 33 46 23 35 0 0 0 0 0 0 0 0 33 46 33 46 23 35 0 0 0 0 0 0 0 0 33 46 33 46 23 35 0 0 0 0 0 0 0 0 33 46 33 46 23 35 0 0 0 0 0 0 0 0 33 46 33 46 23 35 0 0 0 0 0 0 0 0 33 46 33 46 33 46 0 0 0 0 0 0 0 0
230 800 200 800 0 200 0 1000 33 46 33 46 23 35 4896 18 0 0 0 0 4896 18 33 46 33 46 23 35 4896 18 0 0 0 0 4896 18 33 46 33 46 23 35 4896 18 0 0 0 0 4896 18 33 46 33 46 23 35 4896 18 0 0 0 0 4896 18 33 46 33 46 23 35 4896 18 0 0 0 0 4896 18 33 46 33 46 33 46 4896 18 0 0 0 0 4896 18
231 800 200 800 0 200 0 1000 33 46 33 46 23 35 0 0 0 0 0 0 0 0 33 46 33 46 23 35 0 0 0 0 0 0 0 0 33 46 33 46 23 35 0 0 0 0 0 0 0 0 33 46 33 46 23 35 0 0 0 0 0 0 0 0 33 46 33 46 23 35 0 0 0 0 0 0 0 0 34 47 33 46 34 47 0 0 0 0 0 0 0 0
232 800 200 800 0 200 0 1000 33 46 33 46 23 35 0 0 0 0 0 0 0 0 33 46 33 46 23 35 0 0 0 0 0 0 0 0 33 46 33 46 23 35 0 0 0 0 0 0 0 0 33 46 33 46 23 35 0 0 0 0 0 0 0 0 33 46 33 46 23 35 0 0 0 0 0 0 0 0 34 47 33 46 34 47 0 0 0 0 0 0 0 0
233 800 200 800 0 200 0 1000 33 46 33 46 23 35 0 0 0 0 0 0 0 0 33 46 33 46 23 35 0 0 0 0 0 0 0 0 33 46 33 46 23 35 0 0 0 0 0 0 0 0 33 46 33 46 23 35 0 0 0 0 0 0 0 0 33 46 33 46 23 35 0 0 0 0 0 0 0 0 34 47 33 46 34 47 0 0 0 0 0 0 0 0
234 800 200 800 0 200 0 1000 33 46 33 46 23 35 5712 21 0 0 0 0 5712 21 33 46 33 46 23 35 5712 21 0 0 0 0 5712 21 33 46 33 46 23 35 5712 21 0 0 0 0 5712 21 33 46 33 46 23 35 5712 21 0 0 0 0 5712 21 33 46 33 46 23 35 5712 21 0 0 0 0 5712 21 34 47 33 46 34 47 5712 21 0 0 0 0 5712 21
235 800 200 800 0 200 0 1000 33 46 33 46 23 35 0 0 0 0 0 0 0 0 33 46 33 46 23 35 0 0 0 0 0 0 0 0 33 46 33 46 23 35 0 0 0 0 0 0 0 0 33 46 33 46 23 35 0 0 0 0 0 0 0 0 33 46 33 46 23 35 0 0 0 0 0 0 0 0 35 48 33 46 35 48 0 0 0 0 0 0 0 0
236 800 200 800 0 200 0 1000 33 46 33 46 23 35 0 0 0 0 0 0 0 0 33 46 33 46 23 35 0 0 0 0 0 0 0 0 33 46 33 46 23 35 0 0 0 0 0 0 0 0 33 46 33 46 23 35 0 0 0 0 0 0 0 0 33 46 33 46 23 35 0 0 0 0 0 0 0 0 35 48 33 46 35 48 0 0 0 0 0 0 0 0
237 800 200 800 0 200 0 1000 33 46 33 46 23 35 0 0 0 0 0 0 0 0 33 46 33 46 23 35 0 0 0 0 0 0 0 0 33 46 33 46 23 35 0 0 0 0 0 0 0 0 33 46 33 46 23 35 0 0 0 0 0 0 0 0 33 46 33 46 23 35 0 0 0 0 0 0 0 0 35 48 33 46 35 48 0 0 0 0 0 0 0 0
238 800 200 800 0 200 0 1000 33 46 33 46 23 35 4352 16 0 0 0 0 4352 16 33 46 33 46 23 35 4352 16 0 0 0 0 4352 16 33 46 33 46 23 35 4352 16 0 0 0 0 4352 16 33 46 33 46 23 35 4352 16 0 0 0 0 4352 16 33 46 33 46 23 35 4352 16 0 0 0 0 4352 16 35 48 33 46 35 48 4352 16 0 0 0 0 4352 16
239 800 200 800 0 200 0 1000 33 46 33 46 23 35 0 0 0 0 0 0 0 0 33 46 33 46 23 35 0 0 0 0 0 0 0 0 33 46 33 46 23 35 0 0 0 0 0 0 0 0 33 46 33 46 23 35 0 0 0 0 0 0 0 0 33 46 33 46 23 35 0 0 0 0 0 0 0 0 35 48 33 46 35 48 0 0 0 0 0 0 0 0
240 800 200 800 0 200 0 1000 33 46 33 46 23 35 0 0 0 0 0 0 0 0 33 46 33 46 23 35 0 0 0 0 0 0 0 0 33 46 33 46 23 35 0 0 0 0 0 0 0 0 33 46 33 46 23 35 0 0 0 0 0 0 0 0 33 46 33 46 23 35 0 0 0 0 0 0 0 0 35 48 33 46 35 48 0 0 0 0 0 0 0 0
241 800 200 800 0 200 0 1000 33 46 33 46 23 35 0 0 0 0 0 0 0 0 33 46 33 46 23 35 0 0 0 0 0 0 0 0 33 46 33 46 23 35 0 0 0 0 0 0 0 0 33 46 33 46 23 35 0 0 0 0 0 0 0 0 33 46 33 46 23 35 0 0 0 0 0 0 0 0 35 48 33 46 35 48 0 0 0 0 0 0 0 0
242 800 200 800 0 200 0 1000 33 46 33 46 23 35 5712 21 0 0 0 0 5712 21 33 46 33 46 23 35 5712 21 0 0 0 0 5712 21 33 46 33 46 23 35 5712 21 0 0 0 0 5712 21 33 46 33 46 23 35 5712 21 0 0 0 0 5712 21 33 46 33 46 23 35 5712 21 0 0 0 0 5712 21 35 48 33 46 35 48 5712 21 0 0 0 0 5712 21
243 800 200 800 0 200 0 1000 33 46 33 46 23 35 0 0 0 0 0 0 0 0 33 46 33 46 23 35 0 0 0 0 0 0 0 0 33 46 33 46 23 35 0 0 0 0 0 0 0 0 33 46 33 46 23 35 0 0 0 0 0 0 0 0 33 46 33 46 23 35 0 0 0 0 0 0 0 0 35 48 33 46 35 48 0 0 0 0 0 0 0 0
244 800 200 800 0 200 0 1000 33 46 33 46 23 35 0 0 0 0 0 0 0 0 33 46 33 46 23 35 0 0 0 0 0 0 0 0 33 46 33 46 23 35 0 0 0 0 0 0 0 0 33 46 33 46 23 35 0 0 0 0 0 0 0 0 33 46 33 46 23 35 0 0 0 0 0 0 0 0 35 48 33 46 35 48 0 0 0 0 0 0 0 0
245 800 200 800 0 200 0 1000 33 46 33 46 23 35 0 0 0 0 0 0 0 0 33 46 33 46 23 35 0 0 0 0 0 0 0 0 33 46 33 46 23 35 0 0 0 0 0 0 0 0 33 46 33 46 23 35 0 0 0 0 0 0 0 0 33 46 33 46 23 35 0 0 0 0 0 0 0 0 35 48 33 46 35 48 0 0 0 0 0 0 0 0
246 800 200 800 0 200 0 1000 33 46 33 46 23 35 5168 19 0 0 0 0 5168 19 33 46 33 46 23 35 5168 19 0 0 0 0 5168 19 33 46 33 46 23 35 5168 19 0 0 0 0 5168 19 33 46 33 46 23 35 5168 19 0 0 0 0 5168 19 33 46 33 46 23 35 5168 19 0 0 0 0 5168 19 35 48 33 46 35 48 5168 19 0 0 0 0 5168 19
247 800 200 800 0 200 0 1000 33 46 33 46 23 35 0 0 0 0 0 0 0 0 33 46 33 46 23 35 0 0 0 0 0 0 0 0 33 46 33 46 23 35 0 0 0 0 0 0 0 0 33 46 33 46 23 35 0 0 0 0 0 0 0 0 33 46 33 46 23 35 0 0 0 0 0 0 0 0 36 51 33 46 36 51 0 0 0 0 0 0 0 0
248 0 1000 0 800 200 0 1000 33 46 33 46 23 35 0 0 0 0 0 0 0 0 33 46 33 46 23 35 0 0 0 0 0 0 0 0 33 46 33 46 23 35 0 0 0 0 0 0 0 0 33 46 33 46 23 35 0 0 0 0 0 0 0 0 33 46 33 46 23 35 0 0 0 0 0 0 0 0 36 51 33 46 36 51 0 0 0 0 0 0 0 0
249 0 1000 0 800 200 0 1000 33 46 33 46 23 35 81046 1 81046 1 0 0 0 0 33 46 33 46 23 35 81046 1 81046 1 0 0 0 0 33 46 33 46 23 35 81046 1 81046 1 0 0 0 0 33 46 33 46 23 35 81046 1 81046 1 0 0 0 0 33 46 33 46 23 35 81046 1 81046 1 0 0 0 0 36 51 33 46 36 51 81046 1 81046 1 0 0 0 0
250 0 1000 0 800 200 0 1000 33 46 33 46 23 35 84642 17 0 0 80290 1 4352 16 33 46 33 46 23 35 84642 17 0 0 80290 1 4352 16 33 46 33 46 23 35 84642 17 0 0 80290 1 4352 16 33 46 33 46 23 35 84642 17 0 0 80290 1 4352 16 33 46 33 46 23 35 84642 17 0 0 80290 1 4352 16 36 51 33 46 36 51 84642 17 0 0 80290 1 4352 16
251 0 1000 0 0 1000 0 1000 37 52 33 46 37 52 0 0 0 0 0 0 0 0 37 52 33 46 37 52 0 0 0 0 0 0 0 0 37 52 33 46 37 52 0 0 0 0 0 0 0 0 37 52 33 46 37 52 0 0 0 0 0 0 0 0 37 52 33 46 37 52 0 0 0 0 0 0 0 0 37 52 33 46 37 52 0 0 0 0 0 0 0 0
252 0 1000 0 0 1000 0 1000 37 52 33 46 37 52 0 0 0 0 0 0 0 0 37 52 33 46 37 52 0 0 0 0 0 0 0 0 37 52 33 46 37 52 0 0 0 0 0 0 0 0 37 52 33 46 37 52 0 0 0 0 0 0 0 0 37 52 33 46 37 52 0 0 0 0 0 0 0 0 37 52 33 46 37 52 0 0 0 0 0 0 0 0
253 0 1000 0 0 1000 0 1000 37 52 33 46 37 52 161902 2 161902 2 0 0 0 0 37 52 33 46 37 52 161902 2 161902 2 0 0 0 0 37 52 33 46 37 52 161902 2 161902 2 0 0 0 0 37 52 33 46 37 52 161902 2 161902 2 0 0 0 0 37 52 33 46 37 52 161902 2 161902 2 0 0 0 0 37 52 33 46 37 52 161902 2 161902 2 0 0 0 0
254 0 1000 0 0 1000 0 1000 40 63 40 63 37 52 111027 114 0 0 80291 1 30736 113 40 63 40 63 37 52 111027 114 0 0 80291 1 30736 113 40 63 40 63 37 52 111027 114 0 0 80291 1 30736 113 40 63 40 63 37 52 111027 114 0 0 80291 1 30736 113 40 63 40 63 37 52 111027 114 0 0 80291 1 30736 113 40 63 40 63 37 52 111027 114 0 0 80291 1 30736 113
255 0 1000 0 0 1000 0 1000 40 63 40 63 37 52 0 0 0 0 0 0 0 0 40 63 40 63 37 52 0 0 0 0 0 0 0 0 40 63 40 63 37 52 0 0 0 0 0 0 0 0 40 63 40 63 37 52 0 0 0 0 0 0 0 0 40 63 40 63 37 52 0 0 0 0 0 0 0 0 40 63 40 63 37 52 0 0 0 0 0 0 0 0
256 0 1000 0 0 1000 0 1000 40 63 40 63 37 52 0 0 0 0 0 0 0 0 40 63 40 63 37 52 0 0 0 0 0 0 0 0 40 63 40 63 37 52 0 0 0 0 0 0 0 0 40 63 40 63 37 52 0 0 0 0 0 0 0 0 40 63 40 63 37 52 0 0 0 0 0 0 0 0 40 63 40 63 37 52 0 0 0 0 0 0 0 0
257 0 1000 0 0 1000 0 1000 40 63 40 63 37 52 168110 2 168110 2 0 0 0 0 40 63 40 63 37 52 168110 2 168110 2 0 0 0 0 40 63 40 63 37 52 168110 2 168110 2 0 0 0 0 40 63 40 63 37 52 168110 2 168110 2 0 0 0 0 40 63 40 63 37 52 168110 2 168110 2 0 0 0 0 40 63 40 63 37 52 168110 2 168110 2 0 0 0 0
258 0 1000 0 0 1000 0 1000 41 64 41 64 37 52 104499 90 0 0 80291 1 24208 89 41 64 41 64 37 52 104499 90 0 0 80291 1 24208 89 41 64 41 64 37 52 104499 90 0 0 80291 1 24208 89 41 64 41 64 37 52 104499 90 0 0 80291 1 24208 89 41 64 41 64 37 52 104499 90 0 0 80291 1 24208 89 41 64 41 64 37 52 104499 90 0 0 80291 1 24208 89
259 0 1000 0 0 1000 0 1000 41 64 41 64 38 54 0 0 0 0 0 0 0 0 41 64 41 64 38 54 0 0 0 0 0 0 0 0 41 64 41 64 38 54 0 0 0 0 0 0 0 0 41 64 41 64 38 54 0 0 0 0 0 0 0 0 41 64 41 64 38 54 0 0 0 0 0 0 0 0 41 64 41 64 38 54 0 0 0 0 0 0 0 0
260 0 1000 0 0 1000 0 1000 41 64 41 64 38 54 0 0 0 0 0 0 0 0 41 64 41 64 38 54 0 0 0 0 0 0 0 0 41 64 41 64 38 54 0 0 0 0 0 0 0 0 41 64 41 64 38 54 0 0 0 0 0 0 0 0 41 64 41 64 38 54 0 0 0 0 0 0 0 0 41 64 41 64 38 54 0 0 0 0 0 0 0 0
261 0 1000 0 0 1000 0 1000 41 64 41 64 38 54 83287 1 83287 1 0 0 0 0 41 64 41 64 38 54 83287 1 83287 1 0 0 0 0 41 64 41 64 38 54 83287 1 83287 1 0 0 0 0 41 64 41 64 38 54 83287 1 83287 1 0 0 0 0 41 64 41 64 38 54 83287 1 83287 1 0 0 0 0 41 64 41 64 38 54 83287 1 83287 1 0 0 0 0
262 0 1000 0 0 1000 0 1000 42 65 42 65 38 54 109395 108 0 0 80291 1 29104 107 42 65 42 65 38 54 109395 108 0 0 80291 1 29104 107 42 65 42 65 38 54 109395 108 0 0 80291 1 29104 107 42 65 42 65 38 54 109395 108 0 0 80291 1 29104 107 42 65 42 65 38 54 109395 108 0 0 80291 1 29104 107 42 65 42 65 38 54 109395 108 0 0 80291 1 29104 107
263 0 1000 0 0 1000 0 1000 42 65 42 65 38 54 0 0 0 0 0 0 0 0 42 65 42 65 38 54 0 0 0 0 0 0 0 0 42 65 42 65 38 54 0 0 0 0 0 0 0 0 42 65 42 65 38 54 0 0 0 0 0 0 0 0 42 65 42 65 38 54 0 0 0 0 0 0 0 0 42 65 42 65 38 54 0 0 0 0 0 0 0 0
264 0 1000 0 0 1000 0 1000 42 65 42 65 38 54 0 0 0 0 0 0 0 0 42 65 42 65 38 54 0 0 0 0 0 0 0 0 42 65 42 65 38 54 0 0 0 0 0 0 0 0 42 65 42 65 38 54 0 0 0 0 0 0 0 0 42 65 42 65 38 54 0 0 0 0 0 0 0 0 42 65 42 65 38 54 0 0 0 0 0 0 0 0
265 0 1000 0 0 1000 0 1000 42 65 42 65 38 54 83863 1 83863 1 0 0 0 0 42 65 42 65 38 54 83863 1 83863 1 0 0 0 0 42 65 42 65 38 54 83863 1 83863 1 0 0 0 0 42 65 42 65 38 54 83863 1 83863 1 0 0 0 0 42 65 42 65 38 54 83863 1 83863 1 0 0 0 0 42 65 42 65 38 54 83863 1 83863 1 0 0 0 0
266 0 1000 0 0 1000 0 1000 43 66 43 66 38 54 105315 93 0 0 80291 1 25024 92 43 66 43 66 38 54 105315 93 0 0 80291 1 25024 92 43 66 43 66 38 54 105315 93 0 0 80291 1 25024 92 43 66 43 66 38 54 105315 93 0 0 80291 1 25024 92 43 66 43 66 38 54 105315 93 0 0 80291 1 25024 92 43 66 43 66 38 54 105315 93 0 0 80291 1 25024 92
267 0 1000 0 0 1000 0 1000 43 66 43 66 38 54 0 0 0 0 0 0 0 0 43 66 43 66 38 54 0 0 0 0 0 0 0 0 43 66 43 66 38 54 0 0 0 0 0 0 0 0 43 66 43 66 38 54 0 0 0 0 0 0 0 0 43 66 43 66 38 54 0 0 0 0 0 0 0 0 43 66 43 66 38 54 0 0 0 0 0 0 0 0
268 0 1000 0 0 1000 0 1000 43 66 43 66 38 54 0 0 0 0 0 0 0 0 43 66 43 66 38 54 0 0 0 0 0 0 0 0 43 66 43 66 38 54 0 0 0 0 0 0 0 0 43 66 43 66 38 54 0 0 0 0 0 0 0 0 43 66 43 66 38 54 0 0 0 0 0 0 0 0 43 66 43 66 38 54 0 0 0 0 0 0 0 0
269 0 1000 0 0 1000 0 1000 43 66 43 66 38 54 83383 1 83383 1 0 0 0 0 43 66 43 66 38 54 83383 1 83383 1 0 0 0 0 43 66 43 66 38 54 83383 1 83383 1 0 0 0 0 43 66 43 66 38 54 83383 1 83383 1 0 0 0 0 43 66 43 66 38 54 83383 1 83383 1 0 0 0 0 43 66 43 66 38 54 83383 1 83383 1 0 0 0 0
270 0 1000 0 0 1000 0 1000 44 67 44 67 38 54 109939 110 0 0 80291 1 29648 109 44 67 44 67 38 54 109939 110 0 0 80291 1 29648 109 44 67 44 67 38 54 109939 110 0 0 80291 1 29648 109 44 67 44 67 38 54 109939 110 0 0 80291 1 29648 109 44 67 44 67 38 54 109939 110 0 0 80291 1 29648 109 44 67 44 67 38 54 109939 110 0 0 80291 1 29648 109
271 0 1000 0 0 1000 0 1000 44 67 44 67 38 54 0 0 0 0 0 0 0 0 44 67 44 67 38 54 0 0 0 0 0 0 0 0 44 67 44 67 38 54 0 0 0 0 0 0 0 0 44 67 44 67 38 54 0 0 0 0 0 0 0 0 44 67 44 67 38 54 0 0 0 0 0 0 0 0 44 67 44 67 38 54 0 0 0 0 0 0 0 0
272 0 1000 0 0 1000 0 1000 44 67 44 67 38 54 0 0 0 0 0 0 0 0 44 67 44 67 38 54 0 0 0 0 0 0 0 0 44 67 44 67 38 54 0 0 0 0 0 0 0 0 44 67 44 67 38 54 0 0 0 0 0 0 0 0 44 67 44 67 38 54 0 0 0 0 0 0 0 0 44 67 44 67 38 54 0 0 0 0 0 0 0 0
273 0 1000 0 0 1000 0 1000 44 67 44 67 38 54 167854 2 167854 2 0 0 0 0 44 67 44 67 38 54 167854 2 167854 2 0 0 0 0 44 67 44 67 38 54 167854 2 167854 2 0 0 0 0 44 67 44 67 38 54 167854 2 167854 2 0 0 0 0 44 67 44 67 38 54 167854 2 167854 2 0 0 0 0 44 67 44 67 38 54 167854 2 167854 2 0 0 0 0
274 0 1000 0 0 1000 0 1000 45 68 45 68 38 54 109667 109 0 0 80291 1 29376 108 45 68 45 68 38 54 109667 109 0 0 80291 1 29376 108 45 68 45 68 38 54 109667 109 0 0 80291 1 29376 108 45 68 45 68 38 54 109667 109 0 0 80291 1 29376 108 45 68 45 68 38 54 109667 109 0 0 80291 1 29376 108 45 68 45 68 38 54 109667 109 0 0 80291 1 29376 108
275 0 1000 0 0 1000 0 1000 45 68 45 68 38 54 0 0 0 0 0 0 0 0 45 68 45 68 38 54 0 0 0 0 0 0 0 0 45 68 45 68 38 54 0 0 0 0 0 0 0 0 45 68 45 68 38 54 0 0 0 0 0 0 0 0 45 68 45 68 38 54 0 0 0 0 0 0 0 0 45 68 45 68 38 54 0 0 0 0 0 0 0 0
276 0 1000 0 0 1000 0 1000 45 68 45 68 38 54 0 0 0 0 0 0 0 0 45 68 45 68 38 54 0 0 0 0 0 0 0 0 45 68 45 68 38 54 0 0 0 0 0 0 0 0 45 68 45 68 38 54 0 0 0 0 0 0 0 0 45 68 45 68 38 54 0 0 0 0 0 0 0 0 45 68 45 68 38 54 0 0 0 0 0 0 0 0
277 0 1000 0 0 1000 0 1000 45 68 45 68 38 54 83895 1 83895 1 0 0 0 0 45 68 45 68 38 54 83895 1 83895 1 0 0 0 0 45 68 45 68 38 54 83895 1 83895 1 0 0 0 0 45 68 45 68 38 54 83895 1 83895 1 0 0 0 0 45 68 45 68 38 54 83895 1 83895 1 0 0 0 0 45 68 45 68 38 54 83895 1 83895 1 0 0 0 0
278 0 1000 0 0 1000 0 1000 46 69 46 69 38 54 104227 89 0 0 80291 1 23936 88 46 69 46 69 38 54 104227 89 0 0 80291 1 23936 88 46 69 46 69 38 54 104227 89 0 0 80291 1 23936 88 46 69 46 69 38 54 104227 89 0 0 80291 1 23936 88 46 69 46 69 38 54 104227 89 0 0 80291 1 23936 88 46 69 46 69 38 54 104227 89 0 0 80291 1 23936 88
279 0 1000 0 0 1000 0 1000 46 69 46 69 38 54 0 0 0 0 0 0 0 0 46 69 46 69 38 54 0 0 0 0 0 0 0 0 46 69 46 69 38 54 0 0 0 0 0 0 0 0 46 69 46 69 38 54 0 0 0 0 0 0 0 0 46 69 46 69 38 54 0 0 0 0 0 0 0 0 46 69 46 69 38 54 0 0 0 0 0 0 0 0
280 0 1000 0 0 1000 0 1000 46 69 46 69 38 54 0 0 0 0 0 0 0 0 46 69 46 69 38 54 0 0 0 0 0 0 0 0 46 69 46 69 38 54 0 0 0 0 0 0 0 0 46 69 46 69 38 54 0 0 0 0 0 0 0 0 46 69 46 69 38 54 0 0 0 0 0 0 0 0 46 69 46 69 38 54 0 0 0 0 0 0 0 0
281 0 1000 0 0 1000 0 1000 46 69 46 69 38 54 0 0 0 0 0 0 0 0 46 69 46 69 38 54 0 0 0 0 0 0 0 0 46 69 46 69 38 54 0 0 0 0 0 0 0 0 46 69 46 69 38 54 0 0 0 0 0 0 0 0 46 69 46 69 38 54 0 0 0 0 0 0 0 0 46 69 46 69 38 54 0 0 0 0 0 0 0 0
282 0 1000 0 0 1000 0 1000 46 69 46 69 38 54 26384 97 0 0 0 0 26384 97 46 69 46 69 38 54 26384 97 0 0 0 0 26384 97 46 69 46 69 38 54 26384 97 0 0 0 0 26384 97 46 69 46 69 38 54 26384 97 0 0 0 0 26384 97 46 69 46 69 38 54 26384 97 0 0 0 0 26384 97 46 69 46 69 38 54 26384 97 0 0 0 0 26384 97
283 0 1000 0 0 1000 0 1000 46 69 46 69 38 54 0 0 0 0 0 0 0 0 46 69 46 69 38 54 0 0 0 0 0 0 0 0 46 69 46 69 38 54 0 0 0 0 0 0 0 0 46 69 46 69 38 54 0 0 0 0 0 0 0 0 46 69 46 69 38 54 0 0 0 0 0 0 0 0 46 69 46 69 38 54 0 0 0 0 0 0 0 0
284 0 1000 0 0 1000 0 1000 46 69 46 69 38 54 0 0 0 0 0 0 0 0 46 69 46 69 38 54 0 0 0 0 0 0 0 0 46 69 46 69 38 54 0 0 0 0 0 0 0 0 46 69 46 69 38 54 0 0 0 0 0 0 0 0 46 69 46 69 38 54 0 0 0 0 0 0 0 0 46 69 46 69 38 54 0 0 0 0 0 0 0 0
285 0 1000 0 0 1000 0 1000 46 69 46 69 38 54 0 0 0 0 0 0 0 0 46 69 46 69 38 54 0 0 0 0 0 0 0 0 46 69 46 69 38 54 0 0 0 0 0 0 0 0 46 69 46 69 38 54 0 0 0 0 0 0 0 0 46 69 46 69 38 54 0 0 0 0 0 0 0 0 46 69 46 69 38 54 0 0 0 0 0 0 0 0
286 0 1000 0 0 1000 0 1000 46 69 46 69 38 54 24480 90 0 0 0 0 24480 90 46 69 46 69 38 54 24480 90 0 0 0 0 24480 90 46 69 46 69 38 54 24480 90 0 0 0 0 24480 90 46 69 46 69 38 54 24480 90 0 0 0 0 24480 90 46 69 46 69 38 54 24480 90 0 0 0 0 24480 90 46 69 46 69 38 54 24480 90 0 0 0 0 24480 90
287 0 1000 0 0 1000 0 1000 46 69 46 69 38 54 0 0 0 0 0 0 0 0 46 69 46 69 38 54 0 0 0 0 0 0 0 0 46 69 46 69 38 54 0 0 0 0 0 0 0 0 46 69 46 69 38 54 0 0 0 0 0 0 0 0 46 69 46 69 38 54 0 0 0 0 0 0 0 0 46 69 46 69 38 54 0 0 0 0 0 0 0 0
288 0 1000 0 0 1000 0 1000 46 69 46 69 38 54 0 0 0 0 0 0 0 0 46 69 46 69 38 54 0 0 0 0 0 0 0 0 46 69 46 69 38 54 0 0 0 0 0 0 0 0 46 69 46 69 38 54 0 0 0 0 0 0 0 0 46 69 46 69 38 54 0 0 0 0 0 0 0 0 46 69 46 69 38 54 0 0 0 0 0 0 0 0
289 0 1000 0 0 1000 0 1000 46 69 46 69 38 54 83319 1 83319 1 0 0 0 0 46 69 46 69 38 54 83319 1 83319 1 0 0 0 0 46 69 46 69 38 54 83319 1 83319 1 0 0 0 0 46 69 46 69 38 54 83319 1 83319 1 0 0 0 0 46 69 46 69 38 54 83319 1 83319 1 0 0 0 0 46 69 46 69 38 54 83319 1 83319 1 0 0 0 0
290 0 1000 0 0 1000 0 1000 47 72 47 72 38 54 109939 110 0 0 80291 1 29648 109 47 72 47 72 38 54 109939 110 0 0 80291 1 29648 109 47 72 47 72 38 54 109939 110 0 0 80291 1 29648 109 47 72 47 72 38 54 109939 110 0 0 80291 1 29648 109 47 72 47 72 38 54 109939 110 0 0 80291 1 29648 109 47 72 47 72 38 54 109939 110 0 0 80291 1 29648 109
291 0 1000 0 0 1000 0 1000 47 72 47 72 39 62 0 0 0 0 0 0 0 0 47 72 47 72 39 62 0 0 0 0 0 0 0 0 47 72 47 72 39 62 0 0 0 0 0 0 0 0 47 72 47 72 39 62 0 0 0 0 0 0 0 0 47 72 47 72 39 62 0 0 0 0 0 0 0 0 47 72 47 72 39 62 0 0 0 0 0 0 0 0
292 0 1000 0 0 1000 0 1000 47 72 47 72 39 62 0 0 0 0 0 0 0 0 47 72 47 72 39 62 0 0 0 0 0 0 0 0 47 72 47 72 39 62 0 0 0 0 0 0 0 0 47 72 47 72 39 62 0 0 0 0 0 0 0 0 47 72 47 72 39 62 0 0 0 0 0 0 0 0 47 72 47 72 39 62 0 0 0 0 0 0 0 0
293 0 1000 0 0 1000 0 1000 47 72 47 72 39 62 83927 1 83927 1 0 0 0 0 47 72 47 72 39 62 83927 1 83927 1 0 0 0 0 47 72 47 72 39 62 83927 1 83927 1 0 0 0 0 47 72 47 72 39 62 83927 1 83927 1 0 0 0 0 47 72 47 72 39 62 83927 1 83927 1 0 0 0 0 47 72 47 72 39 62 83927 1 83927 1 0 0 0 0
294 0 1000 0 0 1000 0 1000 48 73 48 73 39 62 109395 108 0 0 80291 1 29104 107 48 73 48 73 39 62 109395 108 0 0 80291 1 29104 107 48 73 48 73 39 62 109395 108 0 0 80291 1 29104 107 48 73 48 73 39 62 109395 108 0 0 80291 1 29104 107 48 73 48 73 39 62 109395 108 0 0 80291 1 29104 107 48 73 48 73 39 62 109395 108 0 0 80291 1 29104 107
295 0 1000 0 0 1000 0 1000 48 73 48 73 40 63 0 0 0 0 0 0 0 0 48 73 48 73 40 63 0 0 0 0 0 0 0 0 48 73 48 73 40 63 0 0 0 0 0 0 0 0 48 73 48 73 40 63 0 0 0 0 0 0 0 0 48 73 48 73 40 63 0 0 0 0 0 0 0 0 48 73 48 73 40 63 0 0 0 0 0 0 0 0
296 0 1000 0 0 1000 0 1000 48 73 48 73 40 63 0 0 0 0 0 0 0 0 48 73 48 73 40 63 0 0 0 0 0 0 0 0 48 73 48 73 40 63 0 0 0 0 0 0 0 0 48 73 48 73 40 63 0 0 0 0 0 0 0 0 48 73 48 73 40 63 0 0 0 0 0 0 0 0 48 73 48 73 40 63 0 0 0 0 0 0 0 0
297 0 1000 0 0 1000 0 1000 48 73 48 73 40 63 167726 2 167726 2 0 0 0 0 48 73 48 73 40 63 167726 2 167726 2 0 0 0 0 48 73 48 73 40 63 167726 2 167726 2 0 0 0 0 48 73 48 73 40 63 167726 2 167726 2 0 0 0 0 48 73 48 73 40 63 167726 2 167726 2 0 0 0 0 48 73 48 73 40 63 167726 2 167726 2 0 0 0 0
298 0 1000 0 0 1000 0 1000 49 74 49 74 40 63 107763 102 0 0 80291 1 27472 101 49 74 49 74 40 63 107763 102 0 0 80291 1 27472 101 49 74 49 74 40 63 107763 102 0 0 80291 1 27472 101 49 74 49 74 40 63 107763 102 0 0 80291 1 27472 101 49 74 49 74 40 63 107763 102 0 0 80291 1 27472 101 49 74 49 74 40 63 107763 102 0 0 80291 1 27472 101
299 0 1000 0 0 1000 0 1000 49 74 49 74 41 64 0 0 0 0 0 0 0 0 49 74 49 74 41 64 0 0 0 0 0 0 0 0 49 74 49 74 41 64 0 0 0 0 0 0 0 0 49 74 49 74 41 64 0 0 0 0 0 0 0 0 49 74 49 74 41 64 0 0 0 0 0 0 0 0 49 74 49 74 41 64 0 0 0 0 0 0 0 0
300 0 1000 0 0 1000 0 1000 49 74 49 74 41 64 0 0 0 0 0 0 0 0 49 74 49 74 41 64 0 0 0 0 0 0 0 0 49 74 49 74 41 64 0 0 0 0 0 0 0 0 49 74 49 74 41 64 0 0 0 0 0 0 0 0 49 74 49 74 41 64 0 0 0 0 0 0 0 0 49 74 49 74 41 64 0 0 0 0 0 0 0 0
301 0 1000 0 0 1000 0 1000 49 74 49 74 41 64 167342 2 167342 2 0 0 0 0 49 74 49 74 41 64 167342 2 167342 2 0 0 0 0 49 74 49 74 41 64 167342 2 167342 2 0 0 0 0 49 74 49 74 41 64 167342 2 167342 2 0 0 0 0 49 74 49 74 41 64 167342 2 167342 2 0 0 0 0 49 74 49 74 41 64 167342 2 167342 2 0 0 0 0
302 0 1000 0 0 1000 0 1000 50 75 50 75 41 64 108307 104 0 0 80291 1 28016 103 50 75 50 75 41 64 108307 104 0 0 80291 1 28016 103 50 75 50 75 41 64 108307 104 0 0 80291 1 28016 103 50 75 50 75 41 64 108307 104 0 0 80291 1 28016 103 50 75 50 75 41 64 108307 104 0 0 80291 1 28016 103 50 75 50 75 41 64 108307 104 0 0 80291 1 28016 103
303 0 1000 0 0 1000 0 1000 50 75 50 75 42 65 0 0 0 0 0 0 0 0 50 75 50 75 42 65 0 0 0 0 0 0 0 0 50 75 50 75 42 65 0 0 0 0 0 0 0 0 50 75 50 75 42 65 0 0 0 0 0 0 0 0 50 75 50 75 42 65 0 0 0 0 0 0 0 0 50 75 50 75 42 65 0 0 0 0 0 0 0 0
