r n_asleep n_awake n_honest_asleep n_honest_dreamy n_honest_awake n_adversary n_all party0_ledger_best_length party0_ledger_best_age party0_ledger_fast_length party0_ledger_fast_age party0_ledger_slow_length party0_ledger_slow_age party0_comms_all_size party0_comms_all_count party0_comms_proposal_size party0_comms_proposal_count party0_comms_piece_block_size party0_comms_piece_block_count party0_comms_piece_vote_size party0_comms_piece_vote_count party1_ledger_best_length party1_ledger_best_age party1_ledger_fast_length party1_ledger_fast_age party1_ledger_slow_length party1_ledger_slow_age party1_comms_all_size party1_comms_all_count party1_comms_proposal_size party1_comms_proposal_count party1_comms_piece_block_size party1_comms_piece_block_count party1_comms_piece_vote_size party1_comms_piece_vote_count party2_ledger_best_length party2_ledger_best_age party2_ledger_fast_length party2_ledger_fast_age party2_ledger_slow_length party2_ledger_slow_age party2_comms_all_size party2_comms_all_count party2_comms_proposal_size party2_comms_proposal_count party2_comms_piece_block_size party2_comms_piece_block_count party2_comms_piece_vote_size party2_comms_piece_vote_count party3_ledger_best_length party3_ledger_best_age party3_ledger_fast_length party3_ledger_fast_age party3_ledger_slow_length party3_ledger_slow_age party3_comms_all_size party3_comms_all_count party3_comms_proposal_size party3_comms_proposal_count party3_comms_piece_block_size party3_comms_piece_block_count party3_comms_piece_vote_size party3_comms_piece_vote_count party4_ledger_best_length party4_ledger_best_age party4_ledger_fast_length party4_ledger_fast_age party4_ledger_slow_length party4_ledger_slow_age party4_comms_all_size party4_comms_all_count party4_comms_proposal_size party4_comms_proposal_count party4_comms_piece_block_size party4_comms_piece_block_count party4_comms_piece_vote_size party4_comms_piece_vote_count partyALWAYSAWAKE_ledger_best_length partyALWAYSAWAKE_ledger_best_age partyALWAYSAWAKE_ledger_fast_length partyALWAYSAWAKE_ledger_fast_age partyALWAYSAWAKE_ledger_slow_length partyALWAYSAWAKE_ledger_slow_age partyALWAYSAWAKE_comms_all_size partyALWAYSAWAKE_comms_all_count partyALWAYSAWAKE_comms_proposal_size partyALWAYSAWAKE_comms_proposal_count partyALWAYSAWAKE_comms_piece_block_size partyALWAYSAWAKE_comms_piece_block_count partyALWAYSAWAKE_comms_piece_vote_size partyALWAYSAWAKE_comms_piece_vote_count
4 0 1000 0 0 1000 0 1000 0 0 0 0 0 0 0 0 0 0 0 0 0 0 0 0 0 0 0 0 0 0 0 0 0 0 0 0 0 0 0 0 0 0 0 0 0 0 0 0 0 0 0 0 0 0 0 0 0 0 0 0 0 0 0 0 0 0 0 0 0 0 0 0 0 0 0 0 0 0 0 0 0 0 0 0 0 0 0 0 0 0 0 0
5 0 1000 0 0 1000 0 1000 0 0 0 0 0 0 160876 2 160876 2 0 0 0 0 0 0 0 0 0 0 160876 2 160876 2 0 0 0 0 0 0 0 0 0 0 160876 2 160876 2 0 0 0 0 0 0 0 0 0 0 160876 2 160876 2 0 0 0 0 0 0 0 0 0 0 160876 2 160876 2 0 0 0 0 0 0 0 0 0 0 160876 2 160876 2 0 0 0 0
6 0 1000 0 0 1000 0 1000 1 1 1 1 0 0 105314 93 0 0 80290 1 25024 92 1 1 1 1 0 0 105314 93 0 0 80290 1 25024 92 1 1 1 1 0 0 105314 93 0 0 80290 1 25024 92 1 1 1 1 0 0 105314 93 0 0 80290 1 25024 92 1 1 1 1 0 0 105314 93 0 0 80290 1 25024 92 1 1 1 1 0 0 105314 93 0 0 80290 1 25024 92
7 0 1000 0 0 1000 0 1000 1 1 1 1 0 0 0 0 0 0 0 0 0 0 1 1 1 1 0 0 0 0 0 0 0 0 0 0 1 1 1 1 0 0 0 0 0 0 0 0 0 0 1 1 1 1 0 0 0 0 0 0 0 0 0 0 1 1 1 1 0 0 0 0 0 0 0 0 0 0 1 1 1 1 0 0 0 0 0 0 0 0 0 0
8 0 1000 0 0 1000 0 1000 1 1 1 1 0 0 0 0 0 0 0 0 0 0 1 1 1 1 0 0 0 0 0 0 0 0 0 0 1 1 1 1 0 0 0 0 0 0 0 0 0 0 1 1 1 1 0 0 0 0 0 0 0 0 0 0 1 1 1 1 0 0 0 0 0 0 0 0 0 0 1 1 1 1 0 0 0 0 0 0 0 0 0 0
9 0 1000 0 0 1000 0 1000 1 1 1 1 0 0 500292 6 500292 6 0 0 0 0 1 1 1 1 0 0 500292 6 500292 6 0 0 0 0 1 1 1 1 0 0 500292 6 500292 6 0 0 0 0 1 1 1 1 0 0 500292 6 500292 6 0 0 0 0 1 1 1 1 0 0 500292 6 500292 6 0 0 0 0 1 1 1 1 0 0 500292 6 500292 6 0 0 0 0
10 0 1000 0 0 1000 0 1000 2 2 2 2 0 0 110210 111 0 0 80290 1 29920 110 2 2 2 2 0 0 110210 111 0 0 80290 1 29920 110 2 2 2 2 0 0 110210 111 0 0 80290 1 29920 110 2 2 2 2 0 0 110210 111 0 0 80290 1 29920 110 2 2 2 2 0 0 110210 111 0 0 80290 1 29920 110 2 2 2 2 0 0 110210 111 0 0 80290 1 29920 110
11 0 1000 0 0 1000 0 1000 2 2 2 2 0 0 0 0 0 0 0 0 0 0 2 2 2 2 0 0 0 0 0 0 0 0 0 0 2 2 2 2 0 0 0 0 0 0 0 0 0 0 2 2 2 2 0 0 0 0 0 0 0 0 0 0 2 2 2 2 0 0 0 0 0 0 0 0 0 0 2 2 2 2 0 0 0 0 0 0 0 0 0 0
12 0 1000 0 0 1000 0 1000 2 2 2 2 0 0 0 0 0 0 0 0 0 0 2 2 2 2 0 0 0 0 0 0 0 0 0 0 2 2 2 2 0 0 0 0 0 0 0 0 0 0 2 2 2 2 0 0 0 0 0 0 0 0 0 0 2 2 2 2 0 0 0 0 0 0 0 0 0 0 2 2 2 2 0 0 0 0 0 0 0 0 0 0
13 0 1000 0 0 1000 0 1000 2 2 2 2 0 0 167916 2 167916 2 0 0 0 0 2 2 2 2 0 0 167916 2 167916 2 0 0 0 0 2 2 2 2 0 0 167916 2 167916 2 0 0 0 0 2 2 2 2 0 0 167916 2 167916 2 0 0 0 0 2 2 2 2 0 0 167916 2 167916 2 0 0 0 0 2 2 2 2 0 0 167916 2 167916 2 0 0 0 0
14 0 1000 0 0 1000 0 1000 3 3 3 3 0 0 112930 121 0 0 80290 1 32640 120 3 3 3 3 0 0 112930 121 0 0 80290 1 32640 120 3 3 3 3 0 0 112930 121 0 0 80290 1 32640 120 3 3 3 3 0 0 112930 121 0 0 80290 1 32640 120 3 3 3 3 0 0 112930 121 0 0 80290 1 32640 120 3 3 3 3 0 0 112930 121 0 0 80290 1 32640 120
15 0 1000 0 0 1000 0 1000 3 3 3 3 0 0 0 0 0 0 0 0 0 0 3 3 3 3 0 0 0 0 0 0 0 0 0 0 3 3 3 3 0 0 0 0 0 0 0 0 0 0 3 3 3 3 0 0 0 0 0 0 0 0 0 0 3 3 3 3 0 0 0 0 0 0 0 0 0 0 3 3 3 3 0 0 0 0 0 0 0 0 0 0
16 0 1000 0 0 1000 0 1000 3 3 3 3 0 0 0 0 0 0 0 0 0 0 3 3 3 3 0 0 0 0 0 0 0 0 0 0 3 3 3 3 0 0 0 0 0 0 0 0 0 0 3 3 3 3 0 0 0 0 0 0 0 0 0 0 3 3 3 3 0 0 0 0 0 0 0 0 0 0 3 3 3 3 0 0 0 0 0 0 0 0 0 0
17 0 1000 0 0 1000 0 1000 3 3 3 3 0 0 168555 2 168555 2 0 0 0 0 3 3 3 3 0 0 168555 2 168555 2 0 0 0 0 3 3 3 3 0 0 168555 2 168555 2 0 0 0 0 3 3 3 3 0 0 168555 2 168555 2 0 0 0 0 3 3 3 3 0 0 168555 2 168555 2 0 0 0 0 3 3 3 3 0 0 168555 2 168555 2 0 0 0 0
18 0 1000 0 0 1000 0 1000 4 4 4 4 0 0 107489 101 0 0 80289 1 27200 100 4 4 4 4 0 0 107489 101 0 0 80289 1 27200 100 4 4 4 4 0 0 107489 101 0 0 80289 1 27200 100 4 4 4 4 0 0 107489 101 0 0 80289 1 27200 100 4 4 4 4 0 0 107489 101 0 0 80289 1 27200 100 4 4 4 4 0 0 107489 101 0 0 80289 1 27200 100
19 0 1000 0 0 1000 0 1000 4 4 4 4 0 0 0 0 0 0 0 0 0 0 4 4 4 4 0 0 0 0 0 0 0 0 0 0 4 4 4 4 0 0 0 0 0 0 0 0 0 0 4 4 4 4 0 0 0 0 0 0 0 0 0 0 4 4 4 4 0 0 0 0 0 0 0 0 0 0 4 4 4 4 0 0 0 0 0 0 0 0 0 0
20 0 1000 0 0 1000 0 1000 4 4 4 4 0 0 0 0 0 0 0 0 0 0 4 4 4 4 0 0 0 0 0 0 0 0 0 0 4 4 4 4 0 0 0 0 0 0 0 0 0 0 4 4 4 4 0 0 0 0 0 0 0 0 0 0 4 4 4 4 0 0 0 0 0 0 0 0 0 0 4 4 4 4 0 0 0 0 0 0 0 0 0 0
21 0 1000 0 0 1000 0 1000 4 4 4 4 0 0 501827 6 501827 6 0 0 0 0 4 4 4 4 0 0 501827 6 501827 6 0 0 0 0 4 4 4 4 0 0 501827 6 501827 6 0 0 0 0 4 4 4 4 0 0 501827 6 501827 6 0 0 0 0 4 4 4 4 0 0 501827 6 501827 6 0 0 0 0 4 4 4 4 0 0 501827 6 501827 6 0 0 0 0
22 0 1000 0 0 1000 0 1000 5 5 5 5 0 0 109394 108 0 0 80290 1 29104 107 5 5 5 5 0 0 109394 108 0 0 80290 1 29104 107 5 5 5 5 0 0 109394 108 0 0 80290 1 29104 107 5 5 5 5 0 0 109394 108 0 0 80290 1 29104 107 5 5 5 5 0 0 109394 108 0 0 80290 1 29104 107 5 5 5 5 0 0 109394 108 0 0 80290 1 29104 107
23 0 1000 0 0 1000 0 1000 5 5 5 5 0 0 0 0 0 0 0 0 0 0 5 5 5 5 0 0 0 0 0 0 0 0 0 0 5 5 5 5 0 0 0 0 0 0 0 0 0 0 5 5 5 5 0 0 0 0 0 0 0 0 0 0 5 5 5 5 0 0 0 0 0 0 0 0 0 0 5 5 5 5 0 0 0 0 0 0 0 0 0 0
24 0 1000 0 0 1000 0 1000 5 5 5 5 0 0 0 0 0 0 0 0 0 0 5 5 5 5 0 0 0 0 0 0 0 0 0 0 5 5 5 5 0 0 0 0 0 0 0 0 0 0 5 5 5 5 0 0 0 0 0 0 0 0 0 0 5 5 5 5 0 0 0 0 0 0 0 0 0 0 5 5 5 5 0 0 0 0 0 0 0 0 0 0
25 0 1000 0 0 1000 0 1000 5 5 5 5 0 0 83862 1 83862 1 0 0 0 0 5 5 5 5 0 0 83862 1 83862 1 0 0 0 0 5 5 5 5 0 0 83862 1 83862 1 0 0 0 0 5 5 5 5 0 0 83862 1 83862 1 0 0 0 0 5 5 5 5 0 0 83862 1 83862 1 0 0 0 0 5 5 5 5 0 0 83862 1 83862 1 0 0 0 0
26 0 1000 0 0 1000 0 1000 6 6 6 6 0 0 106130 96 0 0 80290 1 25840 95 6 6 6 6 0 0 106130 96 0 0 80290 1 25840 95 6 6 6 6 0 0 106130 96 0 0 80290 1 25840 95 6 6 6 6 0 0 106130 96 0 0 80290 1 25840 95 6 6 6 6 0 0 106130 96 0 0 80290 1 25840 95 6 6 6 6 0 0 106130 96 0 0 80290 1 25840 95
27 0 1000 0 0 1000 0 1000 6 6 6 6 0 0 0 0 0 0 0 0 0 0 6 6 6 6 0 0 0 0 0 0 0 0 0 0 6 6 6 6 0 0 0 0 0 0 0 0 0 0 6 6 6 6 0 0 0 0 0 0 0 0 0 0 6 6 6 6 0 0 0 0 0 0 0 0 0 0 6 6 6 6 0 0 0 0 0 0 0 0 0 0
28 0 1000 0 0 1000 0 1000 6 6 6 6 0 0 0 0 0 0 0 0 0 0 6 6 6 6 0 0 0 0 0 0 0 0 0 0 6 6 6 6 0 0 0 0 0 0 0 0 0 0 6 6 6 6 0 0 0 0 0 0 0 0 0 0 6 6 6 6 0 0 0 0 0 0 0 0 0 0 6 6 6 6 0 0 0 0 0 0 0 0 0 0
29 0 1000 0 0 1000 0 1000 6 6 6 6 0 0 500868 6 500868 6 0 0 0 0 6 6 6 6 0 0 500868 6 500868 6 0 0 0 0 6 6 6 6 0 0 500868 6 500868 6 0 0 0 0 6 6 6 6 0 0 500868 6 500868 6 0 0 0 0 6 6 6 6 0 0 500868 6 500868 6 0 0 0 0 6 6 6 6 0 0 500868 6 500868 6 0 0 0 0
30 0 1000 0 0 1000 0 1000 7 7 7 7 0 0 104498 90 0 0 80290 1 24208 89 7 7 7 7 0 0 104498 90 0 0 80290 1 24208 89 7 7 7 7 0 0 104498 90 0 0 80290 1 24208 89 7 7 7 7 0 0 104498 90 0 0 80290 1 24208 89 7 7 7 7 0 0 104498 90 0 0 80290 1 24208 89 7 7 7 7 0 0 104498 90 0 0 80290 1 24208 89
31 0 1000 0 0 1000 0 1000 7 7 7 7 0 0 0 0 0 0 0 0 0 0 7 7 7 7 0 0 0 0 0 0 0 0 0 0 7 7 7 7 0 0 0 0 0 0 0 0 0 0 7 7 7 7 0 0 0 0 0 0 0 0 0 0 7 7 7 7 0 0 0 0 0 0 0 0 0 0 7 7 7 7 0 0 0 0 0 0 0 0 0 0
32 0 1000 0 0 1000 0 1000 7 7 7 7 0 0 0 0 0 0 0 0 0 0 7 7 7 7 0 0 0 0 0 0 0 0 0 0 7 7 7 7 0 0 0 0 0 0 0 0 0 0 7 7 7 7 0 0 0 0 0 0 0 0 0 0 7 7 7 7 0 0 0 0 0 0 0 0 0 0 7 7 7 7 0 0 0 0 0 0 0 0 0 0
33 0 1000 0 0 1000 0 1000 7 7 7 7 0 0 166572 2 166572 2 0 0 0 0 7 7 7 7 0 0 166572 2 166572 2 0 0 0 0 7 7 7 7 0 0 166572 2 166572 2 0 0 0 0 7 7 7 7 0 0 166572 2 166572 2 0 0 0 0 7 7 7 7 0 0 166572 2 166572 2 0 0 0 0 7 7 7 7 0 0 166572 2 166572 2 0 0 0 0
34 0 1000 0 0 1000 0 1000 8 8 8 8 0 0 105314 93 0 0 80290 1 25024 92 8 8 8 8 0 0 105314 93 0 0 80290 1 25024 92 8 8 8 8 0 0 105314 93 0 0 80290 1 25024 92 8 8 8 8 0 0 105314 93 0 0 80290 1 25024 92 8 8 8 8 0 0 105314 93 0 0 80290 1 25024 92 8 8 8 8 0 0 105314 93 0 0 80290 1 25024 92
35 0 1000 0 0 1000 0 1000 8 8 8 8 0 0 0 0 0 0 0 0 0 0 8 8 8 8 0 0 0 0 0 0 0 0 0 0 8 8 8 8 0 0 0 0 0 0 0 0 0 0 8 8 8 8 0 0 0 0 0 0 0 0 0 0 8 8 8 8 0 0 0 0 0 0 0 0 0 0 8 8 8 8 0 0 0 0 0 0 0 0 0 0
36 0 1000 0 0 1000 0 1000 8 8 8 8 0 0 0 0 0 0 0 0 0 0 8 8 8 8 0 0 0 0 0 0 0 0 0 0 8 8 8 8 0 0 0 0 0 0 0 0 0 0 8 8 8 8 0 0 0 0 0 0 0 0 0 0 8 8 8 8 0 0 0 0 0 0 0 0 0 0 8 8 8 8 0 0 0 0 0 0 0 0 0 0
37 0 1000 0 0 1000 0 1000 8 8 8 8 0 0 0 0 0 0 0 0 0 0 8 8 8 8 0 0 0 0 0 0 0 0 0 0 8 8 8 8 0 0 0 0 0 0 0 0 0 0 8 8 8 8 0 0 0 0 0 0 0 0 0 0 8 8 8 8 0 0 0 0 0 0 0 0 0 0 8 8 8 8 0 0 0 0 0 0 0 0 0 0
38 0 1000 0 0 1000 0 1000 8 8 8 8 0 0 25840 95 0 0 0 0 25840 95 8 8 8 8 0 0 25840 95 0 0 0 0 25840 95 8 8 8 8 0 0 25840 95 0 0 0 0 25840 95 8 8 8 8 0 0 25840 95 0 0 0 0 25840 95 8 8 8 8 0 0 25840 95 0 0 0 0 25840 95 8 8 8 8 0 0 25840 95 0 0 0 0 25840 95
39 0 1000 0 0 1000 0 1000 8 8 8 8 0 0 0 0 0 0 0 0 0 0 8 8 8 8 0 0 0 0 0 0 0 0 0 0 8 8 8 8 0 0 0 0 0 0 0 0 0 0 8 8 8 8 0 0 0 0 0 0 0 0 0 0 8 8 8 8 0 0 0 0 0 0 0 0 0 0 8 8 8 8 0 0 0 0 0 0 0 0 0 0
40 0 1000 0 0 1000 0 1000 8 8 8 8 0 0 0 0 0 0 0 0 0 0 8 8 8 8 0 0 0 0 0 0 0 0 0 0 8 8 8 8 0 0 0 0 0 0 0 0 0 0 8 8 8 8 0 0 0 0 0 0 0 0 0 0 8 8 8 8 0 0 0 0 0 0 0 0 0 0 8 8 8 8 0 0 0 0 0 0 0 0 0 0
41 0 1000 0 0 1000 0 1000 8 8 8 8 0 0 166958 2 166958 2 0 0 0 0 8 8 8 8 0 0 166958 2 166958 2 0 0 0 0 8 8 8 8 0 0 166958 2 166958 2 0 0 0 0 8 8 8 8 0 0 166958 2 166958 2 0 0 0 0 8 8 8 8 0 0 166958 2 166958 2 0 0 0 0 8 8 8 8 0 0 166958 2 166958 2 0 0 0 0
42 0 1000 0 0 1000 0 1000 9 10 9 10 0 0 112115 118 0 0 80291 1 31824 117 9 10 9 10 0 0 112115 118 0 0 80291 1 31824 117 9 10 9 10 0 0 112115 118 0 0 80291 1 31824 117 9 10 9 10 0 0 112115 118 0 0 80291 1 31824 117 9 10 9 10 0 0 112115 118 0 0 80291 1 31824 117 9 10 9 10 0 0 112115 118 0 0 80291 1 31824 117
43 0 1000 0 0 1000 0 1000 9 10 9 10 0 0 0 0 0 0 0 0 0 0 9 10 9 10 0 0 0 0 0 0 0 0 0 0 9 10 9 10 0 0 0 0 0 0 0 0 0 0 9 10 9 10 0 0 0 0 0 0 0 0 0 0 9 10 9 10 0 0 0 0 0 0 0 0 0 0 9 10 9 10 0 0 0 0 0 0 0 0 0 0
44 0 1000 0 0 1000 0 1000 9 10 9 10 0 0 0 0 0 0 0 0 0 0 9 10 9 10 0 0 0 0 0 0 0 0 0 0 9 10 9 10 0 0 0 0 0 0 0 0 0 0 9 10 9 10 0 0 0 0 0 0 0 0 0 0 9 10 9 10 0 0 0 0 0 0 0 0 0 0 9 10 9 10 0 0 0 0 0 0 0 0 0 0
45 0 1000 0 0 1000 0 1000 9 10 9 10 0 0 336731 4 336731 4 0 0 0 0 9 10 9 10 0 0 336731 4 336731 4 0 0 0 0 9 10 9 10 0 0 336731 4 336731 4 0 0 0 0 9 10 9 10 0 0 336731 4 336731 4 0 0 0 0 9 10 9 10 0 0 336731 4 336731 4 0 0 0 0 9 10 9 10 0 0 336731 4 336731 4 0 0 0 0
46 0 1000 0 0 1000 0 1000 10 11 10 11 0 0 114019 125 0 0 80291 1 33728 124 10 11 10 11 0 0 114019 125 0 0 80291 1 33728 124 10 11 10 11 0 0 114019 125 0 0 80291 1 33728 124 10 11 10 11 0 0 114019 125 0 0 80291 1 33728 124 10 11 10 11 0 0 114019 125 0 0 80291 1 33728 124 10 11 10 11 0 0 114019 125 0 0 80291 1 33728 124
47 0 1000 0 0 1000 0 1000 10 11 10 11 1 1 0 0 0 0 0 0 0 0 10 11 10 11 1 1 0 0 0 0 0 0 0 0 10 11 10 11 1 1 0 0 0 0 0 0 0 0 10 11 10 11 1 1 0 0 0 0 0 0 0 0 10 11 10 11 1 1 0 0 0 0 0 0 0 0 10 11 10 11 1 1 0 0 0 0 0 0 0 0
48 0 1000 0 0 1000 0 1000 10 11 10 11 1 1 0 0 0 0 0 0 0 0 10 11 10 11 1 1 0 0 0 0 0 0 0 0 10 11 10 11 1 1 0 0 0 0 0 0 0 0 10 11 10 11 1 1 0 0 0 0 0 0 0 0 10 11 10 11 1 1 0 0 0 0 0 0 0 0 10 11 10 11 1 1 0 0 0 0 0 0 0 0
49 0 1000 0 0 1000 0 1000 10 11 10 11 1 1 253220 3 253220 3 0 0 0 0 10 11 10 11 1 1 253220 3 253220 3 0 0 0 0 10 11 10 11 1 1 253220 3 253220 3 0 0 0 0 10 11 10 11 1 1 253220 3 253220 3 0 0 0 0 10 11 10 11 1 1 253220 3 253220 3 0 0 0 0 10 11 10 11 1 1 253220 3 253220 3 0 0 0 0
50 0 1000 0 0 1000 0 1000 11 12 11 12 1 1 108035 103 0 0 80291 1 27744 102 11 12 11 12 1 1 108035 103 0 0 80291 1 27744 102 11 12 11 12 1 1 108035 103 0 0 80291 1 27744 102 11 12 11 12 1 1 108035 103 0 0 80291 1 27744 102 11 12 11 12 1 1 108035 103 0 0 80291 1 27744 102 11 12 11 12 1 1 108035 103 0 0 80291 1 27744 102
51 0 1000 0 0 1000 0 1000 11 12 11 12 2 2 0 0 0 0 0 0 0 0 11 12 11 12 2 2 0 0 0 0 0 0 0 0 11 12 11 12 2 2 0 0 0 0 0 0 0 0 11 12 11 12 2 2 0 0 0 0 0 0 0 0 11 12 11 12 2 2 0 0 0 0 0 0 0 0 11 12 11 12 2 2 0 0 0 0 0 0 0 0
52 0 1000 0 0 1000 0 1000 11 12 11 12 2 2 0 0 0 0 0 0 0 0 11 12 11 12 2 2 0 0 0 0 0 0 0 0 11 12 11 12 2 2 0 0 0 0 0 0 0 0 11 12 11 12 2 2 0 0 0 0 0 0 0 0 11 12 11 12 2 2 0 0 0 0 0 0 0 0 11 12 11 12 2 2 0 0 0 0 0 0 0 0
53 0 1000 0 0 1000 0 1000 11 12 11 12 2 2 83703 1 83703 1 0 0 0 0 11 12 11 12 2 2 83703 1 83703 1 0 0 0 0 11 12 11 12 2 2 83703 1 83703 1 0 0 0 0 11 12 11 12 2 2 83703 1 83703 1 0 0 0 0 11 12 11 12 2 2 83703 1 83703 1 0 0 0 0 11 12 11 12 2 2 83703 1 83703 1 0 0 0 0
54 0 1000 0 0 1000 0 1000 12 13 12 13 2 2 111027 114 0 0 80291 1 30736 113 12 13 12 13 2 2 111027 114 0 0 80291 1 30736 113 12 13 12 13 2 2 111027 114 0 0 80291 1 30736 113 12 13 12 13 2 2 111027 114 0 0 80291 1 30736 113 12 13 12 13 2 2 111027 114 0 0 80291 1 30736 113 12 13 12 13 2 2 111027 114 0 0 80291 1 30736 113
55 0 1000 0 0 1000 0 1000 12 13 12 13 3 3 0 0 0 0 0 0 0 0 12 13 12 13 3 3 0 0 0 0 0 0 0 0 12 13 12 13 3 3 0 0 0 0 0 0 0 0 12 13 12 13 3 3 0 0 0 0 0 0 0 0 12 13 12 13 3 3 0 0 0 0 0 0 0 0 12 13 12 13 3 3 0 0 0 0 0 0 0 0
56 0 1000 0 0 1000 0 1000 12 13 12 13 3 3 0 0 0 0 0 0 0 0 12 13 12 13 3 3 0 0 0 0 0 0 0 0 12 13 12 13 3 3 0 0 0 0 0 0 0 0 12 13 12 13 3 3 0 0 0 0 0 0 0 0 12 13 12 13 3 3 0 0 0 0 0 0 0 0 12 13 12 13 3 3 0 0 0 0 0 0 0 0
57 0 1000 0 0 1000 0 1000 12 13 12 13 3 3 504329 6 504329 6 0 0 0 0 12 13 12 13 3 3 504329 6 504329 6 0 0 0 0 12 13 12 13 3 3 504329 6 504329 6 0 0 0 0 12 13 12 13 3 3 504329 6 504329 6 0 0 0 0 12 13 12 13 3 3 504329 6 504329 6 0 0 0 0 12 13 12 13 3 3 504329 6 504329 6 0 0 0 0
58 0 1000 0 0 1000 0 1000 13 14 13 14 3 3 109395 108 0 0 80291 1 29104 107 13 14 13 14 3 3 109395 108 0 0 80291 1 29104 107 13 14 13 14 3 3 109395 108 0 0 80291 1 29104 107 13 14 13 14 3 3 109395 108 0 0 80291 1 29104 107 13 14 13 14 3 3 109395 108 0 0 80291 1 29104 107 13 14 13 14 3 3 109395 108 0 0 80291 1 29104 107
59 0 1000 0 0 1000 0 1000 13 14 13 14 4 4 0 0 0 0 0 0 0 0 13 14 13 14 4 4 0 0 0 0 0 0 0 0 13 14 13 14 4 4 0 0 0 0 0 0 0 0 13 14 13 14 4 4 0 0 0 0 0 0 0 0 13 14 13 14 4 4 0 0 0 0 0 0 0 0 13 14 13 14 4 4 0 0 0 0 0 0 0 0
60 0 1000 0 0 1000 0 1000 13 14 13 14 4 4 0 0 0 0 0 0 0 0 13 14 13 14 4 4 0 0 0 0 0 0 0 0 13 14 13 14 4 4 0 0 0 0 0 0 0 0 13 14 13 14 4 4 0 0 0 0 0 0 0 0 13 14 13 14 4 4 0 0 0 0 0 0 0 0 13 14 13 14 4 4 0 0 0 0 0 0 0 0
61 0 1000 0 0 1000 0 1000 13 14 13 14 4 4 251588 3 251588 3 0 0 0 0 13 14 13 14 4 4 251588 3 251588 3 0 0 0 0 13 14 13 14 4 4 251588 3 251588 3 0 0 0 0 13 14 13 14 4 4 251588 3 251588 3 0 0 0 0 13 14 13 14 4 4 251588 3 251588 3 0 0 0 0 13 14 13 14 4 4 251588 3 251588 3 0 0 0 0
62 0 1000 0 0 1000 0 1000 14 15 14 15 4 4 106131 96 0 0 80291 1 25840 95 14 15 14 15 4 4 106131 96 0 0 80291 1 25840 95 14 15 14 15 4 4 106131 96 0 0 80291 1 25840 95 14 15 14 15 4 4 106131 96 0 0 80291 1 25840 95 14 15 14 15 4 4 106131 96 0 0 80291 1 25840 95 14 15 14 15 4 4 106131 96 0 0 80291 1 25840 95
63 0 1000 0 0 1000 0 1000 14 15 14 15 5 5 0 0 0 0 0 0 0 0 14 15 14 15 5 5 0 0 0 0 0 0 0 0 14 15 14 15 5 5 0 0 0 0 0 0 0 0 14 15 14 15 5 5 0 0 0 0 0 0 0 0 14 15 14 15 5 5 0 0 0 0 0 0 0 0 14 15 14 15 5 5 0 0 0 0 0 0 0 0
64 0 1000 0 0 1000 0 1000 14 15 14 15 5 5 0 0 0 0 0 0 0 0 14 15 14 15 5 5 0 0 0 0 0 0 0 0 14 15 14 15 5 5 0 0 0 0 0 0 0 0 14 15 14 15 5 5 0 0 0 0 0 0 0 0 14 15 14 15 5 5 0 0 0 0 0 0 0 0 14 15 14 15 5 5 0 0 0 0 0 0 0 0
65 0 1000 0 0 1000 0 1000 14 15 14 15 5 5 250437 3 250437 3 0 0 0 0 14 15 14 15 5 5 250437 3 250437 3 0 0 0 0 14 15 14 15 5 5 250437 3 250437 3 0 0 0 0 14 15 14 15 5 5 250437 3 250437 3 0 0 0 0 14 15 14 15 5 5 250437 3 250437 3 0 0 0 0 14 15 14 15 5 5 250437 3 250437 3 0 0 0 0
66 0 1000 0 0 1000 0 1000 15 16 15 16 5 5 108307 104 0 0 80291 1 28016 103 15 16 15 16 5 5 108307 104 0 0 80291 1 28016 103 15 16 15 16 5 5 108307 104 0 0 80291 1 28016 103 15 16 15 16 5 5 108307 104 0 0 80291 1 28016 103 15 16 15 16 5 5 108307 104 0 0 80291 1 28016 103 15 16 15 16 5 5 108307 104 0 0 80291 1 28016 103
67 0 1000 0 0 1000 0 1000 15 16 15 16 6 6 0 0 0 0 0 0 0 0 15 16 15 16 6 6 0 0 0 0 0 0 0 0 15 16 15 16 6 6 0 0 0 0 0 0 0 0 15 16 15 16 6 6 0 0 0 0 0 0 0 0 15 16 15 16 6 6 0 0 0 0 0 0 0 0 15 16 15 16 6 6 0 0 0 0 0 0 0 0
68 0 1000 0 0 1000 0 1000 15 16 15 16 6 6 0 0 0 0 0 0 0 0 15 16 15 16 6 6 0 0 0 0 0 0 0 0 15 16 15 16 6 6 0 0 0 0 0 0 0 0 15 16 15 16 6 6 0 0 0 0 0 0 0 0 15 16 15 16 6 6 0 0 0 0 0 0 0 0 15 16 15 16 6 6 0 0 0 0 0 0 0 0
69 0 1000 0 0 1000 0 1000 15 16 15 16 6 6 167470 2 167470 2 0 0 0 0 15 16 15 16 6 6 167470 2 167470 2 0 0 0 0 15 16 15 16 6 6 167470 2 167470 2 0 0 0 0 15 16 15 16 6 6 167470 2 167470 2 0 0 0 0 15 16 15 16 6 6 167470 2 167470 2 0 0 0 0 15 16 15 16 6 6 167470 2 167470 2 0 0 0 0
70 0 1000 0 0 1000 0 1000 16 17 16 17 6 6 106403 97 0 0 80291 1 26112 96 16 17 16 17 6 6 106403 97 0 0 80291 1 26112 96 16 17 16 17 6 6 106403 97 0 0 80291 1 26112 96 16 17 16 17 6 6 106403 97 0 0 80291 1 26112 96 16 17 16 17 6 6 106403 97 0 0 80291 1 26112 96 16 17 16 17 6 6 106403 97 0 0 80291 1 26112 96
71 0 1000 0 0 1000 0 1000 16 17 16 17 7 7 0 0 0 0 0 0 0 0 16 17 16 17 7 7 0 0 0 0 0 0 0 0 16 17 16 17 7 7 0 0 0 0 0 0 0 0 16 17 16 17 7 7 0 0 0 0 0 0 0 0 16 17 16 17 7 7 0 0 0 0 0 0 0 0 16 17 16 17 7 7 0 0 0 0 0 0 0 0
72 0 1000 0 0 1000 0 1000 16 17 16 17 7 7 0 0 0 0 0 0 0 0 16 17 16 17 7 7 0 0 0 0 0 0 0 0 16 17 16 17 7 7 0 0 0 0 0 0 0 0 16 17 16 17 7 7 0 0 0 0 0 0 0 0 16 17 16 17 7 7 0 0 0 0 0 0 0 0 16 17 16 17 7 7 0 0 0 0 0 0 0 0
73 0 1000 0 0 1000 0 1000 16 17 16 17 7 7 334044 4 334044 4 0 0 0 0 16 17 16 17 7 7 334044 4 334044 4 0 0 0 0 16 17 16 17 7 7 334044 4 334044 4 0 0 0 0 16 17 16 17 7 7 334044 4 334044 4 0 0 0 0 16 17 16 17 7 7 334044 4 334044 4 0 0 0 0 16 17 16 17 7 7 334044 4 334044 4 0 0 0 0
74 0 1000 0 0 1000 0 1000 17 18 17 18 7 7 107491 101 0 0 80291 1 27200 100 17 18 17 18 7 7 107491 101 0 0 80291 1 27200 100 17 18 17 18 7 7 107491 101 0 0 80291 1 27200 100 17 18 17 18 7 7 107491 101 0 0 80291 1 27200 100 17 18 17 18 7 7 107491 101 0 0 80291 1 27200 100 17 18 17 18 7 7 107491 101 0 0 80291 1 27200 100
75 0 1000 0 0 1000 0 1000 17 18 17 18 8 8 0 0 0 0 0 0 0 0 17 18 17 18 8 8 0 0 0 0 0 0 0 0 17 18 17 18 8 8 0 0 0 0 0 0 0 0 17 18 17 18 8 8 0 0 0 0 0 0 0 0 17 18 17 18 8 8 0 0 0 0 0 0 0 0 17 18 17 18 8 8 0 0 0 0 0 0 0 0
76 0 1000 0 0 1000 0 1000 17 18 17 18 8 8 0 0 0 0 0 0 0 0 17 18 17 18 8 8 0 0 0 0 0 0 0 0 17 18 17 18 8 8 0 0 0 0 0 0 0 0 17 18 17 18 8 8 0 0 0 0 0 0 0 0 17 18 17 18 8 8 0 0 0 0 0 0 0 0 17 18 17 18 8 8 0 0 0 0 0 0 0 0
77 0 1000 0 0 1000 0 1000 17 18 17 18 8 8 334556 4 334556 4 0 0 0 0 17 18 17 18 8 8 334556 4 334556 4 0 0 0 0 17 18 17 18 8 8 334556 4 334556 4 0 0 0 0 17 18 17 18 8 8 334556 4 334556 4 0 0 0 0 17 18 17 18 8 8 334556 4 334556 4 0 0 0 0 17 18 17 18 8 8 334556 4 334556 4 0 0 0 0
78 0 1000 0 0 1000 0 1000 18 19 18 19 8 8 108579 105 0 0 80291 1 28288 104 18 19 18 19 8 8 108579 105 0 0 80291 1 28288 104 18 19 18 19 8 8 108579 105 0 0 80291 1 28288 104 18 19 18 19 8 8 108579 105 0 0 80291 1 28288 104 18 19 18 19 8 8 108579 105 0 0 80291 1 28288 104 18 19 18 19 8 8 108579 105 0 0 80291 1 28288 104
79 0 1000 0 0 1000 0 1000 18 19 18 19 8 8 0 0 0 0 0 0 0 0 18 19 18 19 8 8 0 0 0 0 0 0 0 0 18 19 18 19 8 8 0 0 0 0 0 0 0 0 18 19 18 19 8 8 0 0 0 0 0 0 0 0 18 19 18 19 8 8 0 0 0 0 0 0 0 0 18 19 18 19 8 8 0 0 0 0 0 0 0 0
80 0 1000 0 0 1000 0 1000 18 19 18 19 8 8 0 0 0 0 0 0 0 0 18 19 18 19 8 8 0 0 0 0 0 0 0 0 18 19 18 19 8 8 0 0 0 0 0 0 0 0 18 19 18 19 8 8 0 0 0 0 0 0 0 0 18 19 18 19 8 8 0 0 0 0 0 0 0 0 18 19 18 19 8 8 0 0 0 0 0 0 0 0
81 0 1000 0 0 1000 0 1000 18 19 18 19 8 8 167534 2 167534 2 0 0 0 0 18 19 18 19 8 8 167534 2 167534 2 0 0 0 0 18 19 18 19 8 8 167534 2 167534 2 0 0 0 0 18 19 18 19 8 8 167534 2 167534 2 0 0 0 0 18 19 18 19 8 8 167534 2 167534 2 0 0 0 0 18 19 18 19 8 8 167534 2 167534 2 0 0 0 0
82 0 1000 0 0 1000 0 1000 19 20 19 20 8 8 106675 98 0 0 80291 1 26384 97 19 20 19 20 8 8 106675 98 0 0 80291 1 26384 97 19 20 19 20 8 8 106675 98 0 0 80291 1 26384 97 19 20 19 20 8 8 106675 98 0 0 80291 1 26384 97 19 20 19 20 8 8 106675 98 0 0 80291 1 26384 97 19 20 19 20 8 8 106675 98 0 0 80291 1 26384 97
83 0 1000 0 0 1000 0 1000 19 20 19 20 9 10 0 0 0 0 0 0 0 0 19 20 19 20 9 10 0 0 0 0 0 0 0 0 19 20 19 20 9 10 0 0 0 0 0 0 0 0 19 20 19 20 9 10 0 0 0 0 0 0 0 0 19 20 19 20 9 10 0 0 0 0 0 0 0 0 19 20 19 20 9 10 0 0 0 0 0 0 0 0
84 0 1000 0 0 1000 0 1000 19 20 19 20 9 10 0 0 0 0 0 0 0 0 19 20 19 20 9 10 0 0 0 0 0 0 0 0 19 20 19 20 9 10 0 0 0 0 0 0 0 0 19 20 19 20 9 10 0 0 0 0 0 0 0 0 19 20 19 20 9 10 0 0 0 0 0 0 0 0 19 20 19 20 9 10 0 0 0 0 0 0 0 0
85 0 1000 0 0 1000 0 1000 19 20 19 20 9 10 417715 5 417715 5 0 0 0 0 19 20 19 20 9 10 417715 5 417715 5 0 0 0 0 19 20 19 20 9 10 417715 5 417715 5 0 0 0 0 19 20 19 20 9 10 417715 5 417715 5 0 0 0 0 19 20 19 20 9 10 417715 5 417715 5 0 0 0 0 19 20 19 20 9 10 417715 5 417715 5 0 0 0 0
86 0 1000 0 0 1000 0 1000 20 21 20 21 9 10 106675 98 0 0 80291 1 26384 97 20 21 20 21 9 10 106675 98 0 0 80291 1 26384 97 20 21 20 21 9 10 106675 98 0 0 80291 1 26384 97 20 21 20 21 9 10 106675 98 0 0 80291 1 26384 97 20 21 20 21 9 10 106675 98 0 0 80291 1 26384 97 20 21 20 21 9 10 106675 98 0 0 80291 1 26384 97
87 0 1000 0 0 1000 0 1000 20 21 20 21 10 11 0 0 0 0 0 0 0 0 20 21 20 21 10 11 0 0 0 0 0 0 0 0 20 21 20 21 10 11 0 0 0 0 0 0 0 0 20 21 20 21 10 11 0 0 0 0 0 0 0 0 20 21 20 21 10 11 0 0 0 0 0 0 0 0 20 21 20 21 10 11 0 0 0 0 0 0 0 0
88 0 1000 0 0 1000 0 1000 20 21 20 21 10 11 0 0 0 0 0 0 0 0 20 21 20 21 10 11 0 0 0 0 0 0 0 0 20 21 20 21 10 11 0 0 0 0 0 0 0 0 20 21 20 21 10 11 0 0 0 0 0 0 0 0 20 21 20 21 10 11 0 0 0 0 0 0 0 0 20 21 20 21 10 11 0 0 0 0 0 0 0 0
89 0 1000 0 0 1000 0 1000 20 21 20 21 10 11 250629 3 250629 3 0 0 0 0 20 21 20 21 10 11 250629 3 250629 3 0 0 0 0 20 21 20 21 10 11 250629 3 250629 3 0 0 0 0 20 21 20 21 10 11 250629 3 250629 3 0 0 0 0 20 21 20 21 10 11 250629 3 250629 3 0 0 0 0 20 21 20 21 10 11 250629 3 250629 3 0 0 0 0
90 0 1000 0 0 1000 0 1000 21 22 21 22 10 11 105315 93 0 0 80291 1 25024 92 21 22 21 22 10 11 105315 93 0 0 80291 1 25024 92 21 22 21 22 10 11 105315 93 0 0 80291 1 25024 92 21 22 21 22 10 11 105315 93 0 0 80291 1 25024 92 21 22 21 22 10 11 105315 93 0 0 80291 1 25024 92 21 22 21 22 10 11 105315 93 0 0 80291 1 25024 92
91 0 1000 0 0 1000 0 1000 21 22 21 22 11 12 0 0 0 0 0 0 0 0 21 22 21 22 11 12 0 0 0 0 0 0 0 0 21 22 21 22 11 12 0 0 0 0 0 0 0 0 21 22 21 22 11 12 0 0 0 0 0 0 0 0 21 22 21 22 11 12 0 0 0 0 0 0 0 0 21 22 21 22 11 12 0 0 0 0 0 0 0 0
92 0 1000 0 0 1000 0 1000 21 22 21 22 11 12 0 0 0 0 0 0 0 0 21 22 21 22 11 12 0 0 0 0 0 0 0 0 21 22 21 22 11 12 0 0 0 0 0 0 0 0 21 22 21 22 11 12 0 0 0 0 0 0 0 0 21 22 21 22 11 12 0 0 0 0 0 0 0 0 21 22 21 22 11 12 0 0 0 0 0 0 0 0
93 0 1000 0 0 1000 0 1000 21 22 21 22 11 12 416914 5 416914 5 0 0 0 0 21 22 21 22 11 12 416914 5 416914 5 0 0 0 0 21 22 21 22 11 12 416914 5 416914 5 0 0 0 0 21 22 21 22 11 12 416914 5 416914 5 0 0 0 0 21 22 21 22 11 12 416914 5 416914 5 0 0 0 0 21 22 21 22 11 12 416914 5 416914 5 0 0 0 0
94 0 1000 0 0 1000 0 1000 22 23 22 23 11 12 111027 114 0 0 80291 1 30736 113 22 23 22 23 11 12 111027 114 0 0 80291 1 30736 113 22 23 22 23 11 12 111027 114 0 0 80291 1 30736 113 22 23 22 23 11 12 111027 114 0 0 80291 1 30736 113 22 23 22 23 11 12 111027 114 0 0 80291 1 30736 113 22 23 22 23 11 12 111027 114 0 0 80291 1 30736 113
95 0 1000 0 0 1000 0 1000 22 23 22 23 12 13 0 0 0 0 0 0 0 0 22 23 22 23 12 13 0 0 0 0 0 0 0 0 22 23 22 23 12 13 0 0 0 0 0 0 0 0 22 23 22 23 12 13 0 0 0 0 0 0 0 0 22 23 22 23 12 13 0 0 0 0 0 0 0 0 22 23 22 23 12 13 0 0 0 0 0 0 0 0
96 0 1000 0 0 1000 0 1000 22 23 22 23 12 13 0 0 0 0 0 0 0 0 22 23 22 23 12 13 0 0 0 0 0 0 0 0 22 23 22 23 12 13 0 0 0 0 0 0 0 0 22 23 22 23 12 13 0 0 0 0 0 0 0 0 22 23 22 23 12 13 0 0 0 0 0 0 0 0 22 23 22 23 12 13 0 0 0 0 0 0 0 0
97 0 1000 0 0 1000 0 1000 22 23 22 23 12 13 252165 3 252165 3 0 0 0 0 22 23 22 23 12 13 252165 3 252165 3 0 0 0 0 22 23 22 23 12 13 252165 3 252165 3 0 0 0 0 22 23 22 23 12 13 252165 3 252165 3 0 0 0 0 22 23 22 23 12 13 252165 3 252165 3 0 0 0 0 22 23 22 23 12 13 252165 3 252165 3 0 0 0 0
98 0 1000 0 0 1000 0 1000 23 24 23 24 12 13 108035 103 0 0 80291 1 27744 102 23 24 23 24 12 13 108035 103 0 0 80291 1 27744 102 23 24 23 24 12 13 108035 103 0 0 80291 1 27744 102 23 24 23 24 12 13 108035 103 0 0 80291 1 27744 102 23 24 23 24 12 13 108035 103 0 0 80291 1 27744 102 23 24 23 24 12 13 108035 103 0 0 80291 1 27744 102
99 0 1000 0 0 1000 0 1000 23 24 23 24 13 14 0 0 0 0 0 0 0 0 23 24 23 24 13 14 0 0 0 0 0 0 0 0 23 24 23 24 13 14 0 0 0 0 0 0 0 0 23 24 23 24 13 14 0 0 0 0 0 0 0 0 23 24 23 24 13 14 0 0 0 0 0 0 0 0 23 24 23 24 13 14 0 0 0 0 0 0 0 0
100 0 1000 0 0 1000 0 1000 23 24 23 24 13 14 0 0 0 0 0 0 0 0 23 24 23 24 13 14 0 0 0 0 0 0 0 0 23 24 23 24 13 14 0 0 0 0 0 0 0 0 23 24 23 24 13 14 0 0 0 0 0 0 0 0 23 24 23 24 13 14 0 0 0 0 0 0 0 0 23 24 23 24 13 14 0 0 0 0 0 0 0 0
101 0 1000 0 0 1000 0 1000 23 24 23 24 13 14 669624 8 669624 8 0 0 0 0 23 24 23 24 13 14 669624 8 669624 8 0 0 0 0 23 24 23 24 13 14 669624 8 669624 8 0 0 0 0 23 24 23 24 13 14 669624 8 669624 8 0 0 0 0 23 24 23 24 13 14 669624 8 669624 8 0 0 0 0 23 24 23 24 13 14 669624 8 669624 8 0 0 0 0
102 0 1000 0 0 1000 0 1000 24 25 24 25 13 14 102595 83 0 0 80291 1 22304 82 24 25 24 25 13 14 102595 83 0 0 80291 1 22304 82 24 25 24 25 13 14 102595 83 0 0 80291 1 22304 82 24 25 24 25 13 14 102595 83 0 0 80291 1 22304 82 24 25 24 25 13 14 102595 83 0 0 80291 1 22304 82 24 25 24 25 13 14 102595 83 0 0 80291 1 22304 82
103 0 1000 0 0 1000 0 1000 24 25 24 25 14 15 0 0 0 0 0 0 0 0 24 25 24 25 14 15 0 0 0 0 0 0 0 0 24 25 24 25 14 15 0 0 0 0 0 0 0 0 24 25 24 25 14 15 0 0 0 0 0 0 0 0 24 25 24 25 14 15 0 0 0 0 0 0 0 0 24 25 24 25 14 15 0 0 0 0 0 0 0 0
104 0 1000 0 0 1000 0 1000 24 25 24 25 14 15 0 0 0 0 0 0 0 0 24 25 24 25 14 15 0 0 0 0 0 0 0 0 24 25 24 25 14 15 0 0 0 0 0 0 0 0 24 25 24 25 14 15 0 0 0 0 0 0 0 0 24 25 24 25 14 15 0 0 0 0 0 0 0 0 24 25 24 25 14 15 0 0 0 0 0 0 0 0
105 0 1000 0 0 1000 0 1000 24 25 24 25 14 15 249189 3 249189 3 0 0 0 0 24 25 24 25 14 15 249189 3 249189 3 0 0 0 0 24 25 24 25 14 15 249189 3 249189 3 0 0 0 0 24 25 24 25 14 15 249189 3 249189 3 0 0 0 0 24 25 24 25 14 15 249189 3 249189 3 0 0 0 0 24 25 24 25 14 15 249189 3 249189 3 0 0 0 0
106 0 1000 0 0 1000 0 1000 25 26 25 26 14 15 106947 99 0 0 80291 1 26656 98 25 26 25 26 14 15 106947 99 0 0 80291 1 26656 98 25 26 25 26 14 15 106947 99 0 0 80291 1 26656 98 25 26 25 26 14 15 106947 99 0 0 80291 1 26656 98 25 26 25 26 14 15 106947 99 0 0 80291 1 26656 98 25 26 25 26 14 15 106947 99 0 0 80291 1 26656 98
107 0 1000 0 0 1000 0 1000 25 26 25 26 15 16 0 0 0 0 0 0 0 0 25 26 25 26 15 16 0 0 0 0 0 0 0 0 25 26 25 26 15 16 0 0 0 0 0 0 0 0 25 26 25 26 15 16 0 0 0 0 0 0 0 0 25 26 25 26 15 16 0 0 0 0 0 0 0 0 25 26 25 26 15 16 0 0 0 0 0 0 0 0
108 0 1000 0 0 1000 0 1000 25 26 25 26 15 16 0 0 0 0 0 0 0 0 25 26 25 26 15 16 0 0 0 0 0 0 0 0 25 26 25 26 15 16 0 0 0 0 0 0 0 0 25 26 25 26 15 16 0 0 0 0 0 0 0 0 25 26 25 26 15 16 0 0 0 0 0 0 0 0 25 26 25 26 15 16 0 0 0 0 0 0 0 0
109 0 1000 0 0 1000 0 1000 25 26 25 26 15 16 501448 6 501448 6 0 0 0 0 25 26 25 26 15 16 501448 6 501448 6 0 0 0 0 25 26 25 26 15 16 501448 6 501448 6 0 0 0 0 25 26 25 26 15 16 501448 6 501448 6 0 0 0 0 25 26 25 26 15 16 501448 6 501448 6 0 0 0 0 25 26 25 26 15 16 501448 6 501448 6 0 0 0 0
110 0 1000 0 0 1000 0 1000 26 27 26 27 15 16 109937 110 0 0 80289 1 29648 109 26 27 26 27 15 16 109937 110 0 0 80289 1 29648 109 26 27 26 27 15 16 109937 110 0 0 80289 1 29648 109 26 27 26 27 15 16 109937 110 0 0 80289 1 29648 109 26 27 26 27 15 16 109937 110 0 0 80289 1 29648 109 26 27 26 27 15 16 109937 110 0 0 80289 1 29648 109
111 0 1000 0 0 1000 0 1000 26 27 26 27 16 17 0 0 0 0 0 0 0 0 26 27 26 27 16 17 0 0 0 0 0 0 0 0 26 27 26 27 16 17 0 0 0 0 0 0 0 0 26 27 26 27 16 17 0 0 0 0 0 0 0 0 26 27 26 27 16 17 0 0 0 0 0 0 0 0 26 27 26 27 16 17 0 0 0 0 0 0 0 0
112 0 1000 0 0 1000 0 1000 26 27 26 27 16 17 0 0 0 0 0 0 0 0 26 27 26 27 16 17 0 0 0 0 0 0 0 0 26 27 26 27 16 17 0 0 0 0 0 0 0 0 26 27 26 27 16 17 0 0 0 0 0 0 0 0 26 27 26 27 16 17 0 0 0 0 0 0 0 0 26 27 26 27 16 17 0 0 0 0 0 0 0 0
113 0 1000 0 0 1000 0 1000 26 27 26 27 16 17 167854 2 167854 2 0 0 0 0 26 27 26 27 16 17 167854 2 167854 2 0 0 0 0 26 27 26 27 16 17 167854 2 167854 2 0 0 0 0 26 27 26 27 16 17 167854 2 167854 2 0 0 0 0 26 27 26 27 16 17 167854 2 167854 2 0 0 0 0 26 27 26 27 16 17 167854 2 167854 2 0 0 0 0
114 0 1000 0 0 1000 0 1000 27 28 27 28 16 17 108851 106 0 0 80291 1 28560 105 27 28 27 28 16 17 108851 106 0 0 80291 1 28560 105 27 28 27 28 16 17 108851 106 0 0 80291 1 28560 105 27 28 27 28 16 17 108851 106 0 0 80291 1 28560 105 27 28 27 28 16 17 108851 106 0 0 80291 1 28560 105 27 28 27 28 16 17 108851 106 0 0 80291 1 28560 105
115 0 1000 0 0 1000 0 1000 27 28 27 28 17 18 0 0 0 0 0 0 0 0 27 28 27 28 17 18 0 0 0 0 0 0 0 0 27 28 27 28 17 18 0 0 0 0 0 0 0 0 27 28 27 28 17 18 0 0 0 0 0 0 0 0 27 28 27 28 17 18 0 0 0 0 0 0 0 0 27 28 27 28 17 18 0 0 0 0 0 0 0 0
116 0 1000 0 0 1000 0 1000 27 28 27 28 17 18 0 0 0 0 0 0 0 0 27 28 27 28 17 18 0 0 0 0 0 0 0 0 27 28 27 28 17 18 0 0 0 0 0 0 0 0 27 28 27 28 17 18 0 0 0 0 0 0 0 0 27 28 27 28 17 18 0 0 0 0 0 0 0 0 27 28 27 28 17 18 0 0 0 0 0 0 0 0
117 0 1000 0 0 1000 0 1000 27 28 27 28 17 18 418995 5 418995 5 0 0 0 0 27 28 27 28 17 18 418995 5 418995 5 0 0 0 0 27 28 27 28 17 18 418995 5 418995 5 0 0 0 0 27 28 27 28 17 18 418995 5 418995 5 0 0 0 0 27 28 27 28 17 18 418995 5 418995 5 0 0 0 0 27 28 27 28 17 18 418995 5 418995 5 0 0 0 0
118 0 1000 0 0 1000 0 1000 28 29 28 29 17 18 111843 117 0 0 80291 1 31552 116 28 29 28 29 17 18 111843 117 0 0 80291 1 31552 116 28 29 28 29 17 18 111843 117 0 0 80291 1 31552 116 28 29 28 29 17 18 111843 117 0 0 80291 1 31552 116 28 29 28 29 17 18 111843 117 0 0 80291 1 31552 116 28 29 28 29 17 18 111843 117 0 0 80291 1 31552 116
119 0 1000 0 0 1000 0 1000 28 29 28 29 18 19 0 0 0 0 0 0 0 0 28 29 28 29 18 19 0 0 0 0 0 0 0 0 28 29 28 29 18 19 0 0 0 0 0 0 0 0 28 29 28 29 18 19 0 0 0 0 0 0 0 0 28 29 28 29 18 19 0 0 0 0 0 0 0 0 28 29 28 29 18 19 0 0 0 0 0 0 0 0
120 0 1000 0 0 1000 0 1000 28 29 28 29 18 19 0 0 0 0 0 0 0 0 28 29 28 29 18 19 0 0 0 0 0 0 0 0 28 29 28 29 18 19 0 0 0 0 0 0 0 0 28 29 28 29 18 19 0 0 0 0 0 0 0 0 28 29 28 29 18 19 0 0 0 0 0 0 0 0 28 29 28 29 18 19 0 0 0 0 0 0 0 0
121 0 1000 0 0 1000 0 1000 28 29 28 29 18 19 252453 3 252453 3 0 0 0 0 28 29 28 29 18 19 252453 3 252453 3 0 0 0 0 28 29 28 29 18 19 252453 3 252453 3 0 0 0 0 28 29 28 29 18 19 252453 3 252453 3 0 0 0 0 28 29 28 29 18 19 252453 3 252453 3 0 0 0 0 28 29 28 29 18 19 252453 3 252453 3 0 0 0 0
122 0 1000 0 0 1000 0 1000 29 30 29 30 18 19 105587 94 0 0 80291 1 25296 93 29 30 29 30 18 19 105587 94 0 0 80291 1 25296 93 29 30 29 30 18 19 105587 94 0 0 80291 1 25296 93 29 30 29 30 18 19 105587 94 0 0 80291 1 25296 93 29 30 29 30 18 19 105587 94 0 0 80291 1 25296 93 29 30 29 30 18 19 105587 94 0 0 80291 1 25296 93
123 0 1000 0 0 1000 0 1000 29 30 29 30 19 20 0 0 0 0 0 0 0 0 29 30 29 30 19 20 0 0 0 0 0 0 0 0 29 30 29 30 19 20 0 0 0 0 0 0 0 0 29 30 29 30 19 20 0 0 0 0 0 0 0 0 29 30 29 30 19 20 0 0 0 0 0 0 0 0 29 30 29 30 19 20 0 0 0 0 0 0 0 0
124 0 1000 0 0 1000 0 1000 29 30 29 30 19 20 0 0 0 0 0 0 0 0 29 30 29 30 19 20 0 0 0 0 0 0 0 0 29 30 29 30 19 20 0 0 0 0 0 0 0 0 29 30 29 30 19 20 0 0 0 0 0 0 0 0 29 30 29 30 19 20 0 0 0 0 0 0 0 0 29 30 29 30 19 20 0 0 0 0 0 0 0 0
125 0 1000 0 0 1000 0 1000 29 30 29 30 19 20 83415 1 83415 1 0 0 0 0 29 30 29 30 19 20 83415 1 83415 1 0 0 0 0 29 30 29 30 19 20 83415 1 83415 1 0 0 0 0 29 30 29 30 19 20 83415 1 83415 1 0 0 0 0 29 30 29 30 19 20 83415 1 83415 1 0 0 0 0 29 30 29 30 19 20 83415 1 83415 1 0 0 0 0
126 0 1000 0 0 1000 0 1000 30 31 30 31 19 20 106403 97 0 0 80291 1 26112 96 30 31 30 31 19 20 106403 97 0 0 80291 1 26112 96 30 31 30 31 19 20 106403 97 0 0 80291 1 26112 96 30 31 30 31 19 20 106403 97 0 0 80291 1 26112 96 30 31 30 31 19 20 106403 97 0 0 80291 1 26112 96 30 31 30 31 19 20 106403 97 0 0 80291 1 26112 96
127 0 1000 0 0 1000 0 1000 30 31 30 31 20 21 0 0 0 0 0 0 0 0 30 31 30 31 20 21 0 0 0 0 0 0 0 0 30 31 30 31 20 21 0 0 0 0 0 0 0 0 30 31 30 31 20 21 0 0 0 0 0 0 0 0 30 31 30 31 20 21 0 0 0 0 0 0 0 0 30 31 30 31 20 21 0 0 0 0 0 0 0 0
128 0 1000 0 0 1000 0 1000 30 31 30 31 20 21 0 0 0 0 0 0 0 0 30 31 30 31 20 21 0 0 0 0 0 0 0 0 30 31 30 31 20 21 0 0 0 0 0 0 0 0 30 31 30 31 20 21 0 0 0 0 0 0 0 0 30 31 30 31 20 21 0 0 0 0 0 0 0 0 30 31 30 31 20 21 0 0 0 0 0 0 0 0
129 0 1000 0 0 1000 0 1000 30 31 30 31 20 21 250533 3 250533 3 0 0 0 0 30 31 30 31 20 21 250533 3 250533 3 0 0 0 0 30 31 30 31 20 21 250533 3 250533 3 0 0 0 0 30 31 30 31 20 21 250533 3 250533 3 0 0 0 0 30 31 30 31 20 21 250533 3 250533 3 0 0 0 0 30 31 30 31 20 21 250533 3 250533 3 0 0 0 0
130 0 1000 0 0 1000 0 1000 30 31 30 31 20 21 99875 73 0 0 80291 1 19584 72 30 31 30 31 20 21 99875 73 0 0 80291 1 19584 72 30 31 30 31 20 21 99875 73 0 0 80291 1 19584 72 30 31 30 31 20 21 99875 73 0 0 80291 1 19584 72 30 31 30 31 20 21 99875 73 0 0 80291 1 19584 72 30 31 30 31 20 21 99875 73 0 0 80291 1 19584 72
131 0 1000 0 0 1000 0 1000 30 31 30 31 21 22 0 0 0 0 0 0 0 0 30 31 30 31 21 22 0 0 0 0 0 0 0 0 30 31 30 31 21 22 0 0 0 0 0 0 0 0 30 31 30 31 21 22 0 0 0 0 0 0 0 0 30 31 30 31 21 22 0 0 0 0 0 0 0 0 30 31 30 31 21 22 0 0 0 0 0 0 0 0
132 0 1000 0 0 1000 0 1000 30 31 30 31 21 22 0 0 0 0 0 0 0 0 30 31 30 31 21 22 0 0 0 0 0 0 0 0 30 31 30 31 21 22 0 0 0 0 0 0 0 0 30 31 30 31 21 22 0 0 0 0 0 0 0 0 30 31 30 31 21 22 0 0 0 0 0 0 0 0 30 31 30 31 21 22 0 0 0 0 0 0 0 0
133 0 1000 0 0 1000 0 1000 30 31 30 31 21 22 248227 3 248227 3 0 0 0 0 30 31 30 31 21 22 248227 3 248227 3 0 0 0 0 30 31 30 31 21 22 248227 3 248227 3 0 0 0 0 30 31 30 31 21 22 248227 3 248227 3 0 0 0 0 30 31 30 31 21 22 248227 3 248227 3 0 0 0 0 30 31 30 31 21 22 248227 3 248227 3 0 0 0 0
134 0 1000 0 0 1000 0 1000 32 33 32 33 21 22 109938 110 0 0 80290 1 29648 109 32 33 32 33 21 22 109938 110 0 0 80290 1 29648 109 32 33 32 33 21 22 109938 110 0 0 80290 1 29648 109 32 33 32 33 21 22 109938 110 0 0 80290 1 29648 109 32 33 32 33 21 22 109938 110 0 0 80290 1 29648 109 32 33 32 33 21 22 109938 110 0 0 80290 1 29648 109
135 0 1000 0 0 1000 0 1000 32 33 32 33 22 23 0 0 0 0 0 0 0 0 32 33 32 33 22 23 0 0 0 0 0 0 0 0 32 33 32 33 22 23 0 0 0 0 0 0 0 0 32 33 32 33 22 23 0 0 0 0 0 0 0 0 32 33 32 33 22 23 0 0 0 0 0 0 0 0 32 33 32 33 22 23 0 0 0 0 0 0 0 0
136 0 1000 0 0 1000 0 1000 32 33 32 33 22 23 0 0 0 0 0 0 0 0 32 33 32 33 22 23 0 0 0 0 0 0 0 0 32 33 32 33 22 23 0 0 0 0 0 0 0 0 32 33 32 33 22 23 0 0 0 0 0 0 0 0 32 33 32 33 22 23 0 0 0 0 0 0 0 0 32 33 32 33 22 23 0 0 0 0 0 0 0 0
137 0 1000 0 0 1000 0 1000 32 33 32 33 22 23 503562 6 503562 6 0 0 0 0 32 33 32 33 22 23 503562 6 503562 6 0 0 0 0 32 33 32 33 22 23 503562 6 503562 6 0 0 0 0 32 33 32 33 22 23 503562 6 503562 6 0 0 0 0 32 33 32 33 22 23 503562 6 503562 6 0 0 0 0 32 33 32 33 22 23 503562 6 503562 6 0 0 0 0
138 0 1000 0 0 1000 0 1000 33 34 33 34 22 23 108307 104 0 0 80291 1 28016 103 33 34 33 34 22 23 108307 104 0 0 80291 1 28016 103 33 34 33 34 22 23 108307 104 0 0 80291 1 28016 103 33 34 33 34 22 23 108307 104 0 0 80291 1 28016 103 33 34 33 34 22 23 108307 104 0 0 80291 1 28016 103 33 34 33 34 22 23 108307 104 0 0 80291 1 28016 103
139 0 1000 0 0 1000 0 1000 33 34 33 34 23 24 0 0 0 0 0 0 0 0 33 34 33 34 23 24 0 0 0 0 0 0 0 0 33 34 33 34 23 24 0 0 0 0 0 0 0 0 33 34 33 34 23 24 0 0 0 0 0 0 0 0 33 34 33 34 23 24 0 0 0 0 0 0 0 0 33 34 33 34 23 24 0 0 0 0 0 0 0 0
140 0 1000 0 0 1000 0 1000 33 34 33 34 23 24 0 0 0 0 0 0 0 0 33 34 33 34 23 24 0 0 0 0 0 0 0 0 33 34 33 34 23 24 0 0 0 0 0 0 0 0 33 34 33 34 23 24 0 0 0 0 0 0 0 0 33 34 33 34 23 24 0 0 0 0 0 0 0 0 33 34 33 34 23 24 0 0 0 0 0 0 0 0
141 0 1000 0 0 1000 0 1000 33 34 33 34 23 24 502410 6 502410 6 0 0 0 0 33 34 33 34 23 24 502410 6 502410 6 0 0 0 0 33 34 33 34 23 24 502410 6 502410 6 0 0 0 0 33 34 33 34 23 24 502410 6 502410 6 0 0 0 0 33 34 33 34 23 24 502410 6 502410 6 0 0 0 0 33 34 33 34 23 24 502410 6 502410 6 0 0 0 0
142 0 1000 0 0 1000 0 1000 34 35 34 35 23 24 109123 107 0 0 80291 1 28832 106 34 35 34 35 23 24 109123 107 0 0 80291 1 28832 106 34 35 34 35 23 24 109123 107 0 0 80291 1 28832 106 34 35 34 35 23 24 109123 107 0 0 80291 1 28832 106 34 35 34 35 23 24 109123 107 0 0 80291 1 28832 106 34 35 34 35 23 24 109123 107 0 0 80291 1 28832 106
143 0 1000 0 0 1000 0 1000 34 35 34 35 24 25 0 0 0 0 0 0 0 0 34 35 34 35 24 25 0 0 0 0 0 0 0 0 34 35 34 35 24 25 0 0 0 0 0 0 0 0 34 35 34 35 24 25 0 0 0 0 0 0 0 0 34 35 34 35 24 25 0 0 0 0 0 0 0 0 34 35 34 35 24 25 0 0 0 0 0 0 0 0
144 0 1000 0 0 1000 0 1000 34 35 34 35 24 25 0 0 0 0 0 0 0 0 34 35 34 35 24 25 0 0 0 0 0 0 0 0 34 35 34 35 24 25 0 0 0 0 0 0 0 0 34 35 34 35 24 25 0 0 0 0 0 0 0 0 34 35 34 35 24 25 0 0 0 0 0 0 0 0 34 35 34 35 24 25 0 0 0 0 0 0 0 0
145 0 1000 0 0 1000 0 1000 34 35 34 35 24 25 419155 5 419155 5 0 0 0 0 34 35 34 35 24 25 419155 5 419155 5 0 0 0 0 34 35 34 35 24 25 419155 5 419155 5 0 0 0 0 34 35 34 35 24 25 419155 5 419155 5 0 0 0 0 34 35 34 35 24 25 419155 5 419155 5 0 0 0 0 34 35 34 35 24 25 419155 5 419155 5 0 0 0 0
146 0 1000 0 0 1000 0 1000 35 36 35 36 24 25 103683 87 0 0 80291 1 23392 86 35 36 35 36 24 25 103683 87 0 0 80291 1 23392 86 35 36 35 36 24 25 103683 87 0 0 80291 1 23392 86 35 36 35 36 24 25 103683 87 0 0 80291 1 23392 86 35 36 35 36 24 25 103683 87 0 0 80291 1 23392 86 35 36 35 36 24 25 103683 87 0 0 80291 1 23392 86
147 0 1000 0 0 1000 0 1000 35 36 35 36 25 26 0 0 0 0 0 0 0 0 35 36 35 36 25 26 0 0 0 0 0 0 0 0 35 36 35 36 25 26 0 0 0 0 0 0 0 0 35 36 35 36 25 26 0 0 0 0 0 0 0 0 35 36 35 36 25 26 0 0 0 0 0 0 0 0 35 36 35 36 25 26 0 0 0 0 0 0 0 0
148 0 1000 0 0 1000 0 1000 35 36 35 36 25 26 0 0 0 0 0 0 0 0 35 36 35 36 25 26 0 0 0 0 0 0 0 0 35 36 35 36 25 26 0 0 0 0 0 0 0 0 35 36 35 36 25 26 0 0 0 0 0 0 0 0 35 36 35 36 25 26 0 0 0 0 0 0 0 0 35 36 35 36 25 26 0 0 0 0 0 0 0 0
149 0 1000 0 0 1000 0 1000 35 36 35 36 25 26 665528 8 665528 8 0 0 0 0 35 36 35 36 25 26 665528 8 665528 8 0 0 0 0 35 36 35 36 25 26 665528 8 665528 8 0 0 0 0 35 36 35 36 25 26 665528 8 665528 8 0 0 0 0 35 36 35 36 25 26 665528 8 665528 8 0 0 0 0 35 36 35 36 25 26 665528 8 665528 8 0 0 0 0
150 0 1000 0 0 1000 0 1000 36 37 36 37 25 26 107491 101 0 0 80291 1 27200 100 36 37 36 37 25 26 107491 101 0 0 80291 1 27200 100 36 37 36 37 25 26 107491 101 0 0 80291 1 27200 100 36 37 36 37 25 26 107491 101 0 0 80291 1 27200 100 36 37 36 37 25 26 107491 101 0 0 80291 1 27200 100 36 37 36 37 25 26 107491 101 0 0 80291 1 27200 100
151 0 1000 0 0 1000 0 1000 36 37 36 37 26 27 0 0 0 0 0 0 0 0 36 37 36 37 26 27 0 0 0 0 0 0 0 0 36 37 36 37 26 27 0 0 0 0 0 0 0 0 36 37 36 37 26 27 0 0 0 0 0 0 0 0 36 37 36 37 26 27 0 0 0 0 0 0 0 0 36 37 36 37 26 27 0 0 0 0 0 0 0 0
152 0 1000 0 0 1000 0 1000 36 37 36 37 26 27 0 0 0 0 0 0 0 0 36 37 36 37 26 27 0 0 0 0 0 0 0 0 36 37 36 37 26 27 0 0 0 0 0 0 0 0 36 37 36 37 26 27 0 0 0 0 0 0 0 0 36 37 36 37 26 27 0 0 0 0 0 0 0 0 36 37 36 37 26 27 0 0 0 0 0 0 0 0
153 0 1000 0 0 1000 0 1000 36 37 36 37 26 27 250917 3 250917 3 0 0 0 0 36 37 36 37 26 27 250917 3 250917 3 0 0 0 0 36 37 36 37 26 27 250917 3 250917 3 0 0 0 0 36 37 36 37 26 27 250917 3 250917 3 0 0 0 0 36 37 36 37 26 27 250917 3 250917 3 0 0 0 0 36 37 36 37 26 27 250917 3 250917 3 0 0 0 0
154 0 1000 0 0 1000 0 1000 37 38 37 38 26 27 107219 100 0 0 80291 1 26928 99 37 38 37 38 26 27 107219 100 0 0 80291 1 26928 99 37 38 37 38 26 27 107219 100 0 0 80291 1 26928 99 37 38 37 38 26 27 107219 100 0 0 80291 1 26928 99 37 38 37 38 26 27 107219 100 0 0 80291 1 26928 99 37 38 37 38 26 27 107219 100 0 0 80291 1 26928 99
155 0 1000 0 0 1000 0 1000 37 38 37 38 27 28 0 0 0 0 0 0 0 0 37 38 37 38 27 28 0 0 0 0 0 0 0 0 37 38 37 38 27 28 0 0 0 0 0 0 0 0 37 38 37 38 27 28 0 0 0 0 0 0 0 0 37 38 37 38 27 28 0 0 0 0 0 0 0 0 37 38 37 38 27 28 0 0 0 0 0 0 0 0
156 0 1000 0 0 1000 0 1000 37 38 37 38 27 28 0 0 0 0 0 0 0 0 37 38 37 38 27 28 0 0 0 0 0 0 0 0 37 38 37 38 27 28 0 0 0 0 0 0 0 0 37 38 37 38 27 28 0 0 0 0 0 0 0 0 37 38 37 38 27 28 0 0 0 0 0 0 0 0 37 38 37 38 27 28 0 0 0 0 0 0 0 0
157 0 1000 0 0 1000 0 1000 37 38 37 38 27 28 167214 2 167214 2 0 0 0 0 37 38 37 38 27 28 167214 2 167214 2 0 0 0 0 37 38 37 38 27 28 167214 2 167214 2 0 0 0 0 37 38 37 38 27 28 167214 2 167214 2 0 0 0 0 37 38 37 38 27 28 167214 2 167214 2 0 0 0 0 37 38 37 38 27 28 167214 2 167214 2 0 0 0 0
158 0 1000 0 0 1000 0 1000 38 39 38 39 27 28 103139 85 0 0 80291 1 22848 84 38 39 38 39 27 28 103139 85 0 0 80291 1 22848 84 38 39 38 39 27 28 103139 85 0 0 80291 1 22848 84 38 39 38 39 27 28 103139 85 0 0 80291 1 22848 84 38 39 38 39 27 28 103139 85 0 0 80291 1 22848 84 38 39 38 39 27 28 103139 85 0 0 80291 1 22848 84
159 0 1000 0 0 1000 0 1000 38 39 38 39 28 29 0 0 0 0 0 0 0 0 38 39 38 39 28 29 0 0 0 0 0 0 0 0 38 39 38 39 28 29 0 0 0 0 0 0 0 0 38 39 38 39 28 29 0 0 0 0 0 0 0 0 38 39 38 39 28 29 0 0 0 0 0 0 0 0 38 39 38 39 28 29 0 0 0 0 0 0 0 0
160 0 1000 0 0 1000 0 1000 38 39 38 39 28 29 0 0 0 0 0 0 0 0 38 39 38 39 28 29 0 0 0 0 0 0 0 0 38 39 38 39 28 29 0 0 0 0 0 0 0 0 38 39 38 39 28 29 0 0 0 0 0 0 0 0 38 39 38 39 28 29 0 0 0 0 0 0 0 0 38 39 38 39 28 29 0 0 0 0 0 0 0 0
161 0 1000 0 0 1000 0 1000 38 39 38 39 28 29 498762 6 498762 6 0 0 0 0 38 39 38 39 28 29 498762 6 498762 6 0 0 0 0 38 39 38 39 28 29 498762 6 498762 6 0 0 0 0 38 39 38 39 28 29 498762 6 498762 6 0 0 0 0 38 39 38 39 28 29 498762 6 498762 6 0 0 0 0 38 39 38 39 28 29 498762 6 498762 6 0 0 0 0
162 0 1000 0 0 1000 0 1000 39 40 39 40 28 29 109395 108 0 0 80291 1 29104 107 39 40 39 40 28 29 109395 108 0 0 80291 1 29104 107 39 40 39 40 28 29 109395 108 0 0 80291 1 29104 107 39 40 39 40 28 29 109395 108 0 0 80291 1 29104 107 39 40 39 40 28 29 109395 108 0 0 80291 1 29104 107 39 40 39 40 28 29 109395 108 0 0 80291 1 29104 107
163 0 1000 0 0 1000 0 1000 39 40 39 40 29 30 0 0 0 0 0 0 0 0 39 40 39 40 29 30 0 0 0 0 0 0 0 0 39 40 39 40 29 30 0 0 0 0 0 0 0 0 39 40 39 40 29 30 0 0 0 0 0 0 0 0 39 40 39 40 29 30 0 0 0 0 0 0 0 0 39 40 39 40 29 30 0 0 0 0 0 0 0 0
164 0 1000 0 0 1000 0 1000 39 40 39 40 29 30 0 0 0 0 0 0 0 0 39 40 39 40 29 30 0 0 0 0 0 0 0 0 39 40 39 40 29 30 0 0 0 0 0 0 0 0 39 40 39 40 29 30 0 0 0 0 0 0 0 0 39 40 39 40 29 30 0 0 0 0 0 0 0 0 39 40 39 40 29 30 0 0 0 0 0 0 0 0
165 0 1000 0 0 1000 0 1000 39 40 39 40 29 30 503176 6 503176 6 0 0 0 0 39 40 39 40 29 30 503176 6 503176 6 0 0 0 0 39 40 39 40 29 30 503176 6 503176 6 0 0 0 0 39 40 39 40 29 30 503176 6 503176 6 0 0 0 0 39 40 39 40 29 30 503176 6 503176 6 0 0 0 0 39 40 39 40 29 30 503176 6 503176 6 0 0 0 0
166 0 1000 0 0 1000 0 1000 40 41 40 41 29 30 109123 107 0 0 80291 1 28832 106 40 41 40 41 29 30 109123 107 0 0 80291 1 28832 106 40 41 40 41 29 30 109123 107 0 0 80291 1 28832 106 40 41 40 41 29 30 109123 107 0 0 80291 1 28832 106 40 41 40 41 29 30 109123 107 0 0 80291 1 28832 106 40 41 40 41 29 30 109123 107 0 0 80291 1 28832 106
167 0 1000 0 0 1000 0 1000 40 41 40 41 30 31 0 0 0 0 0 0 0 0 40 41 40 41 30 31 0 0 0 0 0 0 0 0 40 41 40 41 30 31 0 0 0 0 0 0 0 0 40 41 40 41 30 31 0 0 0 0 0 0 0 0 40 41 40 41 30 31 0 0 0 0 0 0 0 0 40 41 40 41 30 31 0 0 0 0 0 0 0 0
168 0 1000 0 0 1000 0 1000 40 41 40 41 30 31 0 0 0 0 0 0 0 0 40 41 40 41 30 31 0 0 0 0 0 0 0 0 40 41 40 41 30 31 0 0 0 0 0 0 0 0 40 41 40 41 30 31 0 0 0 0 0 0 0 0 40 41 40 41 30 31 0 0 0 0 0 0 0 0 40 41 40 41 30 31 0 0 0 0 0 0 0 0
169 0 1000 0 0 1000 0 1000 40 41 40 41 30 31 0 0 0 0 0 0 0 0 40 41 40 41 30 31 0 0 0 0 0 0 0 0 40 41 40 41 30 31 0 0 0 0 0 0 0 0 40 41 40 41 30 31 0 0 0 0 0 0 0 0 40 41 40 41 30 31 0 0 0 0 0 0 0 0 40 41 40 41 30 31 0 0 0 0 0 0 0 0
170 0 1000 0 0 1000 0 1000 40 41 40 41 30 31 31008 114 0 0 0 0 31008 114 40 41 40 41 30 31 31008 114 0 0 0 0 31008 114 40 41 40 41 30 31 31008 114 0 0 0 0 31008 114 40 41 40 41 30 31 31008 114 0 0 0 0 31008 114 40 41 40 41 30 31 31008 114 0 0 0 0 31008 114 40 41 40 41 30 31 31008 114 0 0 0 0 31008 114
171 0 1000 0 0 1000 0 1000 40 41 40 41 31 32 0 0 0 0 0 0 0 0 40 41 40 41 31 32 0 0 0 0 0 0 0 0 40 41 40 41 31 32 0 0 0 0 0 0 0 0 40 41 40 41 31 32 0 0 0 0 0 0 0 0 40 41 40 41 31 32 0 0 0 0 0 0 0 0 40 41 40 41 31 32 0 0 0 0 0 0 0 0
172 0 1000 0 0 1000 0 1000 40 41 40 41 31 32 0 0 0 0 0 0 0 0 40 41 40 41 31 32 0 0 0 0 0 0 0 0 40 41 40 41 31 32 0 0 0 0 0 0 0 0 40 41 40 41 31 32 0 0 0 0 0 0 0 0 40 41 40 41 31 32 0 0 0 0 0 0 0 0 40 41 40 41 31 32 0 0 0 0 0 0 0 0
173 0 1000 0 0 1000 0 1000 40 41 40 41 31 32 588609 7 588609 7 0 0 0 0 40 41 40 41 31 32 588609 7 588609 7 0 0 0 0 40 41 40 41 31 32 588609 7 588609 7 0 0 0 0 40 41 40 41 31 32 588609 7 588609 7 0 0 0 0 40 41 40 41 31 32 588609 7 588609 7 0 0 0 0 40 41 40 41 31 32 588609 7 588609 7 0 0 0 0
174 0 1000 0 0 1000 0 1000 41 43 41 43 31 32 109939 110 0 0 80291 1 29648 109 41 43 41 43 31 32 109939 110 0 0 80291 1 29648 109 41 43 41 43 31 32 109939 110 0 0 80291 1 29648 109 41 43 41 43 31 32 109939 110 0 0 80291 1 29648 109 41 43 41 43 31 32 109939 110 0 0 80291 1 29648 109 41 43 41 43 31 32 109939 110 0 0 80291 1 29648 109
175 0 1000 0 0 1000 0 1000 41 43 41 43 32 33 0 0 0 0 0 0 0 0 41 43 41 43 32 33 0 0 0 0 0 0 0 0 41 43 41 43 32 33 0 0 0 0 0 0 0 0 41 43 41 43 32 33 0 0 0 0 0 0 0 0 41 43 41 43 32 33 0 0 0 0 0 0 0 0 41 43 41 43 32 33 0 0 0 0 0 0 0 0
176 0 1000 0 0 1000 0 1000 41 43 41 43 32 33 0 0 0 0 0 0 0 0 41 43 41 43 32 33 0 0 0 0 0 0 0 0 41 43 41 43 32 33 0 0 0 0 0 0 0 0 41 43 41 43 32 33 0 0 0 0 0 0 0 0 41 43 41 43 32 33 0 0 0 0 0 0 0 0 41 43 41 43 32 33 0 0 0 0 0 0 0 0
177 0 1000 0 0 1000 0 1000 41 43 41 43 32 33 503562 6 503562 6 0 0 0 0 41 43 41 43 32 33 503562 6 503562 6 0 0 0 0 41 43 41 43 32 33 503562 6 503562 6 0 0 0 0 41 43 41 43 32 33 503562 6 503562 6 0 0 0 0 41 43 41 43 32 33 503562 6 503562 6 0 0 0 0 41 43 41 43 32 33 503562 6 503562 6 0 0 0 0
178 0 1000 0 0 1000 0 1000 42 44 42 44 32 33 108579 105 0 0 80291 1 28288 104 42 44 42 44 32 33 108579 105 0 0 80291 1 28288 104 42 44 42 44 32 33 108579 105 0 0 80291 1 28288 104 42 44 42 44 32 33 108579 105 0 0 80291 1 28288 104 42 44 42 44 32 33 108579 105 0 0 80291 1 28288 104 42 44 42 44 32 33 108579 105 0 0 80291 1 28288 104
179 0 1000 0 0 1000 0 1000 42 44 42 44 33 34 0 0 0 0 0 0 0 0 42 44 42 44 33 34 0 0 0 0 0 0 0 0 42 44 42 44 33 34 0 0 0 0 0 0 0 0 42 44 42 44 33 34 0 0 0 0 0 0 0 0 42 44 42 44 33 34 0 0 0 0 0 0 0 0 42 44 42 44 33 34 0 0 0 0 0 0 0 0
180 0 1000 0 0 1000 0 1000 42 44 42 44 33 34 0 0 0 0 0 0 0 0 42 44 42 44 33 34 0 0 0 0 0 0 0 0 42 44 42 44 33 34 0 0 0 0 0 0 0 0 42 44 42 44 33 34 0 0 0 0 0 0 0 0 42 44 42 44 33 34 0 0 0 0 0 0 0 0 42 44 42 44 33 34 0 0 0 0 0 0 0 0
181 0 1000 0 0 1000 0 1000 42 44 42 44 33 34 0 0 0 0 0 0 0 0 42 44 42 44 33 34 0 0 0 0 0 0 0 0 42 44 42 44 33 34 0 0 0 0 0 0 0 0 42 44 42 44 33 34 0 0 0 0 0 0 0 0 42 44 42 44 33 34 0 0 0 0 0 0 0 0 42 44 42 44 33 34 0 0 0 0 0 0 0 0
182 0 1000 0 0 1000 0 1000 42 44 42 44 33 34 29648 109 0 0 0 0 29648 109 42 44 42 44 33 34 29648 109 0 0 0 0 29648 109 42 44 42 44 33 34 29648 109 0 0 0 0 29648 109 42 44 42 44 33 34 29648 109 0 0 0 0 29648 109 42 44 42 44 33 34 29648 109 0 0 0 0 29648 109 42 44 42 44 33 34 29648 109 0 0 0 0 29648 109
183 0 1000 0 0 1000 0 1000 42 44 42 44 34 35 0 0 0 0 0 0 0 0 42 44 42 44 34 35 0 0 0 0 0 0 0 0 42 44 42 44 34 35 0 0 0 0 0 0 0 0 42 44 42 44 34 35 0 0 0 0 0 0 0 0 42 44 42 44 34 35 0 0 0 0 0 0 0 0 42 44 42 44 34 35 0 0 0 0 0 0 0 0
184 0 1000 0 0 1000 0 1000 42 44 42 44 34 35 0 0 0 0 0 0 0 0 42 44 42 44 34 35 0 0 0 0 0 0 0 0 42 44 42 44 34 35 0 0 0 0 0 0 0 0 42 44 42 44 34 35 0 0 0 0 0 0 0 0 42 44 42 44 34 35 0 0 0 0 0 0 0 0 42 44 42 44 34 35 0 0 0 0 0 0 0 0
185 0 1000 0 0 1000 0 1000 42 44 42 44 34 35 167854 2 167854 2 0 0 0 0 42 44 42 44 34 35 167854 2 167854 2 0 0 0 0 42 44 42 44 34 35 167854 2 167854 2 0 0 0 0 42 44 42 44 34 35 167854 2 167854 2 0 0 0 0 42 44 42 44 34 35 167854 2 167854 2 0 0 0 0 42 44 42 44 34 35 167854 2 167854 2 0 0 0 0
186 0 1000 0 0 1000 0 1000 43 46 43 46 34 35 106675 98 0 0 80291 1 26384 97 43 46 43 46 34 35 106675 98 0 0 80291 1 26384 97 43 46 43 46 34 35 106675 98 0 0 80291 1 26384 97 43 46 43 46 34 35 106675 98 0 0 80291 1 26384 97 43 46 43 46 34 35 106675 98 0 0 80291 1 26384 97 43 46 43 46 34 35 106675 98 0 0 80291 1 26384 97
187 0 1000 0 0 1000 0 1000 43 46 43 46 35 36 0 0 0 0 0 0 0 0 43 46 43 46 35 36 0 0 0 0 0 0 0 0 43 46 43 46 35 36 0 0 0 0 0 0 0 0 43 46 43 46 35 36 0 0 0 0 0 0 0 0 43 46 43 46 35 36 0 0 0 0 0 0 0 0 43 46 43 46 35 36 0 0 0 0 0 0 0 0
188 0 1000 0 0 1000 0 1000 43 46 43 46 35 36 0 0 0 0 0 0 0 0 43 46 43 46 35 36 0 0 0 0 0 0 0 0 43 46 43 46 35 36 0 0 0 0 0 0 0 0 43 46 43 46 35 36 0 0 0 0 0 0 0 0 43 46 43 46 35 36 0 0 0 0 0 0 0 0 43 46 43 46 35 36 0 0 0 0 0 0 0 0
189 0 1000 0 0 1000 0 1000 43 46 43 46 35 36 83543 1 83543 1 0 0 0 0 43 46 43 46 35 36 83543 1 83543 1 0 0 0 0 43 46 43 46 35 36 83543 1 83543 1 0 0 0 0 43 46 43 46 35 36 83543 1 83543 1 0 0 0 0 43 46 43 46 35 36 83543 1 83543 1 0 0 0 0 43 46 43 46 35 36 83543 1 83543 1 0 0 0 0
190 0 1000 0 0 1000 0 1000 44 47 44 47 35 36 107763 102 0 0 80291 1 27472 101 44 47 44 47 35 36 107763 102 0 0 80291 1 27472 101 44 47 44 47 35 36 107763 102 0 0 80291 1 27472 101 44 47 44 47 35 36 107763 102 0 0 80291 1 27472 101 44 47 44 47 35 36 107763 102 0 0 80291 1 27472 101 44 47 44 47 35 36 107763 102 0 0 80291 1 27472 101
191 0 1000 0 0 1000 0 1000 44 47 44 47 36 37 0 0 0 0 0 0 0 0 44 47 44 47 36 37 0 0 0 0 0 0 0 0 44 47 44 47 36 37 0 0 0 0 0 0 0 0 44 47 44 47 36 37 0 0 0 0 0 0 0 0 44 47 44 47 36 37 0 0 0 0 0 0 0 0 44 47 44 47 36 37 0 0 0 0 0 0 0 0
192 0 1000 0 0 1000 0 1000 44 47 44 47 36 37 0 0 0 0 0 0 0 0 44 47 44 47 36 37 0 0 0 0 0 0 0 0 44 47 44 47 36 37 0 0 0 0 0 0 0 0 44 47 44 47 36 37 0 0 0 0 0 0 0 0 44 47 44 47 36 37 0 0 0 0 0 0 0 0 44 47 44 47 36 37 0 0 0 0 0 0 0 0
193 0 1000 0 0 1000 0 1000 44 47 44 47 36 37 0 0 0 0 0 0 0 0 44 47 44 47 36 37 0 0 0 0 0 0 0 0 44 47 44 47 36 37 0 0 0 0 0 0 0 0 44 47 44 47 36 37 0 0 0 0 0 0 0 0 44 47 44 47 36 37 0 0 0 0 0 0 0 0 44 47 44 47 36 37 0 0 0 0 0 0 0 0
194 0 1000 0 0 1000 0 1000 44 47 44 47 36 37 29104 107 0 0 0 0 29104 107 44 47 44 47 36 37 29104 107 0 0 0 0 29104 107 44 47 44 47 36 37 29104 107 0 0 0 0 29104 107 44 47 44 47 36 37 29104 107 0 0 0 0 29104 107 44 47 44 47 36 37 29104 107 0 0 0 0 29104 107 44 47 44 47 36 37 29104 107 0 0 0 0 29104 107
195 0 1000 0 0 1000 0 1000 44 47 44 47 37 38 0 0 0 0 0 0 0 0 44 47 44 47 37 38 0 0 0 0 0 0 0 0 44 47 44 47 37 38 0 0 0 0 0 0 0 0 44 47 44 47 37 38 0 0 0 0 0 0 0 0 44 47 44 47 37 38 0 0 0 0 0 0 0 0 44 47 44 47 37 38 0 0 0 0 0 0 0 0
196 0 1000 0 0 1000 0 1000 44 47 44 47 37 38 0 0 0 0 0 0 0 0 44 47 44 47 37 38 0 0 0 0 0 0 0 0 44 47 44 47 37 38 0 0 0 0 0 0 0 0 44 47 44 47 37 38 0 0 0 0 0 0 0 0 44 47 44 47 37 38 0 0 0 0 0 0 0 0 44 47 44 47 37 38 0 0 0 0 0 0 0 0
197 0 1000 0 0 1000 0 1000 44 47 44 47 37 38 335452 4 335452 4 0 0 0 0 44 47 44 47 37 38 335452 4 335452 4 0 0 0 0 44 47 44 47 37 38 335452 4 335452 4 0 0 0 0 44 47 44 47 37 38 335452 4 335452 4 0 0 0 0 44 47 44 47 37 38 335452 4 335452 4 0 0 0 0 44 47 44 47 37 38 335452 4 335452 4 0 0 0 0
198 0 1000 0 0 1000 0 1000 45 49 45 49 37 38 105859 95 0 0 80291 1 25568 94 45 49 45 49 37 38 105859 95 0 0 80291 1 25568 94 45 49 45 49 37 38 105859 95 0 0 80291 1 25568 94 45 49 45 49 37 38 105859 95 0 0 80291 1 25568 94 45 49 45 49 37 38 105859 95 0 0 80291 1 25568 94 45 49 45 49 37 38 105859 95 0 0 80291 1 25568 94
199 0 1000 0 0 1000 0 1000 45 49 45 49 38 39 0 0 0 0 0 0 0 0 45 49 45 49 38 39 0 0 0 0 0 0 0 0 45 49 45 49 38 39 0 0 0 0 0 0 0 0 45 49 45 49 38 39 0 0 0 0 0 0 0 0 45 49 45 49 38 39 0 0 0 0 0 0 0 0 45 49 45 49 38 39 0 0 0 0 0 0 0 0
200 0 1000 0 0 1000 0 1000 45 49 45 49 38 39 0 0 0 0 0 0 0 0 45 49 45 49 38 39 0 0 0 0 0 0 0 0 45 49 45 49 38 39 0 0 0 0 0 0 0 0 45 49 45 49 38 39 0 0 0 0 0 0 0 0 45 49 45 49 38 39 0 0 0 0 0 0 0 0 45 49 45 49 38 39 0 0 0 0 0 0 0 0
201 0 1000 0 0 1000 0 1000 45 49 45 49 38 39 667576 8 667576 8 0 0 0 0 45 49 45 49 38 39 667576 8 667576 8 0 0 0 0 45 49 45 49 38 39 667576 8 667576 8 0 0 0 0 45 49 45 49 38 39 667576 8 667576 8 0 0 0 0 45 49 45 49 38 39 667576 8 667576 8 0 0 0 0 45 49 45 49 38 39 667576 8 667576 8 0 0 0 0
202 0 1000 0 0 1000 0 1000 46 50 46 50 38 39 109123 107 0 0 80291 1 28832 106 46 50 46 50 38 39 109123 107 0 0 80291 1 28832 106 46 50 46 50 38 39 109123 107 0 0 80291 1 28832 106 46 50 46 50 38 39 109123 107 0 0 80291 1 28832 106 46 50 46 50 38 39 109123 107 0 0 80291 1 28832 106 46 50 46 50 38 39 109123 107 0 0 80291 1 28832 106
203 0 1000 0 0 1000 0 1000 46 50 46 50 39 40 0 0 0 0 0 0 0 0 46 50 46 50 39 40 0 0 0 0 0 0 0 0 46 50 46 50 39 40 0 0 0 0 0 0 0 0 46 50 46 50 39 40 0 0 0 0 0 0 0 0 46 50 46 50 39 40 0 0 0 0 0 0 0 0 46 50 46 50 39 40 0 0 0 0 0 0 0 0
204 0 1000 0 0 1000 0 1000 46 50 46 50 39 40 0 0 0 0 0 0 0 0 46 50 46 50 39 40 0 0 0 0 0 0 0 0 46 50 46 50 39 40 0 0 0 0 0 0 0 0 46 50 46 50 39 40 0 0 0 0 0 0 0 0 46 50 46 50 39 40 0 0 0 0 0 0 0 0 46 50 46 50 39 40 0 0 0 0 0 0 0 0
205 0 1000 0 0 1000 0 1000 46 50 46 50 39 40 502985 6 502985 6 0 0 0 0 46 50 46 50 39 40 502985 6 502985 6 0 0 0 0 46 50 46 50 39 40 502985 6 502985 6 0 0 0 0 46 50 46 50 39 40 502985 6 502985 6 0 0 0 0 46 50 46 50 39 40 502985 6 502985 6 0 0 0 0 46 50 46 50 39 40 502985 6 502985 6 0 0 0 0
206 0 1000 0 0 1000 0 1000 47 51 47 51 39 40 105043 92 0 0 80291 1 24752 91 47 51 47 51 39 40 105043 92 0 0 80291 1 24752 91 47 51 47 51 39 40 105043 92 0 0 80291 1 24752 91 47 51 47 51 39 40 105043 92 0 0 80291 1 24752 91 47 51 47 51 39 40 105043 92 0 0 80291 1 24752 91 47 51 47 51 39 40 105043 92 0 0 80291 1 24752 91
207 0 1000 0 0 1000 0 1000 47 51 47 51 40 41 0 0 0 0 0 0 0 0 47 51 47 51 40 41 0 0 0 0 0 0 0 0 47 51 47 51 40 41 0 0 0 0 0 0 0 0 47 51 47 51 40 41 0 0 0 0 0 0 0 0 47 51 47 51 40 41 0 0 0 0 0 0 0 0 47 51 47 51 40 41 0 0 0 0 0 0 0 0
208 0 1000 0 0 1000 0 1000 47 51 47 51 40 41 0 0 0 0 0 0 0 0 47 51 47 51 40 41 0 0 0 0 0 0 0 0 47 51 47 51 40 41 0 0 0 0 0 0 0 0 47 51 47 51 40 41 0 0 0 0 0 0 0 0 47 51 47 51 40 41 0 0 0 0 0 0 0 0 47 51 47 51 40 41 0 0 0 0 0 0 0 0
209 0 1000 0 0 1000 0 1000 47 51 47 51 40 41 583456 7 583456 7 0 0 0 0 47 51 47 51 40 41 583456 7 583456 7 0 0 0 0 47 51 47 51 40 41 583456 7 583456 7 0 0 0 0 47 51 47 51 40 41 583456 7 583456 7 0 0 0 0 47 51 47 51 40 41 583456 7 583456 7 0 0 0 0 47 51 47 51 40 41 583456 7 583456 7 0 0 0 0
210 0 1000 0 0 1000 0 1000 48 52 48 52 40 41 105043 92 0 0 80291 1 24752 91 48 52 48 52 40 41 105043 92 0 0 80291 1 24752 91 48 52 48 52 40 41 105043 92 0 0 80291 1 24752 91 48 52 48 52 40 41 105043 92 0 0 80291 1 24752 91 48 52 48 52 40 41 105043 92 0 0 80291 1 24752 91 48 52 48 52 40 41 105043 92 0 0 80291 1 24752 91
211 0 1000 0 0 1000 0 1000 48 52 48 52 40 41 0 0 0 0 0 0 0 0 48 52 48 52 40 41 0 0 0 0 0 0 0 0 48 52 48 52 40 41 0 0 0 0 0 0 0 0 48 52 48 52 40 41 0 0 0 0 0 0 0 0 48 52 48 52 40 41 0 0 0 0 0 0 0 0 48 52 48 52 40 41 0 0 0 0 0 0 0 0
212 0 1000 0 0 1000 0 1000 48 52 48 52 40 41 0 0 0 0 0 0 0 0 48 52 48 52 40 41 0 0 0 0 0 0 0 0 48 52 48 52 40 41 0 0 0 0 0 0 0 0 48 52 48 52 40 41 0 0 0 0 0 0 0 0 48 52 48 52 40 41 0 0 0 0 0 0 0 0 48 52 48 52 40 41 0 0 0 0 0 0 0 0
213 0 1000 0 0 1000 0 1000 48 52 48 52 40 41 83351 1 83351 1 0 0 0 0 48 52 48 52 40 41 83351 1 83351 1 0 0 0 0 48 52 48 52 40 41 83351 1 83351 1 0 0 0 0 48 52 48 52 40 41 83351 1 83351 1 0 0 0 0 48 52 48 52 40 41 83351 1 83351 1 0 0 0 0 48 52 48 52 40 41 83351 1 83351 1 0 0 0 0
214 0 1000 0 0 1000 0 1000 49 53 49 53 40 41 105043 92 0 0 80291 1 24752 91 49 53 49 53 40 41 105043 92 0 0 80291 1 24752 91 49 53 49 53 40 41 105043 92 0 0 80291 1 24752 91 49 53 49 53 40 41 105043 92 0 0 80291 1 24752 91 49 53 49 53 40 41 105043 92 0 0 80291 1 24752 91 49 53 49 53 40 41 105043 92 0 0 80291 1 24752 91
215 0 1000 0 0 1000 0 1000 49 53 49 53 41 43 0 0 0 0 0 0 0 0 49 53 49 53 41 43 0 0 0 0 0 0 0 0 49 53 49 53 41 43 0 0 0 0 0 0 0 0 49 53 49 53 41 43 0 0 0 0 0 0 0 0 49 53 49 53 41 43 0 0 0 0 0 0 0 0 49 53 49 53 41 43 0 0 0 0 0 0 0 0
216 0 1000 0 0 1000 0 1000 49 53 49 53 41 43 0 0 0 0 0 0 0 0 49 53 49 53 41 43 0 0 0 0 0 0 0 0 49 53 49 53 41 43 0 0 0 0 0 0 0 0 49 53 49 53 41 43 0 0 0 0 0 0 0 0 49 53 49 53 41 43 0 0 0 0 0 0 0 0 49 53 49 53 41 43 0 0 0 0 0 0 0 0
217 0 1000 0 0 1000 0 1000 49 53 49 53 41 43 250053 3 250053 3 0 0 0 0 49 53 49 53 41 43 250053 3 250053 3 0 0 0 0 49 53 49 53 41 43 250053 3 250053 3 0 0 0 0 49 53 49 53 41 43 250053 3 250053 3 0 0 0 0 49 53 49 53 41 43 250053 3 250053 3 0 0 0 0 49 53 49 53 41 43 250053 3 250053 3 0 0 0 0
218 0 1000 0 0 1000 0 1000 50 54 50 54 41 43 104499 90 0 0 80291 1 24208 89 50 54 50 54 41 43 104499 90 0 0 80291 1 24208 89 50 54 50 54 41 43 104499 90 0 0 80291 1 24208 89 50 54 50 54 41 43 104499 90 0 0 80291 1 24208 89 50 54 50 54 41 43 104499 90 0 0 80291 1 24208 89 50 54 50 54 41 43 104499 90 0 0 80291 1 24208 89
219 0 1000 0 0 1000 0 1000 50 54 50 54 42 44 0 0 0 0 0 0 0 0 50 54 50 54 42 44 0 0 0 0 0 0 0 0 50 54 50 54 42 44 0 0 0 0 0 0 0 0 50 54 50 54 42 44 0 0 0 0 0 0 0 0 50 54 50 54 42 44 0 0 0 0 0 0 0 0 50 54 50 54 42 44 0 0 0 0 0 0 0 0
220 0 1000 0 0 1000 0 1000 50 54 50 54 42 44 0 0 0 0 0 0 0 0 50 54 50 54 42 44 0 0 0 0 0 0 0 0 50 54 50 54 42 44 0 0 0 0 0 0 0 0 50 54 50 54 42 44 0 0 0 0 0 0 0 0 50 54 50 54 42 44 0 0 0 0 0 0 0 0 50 54 50 54 42 44 0 0 0 0 0 0 0 0
221 0 1000 0 0 1000 0 1000 50 54 50 54 42 44 333147 4 333147 4 0 0 0 0 50 54 50 54 42 44 333147 4 333147 4 0 0 0 0 50 54 50 54 42 44 333147 4 333147 4 0 0 0 0 50 54 50 54 42 44 333147 4 333147 4 0 0 0 0 50 54 50 54 42 44 333147 4 333147 4 0 0 0 0 50 54 50 54 42 44 333147 4 333147 4 0 0 0 0
222 0 1000 0 0 1000 0 1000 51 55 51 55 42 44 109123 107 0 0 80291 1 28832 106 51 55 51 55 42 44 109123 107 0 0 80291 1 28832 106 51 55 51 55 42 44 109123 107 0 0 80291 1 28832 106 51 55 51 55 42 44 109123 107 0 0 80291 1 28832 106 51 55 51 55 42 44 109123 107 0 0 80291 1 28832 106 51 55 51 55 42 44 109123 107 0 0 80291 1 28832 106
223 0 1000 0 0 1000 0 1000 51 55 51 55 42 44 0 0 0 0 0 0 0 0 51 55 51 55 42 44 0 0 0 0 0 0 0 0 51 55 51 55 42 44 0 0 0 0 0 0 0 0 51 55 51 55 42 44 0 0 0 0 0 0 0 0 51 55 51 55 42 44 0 0 0 0 0 0 0 0 51 55 51 55 42 44 0 0 0 0 0 0 0 0
224 0 1000 0 0 1000 0 1000 51 55 51 55 42 44 0 0 0 0 0 0 0 0 51 55 51 55 42 44 0 0 0 0 0 0 0 0 51 55 51 55 42 44 0 0 0 0 0 0 0 0 51 55 51 55 42 44 0 0 0 0 0 0 0 0 51 55 51 55 42 44 0 0 0 0 0 0 0 0 51 55 51 55 42 44 0 0 0 0 0 0 0 0
225 0 1000 0 0 1000 0 1000 51 55 51 55 42 44 251493 3 251493 3 0 0 0 0 51 55 51 55 42 44 251493 3 251493 3 0 0 0 0 51 55 51 55 42 44 251493 3 251493 3 0 0 0 0 51 55 51 55 42 44 251493 3 251493 3 0 0 0 0 51 55 51 55 42 44 251493 3 251493 3 0 0 0 0 51 55 51 55 42 44 251493 3 251493 3 0 0 0 0
226 0 1000 0 0 1000 0 1000 52 56 52 56 42 44 102867 84 0 0 80291 1 22576 83 52 56 52 56 42 44 102867 84 0 0 80291 1 22576 83 52 56 52 56 42 44 102867 84 0 0 80291 1 22576 83 52 56 52 56 42 44 102867 84 0 0 80291 1 22576 83 52 56 52 56 42 44 102867 84 0 0 80291 1 22576 83 52 56 52 56 42 44 102867 84 0 0 80291 1 22576 83
227 0 1000 0 0 1000 0 1000 52 56 52 56 43 46 0 0 0 0 0 0 0 0 52 56 52 56 43 46 0 0 0 0 0 0 0 0 52 56 52 56 43 46 0 0 0 0 0 0 0 0 52 56 52 56 43 46 0 0 0 0 0 0 0 0 52 56 52 56 43 46 0 0 0 0 0 0 0 0 52 56 52 56 43 46 0 0 0 0 0 0 0 0
228 0 1000 0 0 1000 0 1000 52 56 52 56 43 46 0 0 0 0 0 0 0 0 52 56 52 56 43 46 0 0 0 0 0 0 0 0 52 56 52 56 43 46 0 0 0 0 0 0 0 0 52 56 52 56 43 46 0 0 0 0 0 0 0 0 52 56 52 56 43 46 0 0 0 0 0 0 0 0 52 56 52 56 43 46 0 0 0 0 0 0 0 0
229 0 1000 0 0 1000 0 1000 52 56 52 56 43 46 332379 4 332379 4 0 0 0 0 52 56 52 56 43 46 332379 4 332379 4 0 0 0 0 52 56 52 56 43 46 332379 4 332379 4 0 0 0 0 52 56 52 56 43 46 332379 4 332379 4 0 0 0 0 52 56 52 56 43 46 332379 4 332379 4 0 0 0 0 52 56 52 56 43 46 332379 4 332379 4 0 0 0 0
230 0 1000 0 0 1000 0 1000 53 57 53 57 43 46 103955 88 0 0 80291 1 23664 87 53 57 53 57 43 46 103955 88 0 0 80291 1 23664 87 53 57 53 57 43 46 103955 88 0 0 80291 1 23664 87 53 57 53 57 43 46 103955 88 0 0 80291 1 23664 87 53 57 53 57 43 46 103955 88 0 0 80291 1 23664 87 53 57 53 57 43 46 103955 88 0 0 80291 1 23664 87
231 0 1000 0 0 1000 0 1000 53 57 53 57 44 47 0 0 0 0 0 0 0 0 53 57 53 57 44 47 0 0 0 0 0 0 0 0 53 57 53 57 44 47 0 0 0 0 0 0 0 0 53 57 53 57 44 47 0 0 0 0 0 0 0 0 53 57 53 57 44 47 0 0 0 0 0 0 0 0 53 57 53 57 44 47 0 0 0 0 0 0 0 0
232 0 1000 0 0 1000 0 1000 53 57 53 57 44 47 0 0 0 0 0 0 0 0 53 57 53 57 44 47 0 0 0 0 0 0 0 0 53 57 53 57 44 47 0 0 0 0 0 0 0 0 53 57 53 57 44 47 0 0 0 0 0 0 0 0 53 57 53 57 44 47 0 0 0 0 0 0 0 0 53 57 53 57 44 47 0 0 0 0 0 0 0 0
233 0 1000 0 0 1000 0 1000 53 57 53 57 44 47 416115 5 416115 5 0 0 0 0 53 57 53 57 44 47 416115 5 416115 5 0 0 0 0 53 57 53 57 44 47 416115 5 416115 5 0 0 0 0 53 57 53 57 44 47 416115 5 416115 5 0 0 0 0 53 57 53 57 44 47 416115 5 416115 5 0 0 0 0 53 57 53 57 44 47 416115 5 416115 5 0 0 0 0
234 0 1000 0 0 1000 0 1000 54 58 54 58 44 47 101507 79 0 0 80291 1 21216 78 54 58 54 58 44 47 101507 79 0 0 80291 1 21216 78 54 58 54 58 44 47 101507 79 0 0 80291 1 21216 78 54 58 54 58 44 47 101507 79 0 0 80291 1 21216 78 54 58 54 58 44 47 101507 79 0 0 80291 1 21216 78 54 58 54 58 44 47 101507 79 0 0 80291 1 21216 78
235 0 1000 0 0 1000 0 1000 54 58 54 58 44 47 0 0 0 0 0 0 0 0 54 58 54 58 44 47 0 0 0 0 0 0 0 0 54 58 54 58 44 47 0 0 0 0 0 0 0 0 54 58 54 58 44 47 0 0 0 0 0 0 0 0 54 58 54 58 44 47 0 0 0 0 0 0 0 0 54 58 54 58 44 47 0 0 0 0 0 0 0 0
236 0 1000 0 0 1000 0 1000 54 58 54 58 44 47 0 0 0 0 0 0 0 0 54 58 54 58 44 47 0 0 0 0 0 0 0 0 54 58 54 58 44 47 0 0 0 0 0 0 0 0 54 58 54 58 44 47 0 0 0 0 0 0 0 0 54 58 54 58 44 47 0 0 0 0 0 0 0 0 54 58 54 58 44 47 0 0 0 0 0 0 0 0
237 0 1000 0 0 1000 0 1000 54 58 54 58 44 47 746415 9 746415 9 0 0 0 0 54 58 54 58 44 47 746415 9 746415 9 0 0 0 0 54 58 54 58 44 47 746415 9 746415 9 0 0 0 0 54 58 54 58 44 47 746415 9 746415 9 0 0 0 0 54 58 54 58 44 47 746415 9 746415 9 0 0 0 0 54 58 54 58 44 47 746415 9 746415 9 0 0 0 0
238 0 1000 0 0 1000 0 1000 55 59 55 59 44 47 106403 97 0 0 80291 1 26112 96 55 59 55 59 44 47 106403 97 0 0 80291 1 26112 96 55 59 55 59 44 47 106403 97 0 0 80291 1 26112 96 55 59 55 59 44 47 106403 97 0 0 80291 1 26112 96 55 59 55 59 44 47 106403 97 0 0 80291 1 26112 96 55 59 55 59 44 47 106403 97 0 0 80291 1 26112 96
239 0 1000 0 0 1000 0 1000 55 59 55 59 45 49 0 0 0 0 0 0 0 0 55 59 55 59 45 49 0 0 0 0 0 0 0 0 55 59 55 59 45 49 0 0 0 0 0 0 0 0 55 59 55 59 45 49 0 0 0 0 0 0 0 0 55 59 55 59 45 49 0 0 0 0 0 0 0 0 55 59 55 59 45 49 0 0 0 0 0 0 0 0
240 0 1000 0 0 1000 0 1000 55 59 55 59 45 49 0 0 0 0 0 0 0 0 55 59 55 59 45 49 0 0 0 0 0 0 0 0 55 59 55 59 45 49 0 0 0 0 0 0 0 0 55 59 55 59 45 49 0 0 0 0 0 0 0 0 55 59 55 59 45 49 0 0 0 0 0 0 0 0 55 59 55 59 45 49 0 0 0 0 0 0 0 0
241 0 1000 0 0 1000 0 1000 55 59 55 59 45 49 334044 4 334044 4 0 0 0 0 55 59 55 59 45 49 334044 4 334044 4 0 0 0 0 55 59 55 59 45 49 334044 4 334044 4 0 0 0 0 55 59 55 59 45 49 334044 4 334044 4 0 0 0 0 55 59 55 59 45 49 334044 4 334044 4 0 0 0 0 55 59 55 59 45 49 334044 4 334044 4 0 0 0 0
242 0 1000 0 0 1000 0 1000 56 60 56 60 45 49 105859 95 0 0 80291 1 25568 94 56 60 56 60 45 49 105859 95 0 0 80291 1 25568 94 56 60 56 60 45 49 105859 95 0 0 80291 1 25568 94 56 60 56 60 45 49 105859 95 0 0 80291 1 25568 94 56 60 56 60 45 49 105859 95 0 0 80291 1 25568 94 56 60 56 60 45 49 105859 95 0 0 80291 1 25568 94
243 0 1000 0 0 1000 0 1000 56 60 56 60 46 50 0 0 0 0 0 0 0 0 56 60 56 60 46 50 0 0 0 0 0 0 0 0 56 60 56 60 46 50 0 0 0 0 0 0 0 0 56 60 56 60 46 50 0 0 0 0 0 0 0 0 56 60 56 60 46 50 0 0 0 0 0 0 0 0 56 60 56 60 46 50 0 0 0 0 0 0 0 0
244 0 1000 0 0 1000 0 1000 56 60 56 60 46 50 0 0 0 0 0 0 0 0 56 60 56 60 46 50 0 0 0 0 0 0 0 0 56 60 56 60 46 50 0 0 0 0 0 0 0 0 56 60 56 60 46 50 0 0 0 0 0 0 0 0 56 60 56 60 46 50 0 0 0 0 0 0 0 0 56 60 56 60 46 50 0 0 0 0 0 0 0 0
245 0 1000 0 0 1000 0 1000 56 60 56 60 46 50 584127 7 584127 7 0 0 0 0 56 60 56 60 46 50 584127 7 584127 7 0 0 0 0 56 60 56 60 46 50 584127 7 584127 7 0 0 0 0 56 60 56 60 46 50 584127 7 584127 7 0 0 0 0 56 60 56 60 46 50 584127 7 584127 7 0 0 0 0 56 60 56 60 46 50 584127 7 584127 7 0 0 0 0
246 0 1000 0 0 1000 0 1000 57 61 57 61 46 50 105315 93 0 0 80291 1 25024 92 57 61 57 61 46 50 105315 93 0 0 80291 1 25024 92 57 61 57 61 46 50 105315 93 0 0 80291 1 25024 92 57 61 57 61 46 50 105315 93 0 0 80291 1 25024 92 57 61 57 61 46 50 105315 93 0 0 80291 1 25024 92 57 61 57 61 46 50 105315 93 0 0 80291 1 25024 92
247 0 1000 0 0 1000 0 1000 57 61 57 61 47 51 0 0 0 0 0 0 0 0 57 61 57 61 47 51 0 0 0 0 0 0 0 0 57 61 57 61 47 51 0 0 0 0 0 0 0 0 57 61 57 61 47 51 0 0 0 0 0 0 0 0 57 61 57 61 47 51 0 0 0 0 0 0 0 0 57 61 57 61 47 51 0 0 0 0 0 0 0 0
248 0 1000 0 0 1000 0 1000 57 61 57 61 47 51 0 0 0 0 0 0 0 0 57 61 57 61 47 51 0 0 0 0 0 0 0 0 57 61 57 61 47 51 0 0 0 0 0 0 0 0 57 61 57 61 47 51 0 0 0 0 0 0 0 0 57 61 57 61 47 51 0 0 0 0 0 0 0 0 57 61 57 61 47 51 0 0 0 0 0 0 0 0
249 0 1000 0 0 1000 0 1000 57 61 57 61 47 51 667062 8 667062 8 0 0 0 0 57 61 57 61 47 51 667062 8 667062 8 0 0 0 0 57 61 57 61 47 51 667062 8 667062 8 0 0 0 0 57 61 57 61 47 51 667062 8 667062 8 0 0 0 0 57 61 57 61 47 51 667062 8 667062 8 0 0 0 0 57 61 57 61 47 51 667062 8 667062 8 0 0 0 0
250 0 1000 0 0 1000 0 1000 58 62 58 62 47 51 106675 98 0 0 80291 1 26384 97 58 62 58 62 47 51 106675 98 0 0 80291 1 26384 97 58 62 58 62 47 51 106675 98 0 0 80291 1 26384 97 58 62 58 62 47 51 106675 98 0 0 80291 1 26384 97 58 62 58 62 47 51 106675 98 0 0 80291 1 26384 97 58 62 58 62 47 51 106675 98 0 0 80291 1 26384 97
251 0 1000 0 0 1000 0 1000 58 62 58 62 48 52 0 0 0 0 0 0 0 0 58 62 58 62 48 52 0 0 0 0 0 0 0 0 58 62 58 62 48 52 0 0 0 0 0 0 0 0 58 62 58 62 48 52 0 0 0 0 0 0 0 0 58 62 58 62 48 52 0 0 0 0 0 0 0 0 58 62 58 62 48 52 0 0 0 0 0 0 0 0
252 0 1000 0 0 1000 0 1000 58 62 58 62 48 52 0 0 0 0 0 0 0 0 58 62 58 62 48 52 0 0 0 0 0 0 0 0 58 62 58 62 48 52 0 0 0 0 0 0 0 0 58 62 58 62 48 52 0 0 0 0 0 0 0 0 58 62 58 62 48 52 0 0 0 0 0 0 0 0 58 62 58 62 48 52 0 0 0 0 0 0 0 0
253 0 1000 0 0 1000 0 1000 58 62 58 62 48 52 250628 3 250628 3 0 0 0 0 58 62 58 62 48 52 250628 3 250628 3 0 0 0 0 58 62 58 62 48 52 250628 3 250628 3 0 0 0 0 58 62 58 62 48 52 250628 3 250628 3 0 0 0 0 58 62 58 62 48 52 250628 3 250628 3 0 0 0 0 58 62 58 62 48 52 250628 3 250628 3 0 0 0 0
254 0 1000 0 0 1000 0 1000 59 63 59 63 48 52 108579 105 0 0 80291 1 28288 104 59 63 59 63 48 52 108579 105 0 0 80291 1 28288 104 59 63 59 63 48 52 108579 105 0 0 80291 1 28288 104 59 63 59 63 48 52 108579 105 0 0 80291 1 28288 104 59 63 59 63 48 52 108579 105 0 0 80291 1 28288 104 59 63 59 63 48 52 108579 105 0 0 80291 1 28288 104
255 0 1000 0 0 1000 0 1000 59 63 59 63 49 53 0 0 0 0 0 0 0 0 59 63 59 63 49 53 0 0 0 0 0 0 0 0 59 63 59 63 49 53 0 0 0 0 0 0 0 0 59 63 59 63 49 53 0 0 0 0 0 0 0 0 59 63 59 63 49 53 0 0 0 0 0 0 0 0 59 63 59 63 49 53 0 0 0 0 0 0 0 0
256 0 1000 0 0 1000 0 1000 59 63 59 63 49 53 0 0 0 0 0 0 0 0 59 63 59 63 49 53 0 0 0 0 0 0 0 0 59 63 59 63 49 53 0 0 0 0 0 0 0 0 59 63 59 63 49 53 0 0 0 0 0 0 0 0 59 63 59 63 49 53 0 0 0 0 0 0 0 0 59 63 59 63 49 53 0 0 0 0 0 0 0 0
257 0 1000 0 0 1000 0 1000 59 63 59 63 49 53 586369 7 586369 7 0 0 0 0 59 63 59 63 49 53 586369 7 586369 7 0 0 0 0 59 63 59 63 49 53 586369 7 586369 7 0 0 0 0 59 63 59 63 49 53 586369 7 586369 7 0 0 0 0 59 63 59 63 49 53 586369 7 586369 7 0 0 0 0 59 63 59 63 49 53 586369 7 586369 7 0 0 0 0
258 0 1000 0 0 1000 0 1000 60 64 60 64 49 53 111571 116 0 0 80291 1 31280 115 60 64 60 64 49 53 111571 116 0 0 80291 1 31280 115 60 64 60 64 49 53 111571 116 0 0 80291 1 31280 115 60 64 60 64 49 53 111571 116 0 0 80291 1 31280 115 60 64 60 64 49 53 111571 116 0 0 80291 1 31280 115 60 64 60 64 49 53 111571 116 0 0 80291 1 31280 115
259 0 1000 0 0 1000 0 1000 60 64 60 64 50 54 0 0 0 0 0 0 0 0 60 64 60 64 50 54 0 0 0 0 0 0 0 0 60 64 60 64 50 54 0 0 0 0 0 0 0 0 60 64 60 64 50 54 0 0 0 0 0 0 0 0 60 64 60 64 50 54 0 0 0 0 0 0 0 0 60 64 60 64 50 54 0 0 0 0 0 0 0 0
260 0 1000 0 0 1000 0 1000 60 64 60 64 50 54 0 0 0 0 0 0 0 0 60 64 60 64 50 54 0 0 0 0 0 0 0 0 60 64 60 64 50 54 0 0 0 0 0 0 0 0 60 64 60 64 50 54 0 0 0 0 0 0 0 0 60 64 60 64 50 54 0 0 0 0 0 0 0 0 60 64 60 64 50 54 0 0 0 0 0 0 0 0
261 0 1000 0 0 1000 0 1000 60 64 60 64 50 54 336475 4 336475 4 0 0 0 0 60 64 60 64 50 54 336475 4 336475 4 0 0 0 0 60 64 60 64 50 54 336475 4 336475 4 0 0 0 0 60 64 60 64 50 54 336475 4 336475 4 0 0 0 0 60 64 60 64 50 54 336475 4 336475 4 0 0 0 0 60 64 60 64 50 54 336475 4 336475 4 0 0 0 0
262 0 1000 0 0 1000 0 1000 61 65 61 65 50 54 103682 87 0 0 80290 1 23392 86 61 65 61 65 50 54 103682 87 0 0 80290 1 23392 86 61 65 61 65 50 54 103682 87 0 0 80290 1 23392 86 61 65 61 65 50 54 103682 87 0 0 80290 1 23392 86 61 65 61 65 50 54 103682 87 0 0 80290 1 23392 86 61 65 61 65 50 54 103682 87 0 0 80290 1 23392 86
263 0 1000 0 0 1000 0 1000 61 65 61 65 51 55 0 0 0 0 0 0 0 0 61 65 61 65 51 55 0 0 0 0 0 0 0 0 61 65 61 65 51 55 0 0 0 0 0 0 0 0 61 65 61 65 51 55 0 0 0 0 0 0 0 0 61 65 61 65 51 55 0 0 0 0 0 0 0 0 61 65 61 65 51 55 0 0 0 0 0 0 0 0
264 0 1000 0 0 1000 0 1000 61 65 61 65 51 55 0 0 0 0 0 0 0 0 61 65 61 65 51 55 0 0 0 0 0 0 0 0 61 65 61 65 51 55 0 0 0 0 0 0 0 0 61 65 61 65 51 55 0 0 0 0 0 0 0 0 61 65 61 65 51 55 0 0 0 0 0 0 0 0 61 65 61 65 51 55 0 0 0 0 0 0 0 0
265 0 1000 0 0 1000 0 1000 61 65 61 65 51 55 582336 7 582336 7 0 0 0 0 61 65 61 65 51 55 582336 7 582336 7 0 0 0 0 61 65 61 65 51 55 582336 7 582336 7 0 0 0 0 61 65 61 65 51 55 582336 7 582336 7 0 0 0 0 61 65 61 65 51 55 582336 7 582336 7 0 0 0 0 61 65 61 65 51 55 582336 7 582336 7 0 0 0 0
266 0 1000 0 0 1000 0 1000 62 66 62 66 51 55 106675 98 0 0 80291 1 26384 97 62 66 62 66 51 55 106675 98 0 0 80291 1 26384 97 62 66 62 66 51 55 106675 98 0 0 80291 1 26384 97 62 66 62 66 51 55 106675 98 0 0 80291 1 26384 97 62 66 62 66 51 55 106675 98 0 0 80291 1 26384 97 62 66 62 66 51 55 106675 98 0 0 80291 1 26384 97
267 0 1000 0 0 1000 0 1000 62 66 62 66 52 56 0 0 0 0 0 0 0 0 62 66 62 66 52 56 0 0 0 0 0 0 0 0 62 66 62 66 52 56 0 0 0 0 0 0 0 0 62 66 62 66 52 56 0 0 0 0 0 0 0 0 62 66 62 66 52 56 0 0 0 0 0 0 0 0 62 66 62 66 52 56 0 0 0 0 0 0 0 0
268 0 1000 0 0 1000 0 1000 62 66 62 66 52 56 0 0 0 0 0 0 0 0 62 66 62 66 52 56 0 0 0 0 0 0 0 0 62 66 62 66 52 56 0 0 0 0 0 0 0 0 62 66 62 66 52 56 0 0 0 0 0 0 0 0 62 66 62 66 52 56 0 0 0 0 0 0 0 0 62 66 62 66 52 56 0 0 0 0 0 0 0 0
269 0 1000 0 0 1000 0 1000 62 66 62 66 52 56 83543 1 83543 1 0 0 0 0 62 66 62 66 52 56 83543 1 83543 1 0 0 0 0 62 66 62 66 52 56 83543 1 83543 1 0 0 0 0 62 66 62 66 52 56 83543 1 83543 1 0 0 0 0 62 66 62 66 52 56 83543 1 83543 1 0 0 0 0 62 66 62 66 52 56 83543 1 83543 1 0 0 0 0
270 0 1000 0 0 1000 0 1000 63 67 63 67 52 56 112115 118 0 0 80291 1 31824 117 63 67 63 67 52 56 112115 118 0 0 80291 1 31824 117 63 67 63 67 52 56 112115 118 0 0 80291 1 31824 117 63 67 63 67 52 56 112115 118 0 0 80291 1 31824 117 63 67 63 67 52 56 112115 118 0 0 80291 1 31824 117 63 67 63 67 52 56 112115 118 0 0 80291 1 31824 117
271 0 1000 0 0 1000 0 1000 63 67 63 67 53 57 0 0 0 0 0 0 0 0 63 67 63 67 53 57 0 0 0 0 0 0 0 0 63 67 63 67 53 57 0 0 0 0 0 0 0 0 63 67 63 67 53 57 0 0 0 0 0 0 0 0 63 67 63 67 53 57 0 0 0 0 0 0 0 0 63 67 63 67 53 57 0 0 0 0 0 0 0 0
272 0 1000 0 0 1000 0 1000 63 67 63 67 53 57 0 0 0 0 0 0 0 0 63 67 63 67 53 57 0 0 0 0 0 0 0 0 63 67 63 67 53 57 0 0 0 0 0 0 0 0 63 67 63 67 53 57 0 0 0 0 0 0 0 0 63 67 63 67 53 57 0 0 0 0 0 0 0 0 63 67 63 67 53 57 0 0 0 0 0 0 0 0
273 0 1000 0 0 1000 0 1000 63 67 63 67 53 57 84183 1 84183 1 0 0 0 0 63 67 63 67 53 57 84183 1 84183 1 0 0 0 0 63 67 63 67 53 57 84183 1 84183 1 0 0 0 0 63 67 63 67 53 57 84183 1 84183 1 0 0 0 0 63 67 63 67 53 57 84183 1 84183 1 0 0 0 0 63 67 63 67 53 57 84183 1 84183 1 0 0 0 0
274 0 1000 0 0 1000 0 1000 64 68 64 68 53 57 105587 94 0 0 80291 1 25296 93 64 68 64 68 53 57 105587 94 0 0 80291 1 25296 93 64 68 64 68 53 57 105587 94 0 0 80291 1 25296 93 64 68 64 68 53 57 105587 94 0 0 80291 1 25296 93 64 68 64 68 53 57 105587 94 0 0 80291 1 25296 93 64 68 64 68 53 57 105587 94 0 0 80291 1 25296 93
275 0 1000 0 0 1000 0 1000 64 68 64 68 54 58 0 0 0 0 0 0 0 0 64 68 64 68 54 58 0 0 0 0 0 0 0 0 64 68 64 68 54 58 0 0 0 0 0 0 0 0 64 68 64 68 54 58 0 0 0 0 0 0 0 0 64 68 64 68 54 58 0 0 0 0 0 0 0 0 64 68 64 68 54 58 0 0 0 0 0 0 0 0
276 0 1000 0 0 1000 0 1000 64 68 64 68 54 58 0 0 0 0 0 0 0 0 64 68 64 68 54 58 0 0 0 0 0 0 0 0 64 68 64 68 54 58 0 0 0 0 0 0 0 0 64 68 64 68 54 58 0 0 0 0 0 0 0 0 64 68 64 68 54 58 0 0 0 0 0 0 0 0 64 68 64 68 54 58 0 0 0 0 0 0 0 0
277 0 1000 0 0 1000 0 1000 64 68 64 68 54 58 250245 3 250245 3 0 0 0 0 64 68 64 68 54 58 250245 3 250245 3 0 0 0 0 64 68 64 68 54 58 250245 3 250245 3 0 0 0 0 64 68 64 68 54 58 250245 3 250245 3 0 0 0 0 64 68 64 68 54 58 250245 3 250245 3 0 0 0 0 64 68 64 68 54 58 250245 3 250245 3 0 0 0 0
278 0 1000 0 0 1000 0 1000 65 69 65 69 54 58 108851 106 0 0 80291 1 28560 105 65 69 65 69 54 58 108851 106 0 0 80291 1 28560 105 65 69 65 69 54 58 108851 106 0 0 80291 1 28560 105 65 69 65 69 54 58 108851 106 0 0 80291 1 28560 105 65 69 65 69 54 58 108851 106 0 0 80291 1 28560 105 65 69 65 69 54 58 108851 106 0 0 80291 1 28560 105
279 0 1000 0 0 1000 0 1000 65 69 65 69 55 59 0 0 0 0 0 0 0 0 65 69 65 69 55 59 0 0 0 0 0 0 0 0 65 69 65 69 55 59 0 0 0 0 0 0 0 0 65 69 65 69 55 59 0 0 0 0 0 0 0 0 65 69 65 69 55 59 0 0 0 0 0 0 0 0 65 69 65 69 55 59 0 0 0 0 0 0 0 0
280 0 1000 0 0 1000 0 1000 65 69 65 69 55 59 0 0 0 0 0 0 0 0 65 69 65 69 55 59 0 0 0 0 0 0 0 0 65 69 65 69 55 59 0 0 0 0 0 0 0 0 65 69 65 69 55 59 0 0 0 0 0 0 0 0 65 69 65 69 55 59 0 0 0 0 0 0 0 0 65 69 65 69 55 59 0 0 0 0 0 0 0 0
281 0 1000 0 0 1000 0 1000 65 69 65 69 55 59 418993 5 418993 5 0 0 0 0 65 69 65 69 55 59 418993 5 418993 5 0 0 0 0 65 69 65 69 55 59 418993 5 418993 5 0 0 0 0 65 69 65 69 55 59 418993 5 418993 5 0 0 0 0 65 69 65 69 55 59 418993 5 418993 5 0 0 0 0 65 69 65 69 55 59 418993 5 418993 5 0 0 0 0
282 0 1000 0 0 1000 0 1000 66 70 66 70 55 59 102867 84 0 0 80291 1 22576 83 66 70 66 70 55 59 102867 84 0 0 80291 1 22576 83 66 70 66 70 55 59 102867 84 0 0 80291 1 22576 83 66 70 66 70 55 59 102867 84 0 0 80291 1 22576 83 66 70 66 70 55 59 102867 84 0 0 80291 1 22576 83 66 70 66 70 55 59 102867 84 0 0 80291 1 22576 83
283 0 1000 0 0 1000 0 1000 66 70 66 70 56 60 0 0 0 0 0 0 0 0 66 70 66 70 56 60 0 0 0 0 0 0 0 0 66 70 66 70 56 60 0 0 0 0 0 0 0 0 66 70 66 70 56 60 0 0 0 0 0 0 0 0 66 70 66 70 56 60 0 0 0 0 0 0 0 0 66 70 66 70 56 60 0 0 0 0 0 0 0 0
284 0 1000 0 0 1000 0 1000 66 70 66 70 56 60 0 0 0 0 0 0 0 0 66 70 66 70 56 60 0 0 0 0 0 0 0 0 66 70 66 70 56 60 0 0 0 0 0 0 0 0 66 70 66 70 56 60 0 0 0 0 0 0 0 0 66 70 66 70 56 60 0 0 0 0 0 0 0 0 66 70 66 70 56 60 0 0 0 0 0 0 0 0
285 0 1000 0 0 1000 0 1000 66 70 66 70 56 60 166188 2 166188 2 0 0 0 0 66 70 66 70 56 60 166188 2 166188 2 0 0 0 0 66 70 66 70 56 60 166188 2 166188 2 0 0 0 0 66 70 66 70 56 60 166188 2 166188 2 0 0 0 0 66 70 66 70 56 60 166188 2 166188 2 0 0 0 0 66 70 66 70 56 60 166188 2 166188 2 0 0 0 0
286 0 1000 0 0 1000 0 1000 67 71 67 71 56 60 107489 101 0 0 80289 1 27200 100 67 71 67 71 56 60 107489 101 0 0 80289 1 27200 100 67 71 67 71 56 60 107489 101 0 0 80289 1 27200 100 67 71 67 71 56 60 107489 101 0 0 80289 1 27200 100 67 71 67 71 56 60 107489 101 0 0 80289 1 27200 100 67 71 67 71 56 60 107489 101 0 0 80289 1 27200 100
287 0 1000 0 0 1000 0 1000 67 71 67 71 57 61 0 0 0 0 0 0 0 0 67 71 67 71 57 61 0 0 0 0 0 0 0 0 67 71 67 71 57 61 0 0 0 0 0 0 0 0 67 71 67 71 57 61 0 0 0 0 0 0 0 0 67 71 67 71 57 61 0 0 0 0 0 0 0 0 67 71 67 71 57 61 0 0 0 0 0 0 0 0
288 0 1000 0 0 1000 0 1000 67 71 67 71 57 61 0 0 0 0 0 0 0 0 67 71 67 71 57 61 0 0 0 0 0 0 0 0 67 71 67 71 57 61 0 0 0 0 0 0 0 0 67 71 67 71 57 61 0 0 0 0 0 0 0 0 67 71 67 71 57 61 0 0 0 0 0 0 0 0 67 71 67 71 57 61 0 0 0 0 0 0 0 0
289 0 1000 0 0 1000 0 1000 67 71 67 71 57 61 418194 5 418194 5 0 0 0 0 67 71 67 71 57 61 418194 5 418194 5 0 0 0 0 67 71 67 71 57 61 418194 5 418194 5 0 0 0 0 67 71 67 71 57 61 418194 5 418194 5 0 0 0 0 67 71 67 71 57 61 418194 5 418194 5 0 0 0 0 67 71 67 71 57 61 418194 5 418194 5 0 0 0 0
290 0 1000 0 0 1000 0 1000 68 72 68 72 57 61 109939 110 0 0 80291 1 29648 109 68 72 68 72 57 61 109939 110 0 0 80291 1 29648 109 68 72 68 72 57 61 109939 110 0 0 80291 1 29648 109 68 72 68 72 57 61 109939 110 0 0 80291 1 29648 109 68 72 68 72 57 61 109939 110 0 0 80291 1 29648 109 68 72 68 72 57 61 109939 110 0 0 80291 1 29648 109
291 0 1000 0 0 1000 0 1000 68 72 68 72 58 62 0 0 0 0 0 0 0 0 68 72 68 72 58 62 0 0 0 0 0 0 0 0 68 72 68 72 58 62 0 0 0 0 0 0 0 0 68 72 68 72 58 62 0 0 0 0 0 0 0 0 68 72 68 72 58 62 0 0 0 0 0 0 0 0 68 72 68 72 58 62 0 0 0 0 0 0 0 0
292 0 1000 0 0 1000 0 1000 68 72 68 72 58 62 0 0 0 0 0 0 0 0 68 72 68 72 58 62 0 0 0 0 0 0 0 0 68 72 68 72 58 62 0 0 0 0 0 0 0 0 68 72 68 72 58 62 0 0 0 0 0 0 0 0 68 72 68 72 58 62 0 0 0 0 0 0 0 0 68 72 68 72 58 62 0 0 0 0 0 0 0 0
293 0 1000 0 0 1000 0 1000 68 72 68 72 58 62 83927 1 83927 1 0 0 0 0 68 72 68 72 58 62 83927 1 83927 1 0 0 0 0 68 72 68 72 58 62 83927 1 83927 1 0 0 0 0 68 72 68 72 58 62 83927 1 83927 1 0 0 0 0 68 72 68 72 58 62 83927 1 83927 1 0 0 0 0 68 72 68 72 58 62 83927 1 83927 1 0 0 0 0
294 0 1000 0 0 1000 0 1000 69 73 69 73 58 62 108035 103 0 0 80291 1 27744 102 69 73 69 73 58 62 108035 103 0 0 80291 1 27744 102 69 73 69 73 58 62 108035 103 0 0 80291 1 27744 102 69 73 69 73 58 62 108035 103 0 0 80291 1 27744 102 69 73 69 73 58 62 108035 103 0 0 80291 1 27744 102 69 73 69 73 58 62 108035 103 0 0 80291 1 27744 102
295 0 1000 0 0 1000 0 1000 69 73 69 73 59 63 0 0 0 0 0 0 0 0 69 73 69 73 59 63 0 0 0 0 0 0 0 0 69 73 69 73 59 63 0 0 0 0 0 0 0 0 69 73 69 73 59 63 0 0 0 0 0 0 0 0 69 73 69 73 59 63 0 0 0 0 0 0 0 0 69 73 69 73 59 63 0 0 0 0 0 0 0 0
296 0 1000 0 0 1000 0 1000 69 73 69 73 59 63 0 0 0 0 0 0 0 0 69 73 69 73 59 63 0 0 0 0 0 0 0 0 69 73 69 73 59 63 0 0 0 0 0 0 0 0 69 73 69 73 59 63 0 0 0 0 0 0 0 0 69 73 69 73 59 63 0 0 0 0 0 0 0 0 69 73 69 73 59 63 0 0 0 0 0 0 0 0
297 0 1000 0 0 1000 0 1000 69 73 69 73 59 63 418515 5 418515 5 0 0 0 0 69 73 69 73 59 63 418515 5 418515 5 0 0 0 0 69 73 69 73 59 63 418515 5 418515 5 0 0 0 0 69 73 69 73 59 63 418515 5 418515 5 0 0 0 0 69 73 69 73 59 63 418515 5 418515 5 0 0 0 0 69 73 69 73 59 63 418515 5 418515 5 0 0 0 0
298 0 1000 0 0 1000 0 1000 70 74 70 74 59 63 107491 101 0 0 80291 1 27200 100 70 74 70 74 59 63 107491 101 0 0 80291 1 27200 100 70 74 70 74 59 63 107491 101 0 0 80291 1 27200 100 70 74 70 74 59 63 107491 101 0 0 80291 1 27200 100 70 74 70 74 59 63 107491 101 0 0 80291 1 27200 100 70 74 70 74 59 63 107491 101 0 0 80291 1 27200 100
299 0 1000 0 0 1000 0 1000 70 74 70 74 60 64 0 0 0 0 0 0 0 0 70 74 70 74 60 64 0 0 0 0 0 0 0 0 70 74 70 74 60 64 0 0 0 0 0 0 0 0 70 74 70 74 60 64 0 0 0 0 0 0 0 0 70 74 70 74 60 64 0 0 0 0 0 0 0 0 70 74 70 74 60 64 0 0 0 0 0 0 0 0
300 0 1000 0 0 1000 0 1000 70 74 70 74 60 64 0 0 0 0 0 0 0 0 70 74 70 74 60 64 0 0 0 0 0 0 0 0 70 74 70 74 60 64 0 0 0 0 0 0 0 0 70 74 70 74 60 64 0 0 0 0 0 0 0 0 70 74 70 74 60 64 0 0 0 0 0 0 0 0 70 74 70 74 60 64 0 0 0 0 0 0 0 0
301 0 1000 0 0 1000 0 1000 70 74 70 74 60 64 501832 6 501832 6 0 0 0 0 70 74 70 74 60 64 501832 6 501832 6 0 0 0 0 70 74 70 74 60 64 501832 6 501832 6 0 0 0 0 70 74 70 74 60 64 501832 6 501832 6 0 0 0 0 70 74 70 74 60 64 501832 6 501832 6 0 0 0 0 70 74 70 74 60 64 501832 6 501832 6 0 0 0 0
302 0 1000 0 0 1000 0 1000 71 75 71 75 60 64 111843 117 0 0 80291 1 31552 116 71 75 71 75 60 64 111843 117 0 0 80291 1 31552 116 71 75 71 75 60 64 111843 117 0 0 80291 1 31552 116 71 75 71 75 60 64 111843 117 0 0 80291 1 31552 116 71 75 71 75 60 64 111843 117 0 0 80291 1 31552 116 71 75 71 75 60 64 111843 117 0 0 80291 1 31552 116
303 0 1000 0 0 1000 0 1000 71 75 71 75 61 65 0 0 0 0 0 0 0 0 71 75 71 75 61 65 0 0 0 0 0 0 0 0 71 75 71 75 61 65 0 0 0 0 0 0 0 0 71 75 71 75 61 65 0 0 0 0 0 0 0 0 71 75 71 75 61 65 0 0 0 0 0 0 0 0 71 75 71 75 61 65 0 0 0 0 0 0 0 0
