r n_asleep n_awake n_honest_asleep n_honest_dreamy n_honest_awake n_adversary n_all party0_ledger_best_length party0_ledger_best_age party0_ledger_fast_length party0_ledger_fast_age party0_ledger_slow_length party0_ledger_slow_age party0_comms_all_size party0_comms_all_count party0_comms_proposal_size party0_comms_proposal_count party0_comms_piece_block_size party0_comms_piece_block_count party0_comms_piece_vote_size party0_comms_piece_vote_count party1_ledger_best_length party1_ledger_best_age party1_ledger_fast_length party1_ledger_fast_age party1_ledger_slow_length party1_ledger_slow_age party1_comms_all_size party1_comms_all_count party1_comms_proposal_size party1_comms_proposal_count party1_comms_piece_block_size party1_comms_piece_block_count party1_comms_piece_vote_size party1_comms_piece_vote_count party2_ledger_best_length party2_ledger_best_age party2_ledger_fast_length party2_ledger_fast_age party2_ledger_slow_length party2_ledger_slow_age party2_comms_all_size party2_comms_all_count party2_comms_proposal_size party2_comms_proposal_count party2_comms_piece_block_size party2_comms_piece_block_count party2_comms_piece_vote_size party2_comms_piece_vote_count party3_ledger_best_length party3_ledger_best_age party3_ledger_fast_length party3_ledger_fast_age party3_ledger_slow_length party3_ledger_slow_age party3_comms_all_size party3_comms_all_count party3_comms_proposal_size party3_comms_proposal_count party3_comms_piece_block_size party3_comms_piece_block_count party3_comms_piece_vote_size party3_comms_piece_vote_count party4_ledger_best_length party4_ledger_best_age party4_ledger_fast_length party4_ledger_fast_age party4_ledger_slow_length party4_ledger_slow_age party4_comms_all_size party4_comms_all_count party4_comms_proposal_size party4_comms_proposal_count party4_comms_piece_block_size party4_comms_piece_block_count party4_comms_piece_vote_size party4_comms_piece_vote_count partyALWAYSAWAKE_ledger_best_length partyALWAYSAWAKE_ledger_best_age partyALWAYSAWAKE_ledger_fast_length partyALWAYSAWAKE_ledger_fast_age partyALWAYSAWAKE_ledger_slow_length partyALWAYSAWAKE_ledger_slow_age partyALWAYSAWAKE_comms_all_size partyALWAYSAWAKE_comms_all_count partyALWAYSAWAKE_comms_proposal_size partyALWAYSAWAKE_comms_proposal_count partyALWAYSAWAKE_comms_piece_block_size partyALWAYSAWAKE_comms_piece_block_count partyALWAYSAWAKE_comms_piece_vote_size partyALWAYSAWAKE_comms_piece_vote_count
4 0 1000 0 0 1000 0 1000 0 0 0 0 0 0 0 0 0 0 0 0 0 0 0 0 0 0 0 0 0 0 0 0 0 0 0 0 0 0 0 0 0 0 0 0 0 0 0 0 0 0 0 0 0 0 0 0 0 0 0 0 0 0 0 0 0 0 0 0 0 0 0 0 0 0 0 0 0 0 0 0 0 0 0 0 0 0 0 0 0 0 0 0
5 0 1000 0 0 1000 0 1000 0 0 0 0 0 0 22772 52 22772 52 0 0 0 0 0 0 0 0 0 0 22772 52 22772 52 0 0 0 0 0 0 0 0 0 0 22772 52 22772 52 0 0 0 0 0 0 0 0 0 0 22772 52 22772 52 0 0 0 0 0 0 0 0 0 0 22772 52 22772 52 0 0 0 0 0 0 0 0 0 0 22772 52 22772 52 0 0 0 0
6 0 1000 0 0 1000 0 1000 1 1 1 1 0 0 27490 101 0 0 290 1 27200 100 1 1 1 1 0 0 27490 101 0 0 290 1 27200 100 1 1 1 1 0 0 27490 101 0 0 290 1 27200 100 1 1 1 1 0 0 27490 101 0 0 290 1 27200 100 1 1 1 1 0 0 27490 101 0 0 290 1 27200 100 1 1 1 1 0 0 27490 101 0 0 290 1 27200 100
7 0 1000 0 0 1000 0 1000 1 1 1 1 0 0 0 0 0 0 0 0 0 0 1 1 1 1 0 0 0 0 0 0 0 0 0 0 1 1 1 1 0 0 0 0 0 0 0 0 0 0 1 1 1 1 0 0 0 0 0 0 0 0 0 0 1 1 1 1 0 0 0 0 0 0 0 0 0 0 1 1 1 1 0 0 0 0 0 0 0 0 0 0
8 0 1000 0 0 1000 0 1000 1 1 1 1 0 0 0 0 0 0 0 0 0 0 1 1 1 1 0 0 0 0 0 0 0 0 0 0 1 1 1 1 0 0 0 0 0 0 0 0 0 0 1 1 1 1 0 0 0 0 0 0 0 0 0 0 1 1 1 1 0 0 0 0 0 0 0 0 0 0 1 1 1 1 0 0 0 0 0 0 0 0 0 0
9 0 1000 0 0 1000 0 1000 1 1 1 1 0 0 170973 47 170973 47 0 0 0 0 1 1 1 1 0 0 170973 47 170973 47 0 0 0 0 1 1 1 1 0 0 170973 47 170973 47 0 0 0 0 1 1 1 1 0 0 170973 47 170973 47 0 0 0 0 1 1 1 1 0 0 170973 47 170973 47 0 0 0 0 1 1 1 1 0 0 170973 47 170973 47 0 0 0 0
10 0 1000 0 0 1000 0 1000 2 2 2 2 0 0 24498 90 0 0 290 1 24208 89 2 2 2 2 0 0 24498 90 0 0 290 1 24208 89 2 2 2 2 0 0 24498 90 0 0 290 1 24208 89 2 2 2 2 0 0 24498 90 0 0 290 1 24208 89 2 2 2 2 0 0 24498 90 0 0 290 1 24208 89 2 2 2 2 0 0 24498 90 0 0 290 1 24208 89
11 0 1000 0 0 1000 0 1000 2 2 2 2 0 0 0 0 0 0 0 0 0 0 2 2 2 2 0 0 0 0 0 0 0 0 0 0 2 2 2 2 0 0 0 0 0 0 0 0 0 0 2 2 2 2 0 0 0 0 0 0 0 0 0 0 2 2 2 2 0 0 0 0 0 0 0 0 0 0 2 2 2 2 0 0 0 0 0 0 0 0 0 0
12 0 1000 0 0 1000 0 1000 2 2 2 2 0 0 0 0 0 0 0 0 0 0 2 2 2 2 0 0 0 0 0 0 0 0 0 0 2 2 2 2 0 0 0 0 0 0 0 0 0 0 2 2 2 2 0 0 0 0 0 0 0 0 0 0 2 2 2 2 0 0 0 0 0 0 0 0 0 0 2 2 2 2 0 0 0 0 0 0 0 0 0 0
13 0 1000 0 0 1000 0 1000 2 2 2 2 0 0 157723 48 157723 48 0 0 0 0 2 2 2 2 0 0 157723 48 157723 48 0 0 0 0 2 2 2 2 0 0 157723 48 157723 48 0 0 0 0 2 2 2 2 0 0 157723 48 157723 48 0 0 0 0 2 2 2 2 0 0 157723 48 157723 48 0 0 0 0 2 2 2 2 0 0 157723 48 157723 48 0 0 0 0
14 0 1000 0 0 1000 0 1000 3 3 3 3 0 0 26945 99 0 0 289 1 26656 98 3 3 3 3 0 0 26945 99 0 0 289 1 26656 98 3 3 3 3 0 0 26945 99 0 0 289 1 26656 98 3 3 3 3 0 0 26945 99 0 0 289 1 26656 98 3 3 3 3 0 0 26945 99 0 0 289 1 26656 98 3 3 3 3 0 0 26945 99 0 0 289 1 26656 98
15 0 1000 0 0 1000 0 1000 3 3 3 3 0 0 0 0 0 0 0 0 0 0 3 3 3 3 0 0 0 0 0 0 0 0 0 0 3 3 3 3 0 0 0 0 0 0 0 0 0 0 3 3 3 3 0 0 0 0 0 0 0 0 0 0 3 3 3 3 0 0 0 0 0 0 0 0 0 0 3 3 3 3 0 0 0 0 0 0 0 0 0 0
16 0 1000 0 0 1000 0 1000 3 3 3 3 0 0 0 0 0 0 0 0 0 0 3 3 3 3 0 0 0 0 0 0 0 0 0 0 3 3 3 3 0 0 0 0 0 0 0 0 0 0 3 3 3 3 0 0 0 0 0 0 0 0 0 0 3 3 3 3 0 0 0 0 0 0 0 0 0 0 3 3 3 3 0 0 0 0 0 0 0 0 0 0
17 0 1000 0 0 1000 0 1000 3 3 3 3 0 0 128660 36 128660 36 0 0 0 0 3 3 3 3 0 0 128660 36 128660 36 0 0 0 0 3 3 3 3 0 0 128660 36 128660 36 0 0 0 0 3 3 3 3 0 0 128660 36 128660 36 0 0 0 0 3 3 3 3 0 0 128660 36 128660 36 0 0 0 0 3 3 3 3 0 0 128660 36 128660 36 0 0 0 0
18 0 1000 0 0 1000 0 1000 4 4 4 4 0 0 26129 96 0 0 289 1 25840 95 4 4 4 4 0 0 26129 96 0 0 289 1 25840 95 4 4 4 4 0 0 26129 96 0 0 289 1 25840 95 4 4 4 4 0 0 26129 96 0 0 289 1 25840 95 4 4 4 4 0 0 26129 96 0 0 289 1 25840 95 4 4 4 4 0 0 26129 96 0 0 289 1 25840 95
19 0 1000 0 0 1000 0 1000 4 4 4 4 0 0 0 0 0 0 0 0 0 0 4 4 4 4 0 0 0 0 0 0 0 0 0 0 4 4 4 4 0 0 0 0 0 0 0 0 0 0 4 4 4 4 0 0 0 0 0 0 0 0 0 0 4 4 4 4 0 0 0 0 0 0 0 0 0 0 4 4 4 4 0 0 0 0 0 0 0 0 0 0
20 0 1000 0 0 1000 0 1000 4 4 4 4 0 0 0 0 0 0 0 0 0 0 4 4 4 4 0 0 0 0 0 0 0 0 0 0 4 4 4 4 0 0 0 0 0 0 0 0 0 0 4 4 4 4 0 0 0 0 0 0 0 0 0 0 4 4 4 4 0 0 0 0 0 0 0 0 0 0 4 4 4 4 0 0 0 0 0 0 0 0 0 0
21 0 1000 0 0 1000 0 1000 4 4 4 4 0 0 156501 45 156501 45 0 0 0 0 4 4 4 4 0 0 156501 45 156501 45 0 0 0 0 4 4 4 4 0 0 156501 45 156501 45 0 0 0 0 4 4 4 4 0 0 156501 45 156501 45 0 0 0 0 4 4 4 4 0 0 156501 45 156501 45 0 0 0 0 4 4 4 4 0 0 156501 45 156501 45 0 0 0 0
22 0 1000 0 0 1000 0 1000 5 5 5 5 0 0 23682 87 0 0 290 1 23392 86 5 5 5 5 0 0 23682 87 0 0 290 1 23392 86 5 5 5 5 0 0 23682 87 0 0 290 1 23392 86 5 5 5 5 0 0 23682 87 0 0 290 1 23392 86 5 5 5 5 0 0 23682 87 0 0 290 1 23392 86 5 5 5 5 0 0 23682 87 0 0 290 1 23392 86
23 0 1000 0 0 1000 0 1000 5 5 5 5 0 0 0 0 0 0 0 0 0 0 5 5 5 5 0 0 0 0 0 0 0 0 0 0 5 5 5 5 0 0 0 0 0 0 0 0 0 0 5 5 5 5 0 0 0 0 0 0 0 0 0 0 5 5 5 5 0 0 0 0 0 0 0 0 0 0 5 5 5 5 0 0 0 0 0 0 0 0 0 0
24 0 1000 0 0 1000 0 1000 5 5 5 5 0 0 0 0 0 0 0 0 0 0 5 5 5 5 0 0 0 0 0 0 0 0 0 0 5 5 5 5 0 0 0 0 0 0 0 0 0 0 5 5 5 5 0 0 0 0 0 0 0 0 0 0 5 5 5 5 0 0 0 0 0 0 0 0 0 0 5 5 5 5 0 0 0 0 0 0 0 0 0 0
25 0 1000 0 0 1000 0 1000 5 5 5 5 0 0 153118 48 153118 48 0 0 0 0 5 5 5 5 0 0 153118 48 153118 48 0 0 0 0 5 5 5 5 0 0 153118 48 153118 48 0 0 0 0 5 5 5 5 0 0 153118 48 153118 48 0 0 0 0 5 5 5 5 0 0 153118 48 153118 48 0 0 0 0 5 5 5 5 0 0 153118 48 153118 48 0 0 0 0
26 0 1000 0 0 1000 0 1000 6 6 6 6 0 0 25586 94 0 0 290 1 25296 93 6 6 6 6 0 0 25586 94 0 0 290 1 25296 93 6 6 6 6 0 0 25586 94 0 0 290 1 25296 93 6 6 6 6 0 0 25586 94 0 0 290 1 25296 93 6 6 6 6 0 0 25586 94 0 0 290 1 25296 93 6 6 6 6 0 0 25586 94 0 0 290 1 25296 93
27 0 1000 0 0 1000 0 1000 6 6 6 6 0 0 0 0 0 0 0 0 0 0 6 6 6 6 0 0 0 0 0 0 0 0 0 0 6 6 6 6 0 0 0 0 0 0 0 0 0 0 6 6 6 6 0 0 0 0 0 0 0 0 0 0 6 6 6 6 0 0 0 0 0 0 0 0 0 0 6 6 6 6 0 0 0 0 0 0 0 0 0 0
28 0 1000 0 0 1000 0 1000 6 6 6 6 0 0 0 0 0 0 0 0 0 0 6 6 6 6 0 0 0 0 0 0 0 0 0 0 6 6 6 6 0 0 0 0 0 0 0 0 0 0 6 6 6 6 0 0 0 0 0 0 0 0 0 0 6 6 6 6 0 0 0 0 0 0 0 0 0 0 6 6 6 6 0 0 0 0 0 0 0 0 0 0
29 0 1000 0 0 1000 0 1000 6 6 6 6 0 0 163869 48 163869 48 0 0 0 0 6 6 6 6 0 0 163869 48 163869 48 0 0 0 0 6 6 6 6 0 0 163869 48 163869 48 0 0 0 0 6 6 6 6 0 0 163869 48 163869 48 0 0 0 0 6 6 6 6 0 0 163869 48 163869 48 0 0 0 0 6 6 6 6 0 0 163869 48 163869 48 0 0 0 0
30 0 1000 0 0 1000 0 1000 7 7 7 7 0 0 30210 111 0 0 290 1 29920 110 7 7 7 7 0 0 30210 111 0 0 290 1 29920 110 7 7 7 7 0 0 30210 111 0 0 290 1 29920 110 7 7 7 7 0 0 30210 111 0 0 290 1 29920 110 7 7 7 7 0 0 30210 111 0 0 290 1 29920 110 7 7 7 7 0 0 30210 111 0 0 290 1 29920 110
31 0 1000 0 0 1000 0 1000 7 7 7 7 0 0 0 0 0 0 0 0 0 0 7 7 7 7 0 0 0 0 0 0 0 0 0 0 7 7 7 7 0 0 0 0 0 0 0 0 0 0 7 7 7 7 0 0 0 0 0 0 0 0 0 0 7 7 7 7 0 0 0 0 0 0 0 0 0 0 7 7 7 7 0 0 0 0 0 0 0 0 0 0
32 0 1000 0 0 1000 0 1000 7 7 7 7 0 0 0 0 0 0 0 0 0 0 7 7 7 7 0 0 0 0 0 0 0 0 0 0 7 7 7 7 0 0 0 0 0 0 0 0 0 0 7 7 7 7 0 0 0 0 0 0 0 0 0 0 7 7 7 7 0 0 0 0 0 0 0 0 0 0 7 7 7 7 0 0 0 0 0 0 0 0 0 0
33 0 1000 0 0 1000 0 1000 7 7 7 7 0 0 225602 57 225602 57 0 0 0 0 7 7 7 7 0 0 225602 57 225602 57 0 0 0 0 7 7 7 7 0 0 225602 57 225602 57 0 0 0 0 7 7 7 7 0 0 225602 57 225602 57 0 0 0 0 7 7 7 7 0 0 225602 57 225602 57 0 0 0 0 7 7 7 7 0 0 225602 57 225602 57 0 0 0 0
34 0 1000 0 0 1000 0 1000 8 8 8 8 0 0 26946 99 0 0 290 1 26656 98 8 8 8 8 0 0 26946 99 0 0 290 1 26656 98 8 8 8 8 0 0 26946 99 0 0 290 1 26656 98 8 8 8 8 0 0 26946 99 0 0 290 1 26656 98 8 8 8 8 0 0 26946 99 0 0 290 1 26656 98 8 8 8 8 0 0 26946 99 0 0 290 1 26656 98
35 0 1000 0 0 1000 0 1000 8 8 8 8 0 0 0 0 0 0 0 0 0 0 8 8 8 8 0 0 0 0 0 0 0 0 0 0 8 8 8 8 0 0 0 0 0 0 0 0 0 0 8 8 8 8 0 0 0 0 0 0 0 0 0 0 8 8 8 8 0 0 0 0 0 0 0 0 0 0 8 8 8 8 0 0 0 0 0 0 0 0 0 0
36 0 1000 0 0 1000 0 1000 8 8 8 8 0 0 0 0 0 0 0 0 0 0 8 8 8 8 0 0 0 0 0 0 0 0 0 0 8 8 8 8 0 0 0 0 0 0 0 0 0 0 8 8 8 8 0 0 0 0 0 0 0 0 0 0 8 8 8 8 0 0 0 0 0 0 0 0 0 0 8 8 8 8 0 0 0 0 0 0 0 0 0 0
37 0 1000 0 0 1000 0 1000 8 8 8 8 0 0 192992 54 192992 54 0 0 0 0 8 8 8 8 0 0 192992 54 192992 54 0 0 0 0 8 8 8 8 0 0 192992 54 192992 54 0 0 0 0 8 8 8 8 0 0 192992 54 192992 54 0 0 0 0 8 8 8 8 0 0 192992 54 192992 54 0 0 0 0 8 8 8 8 0 0 192992 54 192992 54 0 0 0 0
38 0 1000 0 0 1000 0 1000 9 9 9 9 0 0 24770 91 0 0 290 1 24480 90 9 9 9 9 0 0 24770 91 0 0 290 1 24480 90 9 9 9 9 0 0 24770 91 0 0 290 1 24480 90 9 9 9 9 0 0 24770 91 0 0 290 1 24480 90 9 9 9 9 0 0 24770 91 0 0 290 1 24480 90 9 9 9 9 0 0 24770 91 0 0 290 1 24480 90
39 0 1000 0 0 1000 0 1000 9 9 9 9 0 0 0 0 0 0 0 0 0 0 9 9 9 9 0 0 0 0 0 0 0 0 0 0 9 9 9 9 0 0 0 0 0 0 0 0 0 0 9 9 9 9 0 0 0 0 0 0 0 0 0 0 9 9 9 9 0 0 0 0 0 0 0 0 0 0 9 9 9 9 0 0 0 0 0 0 0 0 0 0
40 0 1000 0 0 1000 0 1000 9 9 9 9 0 0 0 0 0 0 0 0 0 0 9 9 9 9 0 0 0 0 0 0 0 0 0 0 9 9 9 9 0 0 0 0 0 0 0 0 0 0 9 9 9 9 0 0 0 0 0 0 0 0 0 0 9 9 9 9 0 0 0 0 0 0 0 0 0 0 9 9 9 9 0 0 0 0 0 0 0 0 0 0
41 0 1000 0 0 1000 0 1000 9 9 9 9 0 0 122800 37 122800 37 0 0 0 0 9 9 9 9 0 0 122800 37 122800 37 0 0 0 0 9 9 9 9 0 0 122800 37 122800 37 0 0 0 0 9 9 9 9 0 0 122800 37 122800 37 0 0 0 0 9 9 9 9 0 0 122800 37 122800 37 0 0 0 0 9 9 9 9 0 0 122800 37 122800 37 0 0 0 0
42 0 1000 0 0 1000 0 1000 10 10 10 10 0 0 26947 99 0 0 291 1 26656 98 10 10 10 10 0 0 26947 99 0 0 291 1 26656 98 10 10 10 10 0 0 26947 99 0 0 291 1 26656 98 10 10 10 10 0 0 26947 99 0 0 291 1 26656 98 10 10 10 10 0 0 26947 99 0 0 291 1 26656 98 10 10 10 10 0 0 26947 99 0 0 291 1 26656 98
43 0 1000 0 0 1000 0 1000 10 10 10 10 0 0 0 0 0 0 0 0 0 0 10 10 10 10 0 0 0 0 0 0 0 0 0 0 10 10 10 10 0 0 0 0 0 0 0 0 0 0 10 10 10 10 0 0 0 0 0 0 0 0 0 0 10 10 10 10 0 0 0 0 0 0 0 0 0 0 10 10 10 10 0 0 0 0 0 0 0 0 0 0
44 0 1000 0 0 1000 0 1000 10 10 10 10 0 0 0 0 0 0 0 0 0 0 10 10 10 10 0 0 0 0 0 0 0 0 0 0 10 10 10 10 0 0 0 0 0 0 0 0 0 0 10 10 10 10 0 0 0 0 0 0 0 0 0 0 10 10 10 10 0 0 0 0 0 0 0 0 0 0 10 10 10 10 0 0 0 0 0 0 0 0 0 0
45 0 1000 0 0 1000 0 1000 10 10 10 10 0 0 193047 54 193047 54 0 0 0 0 10 10 10 10 0 0 193047 54 193047 54 0 0 0 0 10 10 10 10 0 0 193047 54 193047 54 0 0 0 0 10 10 10 10 0 0 193047 54 193047 54 0 0 0 0 10 10 10 10 0 0 193047 54 193047 54 0 0 0 0 10 10 10 10 0 0 193047 54 193047 54 0 0 0 0
46 0 1000 0 0 1000 0 1000 11 11 11 11 0 0 27491 101 0 0 291 1 27200 100 11 11 11 11 0 0 27491 101 0 0 291 1 27200 100 11 11 11 11 0 0 27491 101 0 0 291 1 27200 100 11 11 11 11 0 0 27491 101 0 0 291 1 27200 100 11 11 11 11 0 0 27491 101 0 0 291 1 27200 100 11 11 11 11 0 0 27491 101 0 0 291 1 27200 100
47 0 1000 0 0 1000 0 1000 11 11 11 11 1 1 0 0 0 0 0 0 0 0 11 11 11 11 1 1 0 0 0 0 0 0 0 0 11 11 11 11 1 1 0 0 0 0 0 0 0 0 11 11 11 11 1 1 0 0 0 0 0 0 0 0 11 11 11 11 1 1 0 0 0 0 0 0 0 0 11 11 11 11 1 1 0 0 0 0 0 0 0 0
48 0 1000 0 0 1000 0 1000 11 11 11 11 1 1 0 0 0 0 0 0 0 0 11 11 11 11 1 1 0 0 0 0 0 0 0 0 11 11 11 11 1 1 0 0 0 0 0 0 0 0 11 11 11 11 1 1 0 0 0 0 0 0 0 0 11 11 11 11 1 1 0 0 0 0 0 0 0 0 11 11 11 11 1 1 0 0 0 0 0 0 0 0
49 0 1000 0 0 1000 0 1000 11 11 11 11 1 1 127360 35 127360 35 0 0 0 0 11 11 11 11 1 1 127360 35 127360 35 0 0 0 0 11 11 11 11 1 1 127360 35 127360 35 0 0 0 0 11 11 11 11 1 1 127360 35 127360 35 0 0 0 0 11 11 11 11 1 1 127360 35 127360 35 0 0 0 0 11 11 11 11 1 1 127360 35 127360 35 0 0 0 0
50 0 1000 0 0 1000 0 1000 12 12 12 12 1 1 25587 94 0 0 291 1 25296 93 12 12 12 12 1 1 25587 94 0 0 291 1 25296 93 12 12 12 12 1 1 25587 94 0 0 291 1 25296 93 12 12 12 12 1 1 25587 94 0 0 291 1 25296 93 12 12 12 12 1 1 25587 94 0 0 291 1 25296 93 12 12 12 12 1 1 25587 94 0 0 291 1 25296 93
51 0 1000 0 0 1000 0 1000 12 12 12 12 2 2 0 0 0 0 0 0 0 0 12 12 12 12 2 2 0 0 0 0 0 0 0 0 12 12 12 12 2 2 0 0 0 0 0 0 0 0 12 12 12 12 2 2 0 0 0 0 0 0 0 0 12 12 12 12 2 2 0 0 0 0 0 0 0 0 12 12 12 12 2 2 0 0 0 0 0 0 0 0
52 0 1000 0 0 1000 0 1000 12 12 12 12 2 2 0 0 0 0 0 0 0 0 12 12 12 12 2 2 0 0 0 0 0 0 0 0 12 12 12 12 2 2 0 0 0 0 0 0 0 0 12 12 12 12 2 2 0 0 0 0 0 0 0 0 12 12 12 12 2 2 0 0 0 0 0 0 0 0 12 12 12 12 2 2 0 0 0 0 0 0 0 0
53 0 1000 0 0 1000 0 1000 12 12 12 12 2 2 167333 49 167333 49 0 0 0 0 12 12 12 12 2 2 167333 49 167333 49 0 0 0 0 12 12 12 12 2 2 167333 49 167333 49 0 0 0 0 12 12 12 12 2 2 167333 49 167333 49 0 0 0 0 12 12 12 12 2 2 167333 49 167333 49 0 0 0 0 12 12 12 12 2 2 167333 49 167333 49 0 0 0 0
54 0 1000 0 0 1000 0 1000 13 13 13 13 2 2 26946 99 0 0 290 1 26656 98 13 13 13 13 2 2 26946 99 0 0 290 1 26656 98 13 13 13 13 2 2 26946 99 0 0 290 1 26656 98 13 13 13 13 2 2 26946 99 0 0 290 1 26656 98 13 13 13 13 2 2 26946 99 0 0 290 1 26656 98 13 13 13 13 2 2 26946 99 0 0 290 1 26656 98
55 0 1000 0 0 1000 0 1000 13 13 13 13 3 3 0 0 0 0 0 0 0 0 13 13 13 13 3 3 0 0 0 0 0 0 0 0 13 13 13 13 3 3 0 0 0 0 0 0 0 0 13 13 13 13 3 3 0 0 0 0 0 0 0 0 13 13 13 13 3 3 0 0 0 0 0 0 0 0 13 13 13 13 3 3 0 0 0 0 0 0 0 0
56 0 1000 0 0 1000 0 1000 13 13 13 13 3 3 0 0 0 0 0 0 0 0 13 13 13 13 3 3 0 0 0 0 0 0 0 0 13 13 13 13 3 3 0 0 0 0 0 0 0 0 13 13 13 13 3 3 0 0 0 0 0 0 0 0 13 13 13 13 3 3 0 0 0 0 0 0 0 0 13 13 13 13 3 3 0 0 0 0 0 0 0 0
57 0 1000 0 0 1000 0 1000 13 13 13 13 3 3 146570 41 146570 41 0 0 0 0 13 13 13 13 3 3 146570 41 146570 41 0 0 0 0 13 13 13 13 3 3 146570 41 146570 41 0 0 0 0 13 13 13 13 3 3 146570 41 146570 41 0 0 0 0 13 13 13 13 3 3 146570 41 146570 41 0 0 0 0 13 13 13 13 3 3 146570 41 146570 41 0 0 0 0
58 0 1000 0 0 1000 0 1000 14 14 14 14 3 3 26402 97 0 0 290 1 26112 96 14 14 14 14 3 3 26402 97 0 0 290 1 26112 96 14 14 14 14 3 3 26402 97 0 0 290 1 26112 96 14 14 14 14 3 3 26402 97 0 0 290 1 26112 96 14 14 14 14 3 3 26402 97 0 0 290 1 26112 96 14 14 14 14 3 3 26402 97 0 0 290 1 26112 96
59 0 1000 0 0 1000 0 1000 14 14 14 14 4 4 0 0 0 0 0 0 0 0 14 14 14 14 4 4 0 0 0 0 0 0 0 0 14 14 14 14 4 4 0 0 0 0 0 0 0 0 14 14 14 14 4 4 0 0 0 0 0 0 0 0 14 14 14 14 4 4 0 0 0 0 0 0 0 0 14 14 14 14 4 4 0 0 0 0 0 0 0 0
60 0 1000 0 0 1000 0 1000 14 14 14 14 4 4 0 0 0 0 0 0 0 0 14 14 14 14 4 4 0 0 0 0 0 0 0 0 14 14 14 14 4 4 0 0 0 0 0 0 0 0 14 14 14 14 4 4 0 0 0 0 0 0 0 0 14 14 14 14 4 4 0 0 0 0 0 0 0 0 14 14 14 14 4 4 0 0 0 0 0 0 0 0
61 0 1000 0 0 1000 0 1000 14 14 14 14 4 4 140439 40 140439 40 0 0 0 0 14 14 14 14 4 4 140439 40 140439 40 0 0 0 0 14 14 14 14 4 4 140439 40 140439 40 0 0 0 0 14 14 14 14 4 4 140439 40 140439 40 0 0 0 0 14 14 14 14 4 4 140439 40 140439 40 0 0 0 0 14 14 14 14 4 4 140439 40 140439 40 0 0 0 0
62 0 1000 0 0 1000 0 1000 15 15 15 15 4 4 34019 125 0 0 291 1 33728 124 15 15 15 15 4 4 34019 125 0 0 291 1 33728 124 15 15 15 15 4 4 34019 125 0 0 291 1 33728 124 15 15 15 15 4 4 34019 125 0 0 291 1 33728 124 15 15 15 15 4 4 34019 125 0 0 291 1 33728 124 15 15 15 15 4 4 34019 125 0 0 291 1 33728 124
63 0 1000 0 0 1000 0 1000 15 15 15 15 5 5 0 0 0 0 0 0 0 0 15 15 15 15 5 5 0 0 0 0 0 0 0 0 15 15 15 15 5 5 0 0 0 0 0 0 0 0 15 15 15 15 5 5 0 0 0 0 0 0 0 0 15 15 15 15 5 5 0 0 0 0 0 0 0 0 15 15 15 15 5 5 0 0 0 0 0 0 0 0
64 0 1000 0 0 1000 0 1000 15 15 15 15 5 5 0 0 0 0 0 0 0 0 15 15 15 15 5 5 0 0 0 0 0 0 0 0 15 15 15 15 5 5 0 0 0 0 0 0 0 0 15 15 15 15 5 5 0 0 0 0 0 0 0 0 15 15 15 15 5 5 0 0 0 0 0 0 0 0 15 15 15 15 5 5 0 0 0 0 0 0 0 0
65 900 100 900 0 100 0 1000 15 15 15 15 5 5 154242 35 154242 35 0 0 0 0 15 15 15 15 5 5 154242 35 154242 35 0 0 0 0 15 15 15 15 5 5 154242 35 154242 35 0 0 0 0 15 15 15 15 5 5 154242 35 154242 35 0 0 0 0 15 15 15 15 5 5 154242 35 154242 35 0 0 0 0 15 15 15 15 5 5 154242 35 154242 35 0 0 0 0
66 900 100 900 0 100 0 1000 15 15 15 15 5 5 3283 12 0 0 291 1 2992 11 15 15 15 15 5 5 3283 12 0 0 291 1 2992 11 15 15 15 15 5 5 3283 12 0 0 291 1 2992 11 15 15 15 15 5 5 3283 12 0 0 291 1 2992 11 15 15 15 15 5 5 3283 12 0 0 291 1 2992 11 15 15 15 15 5 5 3283 12 0 0 291 1 2992 11
67 900 100 900 0 100 0 1000 15 15 15 15 5 5 0 0 0 0 0 0 0 0 15 15 15 15 6 6 0 0 0 0 0 0 0 0 15 15 15 15 6 6 0 0 0 0 0 0 0 0 15 15 15 15 5 5 0 0 0 0 0 0 0 0 15 15 15 15 5 5 0 0 0 0 0 0 0 0 15 15 15 15 6 6 0 0 0 0 0 0 0 0
68 900 100 900 0 100 0 1000 15 15 15 15 5 5 0 0 0 0 0 0 0 0 15 15 15 15 6 6 0 0 0 0 0 0 0 0 15 15 15 15 6 6 0 0 0 0 0 0 0 0 15 15 15 15 5 5 0 0 0 0 0 0 0 0 15 15 15 15 5 5 0 0 0 0 0 0 0 0 15 15 15 15 6 6 0 0 0 0 0 0 0 0
69 900 100 900 0 100 0 1000 15 15 15 15 5 5 5534 7 5534 7 0 0 0 0 15 15 15 15 6 6 5534 7 5534 7 0 0 0 0 15 15 15 15 6 6 5534 7 5534 7 0 0 0 0 15 15 15 15 5 5 5534 7 5534 7 0 0 0 0 15 15 15 15 5 5 5534 7 5534 7 0 0 0 0 15 15 15 15 6 6 5534 7 5534 7 0 0 0 0
70 900 100 900 0 100 0 1000 15 15 15 15 5 5 4370 16 0 0 290 1 4080 15 15 15 15 15 6 6 4370 16 0 0 290 1 4080 15 15 15 15 15 6 6 4370 16 0 0 290 1 4080 15 15 15 15 15 5 5 4370 16 0 0 290 1 4080 15 15 15 15 15 5 5 4370 16 0 0 290 1 4080 15 15 15 15 15 6 6 4370 16 0 0 290 1 4080 15
71 900 100 900 0 100 0 1000 15 15 15 15 5 5 0 0 0 0 0 0 0 0 15 15 15 15 7 7 0 0 0 0 0 0 0 0 15 15 15 15 7 7 0 0 0 0 0 0 0 0 15 15 15 15 5 5 0 0 0 0 0 0 0 0 15 15 15 15 5 5 0 0 0 0 0 0 0 0 15 15 15 15 7 7 0 0 0 0 0 0 0 0
72 900 100 900 0 100 0 1000 15 15 15 15 5 5 0 0 0 0 0 0 0 0 15 15 15 15 7 7 0 0 0 0 0 0 0 0 15 15 15 15 7 7 0 0 0 0 0 0 0 0 15 15 15 15 5 5 0 0 0 0 0 0 0 0 15 15 15 15 5 5 0 0 0 0 0 0 0 0 15 15 15 15 7 7 0 0 0 0 0 0 0 0
73 900 100 900 0 100 0 1000 15 15 15 15 5 5 5514 6 5514 6 0 0 0 0 15 15 15 15 7 7 5514 6 5514 6 0 0 0 0 15 15 15 15 7 7 5514 6 5514 6 0 0 0 0 15 15 15 15 5 5 5514 6 5514 6 0 0 0 0 15 15 15 15 5 5 5514 6 5514 6 0 0 0 0 15 15 15 15 7 7 5514 6 5514 6 0 0 0 0
74 900 100 900 0 100 0 1000 15 15 15 15 5 5 2739 10 0 0 291 1 2448 9 15 15 15 15 7 7 2739 10 0 0 291 1 2448 9 15 15 15 15 7 7 2739 10 0 0 291 1 2448 9 15 15 15 15 5 5 2739 10 0 0 291 1 2448 9 15 15 15 15 5 5 2739 10 0 0 291 1 2448 9 15 15 15 15 7 7 2739 10 0 0 291 1 2448 9
75 900 100 900 0 100 0 1000 15 15 15 15 5 5 0 0 0 0 0 0 0 0 15 15 15 15 8 8 0 0 0 0 0 0 0 0 15 15 15 15 8 8 0 0 0 0 0 0 0 0 15 15 15 15 5 5 0 0 0 0 0 0 0 0 15 15 15 15 5 5 0 0 0 0 0 0 0 0 15 15 15 15 8 8 0 0 0 0 0 0 0 0
76 900 100 900 0 100 0 1000 15 15 15 15 5 5 0 0 0 0 0 0 0 0 15 15 15 15 8 8 0 0 0 0 0 0 0 0 15 15 15 15 8 8 0 0 0 0 0 0 0 0 15 15 15 15 5 5 0 0 0 0 0 0 0 0 15 15 15 15 5 5 0 0 0 0 0 0 0 0 15 15 15 15 8 8 0 0 0 0 0 0 0 0
77 900 100 900 0 100 0 1000 15 15 15 15 5 5 2907 4 2907 4 0 0 0 0 15 15 15 15 8 8 2907 4 2907 4 0 0 0 0 15 15 15 15 8 8 2907 4 2907 4 0 0 0 0 15 15 15 15 5 5 2907 4 2907 4 0 0 0 0 15 15 15 15 5 5 2907 4 2907 4 0 0 0 0 15 15 15 15 8 8 2907 4 2907 4 0 0 0 0
78 900 100 900 0 100 0 1000 15 15 15 15 5 5 2466 9 0 0 290 1 2176 8 15 15 15 15 8 8 2466 9 0 0 290 1 2176 8 15 15 15 15 8 8 2466 9 0 0 290 1 2176 8 15 15 15 15 5 5 2466 9 0 0 290 1 2176 8 15 15 15 15 5 5 2466 9 0 0 290 1 2176 8 15 15 15 15 8 8 2466 9 0 0 290 1 2176 8
79 900 100 900 0 100 0 1000 15 15 15 15 5 5 0 0 0 0 0 0 0 0 15 15 15 15 9 9 0 0 0 0 0 0 0 0 15 15 15 15 9 9 0 0 0 0 0 0 0 0 15 15 15 15 5 5 0 0 0 0 0 0 0 0 15 15 15 15 5 5 0 0 0 0 0 0 0 0 15 15 15 15 9 9 0 0 0 0 0 0 0 0
80 900 100 900 0 100 0 1000 15 15 15 15 5 5 0 0 0 0 0 0 0 0 15 15 15 15 9 9 0 0 0 0 0 0 0 0 15 15 15 15 9 9 0 0 0 0 0 0 0 0 15 15 15 15 5 5 0 0 0 0 0 0 0 0 15 15 15 15 5 5 0 0 0 0 0 0 0 0 15 15 15 15 9 9 0 0 0 0 0 0 0 0
81 900 100 900 0 100 0 1000 15 15 15 15 5 5 1390 2 1390 2 0 0 0 0 15 15 15 15 9 9 1390 2 1390 2 0 0 0 0 15 15 15 15 9 9 1390 2 1390 2 0 0 0 0 15 15 15 15 5 5 1390 2 1390 2 0 0 0 0 15 15 15 15 5 5 1390 2 1390 2 0 0 0 0 15 15 15 15 9 9 1390 2 1390 2 0 0 0 0
82 900 100 900 0 100 0 1000 15 15 15 15 5 5 2195 8 0 0 291 1 1904 7 15 15 15 15 9 9 2195 8 0 0 291 1 1904 7 15 15 15 15 9 9 2195 8 0 0 291 1 1904 7 15 15 15 15 5 5 2195 8 0 0 291 1 1904 7 15 15 15 15 5 5 2195 8 0 0 291 1 1904 7 15 15 15 15 9 9 2195 8 0 0 291 1 1904 7
83 900 100 900 0 100 0 1000 15 15 15 15 5 5 0 0 0 0 0 0 0 0 15 15 15 15 10 10 0 0 0 0 0 0 0 0 15 15 15 15 10 10 0 0 0 0 0 0 0 0 15 15 15 15 5 5 0 0 0 0 0 0 0 0 15 15 15 15 5 5 0 0 0 0 0 0 0 0 15 15 15 15 10 10 0 0 0 0 0 0 0 0
84 900 100 900 0 100 0 1000 15 15 15 15 5 5 0 0 0 0 0 0 0 0 15 15 15 15 10 10 0 0 0 0 0 0 0 0 15 15 15 15 10 10 0 0 0 0 0 0 0 0 15 15 15 15 5 5 0 0 0 0 0 0 0 0 15 15 15 15 5 5 0 0 0 0 0 0 0 0 15 15 15 15 10 10 0 0 0 0 0 0 0 0
85 900 100 900 0 100 0 1000 15 15 15 15 5 5 2652 4 2652 4 0 0 0 0 15 15 15 15 10 10 2652 4 2652 4 0 0 0 0 15 15 15 15 10 10 2652 4 2652 4 0 0 0 0 15 15 15 15 5 5 2652 4 2652 4 0 0 0 0 15 15 15 15 5 5 2652 4 2652 4 0 0 0 0 15 15 15 15 10 10 2652 4 2652 4 0 0 0 0
86 900 100 900 0 100 0 1000 15 15 15 15 5 5 1923 7 0 0 291 1 1632 6 15 15 15 15 10 10 1923 7 0 0 291 1 1632 6 15 15 15 15 10 10 1923 7 0 0 291 1 1632 6 15 15 15 15 5 5 1923 7 0 0 291 1 1632 6 15 15 15 15 5 5 1923 7 0 0 291 1 1632 6 15 15 15 15 10 10 1923 7 0 0 291 1 1632 6
87 900 100 900 0 100 0 1000 15 15 15 15 5 5 0 0 0 0 0 0 0 0 15 15 15 15 11 11 0 0 0 0 0 0 0 0 15 15 15 15 11 11 0 0 0 0 0 0 0 0 15 15 15 15 5 5 0 0 0 0 0 0 0 0 15 15 15 15 5 5 0 0 0 0 0 0 0 0 15 15 15 15 11 11 0 0 0 0 0 0 0 0
88 900 100 900 0 100 0 1000 15 15 15 15 5 5 0 0 0 0 0 0 0 0 15 15 15 15 11 11 0 0 0 0 0 0 0 0 15 15 15 15 11 11 0 0 0 0 0 0 0 0 15 15 15 15 5 5 0 0 0 0 0 0 0 0 15 15 15 15 5 5 0 0 0 0 0 0 0 0 15 15 15 15 11 11 0 0 0 0 0 0 0 0
89 900 100 900 0 100 0 1000 15 15 15 15 5 5 631 1 631 1 0 0 0 0 15 15 15 15 11 11 631 1 631 1 0 0 0 0 15 15 15 15 11 11 631 1 631 1 0 0 0 0 15 15 15 15 5 5 631 1 631 1 0 0 0 0 15 15 15 15 5 5 631 1 631 1 0 0 0 0 15 15 15 15 11 11 631 1 631 1 0 0 0 0
90 900 100 900 0 100 0 1000 15 15 15 15 5 5 3827 14 0 0 291 1 3536 13 15 15 15 15 11 11 3827 14 0 0 291 1 3536 13 15 15 15 15 11 11 3827 14 0 0 291 1 3536 13 15 15 15 15 5 5 3827 14 0 0 291 1 3536 13 15 15 15 15 5 5 3827 14 0 0 291 1 3536 13 15 15 15 15 11 11 3827 14 0 0 291 1 3536 13
91 900 100 900 0 100 0 1000 15 15 15 15 5 5 0 0 0 0 0 0 0 0 15 15 15 15 12 12 0 0 0 0 0 0 0 0 15 15 15 15 12 12 0 0 0 0 0 0 0 0 15 15 15 15 5 5 0 0 0 0 0 0 0 0 15 15 15 15 5 5 0 0 0 0 0 0 0 0 15 15 15 15 12 12 0 0 0 0 0 0 0 0
92 900 100 900 0 100 0 1000 15 15 15 15 5 5 0 0 0 0 0 0 0 0 15 15 15 15 12 12 0 0 0 0 0 0 0 0 15 15 15 15 12 12 0 0 0 0 0 0 0 0 15 15 15 15 5 5 0 0 0 0 0 0 0 0 15 15 15 15 5 5 0 0 0 0 0 0 0 0 15 15 15 15 12 12 0 0 0 0 0 0 0 0
93 900 100 900 0 100 0 1000 15 15 15 15 5 5 3420 4 3420 4 0 0 0 0 15 15 15 15 12 12 3420 4 3420 4 0 0 0 0 15 15 15 15 12 12 3420 4 3420 4 0 0 0 0 15 15 15 15 5 5 3420 4 3420 4 0 0 0 0 15 15 15 15 5 5 3420 4 3420 4 0 0 0 0 15 15 15 15 12 12 3420 4 3420 4 0 0 0 0
94 900 100 900 0 100 0 1000 15 15 15 15 5 5 4915 18 0 0 291 1 4624 17 15 15 15 15 12 12 4915 18 0 0 291 1 4624 17 15 15 15 15 12 12 4915 18 0 0 291 1 4624 17 15 15 15 15 5 5 4915 18 0 0 291 1 4624 17 15 15 15 15 5 5 4915 18 0 0 291 1 4624 17 15 15 15 15 12 12 4915 18 0 0 291 1 4624 17
95 900 100 900 0 100 0 1000 15 15 15 15 5 5 0 0 0 0 0 0 0 0 15 15 15 15 13 13 0 0 0 0 0 0 0 0 15 15 15 15 13 13 0 0 0 0 0 0 0 0 15 15 15 15 5 5 0 0 0 0 0 0 0 0 15 15 15 15 5 5 0 0 0 0 0 0 0 0 15 15 15 15 13 13 0 0 0 0 0 0 0 0
96 900 100 900 0 100 0 1000 15 15 15 15 5 5 0 0 0 0 0 0 0 0 15 15 15 15 13 13 0 0 0 0 0 0 0 0 15 15 15 15 13 13 0 0 0 0 0 0 0 0 15 15 15 15 5 5 0 0 0 0 0 0 0 0 15 15 15 15 5 5 0 0 0 0 0 0 0 0 15 15 15 15 13 13 0 0 0 0 0 0 0 0
97 900 100 900 0 100 0 1000 15 15 15 15 5 5 983 1 983 1 0 0 0 0 15 15 15 15 13 13 983 1 983 1 0 0 0 0 15 15 15 15 13 13 983 1 983 1 0 0 0 0 15 15 15 15 5 5 983 1 983 1 0 0 0 0 15 15 15 15 5 5 983 1 983 1 0 0 0 0 15 15 15 15 13 13 983 1 983 1 0 0 0 0
98 900 100 900 0 100 0 1000 15 15 15 15 5 5 4643 17 0 0 291 1 4352 16 15 15 15 15 13 13 4643 17 0 0 291 1 4352 16 15 15 15 15 13 13 4643 17 0 0 291 1 4352 16 15 15 15 15 5 5 4643 17 0 0 291 1 4352 16 15 15 15 15 5 5 4643 17 0 0 291 1 4352 16 15 15 15 15 13 13 4643 17 0 0 291 1 4352 16
99 900 100 900 0 100 0 1000 15 15 15 15 5 5 0 0 0 0 0 0 0 0 15 15 15 15 14 14 0 0 0 0 0 0 0 0 15 15 15 15 14 14 0 0 0 0 0 0 0 0 15 15 15 15 5 5 0 0 0 0 0 0 0 0 15 15 15 15 5 5 0 0 0 0 0 0 0 0 15 15 15 15 14 14 0 0 0 0 0 0 0 0
100 900 100 900 0 100 0 1000 15 15 15 15 5 5 0 0 0 0 0 0 0 0 15 15 15 15 14 14 0 0 0 0 0 0 0 0 15 15 15 15 14 14 0 0 0 0 0 0 0 0 15 15 15 15 5 5 0 0 0 0 0 0 0 0 15 15 15 15 5 5 0 0 0 0 0 0 0 0 15 15 15 15 14 14 0 0 0 0 0 0 0 0
101 900 100 900 0 100 0 1000 15 15 15 15 5 5 7606 8 7606 8 0 0 0 0 15 15 15 15 14 14 7606 8 7606 8 0 0 0 0 15 15 15 15 14 14 7606 8 7606 8 0 0 0 0 15 15 15 15 5 5 7606 8 7606 8 0 0 0 0 15 15 15 15 5 5 7606 8 7606 8 0 0 0 0 15 15 15 15 14 14 7606 8 7606 8 0 0 0 0
102 900 100 900 0 100 0 1000 15 15 15 15 5 5 3011 11 0 0 291 1 2720 10 15 15 15 15 14 14 3011 11 0 0 291 1 2720 10 15 15 15 15 14 14 3011 11 0 0 291 1 2720 10 15 15 15 15 5 5 3011 11 0 0 291 1 2720 10 15 15 15 15 5 5 3011 11 0 0 291 1 2720 10 15 15 15 15 14 14 3011 11 0 0 291 1 2720 10
103 900 100 900 0 100 0 1000 15 15 15 15 5 5 0 0 0 0 0 0 0 0 15 15 15 15 15 15 0 0 0 0 0 0 0 0 15 15 15 15 15 15 0 0 0 0 0 0 0 0 15 15 15 15 5 5 0 0 0 0 0 0 0 0 15 15 15 15 5 5 0 0 0 0 0 0 0 0 15 15 15 15 15 15 0 0 0 0 0 0 0 0
104 900 100 900 0 100 0 1000 15 15 15 15 5 5 0 0 0 0 0 0 0 0 15 15 15 15 15 15 0 0 0 0 0 0 0 0 15 15 15 15 15 15 0 0 0 0 0 0 0 0 15 15 15 15 5 5 0 0 0 0 0 0 0 0 15 15 15 15 5 5 0 0 0 0 0 0 0 0 15 15 15 15 15 15 0 0 0 0 0 0 0 0
105 900 100 900 0 100 0 1000 15 15 15 15 5 5 3795 5 3795 5 0 0 0 0 15 15 15 15 15 15 3795 5 3795 5 0 0 0 0 15 15 15 15 15 15 3795 5 3795 5 0 0 0 0 15 15 15 15 5 5 3795 5 3795 5 0 0 0 0 15 15 15 15 5 5 3795 5 3795 5 0 0 0 0 15 15 15 15 15 15 3795 5 3795 5 0 0 0 0
106 900 100 900 0 100 0 1000 15 15 15 15 5 5 2195 8 0 0 291 1 1904 7 15 15 15 15 15 15 2195 8 0 0 291 1 1904 7 15 15 15 15 15 15 2195 8 0 0 291 1 1904 7 15 15 15 15 5 5 2195 8 0 0 291 1 1904 7 15 15 15 15 5 5 2195 8 0 0 291 1 1904 7 15 15 15 15 15 15 2195 8 0 0 291 1 1904 7
107 900 100 900 0 100 0 1000 15 15 15 15 5 5 0 0 0 0 0 0 0 0 16 16 15 15 16 16 0 0 0 0 0 0 0 0 16 16 15 15 16 16 0 0 0 0 0 0 0 0 15 15 15 15 5 5 0 0 0 0 0 0 0 0 15 15 15 15 5 5 0 0 0 0 0 0 0 0 16 16 15 15 16 16 0 0 0 0 0 0 0 0
108 900 100 900 0 100 0 1000 15 15 15 15 5 5 0 0 0 0 0 0 0 0 16 16 15 15 16 16 0 0 0 0 0 0 0 0 16 16 15 15 16 16 0 0 0 0 0 0 0 0 15 15 15 15 5 5 0 0 0 0 0 0 0 0 15 15 15 15 5 5 0 0 0 0 0 0 0 0 16 16 15 15 16 16 0 0 0 0 0 0 0 0
109 900 100 900 0 100 0 1000 15 15 15 15 5 5 5303 8 5303 8 0 0 0 0 16 16 15 15 16 16 5303 8 5303 8 0 0 0 0 16 16 15 15 16 16 5303 8 5303 8 0 0 0 0 15 15 15 15 5 5 5303 8 5303 8 0 0 0 0 15 15 15 15 5 5 5303 8 5303 8 0 0 0 0 16 16 15 15 16 16 5303 8 5303 8 0 0 0 0
110 900 100 900 0 100 0 1000 15 15 15 15 5 5 1651 6 0 0 291 1 1360 5 16 16 15 15 16 16 1651 6 0 0 291 1 1360 5 16 16 15 15 16 16 1651 6 0 0 291 1 1360 5 15 15 15 15 5 5 1651 6 0 0 291 1 1360 5 15 15 15 15 5 5 1651 6 0 0 291 1 1360 5 16 16 15 15 16 16 1651 6 0 0 291 1 1360 5
111 900 100 900 0 100 0 1000 15 15 15 15 5 5 0 0 0 0 0 0 0 0 17 17 15 15 17 17 0 0 0 0 0 0 0 0 17 17 15 15 17 17 0 0 0 0 0 0 0 0 15 15 15 15 5 5 0 0 0 0 0 0 0 0 15 15 15 15 5 5 0 0 0 0 0 0 0 0 17 17 15 15 17 17 0 0 0 0 0 0 0 0
112 900 100 900 0 100 0 1000 15 15 15 15 5 5 0 0 0 0 0 0 0 0 17 17 15 15 17 17 0 0 0 0 0 0 0 0 17 17 15 15 17 17 0 0 0 0 0 0 0 0 15 15 15 15 5 5 0 0 0 0 0 0 0 0 15 15 15 15 5 5 0 0 0 0 0 0 0 0 17 17 15 15 17 17 0 0 0 0 0 0 0 0
113 900 100 900 0 100 0 1000 15 15 15 15 5 5 1797 3 1797 3 0 0 0 0 17 17 15 15 17 17 1797 3 1797 3 0 0 0 0 17 17 15 15 17 17 1797 3 1797 3 0 0 0 0 15 15 15 15 5 5 1797 3 1797 3 0 0 0 0 15 15 15 15 5 5 1797 3 1797 3 0 0 0 0 17 17 15 15 17 17 1797 3 1797 3 0 0 0 0
114 900 100 900 0 100 0 1000 15 15 15 15 5 5 3011 11 0 0 291 1 2720 10 17 17 15 15 17 17 3011 11 0 0 291 1 2720 10 17 17 15 15 17 17 3011 11 0 0 291 1 2720 10 15 15 15 15 5 5 3011 11 0 0 291 1 2720 10 15 15 15 15 5 5 3011 11 0 0 291 1 2720 10 17 17 15 15 17 17 3011 11 0 0 291 1 2720 10
115 900 100 900 0 100 0 1000 15 15 15 15 5 5 0 0 0 0 0 0 0 0 18 18 15 15 18 18 0 0 0 0 0 0 0 0 18 18 15 15 18 18 0 0 0 0 0 0 0 0 15 15 15 15 5 5 0 0 0 0 0 0 0 0 15 15 15 15 5 5 0 0 0 0 0 0 0 0 18 18 15 15 18 18 0 0 0 0 0 0 0 0
116 900 100 900 0 100 0 1000 15 15 15 15 5 5 0 0 0 0 0 0 0 0 18 18 15 15 18 18 0 0 0 0 0 0 0 0 18 18 15 15 18 18 0 0 0 0 0 0 0 0 15 15 15 15 5 5 0 0 0 0 0 0 0 0 15 15 15 15 5 5 0 0 0 0 0 0 0 0 18 18 15 15 18 18 0 0 0 0 0 0 0 0
117 900 100 900 0 100 0 1000 15 15 15 15 5 5 5313 7 5313 7 0 0 0 0 18 18 15 15 18 18 5313 7 5313 7 0 0 0 0 18 18 15 15 18 18 5313 7 5313 7 0 0 0 0 15 15 15 15 5 5 5313 7 5313 7 0 0 0 0 15 15 15 15 5 5 5313 7 5313 7 0 0 0 0 18 18 15 15 18 18 5313 7 5313 7 0 0 0 0
118 900 100 900 0 100 0 1000 15 15 15 15 5 5 3555 13 0 0 291 1 3264 12 18 18 15 15 18 18 3555 13 0 0 291 1 3264 12 18 18 15 15 18 18 3555 13 0 0 291 1 3264 12 15 15 15 15 5 5 3555 13 0 0 291 1 3264 12 15 15 15 15 5 5 3555 13 0 0 291 1 3264 12 18 18 15 15 18 18 3555 13 0 0 291 1 3264 12
119 900 100 900 0 100 0 1000 15 15 15 15 5 5 0 0 0 0 0 0 0 0 19 19 15 15 19 19 0 0 0 0 0 0 0 0 19 19 15 15 19 19 0 0 0 0 0 0 0 0 15 15 15 15 5 5 0 0 0 0 0 0 0 0 15 15 15 15 5 5 0 0 0 0 0 0 0 0 19 19 15 15 19 19 0 0 0 0 0 0 0 0
120 900 100 900 0 100 0 1000 15 15 15 15 5 5 0 0 0 0 0 0 0 0 19 19 15 15 19 19 0 0 0 0 0 0 0 0 19 19 15 15 19 19 0 0 0 0 0 0 0 0 15 15 15 15 5 5 0 0 0 0 0 0 0 0 15 15 15 15 5 5 0 0 0 0 0 0 0 0 19 19 15 15 19 19 0 0 0 0 0 0 0 0
121 900 100 900 0 100 0 1000 15 15 15 15 5 5 4936 6 4936 6 0 0 0 0 19 19 15 15 19 19 4936 6 4936 6 0 0 0 0 19 19 15 15 19 19 4936 6 4936 6 0 0 0 0 15 15 15 15 5 5 4936 6 4936 6 0 0 0 0 15 15 15 15 5 5 4936 6 4936 6 0 0 0 0 19 19 15 15 19 19 4936 6 4936 6 0 0 0 0
122 900 100 900 0 100 0 1000 15 15 15 15 5 5 3555 13 0 0 291 1 3264 12 19 19 15 15 19 19 3555 13 0 0 291 1 3264 12 19 19 15 15 19 19 3555 13 0 0 291 1 3264 12 15 15 15 15 5 5 3555 13 0 0 291 1 3264 12 15 15 15 15 5 5 3555 13 0 0 291 1 3264 12 19 19 15 15 19 19 3555 13 0 0 291 1 3264 12
123 900 100 900 0 100 0 1000 15 15 15 15 5 5 0 0 0 0 0 0 0 0 20 20 15 15 20 20 0 0 0 0 0 0 0 0 20 20 15 15 20 20 0 0 0 0 0 0 0 0 15 15 15 15 5 5 0 0 0 0 0 0 0 0 15 15 15 15 5 5 0 0 0 0 0 0 0 0 20 20 15 15 20 20 0 0 0 0 0 0 0 0
124 900 100 900 0 100 0 1000 15 15 15 15 5 5 0 0 0 0 0 0 0 0 20 20 15 15 20 20 0 0 0 0 0 0 0 0 20 20 15 15 20 20 0 0 0 0 0 0 0 0 15 15 15 15 5 5 0 0 0 0 0 0 0 0 15 15 15 15 5 5 0 0 0 0 0 0 0 0 20 20 15 15 20 20 0 0 0 0 0 0 0 0
125 900 100 900 0 100 0 1000 15 15 15 15 5 5 2469 3 2469 3 0 0 0 0 20 20 15 15 20 20 2469 3 2469 3 0 0 0 0 20 20 15 15 20 20 2469 3 2469 3 0 0 0 0 15 15 15 15 5 5 2469 3 2469 3 0 0 0 0 15 15 15 15 5 5 2469 3 2469 3 0 0 0 0 20 20 15 15 20 20 2469 3 2469 3 0 0 0 0
126 0 1000 0 900 100 0 1000 15 15 15 15 5 5 3827 14 0 0 291 1 3536 13 20 20 15 15 20 20 3827 14 0 0 291 1 3536 13 20 20 15 15 20 20 3827 14 0 0 291 1 3536 13 15 15 15 15 5 5 3827 14 0 0 291 1 3536 13 15 15 15 15 5 5 3827 14 0 0 291 1 3536 13 20 20 15 15 20 20 3827 14 0 0 291 1 3536 13
127 0 1000 0 0 1000 0 1000 21 21 15 15 21 21 0 0 0 0 0 0 0 0 21 21 15 15 21 21 0 0 0 0 0 0 0 0 21 21 15 15 21 21 0 0 0 0 0 0 0 0 21 21 15 15 21 21 0 0 0 0 0 0 0 0 21 21 15 15 21 21 0 0 0 0 0 0 0 0 21 21 15 15 21 21 0 0 0 0 0 0 0 0
128 0 1000 0 0 1000 0 1000 21 21 15 15 21 21 0 0 0 0 0 0 0 0 21 21 15 15 21 21 0 0 0 0 0 0 0 0 21 21 15 15 21 21 0 0 0 0 0 0 0 0 21 21 15 15 21 21 0 0 0 0 0 0 0 0 21 21 15 15 21 21 0 0 0 0 0 0 0 0 21 21 15 15 21 21 0 0 0 0 0 0 0 0
129 0 1000 0 0 1000 0 1000 21 21 15 15 21 21 47016 55 47016 55 0 0 0 0 21 21 15 15 21 21 47016 55 47016 55 0 0 0 0 21 21 15 15 21 21 47016 55 47016 55 0 0 0 0 21 21 15 15 21 21 47016 55 47016 55 0 0 0 0 21 21 15 15 21 21 47016 55 47016 55 0 0 0 0 21 21 15 15 21 21 47016 55 47016 55 0 0 0 0
130 0 1000 0 0 1000 0 1000 32 32 32 32 21 21 28035 103 0 0 291 1 27744 102 32 32 32 32 21 21 28035 103 0 0 291 1 27744 102 32 32 32 32 21 21 28035 103 0 0 291 1 27744 102 32 32 32 32 21 21 28035 103 0 0 291 1 27744 102 32 32 32 32 21 21 28035 103 0 0 291 1 27744 102 32 32 32 32 21 21 28035 103 0 0 291 1 27744 102
131 0 1000 0 0 1000 0 1000 32 32 32 32 22 22 0 0 0 0 0 0 0 0 32 32 32 32 22 22 0 0 0 0 0 0 0 0 32 32 32 32 22 22 0 0 0 0 0 0 0 0 32 32 32 32 22 22 0 0 0 0 0 0 0 0 32 32 32 32 22 22 0 0 0 0 0 0 0 0 32 32 32 32 22 22 0 0 0 0 0 0 0 0
132 0 1000 0 0 1000 0 1000 32 32 32 32 22 22 0 0 0 0 0 0 0 0 32 32 32 32 22 22 0 0 0 0 0 0 0 0 32 32 32 32 22 22 0 0 0 0 0 0 0 0 32 32 32 32 22 22 0 0 0 0 0 0 0 0 32 32 32 32 22 22 0 0 0 0 0 0 0 0 32 32 32 32 22 22 0 0 0 0 0 0 0 0
133 0 1000 0 0 1000 0 1000 32 32 32 32 22 22 192550 52 192550 52 0 0 0 0 32 32 32 32 22 22 192550 52 192550 52 0 0 0 0 32 32 32 32 22 22 192550 52 192550 52 0 0 0 0 32 32 32 32 22 22 192550 52 192550 52 0 0 0 0 32 32 32 32 22 22 192550 52 192550 52 0 0 0 0 32 32 32 32 22 22 192550 52 192550 52 0 0 0 0
134 0 1000 0 0 1000 0 1000 33 33 33 33 22 22 26675 98 0 0 291 1 26384 97 33 33 33 33 22 22 26675 98 0 0 291 1 26384 97 33 33 33 33 22 22 26675 98 0 0 291 1 26384 97 33 33 33 33 22 22 26675 98 0 0 291 1 26384 97 33 33 33 33 22 22 26675 98 0 0 291 1 26384 97 33 33 33 33 22 22 26675 98 0 0 291 1 26384 97
135 0 1000 0 0 1000 0 1000 33 33 33 33 23 23 0 0 0 0 0 0 0 0 33 33 33 33 23 23 0 0 0 0 0 0 0 0 33 33 33 33 23 23 0 0 0 0 0 0 0 0 33 33 33 33 23 23 0 0 0 0 0 0 0 0 33 33 33 33 23 23 0 0 0 0 0 0 0 0 33 33 33 33 23 23 0 0 0 0 0 0 0 0
136 0 1000 0 0 1000 0 1000 33 33 33 33 23 23 0 0 0 0 0 0 0 0 33 33 33 33 23 23 0 0 0 0 0 0 0 0 33 33 33 33 23 23 0 0 0 0 0 0 0 0 33 33 33 33 23 23 0 0 0 0 0 0 0 0 33 33 33 33 23 23 0 0 0 0 0 0 0 0 33 33 33 33 23 23 0 0 0 0 0 0 0 0
137 0 1000 0 0 1000 0 1000 33 33 33 33 23 23 194860 55 194860 55 0 0 0 0 33 33 33 33 23 23 194860 55 194860 55 0 0 0 0 33 33 33 33 23 23 194860 55 194860 55 0 0 0 0 33 33 33 33 23 23 194860 55 194860 55 0 0 0 0 33 33 33 33 23 23 194860 55 194860 55 0 0 0 0 33 33 33 33 23 23 194860 55 194860 55 0 0 0 0
138 0 1000 0 0 1000 0 1000 34 34 34 34 23 23 30755 113 0 0 291 1 30464 112 34 34 34 34 23 23 30755 113 0 0 291 1 30464 112 34 34 34 34 23 23 30755 113 0 0 291 1 30464 112 34 34 34 34 23 23 30755 113 0 0 291 1 30464 112 34 34 34 34 23 23 30755 113 0 0 291 1 30464 112 34 34 34 34 23 23 30755 113 0 0 291 1 30464 112
139 0 1000 0 0 1000 0 1000 34 34 34 34 24 24 0 0 0 0 0 0 0 0 34 34 34 34 24 24 0 0 0 0 0 0 0 0 34 34 34 34 24 24 0 0 0 0 0 0 0 0 34 34 34 34 24 24 0 0 0 0 0 0 0 0 34 34 34 34 24 24 0 0 0 0 0 0 0 0 34 34 34 34 24 24 0 0 0 0 0 0 0 0
140 0 1000 0 0 1000 0 1000 34 34 34 34 24 24 0 0 0 0 0 0 0 0 34 34 34 34 24 24 0 0 0 0 0 0 0 0 34 34 34 34 24 24 0 0 0 0 0 0 0 0 34 34 34 34 24 24 0 0 0 0 0 0 0 0 34 34 34 34 24 24 0 0 0 0 0 0 0 0 34 34 34 34 24 24 0 0 0 0 0 0 0 0
141 0 1000 0 0 1000 0 1000 34 34 34 34 24 24 213217 53 213217 53 0 0 0 0 34 34 34 34 24 24 213217 53 213217 53 0 0 0 0 34 34 34 34 24 24 213217 53 213217 53 0 0 0 0 34 34 34 34 24 24 213217 53 213217 53 0 0 0 0 34 34 34 34 24 24 213217 53 213217 53 0 0 0 0 34 34 34 34 24 24 213217 53 213217 53 0 0 0 0
142 0 1000 0 0 1000 0 1000 35 35 35 35 24 24 25042 92 0 0 290 1 24752 91 35 35 35 35 24 24 25042 92 0 0 290 1 24752 91 35 35 35 35 24 24 25042 92 0 0 290 1 24752 91 35 35 35 35 24 24 25042 92 0 0 290 1 24752 91 35 35 35 35 24 24 25042 92 0 0 290 1 24752 91 35 35 35 35 24 24 25042 92 0 0 290 1 24752 91
143 0 1000 0 0 1000 0 1000 35 35 35 35 25 25 0 0 0 0 0 0 0 0 35 35 35 35 25 25 0 0 0 0 0 0 0 0 35 35 35 35 25 25 0 0 0 0 0 0 0 0 35 35 35 35 25 25 0 0 0 0 0 0 0 0 35 35 35 35 25 25 0 0 0 0 0 0 0 0 35 35 35 35 25 25 0 0 0 0 0 0 0 0
144 0 1000 0 0 1000 0 1000 35 35 35 35 25 25 0 0 0 0 0 0 0 0 35 35 35 35 25 25 0 0 0 0 0 0 0 0 35 35 35 35 25 25 0 0 0 0 0 0 0 0 35 35 35 35 25 25 0 0 0 0 0 0 0 0 35 35 35 35 25 25 0 0 0 0 0 0 0 0 35 35 35 35 25 25 0 0 0 0 0 0 0 0
145 0 1000 0 0 1000 0 1000 35 35 35 35 25 25 144089 43 144089 43 0 0 0 0 35 35 35 35 25 25 144089 43 144089 43 0 0 0 0 35 35 35 35 25 25 144089 43 144089 43 0 0 0 0 35 35 35 35 25 25 144089 43 144089 43 0 0 0 0 35 35 35 35 25 25 144089 43 144089 43 0 0 0 0 35 35 35 35 25 25 144089 43 144089 43 0 0 0 0
146 0 1000 0 0 1000 0 1000 36 36 36 36 25 25 26131 96 0 0 291 1 25840 95 36 36 36 36 25 25 26131 96 0 0 291 1 25840 95 36 36 36 36 25 25 26131 96 0 0 291 1 25840 95 36 36 36 36 25 25 26131 96 0 0 291 1 25840 95 36 36 36 36 25 25 26131 96 0 0 291 1 25840 95 36 36 36 36 25 25 26131 96 0 0 291 1 25840 95
147 0 1000 0 0 1000 0 1000 36 36 36 36 26 26 0 0 0 0 0 0 0 0 36 36 36 36 26 26 0 0 0 0 0 0 0 0 36 36 36 36 26 26 0 0 0 0 0 0 0 0 36 36 36 36 26 26 0 0 0 0 0 0 0 0 36 36 36 36 26 26 0 0 0 0 0 0 0 0 36 36 36 36 26 26 0 0 0 0 0 0 0 0
148 0 1000 0 0 1000 0 1000 36 36 36 36 26 26 0 0 0 0 0 0 0 0 36 36 36 36 26 26 0 0 0 0 0 0 0 0 36 36 36 36 26 26 0 0 0 0 0 0 0 0 36 36 36 36 26 26 0 0 0 0 0 0 0 0 36 36 36 36 26 26 0 0 0 0 0 0 0 0 36 36 36 36 26 26 0 0 0 0 0 0 0 0
149 0 1000 0 0 1000 0 1000 36 36 36 36 26 26 191342 55 191342 55 0 0 0 0 36 36 36 36 26 26 191342 55 191342 55 0 0 0 0 36 36 36 36 26 26 191342 55 191342 55 0 0 0 0 36 36 36 36 26 26 191342 55 191342 55 0 0 0 0 36 36 36 36 26 26 191342 55 191342 55 0 0 0 0 36 36 36 36 26 26 191342 55 191342 55 0 0 0 0
150 0 1000 0 0 1000 0 1000 37 37 37 37 26 26 32659 120 0 0 291 1 32368 119 37 37 37 37 26 26 32659 120 0 0 291 1 32368 119 37 37 37 37 26 26 32659 120 0 0 291 1 32368 119 37 37 37 37 26 26 32659 120 0 0 291 1 32368 119 37 37 37 37 26 26 32659 120 0 0 291 1 32368 119 37 37 37 37 26 26 32659 120 0 0 291 1 32368 119
151 0 1000 0 0 1000 0 1000 37 37 37 37 27 27 0 0 0 0 0 0 0 0 37 37 37 37 27 27 0 0 0 0 0 0 0 0 37 37 37 37 27 27 0 0 0 0 0 0 0 0 37 37 37 37 27 27 0 0 0 0 0 0 0 0 37 37 37 37 27 27 0 0 0 0 0 0 0 0 37 37 37 37 27 27 0 0 0 0 0 0 0 0
152 0 1000 0 0 1000 0 1000 37 37 37 37 27 27 0 0 0 0 0 0 0 0 37 37 37 37 27 27 0 0 0 0 0 0 0 0 37 37 37 37 27 27 0 0 0 0 0 0 0 0 37 37 37 37 27 27 0 0 0 0 0 0 0 0 37 37 37 37 27 27 0 0 0 0 0 0 0 0 37 37 37 37 27 27 0 0 0 0 0 0 0 0
153 0 1000 0 0 1000 0 1000 37 37 37 37 27 27 220837 52 220837 52 0 0 0 0 37 37 37 37 27 27 220837 52 220837 52 0 0 0 0 37 37 37 37 27 27 220837 52 220837 52 0 0 0 0 37 37 37 37 27 27 220837 52 220837 52 0 0 0 0 37 37 37 37 27 27 220837 52 220837 52 0 0 0 0 37 37 37 37 27 27 220837 52 220837 52 0 0 0 0
154 0 1000 0 0 1000 0 1000 38 38 38 38 27 27 22323 82 0 0 291 1 22032 81 38 38 38 38 27 27 22323 82 0 0 291 1 22032 81 38 38 38 38 27 27 22323 82 0 0 291 1 22032 81 38 38 38 38 27 27 22323 82 0 0 291 1 22032 81 38 38 38 38 27 27 22323 82 0 0 291 1 22032 81 38 38 38 38 27 27 22323 82 0 0 291 1 22032 81
155 0 1000 0 0 1000 0 1000 38 38 38 38 28 28 0 0 0 0 0 0 0 0 38 38 38 38 28 28 0 0 0 0 0 0 0 0 38 38 38 38 28 28 0 0 0 0 0 0 0 0 38 38 38 38 28 28 0 0 0 0 0 0 0 0 38 38 38 38 28 28 0 0 0 0 0 0 0 0 38 38 38 38 28 28 0 0 0 0 0 0 0 0
156 0 1000 0 0 1000 0 1000 38 38 38 38 28 28 0 0 0 0 0 0 0 0 38 38 38 38 28 28 0 0 0 0 0 0 0 0 38 38 38 38 28 28 0 0 0 0 0 0 0 0 38 38 38 38 28 28 0 0 0 0 0 0 0 0 38 38 38 38 28 28 0 0 0 0 0 0 0 0 38 38 38 38 28 28 0 0 0 0 0 0 0 0
157 0 1000 0 0 1000 0 1000 38 38 38 38 28 28 157604 52 157604 52 0 0 0 0 38 38 38 38 28 28 157604 52 157604 52 0 0 0 0 38 38 38 38 28 28 157604 52 157604 52 0 0 0 0 38 38 38 38 28 28 157604 52 157604 52 0 0 0 0 38 38 38 38 28 28 157604 52 157604 52 0 0 0 0 38 38 38 38 28 28 157604 52 157604 52 0 0 0 0
158 0 1000 0 0 1000 0 1000 39 39 39 39 28 28 24499 90 0 0 291 1 24208 89 39 39 39 39 28 28 24499 90 0 0 291 1 24208 89 39 39 39 39 28 28 24499 90 0 0 291 1 24208 89 39 39 39 39 28 28 24499 90 0 0 291 1 24208 89 39 39 39 39 28 28 24499 90 0 0 291 1 24208 89 39 39 39 39 28 28 24499 90 0 0 291 1 24208 89
159 0 1000 0 0 1000 0 1000 39 39 39 39 29 29 0 0 0 0 0 0 0 0 39 39 39 39 29 29 0 0 0 0 0 0 0 0 39 39 39 39 29 29 0 0 0 0 0 0 0 0 39 39 39 39 29 29 0 0 0 0 0 0 0 0 39 39 39 39 29 29 0 0 0 0 0 0 0 0 39 39 39 39 29 29 0 0 0 0 0 0 0 0
160 0 1000 0 0 1000 0 1000 39 39 39 39 29 29 0 0 0 0 0 0 0 0 39 39 39 39 29 29 0 0 0 0 0 0 0 0 39 39 39 39 29 29 0 0 0 0 0 0 0 0 39 39 39 39 29 29 0 0 0 0 0 0 0 0 39 39 39 39 29 29 0 0 0 0 0 0 0 0 39 39 39 39 29 29 0 0 0 0 0 0 0 0
161 0 1000 0 0 1000 0 1000 39 39 39 39 29 29 213645 65 213645 65 0 0 0 0 39 39 39 39 29 29 213645 65 213645 65 0 0 0 0 39 39 39 39 29 29 213645 65 213645 65 0 0 0 0 39 39 39 39 29 29 213645 65 213645 65 0 0 0 0 39 39 39 39 29 29 213645 65 213645 65 0 0 0 0 39 39 39 39 29 29 213645 65 213645 65 0 0 0 0
162 0 1000 0 0 1000 0 1000 40 40 40 40 29 29 27763 102 0 0 291 1 27472 101 40 40 40 40 29 29 27763 102 0 0 291 1 27472 101 40 40 40 40 29 29 27763 102 0 0 291 1 27472 101 40 40 40 40 29 29 27763 102 0 0 291 1 27472 101 40 40 40 40 29 29 27763 102 0 0 291 1 27472 101 40 40 40 40 29 29 27763 102 0 0 291 1 27472 101
163 0 1000 0 0 1000 0 1000 40 40 40 40 30 30 0 0 0 0 0 0 0 0 40 40 40 40 30 30 0 0 0 0 0 0 0 0 40 40 40 40 30 30 0 0 0 0 0 0 0 0 40 40 40 40 30 30 0 0 0 0 0 0 0 0 40 40 40 40 30 30 0 0 0 0 0 0 0 0 40 40 40 40 30 30 0 0 0 0 0 0 0 0
164 0 1000 0 0 1000 0 1000 40 40 40 40 30 30 0 0 0 0 0 0 0 0 40 40 40 40 30 30 0 0 0 0 0 0 0 0 40 40 40 40 30 30 0 0 0 0 0 0 0 0 40 40 40 40 30 30 0 0 0 0 0 0 0 0 40 40 40 40 30 30 0 0 0 0 0 0 0 0 40 40 40 40 30 30 0 0 0 0 0 0 0 0
165 0 1000 0 0 1000 0 1000 40 40 40 40 30 30 161521 44 161521 44 0 0 0 0 40 40 40 40 30 30 161521 44 161521 44 0 0 0 0 40 40 40 40 30 30 161521 44 161521 44 0 0 0 0 40 40 40 40 30 30 161521 44 161521 44 0 0 0 0 40 40 40 40 30 30 161521 44 161521 44 0 0 0 0 40 40 40 40 30 30 161521 44 161521 44 0 0 0 0
166 0 1000 0 0 1000 0 1000 41 41 41 41 30 30 27491 101 0 0 291 1 27200 100 41 41 41 41 30 30 27491 101 0 0 291 1 27200 100 41 41 41 41 30 30 27491 101 0 0 291 1 27200 100 41 41 41 41 30 30 27491 101 0 0 291 1 27200 100 41 41 41 41 30 30 27491 101 0 0 291 1 27200 100 41 41 41 41 30 30 27491 101 0 0 291 1 27200 100
167 0 1000 0 0 1000 0 1000 41 41 41 41 31 31 0 0 0 0 0 0 0 0 41 41 41 41 31 31 0 0 0 0 0 0 0 0 41 41 41 41 31 31 0 0 0 0 0 0 0 0 41 41 41 41 31 31 0 0 0 0 0 0 0 0 41 41 41 41 31 31 0 0 0 0 0 0 0 0 41 41 41 41 31 31 0 0 0 0 0 0 0 0
168 0 1000 0 0 1000 0 1000 41 41 41 41 31 31 0 0 0 0 0 0 0 0 41 41 41 41 31 31 0 0 0 0 0 0 0 0 41 41 41 41 31 31 0 0 0 0 0 0 0 0 41 41 41 41 31 31 0 0 0 0 0 0 0 0 41 41 41 41 31 31 0 0 0 0 0 0 0 0 41 41 41 41 31 31 0 0 0 0 0 0 0 0
169 0 1000 0 0 1000 0 1000 41 41 41 41 31 31 203778 56 203778 56 0 0 0 0 41 41 41 41 31 31 203778 56 203778 56 0 0 0 0 41 41 41 41 31 31 203778 56 203778 56 0 0 0 0 41 41 41 41 31 31 203778 56 203778 56 0 0 0 0 41 41 41 41 31 31 203778 56 203778 56 0 0 0 0 41 41 41 41 31 31 203778 56 203778 56 0 0 0 0
170 0 1000 0 0 1000 0 1000 42 42 42 42 31 31 29395 108 0 0 291 1 29104 107 42 42 42 42 31 31 29395 108 0 0 291 1 29104 107 42 42 42 42 31 31 29395 108 0 0 291 1 29104 107 42 42 42 42 31 31 29395 108 0 0 291 1 29104 107 42 42 42 42 31 31 29395 108 0 0 291 1 29104 107 42 42 42 42 31 31 29395 108 0 0 291 1 29104 107
171 0 1000 0 0 1000 0 1000 42 42 42 42 32 32 0 0 0 0 0 0 0 0 42 42 42 42 32 32 0 0 0 0 0 0 0 0 42 42 42 42 32 32 0 0 0 0 0 0 0 0 42 42 42 42 32 32 0 0 0 0 0 0 0 0 42 42 42 42 32 32 0 0 0 0 0 0 0 0 42 42 42 42 32 32 0 0 0 0 0 0 0 0
172 0 1000 0 0 1000 0 1000 42 42 42 42 32 32 0 0 0 0 0 0 0 0 42 42 42 42 32 32 0 0 0 0 0 0 0 0 42 42 42 42 32 32 0 0 0 0 0 0 0 0 42 42 42 42 32 32 0 0 0 0 0 0 0 0 42 42 42 42 32 32 0 0 0 0 0 0 0 0 42 42 42 42 32 32 0 0 0 0 0 0 0 0
173 0 1000 0 0 1000 0 1000 42 42 42 42 32 32 212461 55 212461 55 0 0 0 0 42 42 42 42 32 32 212461 55 212461 55 0 0 0 0 42 42 42 42 32 32 212461 55 212461 55 0 0 0 0 42 42 42 42 32 32 212461 55 212461 55 0 0 0 0 42 42 42 42 32 32 212461 55 212461 55 0 0 0 0 42 42 42 42 32 32 212461 55 212461 55 0 0 0 0
174 0 1000 0 0 1000 0 1000 43 43 43 43 32 32 25587 94 0 0 291 1 25296 93 43 43 43 43 32 32 25587 94 0 0 291 1 25296 93 43 43 43 43 32 32 25587 94 0 0 291 1 25296 93 43 43 43 43 32 32 25587 94 0 0 291 1 25296 93 43 43 43 43 32 32 25587 94 0 0 291 1 25296 93 43 43 43 43 32 32 25587 94 0 0 291 1 25296 93
175 0 1000 0 0 1000 0 1000 43 43 43 43 33 33 0 0 0 0 0 0 0 0 43 43 43 43 33 33 0 0 0 0 0 0 0 0 43 43 43 43 33 33 0 0 0 0 0 0 0 0 43 43 43 43 33 33 0 0 0 0 0 0 0 0 43 43 43 43 33 33 0 0 0 0 0 0 0 0 43 43 43 43 33 33 0 0 0 0 0 0 0 0
176 0 1000 0 0 1000 0 1000 43 43 43 43 33 33 0 0 0 0 0 0 0 0 43 43 43 43 33 33 0 0 0 0 0 0 0 0 43 43 43 43 33 33 0 0 0 0 0 0 0 0 43 43 43 43 33 33 0 0 0 0 0 0 0 0 43 43 43 43 33 33 0 0 0 0 0 0 0 0 43 43 43 43 33 33 0 0 0 0 0 0 0 0
177 0 1000 0 0 1000 0 1000 43 43 43 43 33 33 170747 50 170747 50 0 0 0 0 43 43 43 43 33 33 170747 50 170747 50 0 0 0 0 43 43 43 43 33 33 170747 50 170747 50 0 0 0 0 43 43 43 43 33 33 170747 50 170747 50 0 0 0 0 43 43 43 43 33 33 170747 50 170747 50 0 0 0 0 43 43 43 43 33 33 170747 50 170747 50 0 0 0 0
178 0 1000 0 0 1000 0 1000 44 44 44 44 33 33 30483 112 0 0 291 1 30192 111 44 44 44 44 33 33 30483 112 0 0 291 1 30192 111 44 44 44 44 33 33 30483 112 0 0 291 1 30192 111 44 44 44 44 33 33 30483 112 0 0 291 1 30192 111 44 44 44 44 33 33 30483 112 0 0 291 1 30192 111 44 44 44 44 33 33 30483 112 0 0 291 1 30192 111
179 0 1000 0 0 1000 0 1000 44 44 44 44 34 34 0 0 0 0 0 0 0 0 44 44 44 44 34 34 0 0 0 0 0 0 0 0 44 44 44 44 34 34 0 0 0 0 0 0 0 0 44 44 44 44 34 34 0 0 0 0 0 0 0 0 44 44 44 44 34 34 0 0 0 0 0 0 0 0 44 44 44 44 34 34 0 0 0 0 0 0 0 0
180 0 1000 0 0 1000 0 1000 44 44 44 44 34 34 0 0 0 0 0 0 0 0 44 44 44 44 34 34 0 0 0 0 0 0 0 0 44 44 44 44 34 34 0 0 0 0 0 0 0 0 44 44 44 44 34 34 0 0 0 0 0 0 0 0 44 44 44 44 34 34 0 0 0 0 0 0 0 0 44 44 44 44 34 34 0 0 0 0 0 0 0 0
181 0 1000 0 0 1000 0 1000 44 44 44 44 34 34 219502 55 219502 55 0 0 0 0 44 44 44 44 34 34 219502 55 219502 55 0 0 0 0 44 44 44 44 34 34 219502 55 219502 55 0 0 0 0 44 44 44 44 34 34 219502 55 219502 55 0 0 0 0 44 44 44 44 34 34 219502 55 219502 55 0 0 0 0 44 44 44 44 34 34 219502 55 219502 55 0 0 0 0
182 0 1000 0 0 1000 0 1000 45 45 45 45 34 34 25587 94 0 0 291 1 25296 93 45 45 45 45 34 34 25587 94 0 0 291 1 25296 93 45 45 45 45 34 34 25587 94 0 0 291 1 25296 93 45 45 45 45 34 34 25587 94 0 0 291 1 25296 93 45 45 45 45 34 34 25587 94 0 0 291 1 25296 93 45 45 45 45 34 34 25587 94 0 0 291 1 25296 93
183 0 1000 0 0 1000 0 1000 45 45 45 45 35 35 0 0 0 0 0 0 0 0 45 45 45 45 35 35 0 0 0 0 0 0 0 0 45 45 45 45 35 35 0 0 0 0 0 0 0 0 45 45 45 45 35 35 0 0 0 0 0 0 0 0 45 45 45 45 35 35 0 0 0 0 0 0 0 0 45 45 45 45 35 35 0 0 0 0 0 0 0 0
184 0 1000 0 0 1000 0 1000 45 45 45 45 35 35 0 0 0 0 0 0 0 0 45 45 45 45 35 35 0 0 0 0 0 0 0 0 45 45 45 45 35 35 0 0 0 0 0 0 0 0 45 45 45 45 35 35 0 0 0 0 0 0 0 0 45 45 45 45 35 35 0 0 0 0 0 0 0 0 45 45 45 45 35 35 0 0 0 0 0 0 0 0
185 0 1000 0 0 1000 0 1000 45 45 45 45 35 35 208309 61 208309 61 0 0 0 0 45 45 45 45 35 35 208309 61 208309 61 0 0 0 0 45 45 45 45 35 35 208309 61 208309 61 0 0 0 0 45 45 45 45 35 35 208309 61 208309 61 0 0 0 0 45 45 45 45 35 35 208309 61 208309 61 0 0 0 0 45 45 45 45 35 35 208309 61 208309 61 0 0 0 0
186 0 1000 0 0 1000 0 1000 46 46 46 46 35 35 24771 91 0 0 291 1 24480 90 46 46 46 46 35 35 24771 91 0 0 291 1 24480 90 46 46 46 46 35 35 24771 91 0 0 291 1 24480 90 46 46 46 46 35 35 24771 91 0 0 291 1 24480 90 46 46 46 46 35 35 24771 91 0 0 291 1 24480 90 46 46 46 46 35 35 24771 91 0 0 291 1 24480 90
187 900 100 900 0 100 0 1000 46 46 46 46 35 35 0 0 0 0 0 0 0 0 46 46 46 46 36 36 0 0 0 0 0 0 0 0 46 46 46 46 36 36 0 0 0 0 0 0 0 0 46 46 46 46 35 35 0 0 0 0 0 0 0 0 46 46 46 46 35 35 0 0 0 0 0 0 0 0 46 46 46 46 36 36 0 0 0 0 0 0 0 0
188 900 100 900 0 100 0 1000 46 46 46 46 35 35 0 0 0 0 0 0 0 0 46 46 46 46 36 36 0 0 0 0 0 0 0 0 46 46 46 46 36 36 0 0 0 0 0 0 0 0 46 46 46 46 35 35 0 0 0 0 0 0 0 0 46 46 46 46 35 35 0 0 0 0 0 0 0 0 46 46 46 46 36 36 0 0 0 0 0 0 0 0
189 900 100 900 0 100 0 1000 46 46 46 46 35 35 16593 5 16593 5 0 0 0 0 46 46 46 46 36 36 16593 5 16593 5 0 0 0 0 46 46 46 46 36 36 16593 5 16593 5 0 0 0 0 46 46 46 46 35 35 16593 5 16593 5 0 0 0 0 46 46 46 46 35 35 16593 5 16593 5 0 0 0 0 46 46 46 46 36 36 16593 5 16593 5 0 0 0 0
190 900 100 900 0 100 0 1000 46 46 46 46 35 35 3827 14 0 0 291 1 3536 13 46 46 46 46 36 36 3827 14 0 0 291 1 3536 13 46 46 46 46 36 36 3827 14 0 0 291 1 3536 13 46 46 46 46 35 35 3827 14 0 0 291 1 3536 13 46 46 46 46 35 35 3827 14 0 0 291 1 3536 13 46 46 46 46 36 36 3827 14 0 0 291 1 3536 13
191 900 100 900 0 100 0 1000 46 46 46 46 35 35 0 0 0 0 0 0 0 0 46 46 46 46 37 37 0 0 0 0 0 0 0 0 46 46 46 46 37 37 0 0 0 0 0 0 0 0 46 46 46 46 35 35 0 0 0 0 0 0 0 0 46 46 46 46 35 35 0 0 0 0 0 0 0 0 46 46 46 46 37 37 0 0 0 0 0 0 0 0
192 900 100 900 0 100 0 1000 46 46 46 46 35 35 0 0 0 0 0 0 0 0 46 46 46 46 37 37 0 0 0 0 0 0 0 0 46 46 46 46 37 37 0 0 0 0 0 0 0 0 46 46 46 46 35 35 0 0 0 0 0 0 0 0 46 46 46 46 35 35 0 0 0 0 0 0 0 0 46 46 46 46 37 37 0 0 0 0 0 0 0 0
193 900 100 900 0 100 0 1000 46 46 46 46 35 35 5985 7 5985 7 0 0 0 0 46 46 46 46 37 37 5985 7 5985 7 0 0 0 0 46 46 46 46 37 37 5985 7 5985 7 0 0 0 0 46 46 46 46 35 35 5985 7 5985 7 0 0 0 0 46 46 46 46 35 35 5985 7 5985 7 0 0 0 0 46 46 46 46 37 37 5985 7 5985 7 0 0 0 0
194 900 100 900 0 100 0 1000 46 46 46 46 35 35 3283 12 0 0 291 1 2992 11 46 46 46 46 37 37 3283 12 0 0 291 1 2992 11 46 46 46 46 37 37 3283 12 0 0 291 1 2992 11 46 46 46 46 35 35 3283 12 0 0 291 1 2992 11 46 46 46 46 35 35 3283 12 0 0 291 1 2992 11 46 46 46 46 37 37 3283 12 0 0 291 1 2992 11
195 900 100 900 0 100 0 1000 46 46 46 46 35 35 0 0 0 0 0 0 0 0 46 46 46 46 38 38 0 0 0 0 0 0 0 0 46 46 46 46 38 38 0 0 0 0 0 0 0 0 46 46 46 46 35 35 0 0 0 0 0 0 0 0 46 46 46 46 35 35 0 0 0 0 0 0 0 0 46 46 46 46 38 38 0 0 0 0 0 0 0 0
196 900 100 900 0 100 0 1000 46 46 46 46 35 35 0 0 0 0 0 0 0 0 46 46 46 46 38 38 0 0 0 0 0 0 0 0 46 46 46 46 38 38 0 0 0 0 0 0 0 0 46 46 46 46 35 35 0 0 0 0 0 0 0 0 46 46 46 46 35 35 0 0 0 0 0 0 0 0 46 46 46 46 38 38 0 0 0 0 0 0 0 0
197 900 100 900 0 100 0 1000 46 46 46 46 35 35 3164 4 3164 4 0 0 0 0 46 46 46 46 38 38 3164 4 3164 4 0 0 0 0 46 46 46 46 38 38 3164 4 3164 4 0 0 0 0 46 46 46 46 35 35 3164 4 3164 4 0 0 0 0 46 46 46 46 35 35 3164 4 3164 4 0 0 0 0 46 46 46 46 38 38 3164 4 3164 4 0 0 0 0
198 900 100 900 0 100 0 1000 46 46 46 46 35 35 2195 8 0 0 291 1 1904 7 46 46 46 46 38 38 2195 8 0 0 291 1 1904 7 46 46 46 46 38 38 2195 8 0 0 291 1 1904 7 46 46 46 46 35 35 2195 8 0 0 291 1 1904 7 46 46 46 46 35 35 2195 8 0 0 291 1 1904 7 46 46 46 46 38 38 2195 8 0 0 291 1 1904 7
199 900 100 900 0 100 0 1000 46 46 46 46 35 35 0 0 0 0 0 0 0 0 46 46 46 46 39 39 0 0 0 0 0 0 0 0 46 46 46 46 39 39 0 0 0 0 0 0 0 0 46 46 46 46 35 35 0 0 0 0 0 0 0 0 46 46 46 46 35 35 0 0 0 0 0 0 0 0 46 46 46 46 39 39 0 0 0 0 0 0 0 0
200 900 100 900 0 100 0 1000 46 46 46 46 35 35 0 0 0 0 0 0 0 0 46 46 46 46 39 39 0 0 0 0 0 0 0 0 46 46 46 46 39 39 0 0 0 0 0 0 0 0 46 46 46 46 35 35 0 0 0 0 0 0 0 0 46 46 46 46 35 35 0 0 0 0 0 0 0 0 46 46 46 46 39 39 0 0 0 0 0 0 0 0
201 900 100 900 0 100 0 1000 46 46 46 46 35 35 3978 6 3978 6 0 0 0 0 46 46 46 46 39 39 3978 6 3978 6 0 0 0 0 46 46 46 46 39 39 3978 6 3978 6 0 0 0 0 46 46 46 46 35 35 3978 6 3978 6 0 0 0 0 46 46 46 46 35 35 3978 6 3978 6 0 0 0 0 46 46 46 46 39 39 3978 6 3978 6 0 0 0 0
202 900 100 900 0 100 0 1000 46 46 46 46 35 35 2195 8 0 0 291 1 1904 7 46 46 46 46 39 39 2195 8 0 0 291 1 1904 7 46 46 46 46 39 39 2195 8 0 0 291 1 1904 7 46 46 46 46 35 35 2195 8 0 0 291 1 1904 7 46 46 46 46 35 35 2195 8 0 0 291 1 1904 7 46 46 46 46 39 39 2195 8 0 0 291 1 1904 7
203 900 100 900 0 100 0 1000 46 46 46 46 35 35 0 0 0 0 0 0 0 0 46 46 46 46 40 40 0 0 0 0 0 0 0 0 46 46 46 46 40 40 0 0 0 0 0 0 0 0 46 46 46 46 35 35 0 0 0 0 0 0 0 0 46 46 46 46 35 35 0 0 0 0 0 0 0 0 46 46 46 46 40 40 0 0 0 0 0 0 0 0
204 900 100 900 0 100 0 1000 46 46 46 46 35 35 0 0 0 0 0 0 0 0 46 46 46 46 40 40 0 0 0 0 0 0 0 0 46 46 46 46 40 40 0 0 0 0 0 0 0 0 46 46 46 46 35 35 0 0 0 0 0 0 0 0 46 46 46 46 35 35 0 0 0 0 0 0 0 0 46 46 46 46 40 40 0 0 0 0 0 0 0 0
205 900 100 900 0 100 0 1000 46 46 46 46 35 35 1988 3 1988 3 0 0 0 0 46 46 46 46 40 40 1988 3 1988 3 0 0 0 0 46 46 46 46 40 40 1988 3 1988 3 0 0 0 0 46 46 46 46 35 35 1988 3 1988 3 0 0 0 0 46 46 46 46 35 35 1988 3 1988 3 0 0 0 0 46 46 46 46 40 40 1988 3 1988 3 0 0 0 0
206 900 100 900 0 100 0 1000 46 46 46 46 35 35 2467 9 0 0 291 1 2176 8 46 46 46 46 40 40 2467 9 0 0 291 1 2176 8 46 46 46 46 40 40 2467 9 0 0 291 1 2176 8 46 46 46 46 35 35 2467 9 0 0 291 1 2176 8 46 46 46 46 35 35 2467 9 0 0 291 1 2176 8 46 46 46 46 40 40 2467 9 0 0 291 1 2176 8
207 900 100 900 0 100 0 1000 46 46 46 46 35 35 0 0 0 0 0 0 0 0 46 46 46 46 41 41 0 0 0 0 0 0 0 0 46 46 46 46 41 41 0 0 0 0 0 0 0 0 46 46 46 46 35 35 0 0 0 0 0 0 0 0 46 46 46 46 35 35 0 0 0 0 0 0 0 0 46 46 46 46 41 41 0 0 0 0 0 0 0 0
208 900 100 900 0 100 0 1000 46 46 46 46 35 35 0 0 0 0 0 0 0 0 46 46 46 46 41 41 0 0 0 0 0 0 0 0 46 46 46 46 41 41 0 0 0 0 0 0 0 0 46 46 46 46 35 35 0 0 0 0 0 0 0 0 46 46 46 46 35 35 0 0 0 0 0 0 0 0 46 46 46 46 41 41 0 0 0 0 0 0 0 0
209 900 100 900 0 100 0 1000 46 46 46 46 35 35 2780 4 2780 4 0 0 0 0 46 46 46 46 41 41 2780 4 2780 4 0 0 0 0 46 46 46 46 41 41 2780 4 2780 4 0 0 0 0 46 46 46 46 35 35 2780 4 2780 4 0 0 0 0 46 46 46 46 35 35 2780 4 2780 4 0 0 0 0 46 46 46 46 41 41 2780 4 2780 4 0 0 0 0
210 900 100 900 0 100 0 1000 46 46 46 46 35 35 2467 9 0 0 291 1 2176 8 46 46 46 46 41 41 2467 9 0 0 291 1 2176 8 46 46 46 46 41 41 2467 9 0 0 291 1 2176 8 46 46 46 46 35 35 2467 9 0 0 291 1 2176 8 46 46 46 46 35 35 2467 9 0 0 291 1 2176 8 46 46 46 46 41 41 2467 9 0 0 291 1 2176 8
211 900 100 900 0 100 0 1000 46 46 46 46 35 35 0 0 0 0 0 0 0 0 46 46 46 46 42 42 0 0 0 0 0 0 0 0 46 46 46 46 42 42 0 0 0 0 0 0 0 0 46 46 46 46 35 35 0 0 0 0 0 0 0 0 46 46 46 46 35 35 0 0 0 0 0 0 0 0 46 46 46 46 42 42 0 0 0 0 0 0 0 0
212 900 100 900 0 100 0 1000 46 46 46 46 35 35 0 0 0 0 0 0 0 0 46 46 46 46 42 42 0 0 0 0 0 0 0 0 46 46 46 46 42 42 0 0 0 0 0 0 0 0 46 46 46 46 35 35 0 0 0 0 0 0 0 0 46 46 46 46 35 35 0 0 0 0 0 0 0 0 46 46 46 46 42 42 0 0 0 0 0 0 0 0
213 900 100 900 0 100 0 1000 46 46 46 46 35 35 1390 2 1390 2 0 0 0 0 46 46 46 46 42 42 1390 2 1390 2 0 0 0 0 46 46 46 46 42 42 1390 2 1390 2 0 0 0 0 46 46 46 46 35 35 1390 2 1390 2 0 0 0 0 46 46 46 46 35 35 1390 2 1390 2 0 0 0 0 46 46 46 46 42 42 1390 2 1390 2 0 0 0 0
214 900 100 900 0 100 0 1000 46 46 46 46 35 35 2195 8 0 0 291 1 1904 7 46 46 46 46 42 42 2195 8 0 0 291 1 1904 7 46 46 46 46 42 42 2195 8 0 0 291 1 1904 7 46 46 46 46 35 35 2195 8 0 0 291 1 1904 7 46 46 46 46 35 35 2195 8 0 0 291 1 1904 7 46 46 46 46 42 42 2195 8 0 0 291 1 1904 7
215 900 100 900 0 100 0 1000 46 46 46 46 35 35 0 0 0 0 0 0 0 0 46 46 46 46 43 43 0 0 0 0 0 0 0 0 46 46 46 46 43 43 0 0 0 0 0 0 0 0 46 46 46 46 35 35 0 0 0 0 0 0 0 0 46 46 46 46 35 35 0 0 0 0 0 0 0 0 46 46 46 46 43 43 0 0 0 0 0 0 0 0
216 900 100 900 0 100 0 1000 46 46 46 46 35 35 0 0 0 0 0 0 0 0 46 46 46 46 43 43 0 0 0 0 0 0 0 0 46 46 46 46 43 43 0 0 0 0 0 0 0 0 46 46 46 46 35 35 0 0 0 0 0 0 0 0 46 46 46 46 35 35 0 0 0 0 0 0 0 0 46 46 46 46 43 43 0 0 0 0 0 0 0 0
217 900 100 900 0 100 0 1000 46 46 46 46 35 35 3315 5 3315 5 0 0 0 0 46 46 46 46 43 43 3315 5 3315 5 0 0 0 0 46 46 46 46 43 43 3315 5 3315 5 0 0 0 0 46 46 46 46 35 35 3315 5 3315 5 0 0 0 0 46 46 46 46 35 35 3315 5 3315 5 0 0 0 0 46 46 46 46 43 43 3315 5 3315 5 0 0 0 0
218 900 100 900 0 100 0 1000 46 46 46 46 35 35 2739 10 0 0 291 1 2448 9 46 46 46 46 43 43 2739 10 0 0 291 1 2448 9 46 46 46 46 43 43 2739 10 0 0 291 1 2448 9 46 46 46 46 35 35 2739 10 0 0 291 1 2448 9 46 46 46 46 35 35 2739 10 0 0 291 1 2448 9 46 46 46 46 43 43 2739 10 0 0 291 1 2448 9
219 900 100 900 0 100 0 1000 46 46 46 46 35 35 0 0 0 0 0 0 0 0 46 46 46 46 44 44 0 0 0 0 0 0 0 0 46 46 46 46 44 44 0 0 0 0 0 0 0 0 46 46 46 46 35 35 0 0 0 0 0 0 0 0 46 46 46 46 35 35 0 0 0 0 0 0 0 0 46 46 46 46 44 44 0 0 0 0 0 0 0 0
220 900 100 900 0 100 0 1000 46 46 46 46 35 35 0 0 0 0 0 0 0 0 46 46 46 46 44 44 0 0 0 0 0 0 0 0 46 46 46 46 44 44 0 0 0 0 0 0 0 0 46 46 46 46 35 35 0 0 0 0 0 0 0 0 46 46 46 46 35 35 0 0 0 0 0 0 0 0 46 46 46 46 44 44 0 0 0 0 0 0 0 0
221 900 100 900 0 100 0 1000 46 46 46 46 35 35 5089 7 5089 7 0 0 0 0 46 46 46 46 44 44 5089 7 5089 7 0 0 0 0 46 46 46 46 44 44 5089 7 5089 7 0 0 0 0 46 46 46 46 35 35 5089 7 5089 7 0 0 0 0 46 46 46 46 35 35 5089 7 5089 7 0 0 0 0 46 46 46 46 44 44 5089 7 5089 7 0 0 0 0
222 900 100 900 0 100 0 1000 46 46 46 46 35 35 3555 13 0 0 291 1 3264 12 46 46 46 46 44 44 3555 13 0 0 291 1 3264 12 46 46 46 46 44 44 3555 13 0 0 291 1 3264 12 46 46 46 46 35 35 3555 13 0 0 291 1 3264 12 46 46 46 46 35 35 3555 13 0 0 291 1 3264 12 46 46 46 46 44 44 3555 13 0 0 291 1 3264 12
223 900 100 900 0 100 0 1000 46 46 46 46 35 35 0 0 0 0 0 0 0 0 46 46 46 46 45 45 0 0 0 0 0 0 0 0 46 46 46 46 45 45 0 0 0 0 0 0 0 0 46 46 46 46 35 35 0 0 0 0 0 0 0 0 46 46 46 46 35 35 0 0 0 0 0 0 0 0 46 46 46 46 45 45 0 0 0 0 0 0 0 0
224 900 100 900 0 100 0 1000 46 46 46 46 35 35 0 0 0 0 0 0 0 0 46 46 46 46 45 45 0 0 0 0 0 0 0 0 46 46 46 46 45 45 0 0 0 0 0 0 0 0 46 46 46 46 35 35 0 0 0 0 0 0 0 0 46 46 46 46 35 35 0 0 0 0 0 0 0 0 46 46 46 46 45 45 0 0 0 0 0 0 0 0
225 900 100 900 0 100 0 1000 46 46 46 46 35 35 4938 6 4938 6 0 0 0 0 46 46 46 46 45 45 4938 6 4938 6 0 0 0 0 46 46 46 46 45 45 4938 6 4938 6 0 0 0 0 46 46 46 46 35 35 4938 6 4938 6 0 0 0 0 46 46 46 46 35 35 4938 6 4938 6 0 0 0 0 46 46 46 46 45 45 4938 6 4938 6 0 0 0 0
226 900 100 900 0 100 0 1000 46 46 46 46 35 35 2467 9 0 0 291 1 2176 8 46 46 46 46 45 45 2467 9 0 0 291 1 2176 8 46 46 46 46 45 45 2467 9 0 0 291 1 2176 8 46 46 46 46 35 35 2467 9 0 0 291 1 2176 8 46 46 46 46 35 35 2467 9 0 0 291 1 2176 8 46 46 46 46 45 45 2467 9 0 0 291 1 2176 8
227 900 100 900 0 100 0 1000 46 46 46 46 35 35 0 0 0 0 0 0 0 0 46 46 46 46 46 46 0 0 0 0 0 0 0 0 46 46 46 46 46 46 0 0 0 0 0 0 0 0 46 46 46 46 35 35 0 0 0 0 0 0 0 0 46 46 46 46 35 35 0 0 0 0 0 0 0 0 46 46 46 46 46 46 0 0 0 0 0 0 0 0
228 900 100 900 0 100 0 1000 46 46 46 46 35 35 0 0 0 0 0 0 0 0 46 46 46 46 46 46 0 0 0 0 0 0 0 0 46 46 46 46 46 46 0 0 0 0 0 0 0 0 46 46 46 46 35 35 0 0 0 0 0 0 0 0 46 46 46 46 35 35 0 0 0 0 0 0 0 0 46 46 46 46 46 46 0 0 0 0 0 0 0 0
229 900 100 900 0 100 0 1000 46 46 46 46 35 35 4170 6 4170 6 0 0 0 0 46 46 46 46 46 46 4170 6 4170 6 0 0 0 0 46 46 46 46 46 46 4170 6 4170 6 0 0 0 0 46 46 46 46 35 35 4170 6 4170 6 0 0 0 0 46 46 46 46 35 35 4170 6 4170 6 0 0 0 0 46 46 46 46 46 46 4170 6 4170 6 0 0 0 0
230 900 100 900 0 100 0 1000 46 46 46 46 35 35 2739 10 0 0 291 1 2448 9 46 46 46 46 46 46 2739 10 0 0 291 1 2448 9 46 46 46 46 46 46 2739 10 0 0 291 1 2448 9 46 46 46 46 35 35 2739 10 0 0 291 1 2448 9 46 46 46 46 35 35 2739 10 0 0 291 1 2448 9 46 46 46 46 46 46 2739 10 0 0 291 1 2448 9
231 900 100 900 0 100 0 1000 46 46 46 46 35 35 0 0 0 0 0 0 0 0 47 47 46 46 47 47 0 0 0 0 0 0 0 0 47 47 46 46 47 47 0 0 0 0 0 0 0 0 46 46 46 46 35 35 0 0 0 0 0 0 0 0 46 46 46 46 35 35 0 0 0 0 0 0 0 0 47 47 46 46 47 47 0 0 0 0 0 0 0 0
232 900 100 900 0 100 0 1000 46 46 46 46 35 35 0 0 0 0 0 0 0 0 47 47 46 46 47 47 0 0 0 0 0 0 0 0 47 47 46 46 47 47 0 0 0 0 0 0 0 0 46 46 46 46 35 35 0 0 0 0 0 0 0 0 46 46 46 46 35 35 0 0 0 0 0 0 0 0 47 47 46 46 47 47 0 0 0 0 0 0 0 0
233 900 100 900 0 100 0 1000 46 46 46 46 35 35 6542 9 6542 9 0 0 0 0 47 47 46 46 47 47 6542 9 6542 9 0 0 0 0 47 47 46 46 47 47 6542 9 6542 9 0 0 0 0 46 46 46 46 35 35 6542 9 6542 9 0 0 0 0 46 46 46 46 35 35 6542 9 6542 9 0 0 0 0 47 47 46 46 47 47 6542 9 6542 9 0 0 0 0
234 900 100 900 0 100 0 1000 46 46 46 46 35 35 3827 14 0 0 291 1 3536 13 47 47 46 46 47 47 3827 14 0 0 291 1 3536 13 47 47 46 46 47 47 3827 14 0 0 291 1 3536 13 46 46 46 46 35 35 3827 14 0 0 291 1 3536 13 46 46 46 46 35 35 3827 14 0 0 291 1 3536 13 47 47 46 46 47 47 3827 14 0 0 291 1 3536 13
235 900 100 900 0 100 0 1000 46 46 46 46 35 35 0 0 0 0 0 0 0 0 48 48 46 46 48 48 0 0 0 0 0 0 0 0 48 48 46 46 48 48 0 0 0 0 0 0 0 0 46 46 46 46 35 35 0 0 0 0 0 0 0 0 46 46 46 46 35 35 0 0 0 0 0 0 0 0 48 48 46 46 48 48 0 0 0 0 0 0 0 0
236 900 100 900 0 100 0 1000 46 46 46 46 35 35 0 0 0 0 0 0 0 0 48 48 46 46 48 48 0 0 0 0 0 0 0 0 48 48 46 46 48 48 0 0 0 0 0 0 0 0 46 46 46 46 35 35 0 0 0 0 0 0 0 0 46 46 46 46 35 35 0 0 0 0 0 0 0 0 48 48 46 46 48 48 0 0 0 0 0 0 0 0
237 900 100 900 0 100 0 1000 46 46 46 46 35 35 2564 3 2564 3 0 0 0 0 48 48 46 46 48 48 2564 3 2564 3 0 0 0 0 48 48 46 46 48 48 2564 3 2564 3 0 0 0 0 46 46 46 46 35 35 2564 3 2564 3 0 0 0 0 46 46 46 46 35 35 2564 3 2564 3 0 0 0 0 48 48 46 46 48 48 2564 3 2564 3 0 0 0 0
238 900 100 900 0 100 0 1000 46 46 46 46 35 35 2466 9 0 0 290 1 2176 8 48 48 46 46 48 48 2466 9 0 0 290 1 2176 8 48 48 46 46 48 48 2466 9 0 0 290 1 2176 8 46 46 46 46 35 35 2466 9 0 0 290 1 2176 8 46 46 46 46 35 35 2466 9 0 0 290 1 2176 8 48 48 46 46 48 48 2466 9 0 0 290 1 2176 8
239 900 100 900 0 100 0 1000 46 46 46 46 35 35 0 0 0 0 0 0 0 0 49 49 46 46 49 49 0 0 0 0 0 0 0 0 49 49 46 46 49 49 0 0 0 0 0 0 0 0 46 46 46 46 35 35 0 0 0 0 0 0 0 0 46 46 46 46 35 35 0 0 0 0 0 0 0 0 49 49 46 46 49 49 0 0 0 0 0 0 0 0
240 900 100 900 0 100 0 1000 46 46 46 46 35 35 0 0 0 0 0 0 0 0 49 49 46 46 49 49 0 0 0 0 0 0 0 0 49 49 46 46 49 49 0 0 0 0 0 0 0 0 46 46 46 46 35 35 0 0 0 0 0 0 0 0 46 46 46 46 35 35 0 0 0 0 0 0 0 0 49 49 46 46 49 49 0 0 0 0 0 0 0 0
241 900 100 900 0 100 0 1000 46 46 46 46 35 35 4170 6 4170 6 0 0 0 0 49 49 46 46 49 49 4170 6 4170 6 0 0 0 0 49 49 46 46 49 49 4170 6 4170 6 0 0 0 0 46 46 46 46 35 35 4170 6 4170 6 0 0 0 0 46 46 46 46 35 35 4170 6 4170 6 0 0 0 0 49 49 46 46 49 49 4170 6 4170 6 0 0 0 0
242 900 100 900 0 100 0 1000 46 46 46 46 35 35 3011 11 0 0 291 1 2720 10 49 49 46 46 49 49 3011 11 0 0 291 1 2720 10 49 49 46 46 49 49 3011 11 0 0 291 1 2720 10 46 46 46 46 35 35 3011 11 0 0 291 1 2720 10 46 46 46 46 35 35 3011 11 0 0 291 1 2720 10 49 49 46 46 49 49 3011 11 0 0 291 1 2720 10
243 900 100 900 0 100 0 1000 46 46 46 46 35 35 0 0 0 0 0 0 0 0 50 50 46 46 50 50 0 0 0 0 0 0 0 0 50 50 46 46 50 50 0 0 0 0 0 0 0 0 46 46 46 46 35 35 0 0 0 0 0 0 0 0 46 46 46 46 35 35 0 0 0 0 0 0 0 0 50 50 46 46 50 50 0 0 0 0 0 0 0 0
244 900 100 900 0 100 0 1000 46 46 46 46 35 35 0 0 0 0 0 0 0 0 50 50 46 46 50 50 0 0 0 0 0 0 0 0 50 50 46 46 50 50 0 0 0 0 0 0 0 0 46 46 46 46 35 35 0 0 0 0 0 0 0 0 46 46 46 46 35 35 0 0 0 0 0 0 0 0 50 50 46 46 50 50 0 0 0 0 0 0 0 0
245 900 100 900 0 100 0 1000 46 46 46 46 35 35 4554 6 4554 6 0 0 0 0 50 50 46 46 50 50 4554 6 4554 6 0 0 0 0 50 50 46 46 50 50 4554 6 4554 6 0 0 0 0 46 46 46 46 35 35 4554 6 4554 6 0 0 0 0 46 46 46 46 35 35 4554 6 4554 6 0 0 0 0 50 50 46 46 50 50 4554 6 4554 6 0 0 0 0
246 900 100 900 0 100 0 1000 46 46 46 46 35 35 2739 10 0 0 291 1 2448 9 50 50 46 46 50 50 2739 10 0 0 291 1 2448 9 50 50 46 46 50 50 2739 10 0 0 291 1 2448 9 46 46 46 46 35 35 2739 10 0 0 291 1 2448 9 46 46 46 46 35 35 2739 10 0 0 291 1 2448 9 50 50 46 46 50 50 2739 10 0 0 291 1 2448 9
247 900 100 900 0 100 0 1000 46 46 46 46 35 35 0 0 0 0 0 0 0 0 51 51 46 46 51 51 0 0 0 0 0 0 0 0 51 51 46 46 51 51 0 0 0 0 0 0 0 0 46 46 46 46 35 35 0 0 0 0 0 0 0 0 46 46 46 46 35 35 0 0 0 0 0 0 0 0 51 51 46 46 51 51 0 0 0 0 0 0 0 0
248 0 1000 0 900 100 0 1000 46 46 46 46 35 35 0 0 0 0 0 0 0 0 51 51 46 46 51 51 0 0 0 0 0 0 0 0 51 51 46 46 51 51 0 0 0 0 0 0 0 0 46 46 46 46 35 35 0 0 0 0 0 0 0 0 46 46 46 46 35 35 0 0 0 0 0 0 0 0 51 51 46 46 51 51 0 0 0 0 0 0 0 0
249 0 1000 0 900 100 0 1000 46 46 46 46 35 35 5089 7 5089 7 0 0 0 0 51 51 46 46 51 51 5089 7 5089 7 0 0 0 0 51 51 46 46 51 51 5089 7 5089 7 0 0 0 0 46 46 46 46 35 35 5089 7 5089 7 0 0 0 0 46 46 46 46 35 35 5089 7 5089 7 0 0 0 0 51 51 46 46 51 51 5089 7 5089 7 0 0 0 0
250 0 1000 0 900 100 0 1000 46 46 46 46 35 35 3011 11 0 0 291 1 2720 10 51 51 46 46 51 51 3011 11 0 0 291 1 2720 10 51 51 46 46 51 51 3011 11 0 0 291 1 2720 10 46 46 46 46 35 35 3011 11 0 0 291 1 2720 10 46 46 46 46 35 35 3011 11 0 0 291 1 2720 10 51 51 46 46 51 51 3011 11 0 0 291 1 2720 10
251 0 1000 0 0 1000 0 1000 52 52 46 46 52 52 0 0 0 0 0 0 0 0 52 52 46 46 52 52 0 0 0 0 0 0 0 0 52 52 46 46 52 52 0 0 0 0 0 0 0 0 52 52 46 46 52 52 0 0 0 0 0 0 0 0 52 52 46 46 52 52 0 0 0 0 0 0 0 0 52 52 46 46 52 52 0 0 0 0 0 0 0 0
252 0 1000 0 0 1000 0 1000 52 52 46 46 52 52 0 0 0 0 0 0 0 0 52 52 46 46 52 52 0 0 0 0 0 0 0 0 52 52 46 46 52 52 0 0 0 0 0 0 0 0 52 52 46 46 52 52 0 0 0 0 0 0 0 0 52 52 46 46 52 52 0 0 0 0 0 0 0 0 52 52 46 46 52 52 0 0 0 0 0 0 0 0
253 0 1000 0 0 1000 0 1000 52 52 46 46 52 52 46292 61 46292 61 0 0 0 0 52 52 46 46 52 52 46292 61 46292 61 0 0 0 0 52 52 46 46 52 52 46292 61 46292 61 0 0 0 0 52 52 46 46 52 52 46292 61 46292 61 0 0 0 0 52 52 46 46 52 52 46292 61 46292 61 0 0 0 0 52 52 46 46 52 52 46292 61 46292 61 0 0 0 0
254 0 1000 0 0 1000 0 1000 63 63 63 63 52 52 22867 84 0 0 291 1 22576 83 63 63 63 63 52 52 22867 84 0 0 291 1 22576 83 63 63 63 63 52 52 22867 84 0 0 291 1 22576 83 63 63 63 63 52 52 22867 84 0 0 291 1 22576 83 63 63 63 63 52 52 22867 84 0 0 291 1 22576 83 63 63 63 63 52 52 22867 84 0 0 291 1 22576 83
255 0 1000 0 0 1000 0 1000 63 63 63 63 53 53 0 0 0 0 0 0 0 0 63 63 63 63 53 53 0 0 0 0 0 0 0 0 63 63 63 63 53 53 0 0 0 0 0 0 0 0 63 63 63 63 53 53 0 0 0 0 0 0 0 0 63 63 63 63 53 53 0 0 0 0 0 0 0 0 63 63 63 63 53 53 0 0 0 0 0 0 0 0
256 0 1000 0 0 1000 0 1000 63 63 63 63 53 53 0 0 0 0 0 0 0 0 63 63 63 63 53 53 0 0 0 0 0 0 0 0 63 63 63 63 53 53 0 0 0 0 0 0 0 0 63 63 63 63 53 53 0 0 0 0 0 0 0 0 63 63 63 63 53 53 0 0 0 0 0 0 0 0 63 63 63 63 53 53 0 0 0 0 0 0 0 0
257 0 1000 0 0 1000 0 1000 63 63 63 63 53 53 145459 47 145459 47 0 0 0 0 63 63 63 63 53 53 145459 47 145459 47 0 0 0 0 63 63 63 63 53 53 145459 47 145459 47 0 0 0 0 63 63 63 63 53 53 145459 47 145459 47 0 0 0 0 63 63 63 63 53 53 145459 47 145459 47 0 0 0 0 63 63 63 63 53 53 145459 47 145459 47 0 0 0 0
258 0 1000 0 0 1000 0 1000 64 64 64 64 53 53 28578 105 0 0 290 1 28288 104 64 64 64 64 53 53 28578 105 0 0 290 1 28288 104 64 64 64 64 53 53 28578 105 0 0 290 1 28288 104 64 64 64 64 53 53 28578 105 0 0 290 1 28288 104 64 64 64 64 53 53 28578 105 0 0 290 1 28288 104 64 64 64 64 53 53 28578 105 0 0 290 1 28288 104
259 0 1000 0 0 1000 0 1000 64 64 64 64 54 54 0 0 0 0 0 0 0 0 64 64 64 64 54 54 0 0 0 0 0 0 0 0 64 64 64 64 54 54 0 0 0 0 0 0 0 0 64 64 64 64 54 54 0 0 0 0 0 0 0 0 64 64 64 64 54 54 0 0 0 0 0 0 0 0 64 64 64 64 54 54 0 0 0 0 0 0 0 0
260 0 1000 0 0 1000 0 1000 64 64 64 64 54 54 0 0 0 0 0 0 0 0 64 64 64 64 54 54 0 0 0 0 0 0 0 0 64 64 64 64 54 54 0 0 0 0 0 0 0 0 64 64 64 64 54 54 0 0 0 0 0 0 0 0 64 64 64 64 54 54 0 0 0 0 0 0 0 0 64 64 64 64 54 54 0 0 0 0 0 0 0 0
261 0 1000 0 0 1000 0 1000 64 64 64 64 54 54 143140 38 143140 38 0 0 0 0 64 64 64 64 54 54 143140 38 143140 38 0 0 0 0 64 64 64 64 54 54 143140 38 143140 38 0 0 0 0 64 64 64 64 54 54 143140 38 143140 38 0 0 0 0 64 64 64 64 54 54 143140 38 143140 38 0 0 0 0 64 64 64 64 54 54 143140 38 143140 38 0 0 0 0
262 0 1000 0 0 1000 0 1000 65 65 65 65 54 54 31027 114 0 0 291 1 30736 113 65 65 65 65 54 54 31027 114 0 0 291 1 30736 113 65 65 65 65 54 54 31027 114 0 0 291 1 30736 113 65 65 65 65 54 54 31027 114 0 0 291 1 30736 113 65 65 65 65 54 54 31027 114 0 0 291 1 30736 113 65 65 65 65 54 54 31027 114 0 0 291 1 30736 113
263 0 1000 0 0 1000 0 1000 65 65 65 65 55 55 0 0 0 0 0 0 0 0 65 65 65 65 55 55 0 0 0 0 0 0 0 0 65 65 65 65 55 55 0 0 0 0 0 0 0 0 65 65 65 65 55 55 0 0 0 0 0 0 0 0 65 65 65 65 55 55 0 0 0 0 0 0 0 0 65 65 65 65 55 55 0 0 0 0 0 0 0 0
264 0 1000 0 0 1000 0 1000 65 65 65 65 55 55 0 0 0 0 0 0 0 0 65 65 65 65 55 55 0 0 0 0 0 0 0 0 65 65 65 65 55 55 0 0 0 0 0 0 0 0 65 65 65 65 55 55 0 0 0 0 0 0 0 0 65 65 65 65 55 55 0 0 0 0 0 0 0 0 65 65 65 65 55 55 0 0 0 0 0 0 0 0
265 0 1000 0 0 1000 0 1000 65 65 65 65 55 55 166252 41 166252 41 0 0 0 0 65 65 65 65 55 55 166252 41 166252 41 0 0 0 0 65 65 65 65 55 55 166252 41 166252 41 0 0 0 0 65 65 65 65 55 55 166252 41 166252 41 0 0 0 0 65 65 65 65 55 55 166252 41 166252 41 0 0 0 0 65 65 65 65 55 55 166252 41 166252 41 0 0 0 0
266 0 1000 0 0 1000 0 1000 66 66 66 66 55 55 25315 93 0 0 291 1 25024 92 66 66 66 66 55 55 25315 93 0 0 291 1 25024 92 66 66 66 66 55 55 25315 93 0 0 291 1 25024 92 66 66 66 66 55 55 25315 93 0 0 291 1 25024 92 66 66 66 66 55 55 25315 93 0 0 291 1 25024 92 66 66 66 66 55 55 25315 93 0 0 291 1 25024 92
267 0 1000 0 0 1000 0 1000 66 66 66 66 56 56 0 0 0 0 0 0 0 0 66 66 66 66 56 56 0 0 0 0 0 0 0 0 66 66 66 66 56 56 0 0 0 0 0 0 0 0 66 66 66 66 56 56 0 0 0 0 0 0 0 0 66 66 66 66 56 56 0 0 0 0 0 0 0 0 66 66 66 66 56 56 0 0 0 0 0 0 0 0
268 0 1000 0 0 1000 0 1000 66 66 66 66 56 56 0 0 0 0 0 0 0 0 66 66 66 66 56 56 0 0 0 0 0 0 0 0 66 66 66 66 56 56 0 0 0 0 0 0 0 0 66 66 66 66 56 56 0 0 0 0 0 0 0 0 66 66 66 66 56 56 0 0 0 0 0 0 0 0 66 66 66 66 56 56 0 0 0 0 0 0 0 0
269 0 1000 0 0 1000 0 1000 66 66 66 66 56 56 169144 50 169144 50 0 0 0 0 66 66 66 66 56 56 169144 50 169144 50 0 0 0 0 66 66 66 66 56 56 169144 50 169144 50 0 0 0 0 66 66 66 66 56 56 169144 50 169144 50 0 0 0 0 66 66 66 66 56 56 169144 50 169144 50 0 0 0 0 66 66 66 66 56 56 169144 50 169144 50 0 0 0 0
270 0 1000 0 0 1000 0 1000 67 67 67 67 56 56 29939 110 0 0 291 1 29648 109 67 67 67 67 56 56 29939 110 0 0 291 1 29648 109 67 67 67 67 56 56 29939 110 0 0 291 1 29648 109 67 67 67 67 56 56 29939 110 0 0 291 1 29648 109 67 67 67 67 56 56 29939 110 0 0 291 1 29648 109 67 67 67 67 56 56 29939 110 0 0 291 1 29648 109
271 0 1000 0 0 1000 0 1000 67 67 67 67 57 57 0 0 0 0 0 0 0 0 67 67 67 67 57 57 0 0 0 0 0 0 0 0 67 67 67 67 57 57 0 0 0 0 0 0 0 0 67 67 67 67 57 57 0 0 0 0 0 0 0 0 67 67 67 67 57 57 0 0 0 0 0 0 0 0 67 67 67 67 57 57 0 0 0 0 0 0 0 0
272 0 1000 0 0 1000 0 1000 67 67 67 67 57 57 0 0 0 0 0 0 0 0 67 67 67 67 57 57 0 0 0 0 0 0 0 0 67 67 67 67 57 57 0 0 0 0 0 0 0 0 67 67 67 67 57 57 0 0 0 0 0 0 0 0 67 67 67 67 57 57 0 0 0 0 0 0 0 0 67 67 67 67 57 57 0 0 0 0 0 0 0 0
273 0 1000 0 0 1000 0 1000 67 67 67 67 57 57 184566 47 184566 47 0 0 0 0 67 67 67 67 57 57 184566 47 184566 47 0 0 0 0 67 67 67 67 57 57 184566 47 184566 47 0 0 0 0 67 67 67 67 57 57 184566 47 184566 47 0 0 0 0 67 67 67 67 57 57 184566 47 184566 47 0 0 0 0 67 67 67 67 57 57 184566 47 184566 47 0 0 0 0
274 0 1000 0 0 1000 0 1000 68 68 68 68 57 57 24770 91 0 0 290 1 24480 90 68 68 68 68 57 57 24770 91 0 0 290 1 24480 90 68 68 68 68 57 57 24770 91 0 0 290 1 24480 90 68 68 68 68 57 57 24770 91 0 0 290 1 24480 90 68 68 68 68 57 57 24770 91 0 0 290 1 24480 90 68 68 68 68 57 57 24770 91 0 0 290 1 24480 90
275 0 1000 0 0 1000 0 1000 68 68 68 68 58 58 0 0 0 0 0 0 0 0 68 68 68 68 58 58 0 0 0 0 0 0 0 0 68 68 68 68 58 58 0 0 0 0 0 0 0 0 68 68 68 68 58 58 0 0 0 0 0 0 0 0 68 68 68 68 58 58 0 0 0 0 0 0 0 0 68 68 68 68 58 58 0 0 0 0 0 0 0 0
276 0 1000 0 0 1000 0 1000 68 68 68 68 58 58 0 0 0 0 0 0 0 0 68 68 68 68 58 58 0 0 0 0 0 0 0 0 68 68 68 68 58 58 0 0 0 0 0 0 0 0 68 68 68 68 58 58 0 0 0 0 0 0 0 0 68 68 68 68 58 58 0 0 0 0 0 0 0 0 68 68 68 68 58 58 0 0 0 0 0 0 0 0
277 0 1000 0 0 1000 0 1000 68 68 68 68 58 58 185857 56 185857 56 0 0 0 0 68 68 68 68 58 58 185857 56 185857 56 0 0 0 0 68 68 68 68 58 58 185857 56 185857 56 0 0 0 0 68 68 68 68 58 58 185857 56 185857 56 0 0 0 0 68 68 68 68 58 58 185857 56 185857 56 0 0 0 0 68 68 68 68 58 58 185857 56 185857 56 0 0 0 0
278 0 1000 0 0 1000 0 1000 69 69 69 69 58 58 29939 110 0 0 291 1 29648 109 69 69 69 69 58 58 29939 110 0 0 291 1 29648 109 69 69 69 69 58 58 29939 110 0 0 291 1 29648 109 69 69 69 69 58 58 29939 110 0 0 291 1 29648 109 69 69 69 69 58 58 29939 110 0 0 291 1 29648 109 69 69 69 69 58 58 29939 110 0 0 291 1 29648 109
279 0 1000 0 0 1000 0 1000 69 69 69 69 59 59 0 0 0 0 0 0 0 0 69 69 69 69 59 59 0 0 0 0 0 0 0 0 69 69 69 69 59 59 0 0 0 0 0 0 0 0 69 69 69 69 59 59 0 0 0 0 0 0 0 0 69 69 69 69 59 59 0 0 0 0 0 0 0 0 69 69 69 69 59 59 0 0 0 0 0 0 0 0
280 0 1000 0 0 1000 0 1000 69 69 69 69 59 59 0 0 0 0 0 0 0 0 69 69 69 69 59 59 0 0 0 0 0 0 0 0 69 69 69 69 59 59 0 0 0 0 0 0 0 0 69 69 69 69 59 59 0 0 0 0 0 0 0 0 69 69 69 69 59 59 0 0 0 0 0 0 0 0 69 69 69 69 59 59 0 0 0 0 0 0 0 0
281 0 1000 0 0 1000 0 1000 69 69 69 69 59 59 188495 48 188495 48 0 0 0 0 69 69 69 69 59 59 188495 48 188495 48 0 0 0 0 69 69 69 69 59 59 188495 48 188495 48 0 0 0 0 69 69 69 69 59 59 188495 48 188495 48 0 0 0 0 69 69 69 69 59 59 188495 48 188495 48 0 0 0 0 69 69 69 69 59 59 188495 48 188495 48 0 0 0 0
282 0 1000 0 0 1000 0 1000 70 70 70 70 59 59 26403 97 0 0 291 1 26112 96 70 70 70 70 59 59 26403 97 0 0 291 1 26112 96 70 70 70 70 59 59 26403 97 0 0 291 1 26112 96 70 70 70 70 59 59 26403 97 0 0 291 1 26112 96 70 70 70 70 59 59 26403 97 0 0 291 1 26112 96 70 70 70 70 59 59 26403 97 0 0 291 1 26112 96
283 0 1000 0 0 1000 0 1000 70 70 70 70 60 60 0 0 0 0 0 0 0 0 70 70 70 70 60 60 0 0 0 0 0 0 0 0 70 70 70 70 60 60 0 0 0 0 0 0 0 0 70 70 70 70 60 60 0 0 0 0 0 0 0 0 70 70 70 70 60 60 0 0 0 0 0 0 0 0 70 70 70 70 60 60 0 0 0 0 0 0 0 0
284 0 1000 0 0 1000 0 1000 70 70 70 70 60 60 0 0 0 0 0 0 0 0 70 70 70 70 60 60 0 0 0 0 0 0 0 0 70 70 70 70 60 60 0 0 0 0 0 0 0 0 70 70 70 70 60 60 0 0 0 0 0 0 0 0 70 70 70 70 60 60 0 0 0 0 0 0 0 0 70 70 70 70 60 60 0 0 0 0 0 0 0 0
285 0 1000 0 0 1000 0 1000 70 70 70 70 60 60 200125 57 200125 57 0 0 0 0 70 70 70 70 60 60 200125 57 200125 57 0 0 0 0 70 70 70 70 60 60 200125 57 200125 57 0 0 0 0 70 70 70 70 60 60 200125 57 200125 57 0 0 0 0 70 70 70 70 60 60 200125 57 200125 57 0 0 0 0 70 70 70 70 60 60 200125 57 200125 57 0 0 0 0
286 0 1000 0 0 1000 0 1000 71 71 71 71 60 60 26675 98 0 0 291 1 26384 97 71 71 71 71 60 60 26675 98 0 0 291 1 26384 97 71 71 71 71 60 60 26675 98 0 0 291 1 26384 97 71 71 71 71 60 60 26675 98 0 0 291 1 26384 97 71 71 71 71 60 60 26675 98 0 0 291 1 26384 97 71 71 71 71 60 60 26675 98 0 0 291 1 26384 97
287 0 1000 0 0 1000 0 1000 71 71 71 71 61 61 0 0 0 0 0 0 0 0 71 71 71 71 61 61 0 0 0 0 0 0 0 0 71 71 71 71 61 61 0 0 0 0 0 0 0 0 71 71 71 71 61 61 0 0 0 0 0 0 0 0 71 71 71 71 61 61 0 0 0 0 0 0 0 0 71 71 71 71 61 61 0 0 0 0 0 0 0 0
288 0 1000 0 0 1000 0 1000 71 71 71 71 61 61 0 0 0 0 0 0 0 0 71 71 71 71 61 61 0 0 0 0 0 0 0 0 71 71 71 71 61 61 0 0 0 0 0 0 0 0 71 71 71 71 61 61 0 0 0 0 0 0 0 0 71 71 71 71 61 61 0 0 0 0 0 0 0 0 71 71 71 71 61 61 0 0 0 0 0 0 0 0
289 0 1000 0 0 1000 0 1000 71 71 71 71 61 61 152342 43 152342 43 0 0 0 0 71 71 71 71 61 61 152342 43 152342 43 0 0 0 0 71 71 71 71 61 61 152342 43 152342 43 0 0 0 0 71 71 71 71 61 61 152342 43 152342 43 0 0 0 0 71 71 71 71 61 61 152342 43 152342 43 0 0 0 0 71 71 71 71 61 61 152342 43 152342 43 0 0 0 0
290 0 1000 0 0 1000 0 1000 72 72 72 72 61 61 29394 108 0 0 290 1 29104 107 72 72 72 72 61 61 29394 108 0 0 290 1 29104 107 72 72 72 72 61 61 29394 108 0 0 290 1 29104 107 72 72 72 72 61 61 29394 108 0 0 290 1 29104 107 72 72 72 72 61 61 29394 108 0 0 290 1 29104 107 72 72 72 72 61 61 29394 108 0 0 290 1 29104 107
291 0 1000 0 0 1000 0 1000 72 72 72 72 62 62 0 0 0 0 0 0 0 0 72 72 72 72 62 62 0 0 0 0 0 0 0 0 72 72 72 72 62 62 0 0 0 0 0 0 0 0 72 72 72 72 62 62 0 0 0 0 0 0 0 0 72 72 72 72 62 62 0 0 0 0 0 0 0 0 72 72 72 72 62 62 0 0 0 0 0 0 0 0
292 0 1000 0 0 1000 0 1000 72 72 72 72 62 62 0 0 0 0 0 0 0 0 72 72 72 72 62 62 0 0 0 0 0 0 0 0 72 72 72 72 62 62 0 0 0 0 0 0 0 0 72 72 72 72 62 62 0 0 0 0 0 0 0 0 72 72 72 72 62 62 0 0 0 0 0 0 0 0 72 72 72 72 62 62 0 0 0 0 0 0 0 0
293 0 1000 0 0 1000 0 1000 72 72 72 72 62 62 227908 59 227908 59 0 0 0 0 72 72 72 72 62 62 227908 59 227908 59 0 0 0 0 72 72 72 72 62 62 227908 59 227908 59 0 0 0 0 72 72 72 72 62 62 227908 59 227908 59 0 0 0 0 72 72 72 72 62 62 227908 59 227908 59 0 0 0 0 72 72 72 72 62 62 227908 59 227908 59 0 0 0 0
294 0 1000 0 0 1000 0 1000 73 73 73 73 62 62 31842 117 0 0 290 1 31552 116 73 73 73 73 62 62 31842 117 0 0 290 1 31552 116 73 73 73 73 62 62 31842 117 0 0 290 1 31552 116 73 73 73 73 62 62 31842 117 0 0 290 1 31552 116 73 73 73 73 62 62 31842 117 0 0 290 1 31552 116 73 73 73 73 62 62 31842 117 0 0 290 1 31552 116
295 0 1000 0 0 1000 0 1000 73 73 73 73 63 63 0 0 0 0 0 0 0 0 73 73 73 73 63 63 0 0 0 0 0 0 0 0 73 73 73 73 63 63 0 0 0 0 0 0 0 0 73 73 73 73 63 63 0 0 0 0 0 0 0 0 73 73 73 73 63 63 0 0 0 0 0 0 0 0 73 73 73 73 63 63 0 0 0 0 0 0 0 0
296 0 1000 0 0 1000 0 1000 73 73 73 73 63 63 0 0 0 0 0 0 0 0 73 73 73 73 63 63 0 0 0 0 0 0 0 0 73 73 73 73 63 63 0 0 0 0 0 0 0 0 73 73 73 73 63 63 0 0 0 0 0 0 0 0 73 73 73 73 63 63 0 0 0 0 0 0 0 0 73 73 73 73 63 63 0 0 0 0 0 0 0 0
297 0 1000 0 0 1000 0 1000 73 73 73 73 63 63 211693 51 211693 51 0 0 0 0 73 73 73 73 63 63 211693 51 211693 51 0 0 0 0 73 73 73 73 63 63 211693 51 211693 51 0 0 0 0 73 73 73 73 63 63 211693 51 211693 51 0 0 0 0 73 73 73 73 63 63 211693 51 211693 51 0 0 0 0 73 73 73 73 63 63 211693 51 211693 51 0 0 0 0
298 0 1000 0 0 1000 0 1000 74 74 74 74 63 63 27491 101 0 0 291 1 27200 100 74 74 74 74 63 63 27491 101 0 0 291 1 27200 100 74 74 74 74 63 63 27491 101 0 0 291 1 27200 100 74 74 74 74 63 63 27491 101 0 0 291 1 27200 100 74 74 74 74 63 63 27491 101 0 0 291 1 27200 100 74 74 74 74 63 63 27491 101 0 0 291 1 27200 100
299 0 1000 0 0 1000 0 1000 74 74 74 74 64 64 0 0 0 0 0 0 0 0 74 74 74 74 64 64 0 0 0 0 0 0 0 0 74 74 74 74 64 64 0 0 0 0 0 0 0 0 74 74 74 74 64 64 0 0 0 0 0 0 0 0 74 74 74 74 64 64 0 0 0 0 0 0 0 0 74 74 74 74 64 64 0 0 0 0 0 0 0 0
300 0 1000 0 0 1000 0 1000 74 74 74 74 64 64 0 0 0 0 0 0 0 0 74 74 74 74 64 64 0 0 0 0 0 0 0 0 74 74 74 74 64 64 0 0 0 0 0 0 0 0 74 74 74 74 64 64 0 0 0 0 0 0 0 0 74 74 74 74 64 64 0 0 0 0 0 0 0 0 74 74 74 74 64 64 0 0 0 0 0 0 0 0
301 0 1000 0 0 1000 0 1000 74 74 74 74 64 64 218333 60 218333 60 0 0 0 0 74 74 74 74 64 64 218333 60 218333 60 0 0 0 0 74 74 74 74 64 64 218333 60 218333 60 0 0 0 0 74 74 74 74 64 64 218333 60 218333 60 0 0 0 0 74 74 74 74 64 64 218333 60 218333 60 0 0 0 0 74 74 74 74 64 64 218333 60 218333 60 0 0 0 0
302 0 1000 0 0 1000 0 1000 75 75 75 75 64 64 25315 93 0 0 291 1 25024 92 75 75 75 75 64 64 25315 93 0 0 291 1 25024 92 75 75 75 75 64 64 25315 93 0 0 291 1 25024 92 75 75 75 75 64 64 25315 93 0 0 291 1 25024 92 75 75 75 75 64 64 25315 93 0 0 291 1 25024 92 75 75 75 75 64 64 25315 93 0 0 291 1 25024 92
303 0 1000 0 0 1000 0 1000 75 75 75 75 65 65 0 0 0 0 0 0 0 0 75 75 75 75 65 65 0 0 0 0 0 0 0 0 75 75 75 75 65 65 0 0 0 0 0 0 0 0 75 75 75 75 65 65 0 0 0 0 0 0 0 0 75 75 75 75 65 65 0 0 0 0 0 0 0 0 75 75 75 75 65 65 0 0 0 0 0 0 0 0
