r n_asleep n_awake n_honest_asleep n_honest_dreamy n_honest_awake n_adversary n_all party0_ledger_best_length party0_ledger_best_age party0_ledger_fast_length party0_ledger_fast_age party0_ledger_slow_length party0_ledger_slow_age party0_comms_all_size party0_comms_all_count party0_comms_proposal_size party0_comms_proposal_count party0_comms_piece_block_size party0_comms_piece_block_count party0_comms_piece_vote_size party0_comms_piece_vote_count party1_ledger_best_length party1_ledger_best_age party1_ledger_fast_length party1_ledger_fast_age party1_ledger_slow_length party1_ledger_slow_age party1_comms_all_size party1_comms_all_count party1_comms_proposal_size party1_comms_proposal_count party1_comms_piece_block_size party1_comms_piece_block_count party1_comms_piece_vote_size party1_comms_piece_vote_count party2_ledger_best_length party2_ledger_best_age party2_ledger_fast_length party2_ledger_fast_age party2_ledger_slow_length party2_ledger_slow_age party2_comms_all_size party2_comms_all_count party2_comms_proposal_size party2_comms_proposal_count party2_comms_piece_block_size party2_comms_piece_block_count party2_comms_piece_vote_size party2_comms_piece_vote_count party3_ledger_best_length party3_ledger_best_age party3_ledger_fast_length party3_ledger_fast_age party3_ledger_slow_length party3_ledger_slow_age party3_comms_all_size party3_comms_all_count party3_comms_proposal_size party3_comms_proposal_count party3_comms_piece_block_size party3_comms_piece_block_count party3_comms_piece_vote_size party3_comms_piece_vote_count party4_ledger_best_length party4_ledger_best_age party4_ledger_fast_length party4_ledger_fast_age party4_ledger_slow_length party4_ledger_slow_age party4_comms_all_size party4_comms_all_count party4_comms_proposal_size party4_comms_proposal_count party4_comms_piece_block_size party4_comms_piece_block_count party4_comms_piece_vote_size party4_comms_piece_vote_count partyALWAYSAWAKE_ledger_best_length partyALWAYSAWAKE_ledger_best_age partyALWAYSAWAKE_ledger_fast_length partyALWAYSAWAKE_ledger_fast_age partyALWAYSAWAKE_ledger_slow_length partyALWAYSAWAKE_ledger_slow_age partyALWAYSAWAKE_comms_all_size partyALWAYSAWAKE_comms_all_count partyALWAYSAWAKE_comms_proposal_size partyALWAYSAWAKE_comms_proposal_count partyALWAYSAWAKE_comms_piece_block_size partyALWAYSAWAKE_comms_piece_block_count partyALWAYSAWAKE_comms_piece_vote_size partyALWAYSAWAKE_comms_piece_vote_count
4 0 1000 0 0 1000 0 1000 0 0 0 0 0 0 0 0 0 0 0 0 0 0 0 0 0 0 0 0 0 0 0 0 0 0 0 0 0 0 0 0 0 0 0 0 0 0 0 0 0 0 0 0 0 0 0 0 0 0 0 0 0 0 0 0 0 0 0 0 0 0 0 0 0 0 0 0 0 0 0 0 0 0 0 0 0 0 0 0 0 0 0 0
5 0 1000 0 0 1000 0 1000 0 0 0 0 0 0 9634 22 9634 22 0 0 0 0 0 0 0 0 0 0 9634 22 9634 22 0 0 0 0 0 0 0 0 0 0 9634 22 9634 22 0 0 0 0 0 0 0 0 0 0 9634 22 9634 22 0 0 0 0 0 0 0 0 0 0 9634 22 9634 22 0 0 0 0 0 0 0 0 0 0 9634 22 9634 22 0 0 0 0
6 0 1000 0 0 1000 0 1000 1 1 1 1 0 0 27217 100 0 0 289 1 26928 99 1 1 1 1 0 0 27217 100 0 0 289 1 26928 99 1 1 1 1 0 0 27217 100 0 0 289 1 26928 99 1 1 1 1 0 0 27217 100 0 0 289 1 26928 99 1 1 1 1 0 0 27217 100 0 0 289 1 26928 99 1 1 1 1 0 0 27217 100 0 0 289 1 26928 99
7 0 1000 0 0 1000 0 1000 1 1 1 1 0 0 0 0 0 0 0 0 0 0 1 1 1 1 0 0 0 0 0 0 0 0 0 0 1 1 1 1 0 0 0 0 0 0 0 0 0 0 1 1 1 1 0 0 0 0 0 0 0 0 0 0 1 1 1 1 0 0 0 0 0 0 0 0 0 0 1 1 1 1 0 0 0 0 0 0 0 0 0 0
8 0 1000 0 0 1000 0 1000 1 1 1 1 0 0 0 0 0 0 0 0 0 0 1 1 1 1 0 0 0 0 0 0 0 0 0 0 1 1 1 1 0 0 0 0 0 0 0 0 0 0 1 1 1 1 0 0 0 0 0 0 0 0 0 0 1 1 1 1 0 0 0 0 0 0 0 0 0 0 1 1 1 1 0 0 0 0 0 0 0 0 0 0
9 0 1000 0 0 1000 0 1000 1 1 1 1 0 0 82936 23 82936 23 0 0 0 0 1 1 1 1 0 0 82936 23 82936 23 0 0 0 0 1 1 1 1 0 0 82936 23 82936 23 0 0 0 0 1 1 1 1 0 0 82936 23 82936 23 0 0 0 0 1 1 1 1 0 0 82936 23 82936 23 0 0 0 0 1 1 1 1 0 0 82936 23 82936 23 0 0 0 0
10 0 1000 0 0 1000 0 1000 2 2 2 2 0 0 31298 115 0 0 290 1 31008 114 2 2 2 2 0 0 31298 115 0 0 290 1 31008 114 2 2 2 2 0 0 31298 115 0 0 290 1 31008 114 2 2 2 2 0 0 31298 115 0 0 290 1 31008 114 2 2 2 2 0 0 31298 115 0 0 290 1 31008 114 2 2 2 2 0 0 31298 115 0 0 290 1 31008 114
11 0 1000 0 0 1000 0 1000 2 2 2 2 0 0 0 0 0 0 0 0 0 0 2 2 2 2 0 0 0 0 0 0 0 0 0 0 2 2 2 2 0 0 0 0 0 0 0 0 0 0 2 2 2 2 0 0 0 0 0 0 0 0 0 0 2 2 2 2 0 0 0 0 0 0 0 0 0 0 2 2 2 2 0 0 0 0 0 0 0 0 0 0
12 0 1000 0 0 1000 0 1000 2 2 2 2 0 0 0 0 0 0 0 0 0 0 2 2 2 2 0 0 0 0 0 0 0 0 0 0 2 2 2 2 0 0 0 0 0 0 0 0 0 0 2 2 2 2 0 0 0 0 0 0 0 0 0 0 2 2 2 2 0 0 0 0 0 0 0 0 0 0 2 2 2 2 0 0 0 0 0 0 0 0 0 0
13 0 1000 0 0 1000 0 1000 2 2 2 2 0 0 93976 23 93976 23 0 0 0 0 2 2 2 2 0 0 93976 23 93976 23 0 0 0 0 2 2 2 2 0 0 93976 23 93976 23 0 0 0 0 2 2 2 2 0 0 93976 23 93976 23 0 0 0 0 2 2 2 2 0 0 93976 23 93976 23 0 0 0 0 2 2 2 2 0 0 93976 23 93976 23 0 0 0 0
14 0 1000 0 0 1000 0 1000 3 3 3 3 0 0 31026 114 0 0 290 1 30736 113 3 3 3 3 0 0 31026 114 0 0 290 1 30736 113 3 3 3 3 0 0 31026 114 0 0 290 1 30736 113 3 3 3 3 0 0 31026 114 0 0 290 1 30736 113 3 3 3 3 0 0 31026 114 0 0 290 1 30736 113 3 3 3 3 0 0 31026 114 0 0 290 1 30736 113
15 0 1000 0 0 1000 0 1000 3 3 3 3 0 0 0 0 0 0 0 0 0 0 3 3 3 3 0 0 0 0 0 0 0 0 0 0 3 3 3 3 0 0 0 0 0 0 0 0 0 0 3 3 3 3 0 0 0 0 0 0 0 0 0 0 3 3 3 3 0 0 0 0 0 0 0 0 0 0 3 3 3 3 0 0 0 0 0 0 0 0 0 0
16 0 1000 0 0 1000 0 1000 3 3 3 3 0 0 0 0 0 0 0 0 0 0 3 3 3 3 0 0 0 0 0 0 0 0 0 0 3 3 3 3 0 0 0 0 0 0 0 0 0 0 3 3 3 3 0 0 0 0 0 0 0 0 0 0 3 3 3 3 0 0 0 0 0 0 0 0 0 0 3 3 3 3 0 0 0 0 0 0 0 0 0 0
17 0 1000 0 0 1000 0 1000 3 3 3 3 0 0 68917 17 68917 17 0 0 0 0 3 3 3 3 0 0 68917 17 68917 17 0 0 0 0 3 3 3 3 0 0 68917 17 68917 17 0 0 0 0 3 3 3 3 0 0 68917 17 68917 17 0 0 0 0 3 3 3 3 0 0 68917 17 68917 17 0 0 0 0 3 3 3 3 0 0 68917 17 68917 17 0 0 0 0
18 0 1000 0 0 1000 0 1000 4 4 4 4 0 0 23410 86 0 0 290 1 23120 85 4 4 4 4 0 0 23410 86 0 0 290 1 23120 85 4 4 4 4 0 0 23410 86 0 0 290 1 23120 85 4 4 4 4 0 0 23410 86 0 0 290 1 23120 85 4 4 4 4 0 0 23410 86 0 0 290 1 23120 85 4 4 4 4 0 0 23410 86 0 0 290 1 23120 85
19 0 1000 0 0 1000 0 1000 4 4 4 4 0 0 0 0 0 0 0 0 0 0 4 4 4 4 0 0 0 0 0 0 0 0 0 0 4 4 4 4 0 0 0 0 0 0 0 0 0 0 4 4 4 4 0 0 0 0 0 0 0 0 0 0 4 4 4 4 0 0 0 0 0 0 0 0 0 0 4 4 4 4 0 0 0 0 0 0 0 0 0 0
20 0 1000 0 0 1000 0 1000 4 4 4 4 0 0 0 0 0 0 0 0 0 0 4 4 4 4 0 0 0 0 0 0 0 0 0 0 4 4 4 4 0 0 0 0 0 0 0 0 0 0 4 4 4 4 0 0 0 0 0 0 0 0 0 0 4 4 4 4 0 0 0 0 0 0 0 0 0 0 4 4 4 4 0 0 0 0 0 0 0 0 0 0
21 0 1000 0 0 1000 0 1000 4 4 4 4 0 0 66315 21 66315 21 0 0 0 0 4 4 4 4 0 0 66315 21 66315 21 0 0 0 0 4 4 4 4 0 0 66315 21 66315 21 0 0 0 0 4 4 4 4 0 0 66315 21 66315 21 0 0 0 0 4 4 4 4 0 0 66315 21 66315 21 0 0 0 0 4 4 4 4 0 0 66315 21 66315 21 0 0 0 0
22 0 1000 0 0 1000 0 1000 5 5 5 5 0 0 24770 91 0 0 290 1 24480 90 5 5 5 5 0 0 24770 91 0 0 290 1 24480 90 5 5 5 5 0 0 24770 91 0 0 290 1 24480 90 5 5 5 5 0 0 24770 91 0 0 290 1 24480 90 5 5 5 5 0 0 24770 91 0 0 290 1 24480 90 5 5 5 5 0 0 24770 91 0 0 290 1 24480 90
23 0 1000 0 0 1000 0 1000 5 5 5 5 0 0 0 0 0 0 0 0 0 0 5 5 5 5 0 0 0 0 0 0 0 0 0 0 5 5 5 5 0 0 0 0 0 0 0 0 0 0 5 5 5 5 0 0 0 0 0 0 0 0 0 0 5 5 5 5 0 0 0 0 0 0 0 0 0 0 5 5 5 5 0 0 0 0 0 0 0 0 0 0
24 0 1000 0 0 1000 0 1000 5 5 5 5 0 0 0 0 0 0 0 0 0 0 5 5 5 5 0 0 0 0 0 0 0 0 0 0 5 5 5 5 0 0 0 0 0 0 0 0 0 0 5 5 5 5 0 0 0 0 0 0 0 0 0 0 5 5 5 5 0 0 0 0 0 0 0 0 0 0 5 5 5 5 0 0 0 0 0 0 0 0 0 0
25 0 1000 0 0 1000 0 1000 5 5 5 5 0 0 112808 34 112808 34 0 0 0 0 5 5 5 5 0 0 112808 34 112808 34 0 0 0 0 5 5 5 5 0 0 112808 34 112808 34 0 0 0 0 5 5 5 5 0 0 112808 34 112808 34 0 0 0 0 5 5 5 5 0 0 112808 34 112808 34 0 0 0 0 5 5 5 5 0 0 112808 34 112808 34 0 0 0 0
26 0 1000 0 0 1000 0 1000 6 6 6 6 0 0 31570 116 0 0 290 1 31280 115 6 6 6 6 0 0 31570 116 0 0 290 1 31280 115 6 6 6 6 0 0 31570 116 0 0 290 1 31280 115 6 6 6 6 0 0 31570 116 0 0 290 1 31280 115 6 6 6 6 0 0 31570 116 0 0 290 1 31280 115 6 6 6 6 0 0 31570 116 0 0 290 1 31280 115
27 0 1000 0 0 1000 0 1000 6 6 6 6 0 0 0 0 0 0 0 0 0 0 6 6 6 6 0 0 0 0 0 0 0 0 0 0 6 6 6 6 0 0 0 0 0 0 0 0 0 0 6 6 6 6 0 0 0 0 0 0 0 0 0 0 6 6 6 6 0 0 0 0 0 0 0 0 0 0 6 6 6 6 0 0 0 0 0 0 0 0 0 0
28 0 1000 0 0 1000 0 1000 6 6 6 6 0 0 0 0 0 0 0 0 0 0 6 6 6 6 0 0 0 0 0 0 0 0 0 0 6 6 6 6 0 0 0 0 0 0 0 0 0 0 6 6 6 6 0 0 0 0 0 0 0 0 0 0 6 6 6 6 0 0 0 0 0 0 0 0 0 0 6 6 6 6 0 0 0 0 0 0 0 0 0 0
29 0 1000 0 0 1000 0 1000 6 6 6 6 0 0 78237 19 78237 19 0 0 0 0 6 6 6 6 0 0 78237 19 78237 19 0 0 0 0 6 6 6 6 0 0 78237 19 78237 19 0 0 0 0 6 6 6 6 0 0 78237 19 78237 19 0 0 0 0 6 6 6 6 0 0 78237 19 78237 19 0 0 0 0 6 6 6 6 0 0 78237 19 78237 19 0 0 0 0
30 0 1000 0 0 1000 0 1000 7 7 7 7 0 0 21778 80 0 0 290 1 21488 79 7 7 7 7 0 0 21778 80 0 0 290 1 21488 79 7 7 7 7 0 0 21778 80 0 0 290 1 21488 79 7 7 7 7 0 0 21778 80 0 0 290 1 21488 79 7 7 7 7 0 0 21778 80 0 0 290 1 21488 79 7 7 7 7 0 0 21778 80 0 0 290 1 21488 79
31 0 1000 0 0 1000 0 1000 7 7 7 7 0 0 0 0 0 0 0 0 0 0 7 7 7 7 0 0 0 0 0 0 0 0 0 0 7 7 7 7 0 0 0 0 0 0 0 0 0 0 7 7 7 7 0 0 0 0 0 0 0 0 0 0 7 7 7 7 0 0 0 0 0 0 0 0 0 0 7 7 7 7 0 0 0 0 0 0 0 0 0 0
32 0 1000 0 0 1000 0 1000 7 7 7 7 0 0 0 0 0 0 0 0 0 0 7 7 7 7 0 0 0 0 0 0 0 0 0 0 7 7 7 7 0 0 0 0 0 0 0 0 0 0 7 7 7 7 0 0 0 0 0 0 0 0 0 0 7 7 7 7 0 0 0 0 0 0 0 0 0 0 7 7 7 7 0 0 0 0 0 0 0 0 0 0
33 0 1000 0 0 1000 0 1000 7 7 7 7 0 0 59320 20 59320 20 0 0 0 0 7 7 7 7 0 0 59320 20 59320 20 0 0 0 0 7 7 7 7 0 0 59320 20 59320 20 0 0 0 0 7 7 7 7 0 0 59320 20 59320 20 0 0 0 0 7 7 7 7 0 0 59320 20 59320 20 0 0 0 0 7 7 7 7 0 0 59320 20 59320 20 0 0 0 0
34 0 1000 0 0 1000 0 1000 8 8 8 8 0 0 32114 118 0 0 290 1 31824 117 8 8 8 8 0 0 32114 118 0 0 290 1 31824 117 8 8 8 8 0 0 32114 118 0 0 290 1 31824 117 8 8 8 8 0 0 32114 118 0 0 290 1 31824 117 8 8 8 8 0 0 32114 118 0 0 290 1 31824 117 8 8 8 8 0 0 32114 118 0 0 290 1 31824 117
35 0 1000 0 0 1000 0 1000 8 8 8 8 0 0 0 0 0 0 0 0 0 0 8 8 8 8 0 0 0 0 0 0 0 0 0 0 8 8 8 8 0 0 0 0 0 0 0 0 0 0 8 8 8 8 0 0 0 0 0 0 0 0 0 0 8 8 8 8 0 0 0 0 0 0 0 0 0 0 8 8 8 8 0 0 0 0 0 0 0 0 0 0
36 0 1000 0 0 1000 0 1000 8 8 8 8 0 0 0 0 0 0 0 0 0 0 8 8 8 8 0 0 0 0 0 0 0 0 0 0 8 8 8 8 0 0 0 0 0 0 0 0 0 0 8 8 8 8 0 0 0 0 0 0 0 0 0 0 8 8 8 8 0 0 0 0 0 0 0 0 0 0 8 8 8 8 0 0 0 0 0 0 0 0 0 0
37 0 1000 0 0 1000 0 1000 8 8 8 8 0 0 108731 26 108731 26 0 0 0 0 8 8 8 8 0 0 108731 26 108731 26 0 0 0 0 8 8 8 8 0 0 108731 26 108731 26 0 0 0 0 8 8 8 8 0 0 108731 26 108731 26 0 0 0 0 8 8 8 8 0 0 108731 26 108731 26 0 0 0 0 8 8 8 8 0 0 108731 26 108731 26 0 0 0 0
38 0 1000 0 0 1000 0 1000 9 9 9 9 0 0 24226 89 0 0 290 1 23936 88 9 9 9 9 0 0 24226 89 0 0 290 1 23936 88 9 9 9 9 0 0 24226 89 0 0 290 1 23936 88 9 9 9 9 0 0 24226 89 0 0 290 1 23936 88 9 9 9 9 0 0 24226 89 0 0 290 1 23936 88 9 9 9 9 0 0 24226 89 0 0 290 1 23936 88
39 0 1000 0 0 1000 0 1000 9 9 9 9 0 0 0 0 0 0 0 0 0 0 9 9 9 9 0 0 0 0 0 0 0 0 0 0 9 9 9 9 0 0 0 0 0 0 0 0 0 0 9 9 9 9 0 0 0 0 0 0 0 0 0 0 9 9 9 9 0 0 0 0 0 0 0 0 0 0 9 9 9 9 0 0 0 0 0 0 0 0 0 0
40 0 1000 0 0 1000 0 1000 9 9 9 9 0 0 0 0 0 0 0 0 0 0 9 9 9 9 0 0 0 0 0 0 0 0 0 0 9 9 9 9 0 0 0 0 0 0 0 0 0 0 9 9 9 9 0 0 0 0 0 0 0 0 0 0 9 9 9 9 0 0 0 0 0 0 0 0 0 0 9 9 9 9 0 0 0 0 0 0 0 0 0 0
41 0 1000 0 0 1000 0 1000 9 9 9 9 0 0 87882 27 87882 27 0 0 0 0 9 9 9 9 0 0 87882 27 87882 27 0 0 0 0 9 9 9 9 0 0 87882 27 87882 27 0 0 0 0 9 9 9 9 0 0 87882 27 87882 27 0 0 0 0 9 9 9 9 0 0 87882 27 87882 27 0 0 0 0 9 9 9 9 0 0 87882 27 87882 27 0 0 0 0
42 0 1000 0 0 1000 0 1000 10 10 10 10 0 0 26947 99 0 0 291 1 26656 98 10 10 10 10 0 0 26947 99 0 0 291 1 26656 98 10 10 10 10 0 0 26947 99 0 0 291 1 26656 98 10 10 10 10 0 0 26947 99 0 0 291 1 26656 98 10 10 10 10 0 0 26947 99 0 0 291 1 26656 98 10 10 10 10 0 0 26947 99 0 0 291 1 26656 98
43 0 1000 0 0 1000 0 1000 10 10 10 10 0 0 0 0 0 0 0 0 0 0 10 10 10 10 0 0 0 0 0 0 0 0 0 0 10 10 10 10 0 0 0 0 0 0 0 0 0 0 10 10 10 10 0 0 0 0 0 0 0 0 0 0 10 10 10 10 0 0 0 0 0 0 0 0 0 0 10 10 10 10 0 0 0 0 0 0 0 0 0 0
44 0 1000 0 0 1000 0 1000 10 10 10 10 0 0 0 0 0 0 0 0 0 0 10 10 10 10 0 0 0 0 0 0 0 0 0 0 10 10 10 10 0 0 0 0 0 0 0 0 0 0 10 10 10 10 0 0 0 0 0 0 0 0 0 0 10 10 10 10 0 0 0 0 0 0 0 0 0 0 10 10 10 10 0 0 0 0 0 0 0 0 0 0
45 0 1000 0 0 1000 0 1000 10 10 10 10 0 0 89374 25 89374 25 0 0 0 0 10 10 10 10 0 0 89374 25 89374 25 0 0 0 0 10 10 10 10 0 0 89374 25 89374 25 0 0 0 0 10 10 10 10 0 0 89374 25 89374 25 0 0 0 0 10 10 10 10 0 0 89374 25 89374 25 0 0 0 0 10 10 10 10 0 0 89374 25 89374 25 0 0 0 0
46 0 1000 0 0 1000 0 1000 11 11 11 11 0 0 24771 91 0 0 291 1 24480 90 11 11 11 11 0 0 24771 91 0 0 291 1 24480 90 11 11 11 11 0 0 24771 91 0 0 291 1 24480 90 11 11 11 11 0 0 24771 91 0 0 291 1 24480 90 11 11 11 11 0 0 24771 91 0 0 291 1 24480 90 11 11 11 11 0 0 24771 91 0 0 291 1 24480 90
47 0 1000 0 0 1000 0 1000 11 11 11 11 1 1 0 0 0 0 0 0 0 0 11 11 11 11 1 1 0 0 0 0 0 0 0 0 11 11 11 11 1 1 0 0 0 0 0 0 0 0 11 11 11 11 1 1 0 0 0 0 0 0 0 0 11 11 11 11 1 1 0 0 0 0 0 0 0 0 11 11 11 11 1 1 0 0 0 0 0 0 0 0
48 0 1000 0 0 1000 0 1000 11 11 11 11 1 1 0 0 0 0 0 0 0 0 11 11 11 11 1 1 0 0 0 0 0 0 0 0 11 11 11 11 1 1 0 0 0 0 0 0 0 0 11 11 11 11 1 1 0 0 0 0 0 0 0 0 11 11 11 11 1 1 0 0 0 0 0 0 0 0 11 11 11 11 1 1 0 0 0 0 0 0 0 0
49 0 1000 0 0 1000 0 1000 11 11 11 11 1 1 76335 23 76335 23 0 0 0 0 11 11 11 11 1 1 76335 23 76335 23 0 0 0 0 11 11 11 11 1 1 76335 23 76335 23 0 0 0 0 11 11 11 11 1 1 76335 23 76335 23 0 0 0 0 11 11 11 11 1 1 76335 23 76335 23 0 0 0 0 11 11 11 11 1 1 76335 23 76335 23 0 0 0 0
50 0 1000 0 0 1000 0 1000 12 12 12 12 1 1 27219 100 0 0 291 1 26928 99 12 12 12 12 1 1 27219 100 0 0 291 1 26928 99 12 12 12 12 1 1 27219 100 0 0 291 1 26928 99 12 12 12 12 1 1 27219 100 0 0 291 1 26928 99 12 12 12 12 1 1 27219 100 0 0 291 1 26928 99 12 12 12 12 1 1 27219 100 0 0 291 1 26928 99
51 0 1000 0 0 1000 0 1000 12 12 12 12 2 2 0 0 0 0 0 0 0 0 12 12 12 12 2 2 0 0 0 0 0 0 0 0 12 12 12 12 2 2 0 0 0 0 0 0 0 0 12 12 12 12 2 2 0 0 0 0 0 0 0 0 12 12 12 12 2 2 0 0 0 0 0 0 0 0 12 12 12 12 2 2 0 0 0 0 0 0 0 0
52 0 1000 0 0 1000 0 1000 12 12 12 12 2 2 0 0 0 0 0 0 0 0 12 12 12 12 2 2 0 0 0 0 0 0 0 0 12 12 12 12 2 2 0 0 0 0 0 0 0 0 12 12 12 12 2 2 0 0 0 0 0 0 0 0 12 12 12 12 2 2 0 0 0 0 0 0 0 0 12 12 12 12 2 2 0 0 0 0 0 0 0 0
53 0 1000 0 0 1000 0 1000 12 12 12 12 2 2 100990 28 100990 28 0 0 0 0 12 12 12 12 2 2 100990 28 100990 28 0 0 0 0 12 12 12 12 2 2 100990 28 100990 28 0 0 0 0 12 12 12 12 2 2 100990 28 100990 28 0 0 0 0 12 12 12 12 2 2 100990 28 100990 28 0 0 0 0 12 12 12 12 2 2 100990 28 100990 28 0 0 0 0
54 0 1000 0 0 1000 0 1000 13 13 13 13 2 2 27763 102 0 0 291 1 27472 101 13 13 13 13 2 2 27763 102 0 0 291 1 27472 101 13 13 13 13 2 2 27763 102 0 0 291 1 27472 101 13 13 13 13 2 2 27763 102 0 0 291 1 27472 101 13 13 13 13 2 2 27763 102 0 0 291 1 27472 101 13 13 13 13 2 2 27763 102 0 0 291 1 27472 101
55 0 1000 0 0 1000 0 1000 13 13 13 13 3 3 0 0 0 0 0 0 0 0 13 13 13 13 3 3 0 0 0 0 0 0 0 0 13 13 13 13 3 3 0 0 0 0 0 0 0 0 13 13 13 13 3 3 0 0 0 0 0 0 0 0 13 13 13 13 3 3 0 0 0 0 0 0 0 0 13 13 13 13 3 3 0 0 0 0 0 0 0 0
56 0 1000 0 0 1000 0 1000 13 13 13 13 3 3 0 0 0 0 0 0 0 0 13 13 13 13 3 3 0 0 0 0 0 0 0 0 13 13 13 13 3 3 0 0 0 0 0 0 0 0 13 13 13 13 3 3 0 0 0 0 0 0 0 0 13 13 13 13 3 3 0 0 0 0 0 0 0 0 13 13 13 13 3 3 0 0 0 0 0 0 0 0
57 0 1000 0 0 1000 0 1000 13 13 13 13 3 3 113795 31 113795 31 0 0 0 0 13 13 13 13 3 3 113795 31 113795 31 0 0 0 0 13 13 13 13 3 3 113795 31 113795 31 0 0 0 0 13 13 13 13 3 3 113795 31 113795 31 0 0 0 0 13 13 13 13 3 3 113795 31 113795 31 0 0 0 0 13 13 13 13 3 3 113795 31 113795 31 0 0 0 0
58 0 1000 0 0 1000 0 1000 14 14 14 14 3 3 26675 98 0 0 291 1 26384 97 14 14 14 14 3 3 26675 98 0 0 291 1 26384 97 14 14 14 14 3 3 26675 98 0 0 291 1 26384 97 14 14 14 14 3 3 26675 98 0 0 291 1 26384 97 14 14 14 14 3 3 26675 98 0 0 291 1 26384 97 14 14 14 14 3 3 26675 98 0 0 291 1 26384 97
59 0 1000 0 0 1000 0 1000 14 14 14 14 4 4 0 0 0 0 0 0 0 0 14 14 14 14 4 4 0 0 0 0 0 0 0 0 14 14 14 14 4 4 0 0 0 0 0 0 0 0 14 14 14 14 4 4 0 0 0 0 0 0 0 0 14 14 14 14 4 4 0 0 0 0 0 0 0 0 14 14 14 14 4 4 0 0 0 0 0 0 0 0
60 0 1000 0 0 1000 0 1000 14 14 14 14 4 4 0 0 0 0 0 0 0 0 14 14 14 14 4 4 0 0 0 0 0 0 0 0 14 14 14 14 4 4 0 0 0 0 0 0 0 0 14 14 14 14 4 4 0 0 0 0 0 0 0 0 14 14 14 14 4 4 0 0 0 0 0 0 0 0 14 14 14 14 4 4 0 0 0 0 0 0 0 0
61 0 1000 0 0 1000 0 1000 14 14 14 14 4 4 81484 23 81484 23 0 0 0 0 14 14 14 14 4 4 81484 23 81484 23 0 0 0 0 14 14 14 14 4 4 81484 23 81484 23 0 0 0 0 14 14 14 14 4 4 81484 23 81484 23 0 0 0 0 14 14 14 14 4 4 81484 23 81484 23 0 0 0 0 14 14 14 14 4 4 81484 23 81484 23 0 0 0 0
62 0 1000 0 0 1000 0 1000 15 15 15 15 4 4 26403 97 0 0 291 1 26112 96 15 15 15 15 4 4 26403 97 0 0 291 1 26112 96 15 15 15 15 4 4 26403 97 0 0 291 1 26112 96 15 15 15 15 4 4 26403 97 0 0 291 1 26112 96 15 15 15 15 4 4 26403 97 0 0 291 1 26112 96 15 15 15 15 4 4 26403 97 0 0 291 1 26112 96
63 0 1000 0 0 1000 0 1000 15 15 15 15 5 5 0 0 0 0 0 0 0 0 15 15 15 15 5 5 0 0 0 0 0 0 0 0 15 15 15 15 5 5 0 0 0 0 0 0 0 0 15 15 15 15 5 5 0 0 0 0 0 0 0 0 15 15 15 15 5 5 0 0 0 0 0 0 0 0 15 15 15 15 5 5 0 0 0 0 0 0 0 0
64 0 1000 0 0 1000 0 1000 15 15 15 15 5 5 0 0 0 0 0 0 0 0 15 15 15 15 5 5 0 0 0 0 0 0 0 0 15 15 15 15 5 5 0 0 0 0 0 0 0 0 15 15 15 15 5 5 0 0 0 0 0 0 0 0 15 15 15 15 5 5 0 0 0 0 0 0 0 0 15 15 15 15 5 5 0 0 0 0 0 0 0 0
65 900 100 900 0 100 0 1000 15 15 15 15 5 5 66706 19 66706 19 0 0 0 0 15 15 15 15 5 5 66706 19 66706 19 0 0 0 0 15 15 15 15 5 5 66706 19 66706 19 0 0 0 0 15 15 15 15 5 5 66706 19 66706 19 0 0 0 0 15 15 15 15 5 5 66706 19 66706 19 0 0 0 0 15 15 15 15 5 5 66706 19 66706 19 0 0 0 0
66 900 100 900 0 100 0 1000 15 15 15 15 5 5 2194 8 0 0 290 1 1904 7 15 15 15 15 5 5 2194 8 0 0 290 1 1904 7 15 15 15 15 5 5 2194 8 0 0 290 1 1904 7 15 15 15 15 5 5 2194 8 0 0 290 1 1904 7 15 15 15 15 5 5 2194 8 0 0 290 1 1904 7 15 15 15 15 5 5 2194 8 0 0 290 1 1904 7
67 900 100 900 0 100 0 1000 15 15 15 15 5 5 0 0 0 0 0 0 0 0 15 15 15 15 5 5 0 0 0 0 0 0 0 0 15 15 15 15 5 5 0 0 0 0 0 0 0 0 15 15 15 15 5 5 0 0 0 0 0 0 0 0 15 15 15 15 5 5 0 0 0 0 0 0 0 0 15 15 15 15 6 6 0 0 0 0 0 0 0 0
68 900 100 900 0 100 0 1000 15 15 15 15 5 5 0 0 0 0 0 0 0 0 15 15 15 15 5 5 0 0 0 0 0 0 0 0 15 15 15 15 5 5 0 0 0 0 0 0 0 0 15 15 15 15 5 5 0 0 0 0 0 0 0 0 15 15 15 15 5 5 0 0 0 0 0 0 0 0 15 15 15 15 6 6 0 0 0 0 0 0 0 0
69 900 100 900 0 100 0 1000 15 15 15 15 5 5 3314 5 3314 5 0 0 0 0 15 15 15 15 5 5 3314 5 3314 5 0 0 0 0 15 15 15 15 5 5 3314 5 3314 5 0 0 0 0 15 15 15 15 5 5 3314 5 3314 5 0 0 0 0 15 15 15 15 5 5 3314 5 3314 5 0 0 0 0 15 15 15 15 6 6 3314 5 3314 5 0 0 0 0
70 900 100 900 0 100 0 1000 15 15 15 15 5 5 1378 5 0 0 290 1 1088 4 15 15 15 15 5 5 1378 5 0 0 290 1 1088 4 15 15 15 15 5 5 1378 5 0 0 290 1 1088 4 15 15 15 15 5 5 1378 5 0 0 290 1 1088 4 15 15 15 15 5 5 1378 5 0 0 290 1 1088 4 15 15 15 15 6 6 1378 5 0 0 290 1 1088 4
71 900 100 900 0 100 0 1000 15 15 15 15 5 5 0 0 0 0 0 0 0 0 15 15 15 15 5 5 0 0 0 0 0 0 0 0 15 15 15 15 5 5 0 0 0 0 0 0 0 0 15 15 15 15 5 5 0 0 0 0 0 0 0 0 15 15 15 15 5 5 0 0 0 0 0 0 0 0 15 15 15 15 7 7 0 0 0 0 0 0 0 0
72 900 100 900 0 100 0 1000 15 15 15 15 5 5 0 0 0 0 0 0 0 0 15 15 15 15 5 5 0 0 0 0 0 0 0 0 15 15 15 15 5 5 0 0 0 0 0 0 0 0 15 15 15 15 5 5 0 0 0 0 0 0 0 0 15 15 15 15 5 5 0 0 0 0 0 0 0 0 15 15 15 15 7 7 0 0 0 0 0 0 0 0
73 900 100 900 0 100 0 1000 15 15 15 15 5 5 567 1 567 1 0 0 0 0 15 15 15 15 5 5 567 1 567 1 0 0 0 0 15 15 15 15 5 5 567 1 567 1 0 0 0 0 15 15 15 15 5 5 567 1 567 1 0 0 0 0 15 15 15 15 5 5 567 1 567 1 0 0 0 0 15 15 15 15 7 7 567 1 567 1 0 0 0 0
74 900 100 900 0 100 0 1000 15 15 15 15 5 5 3011 11 0 0 291 1 2720 10 15 15 15 15 5 5 3011 11 0 0 291 1 2720 10 15 15 15 15 5 5 3011 11 0 0 291 1 2720 10 15 15 15 15 5 5 3011 11 0 0 291 1 2720 10 15 15 15 15 5 5 3011 11 0 0 291 1 2720 10 15 15 15 15 7 7 3011 11 0 0 291 1 2720 10
75 900 100 900 0 100 0 1000 15 15 15 15 5 5 0 0 0 0 0 0 0 0 15 15 15 15 5 5 0 0 0 0 0 0 0 0 15 15 15 15 5 5 0 0 0 0 0 0 0 0 15 15 15 15 5 5 0 0 0 0 0 0 0 0 15 15 15 15 5 5 0 0 0 0 0 0 0 0 15 15 15 15 8 8 0 0 0 0 0 0 0 0
76 900 100 900 0 100 0 1000 15 15 15 15 5 5 0 0 0 0 0 0 0 0 15 15 15 15 5 5 0 0 0 0 0 0 0 0 15 15 15 15 5 5 0 0 0 0 0 0 0 0 15 15 15 15 5 5 0 0 0 0 0 0 0 0 15 15 15 15 5 5 0 0 0 0 0 0 0 0 15 15 15 15 8 8 0 0 0 0 0 0 0 0
77 900 100 900 0 100 0 1000 15 15 15 15 5 5 1518 2 1518 2 0 0 0 0 15 15 15 15 5 5 1518 2 1518 2 0 0 0 0 15 15 15 15 5 5 1518 2 1518 2 0 0 0 0 15 15 15 15 5 5 1518 2 1518 2 0 0 0 0 15 15 15 15 5 5 1518 2 1518 2 0 0 0 0 15 15 15 15 8 8 1518 2 1518 2 0 0 0 0
78 900 100 900 0 100 0 1000 15 15 15 15 5 5 3283 12 0 0 291 1 2992 11 15 15 15 15 5 5 3283 12 0 0 291 1 2992 11 15 15 15 15 5 5 3283 12 0 0 291 1 2992 11 15 15 15 15 5 5 3283 12 0 0 291 1 2992 11 15 15 15 15 5 5 3283 12 0 0 291 1 2992 11 15 15 15 15 8 8 3283 12 0 0 291 1 2992 11
79 900 100 900 0 100 0 1000 15 15 15 15 5 5 0 0 0 0 0 0 0 0 15 15 15 15 5 5 0 0 0 0 0 0 0 0 15 15 15 15 5 5 0 0 0 0 0 0 0 0 15 15 15 15 5 5 0 0 0 0 0 0 0 0 15 15 15 15 5 5 0 0 0 0 0 0 0 0 15 15 15 15 9 9 0 0 0 0 0 0 0 0
80 900 100 900 0 100 0 1000 15 15 15 15 5 5 0 0 0 0 0 0 0 0 15 15 15 15 5 5 0 0 0 0 0 0 0 0 15 15 15 15 5 5 0 0 0 0 0 0 0 0 15 15 15 15 5 5 0 0 0 0 0 0 0 0 15 15 15 15 5 5 0 0 0 0 0 0 0 0 15 15 15 15 9 9 0 0 0 0 0 0 0 0
81 900 100 900 0 100 0 1000 15 15 15 15 5 5 2372 3 2372 3 0 0 0 0 15 15 15 15 5 5 2372 3 2372 3 0 0 0 0 15 15 15 15 5 5 2372 3 2372 3 0 0 0 0 15 15 15 15 5 5 2372 3 2372 3 0 0 0 0 15 15 15 15 5 5 2372 3 2372 3 0 0 0 0 15 15 15 15 9 9 2372 3 2372 3 0 0 0 0
82 900 100 900 0 100 0 1000 15 15 15 15 5 5 2194 8 0 0 290 1 1904 7 15 15 15 15 5 5 2194 8 0 0 290 1 1904 7 15 15 15 15 5 5 2194 8 0 0 290 1 1904 7 15 15 15 15 5 5 2194 8 0 0 290 1 1904 7 15 15 15 15 5 5 2194 8 0 0 290 1 1904 7 15 15 15 15 9 9 2194 8 0 0 290 1 1904 7
83 900 100 900 0 100 0 1000 15 15 15 15 5 5 0 0 0 0 0 0 0 0 15 15 15 15 5 5 0 0 0 0 0 0 0 0 15 15 15 15 5 5 0 0 0 0 0 0 0 0 15 15 15 15 5 5 0 0 0 0 0 0 0 0 15 15 15 15 5 5 0 0 0 0 0 0 0 0 15 15 15 15 10 10 0 0 0 0 0 0 0 0
84 900 100 900 0 100 0 1000 15 15 15 15 5 5 0 0 0 0 0 0 0 0 15 15 15 15 5 5 0 0 0 0 0 0 0 0 15 15 15 15 5 5 0 0 0 0 0 0 0 0 15 15 15 15 5 5 0 0 0 0 0 0 0 0 15 15 15 15 5 5 0 0 0 0 0 0 0 0 15 15 15 15 10 10 0 0 0 0 0 0 0 0
85 900 100 900 0 100 0 1000 15 15 15 15 5 5 1326 2 1326 2 0 0 0 0 15 15 15 15 5 5 1326 2 1326 2 0 0 0 0 15 15 15 15 5 5 1326 2 1326 2 0 0 0 0 15 15 15 15 5 5 1326 2 1326 2 0 0 0 0 15 15 15 15 5 5 1326 2 1326 2 0 0 0 0 15 15 15 15 10 10 1326 2 1326 2 0 0 0 0
86 900 100 900 0 100 0 1000 15 15 15 15 5 5 2195 8 0 0 291 1 1904 7 15 15 15 15 5 5 2195 8 0 0 291 1 1904 7 15 15 15 15 5 5 2195 8 0 0 291 1 1904 7 15 15 15 15 5 5 2195 8 0 0 291 1 1904 7 15 15 15 15 5 5 2195 8 0 0 291 1 1904 7 15 15 15 15 10 10 2195 8 0 0 291 1 1904 7
87 900 100 900 0 100 0 1000 15 15 15 15 5 5 0 0 0 0 0 0 0 0 15 15 15 15 5 5 0 0 0 0 0 0 0 0 15 15 15 15 5 5 0 0 0 0 0 0 0 0 15 15 15 15 5 5 0 0 0 0 0 0 0 0 15 15 15 15 5 5 0 0 0 0 0 0 0 0 15 15 15 15 11 11 0 0 0 0 0 0 0 0
88 900 100 900 0 100 0 1000 15 15 15 15 5 5 0 0 0 0 0 0 0 0 15 15 15 15 5 5 0 0 0 0 0 0 0 0 15 15 15 15 5 5 0 0 0 0 0 0 0 0 15 15 15 15 5 5 0 0 0 0 0 0 0 0 15 15 15 15 5 5 0 0 0 0 0 0 0 0 15 15 15 15 11 11 0 0 0 0 0 0 0 0
89 900 100 900 0 100 0 1000 15 15 15 15 5 5 1325 2 1325 2 0 0 0 0 15 15 15 15 5 5 1325 2 1325 2 0 0 0 0 15 15 15 15 5 5 1325 2 1325 2 0 0 0 0 15 15 15 15 5 5 1325 2 1325 2 0 0 0 0 15 15 15 15 5 5 1325 2 1325 2 0 0 0 0 15 15 15 15 11 11 1325 2 1325 2 0 0 0 0
90 900 100 900 0 100 0 1000 15 15 15 15 5 5 2739 10 0 0 291 1 2448 9 15 15 15 15 5 5 2739 10 0 0 291 1 2448 9 15 15 15 15 5 5 2739 10 0 0 291 1 2448 9 15 15 15 15 5 5 2739 10 0 0 291 1 2448 9 15 15 15 15 5 5 2739 10 0 0 291 1 2448 9 15 15 15 15 11 11 2739 10 0 0 291 1 2448 9
91 900 100 900 0 100 0 1000 15 15 15 15 5 5 0 0 0 0 0 0 0 0 15 15 15 15 5 5 0 0 0 0 0 0 0 0 15 15 15 15 5 5 0 0 0 0 0 0 0 0 15 15 15 15 5 5 0 0 0 0 0 0 0 0 15 15 15 15 5 5 0 0 0 0 0 0 0 0 15 15 15 15 12 12 0 0 0 0 0 0 0 0
92 900 100 900 0 100 0 1000 15 15 15 15 5 5 0 0 0 0 0 0 0 0 15 15 15 15 5 5 0 0 0 0 0 0 0 0 15 15 15 15 5 5 0 0 0 0 0 0 0 0 15 15 15 15 5 5 0 0 0 0 0 0 0 0 15 15 15 15 5 5 0 0 0 0 0 0 0 0 15 15 15 15 12 12 0 0 0 0 0 0 0 0
93 900 100 900 0 100 0 1000 15 15 15 15 5 5 2181 3 2181 3 0 0 0 0 15 15 15 15 5 5 2181 3 2181 3 0 0 0 0 15 15 15 15 5 5 2181 3 2181 3 0 0 0 0 15 15 15 15 5 5 2181 3 2181 3 0 0 0 0 15 15 15 15 5 5 2181 3 2181 3 0 0 0 0 15 15 15 15 12 12 2181 3 2181 3 0 0 0 0
94 900 100 900 0 100 0 1000 15 15 15 15 5 5 3283 12 0 0 291 1 2992 11 15 15 15 15 5 5 3283 12 0 0 291 1 2992 11 15 15 15 15 5 5 3283 12 0 0 291 1 2992 11 15 15 15 15 5 5 3283 12 0 0 291 1 2992 11 15 15 15 15 5 5 3283 12 0 0 291 1 2992 11 15 15 15 15 12 12 3283 12 0 0 291 1 2992 11
95 900 100 900 0 100 0 1000 15 15 15 15 5 5 0 0 0 0 0 0 0 0 15 15 15 15 5 5 0 0 0 0 0 0 0 0 15 15 15 15 5 5 0 0 0 0 0 0 0 0 15 15 15 15 5 5 0 0 0 0 0 0 0 0 15 15 15 15 5 5 0 0 0 0 0 0 0 0 15 15 15 15 13 13 0 0 0 0 0 0 0 0
96 900 100 900 0 100 0 1000 15 15 15 15 5 5 0 0 0 0 0 0 0 0 15 15 15 15 5 5 0 0 0 0 0 0 0 0 15 15 15 15 5 5 0 0 0 0 0 0 0 0 15 15 15 15 5 5 0 0 0 0 0 0 0 0 15 15 15 15 5 5 0 0 0 0 0 0 0 0 15 15 15 15 13 13 0 0 0 0 0 0 0 0
97 900 100 900 0 100 0 1000 15 15 15 15 5 5 2373 3 2373 3 0 0 0 0 15 15 15 15 5 5 2373 3 2373 3 0 0 0 0 15 15 15 15 5 5 2373 3 2373 3 0 0 0 0 15 15 15 15 5 5 2373 3 2373 3 0 0 0 0 15 15 15 15 5 5 2373 3 2373 3 0 0 0 0 15 15 15 15 13 13 2373 3 2373 3 0 0 0 0
98 900 100 900 0 100 0 1000 15 15 15 15 5 5 4099 15 0 0 291 1 3808 14 15 15 15 15 5 5 4099 15 0 0 291 1 3808 14 15 15 15 15 5 5 4099 15 0 0 291 1 3808 14 15 15 15 15 5 5 4099 15 0 0 291 1 3808 14 15 15 15 15 5 5 4099 15 0 0 291 1 3808 14 15 15 15 15 13 13 4099 15 0 0 291 1 3808 14
99 900 100 900 0 100 0 1000 15 15 15 15 5 5 0 0 0 0 0 0 0 0 15 15 15 15 5 5 0 0 0 0 0 0 0 0 15 15 15 15 5 5 0 0 0 0 0 0 0 0 15 15 15 15 5 5 0 0 0 0 0 0 0 0 15 15 15 15 5 5 0 0 0 0 0 0 0 0 15 15 15 15 14 14 0 0 0 0 0 0 0 0
100 900 100 900 0 100 0 1000 15 15 15 15 5 5 0 0 0 0 0 0 0 0 15 15 15 15 5 5 0 0 0 0 0 0 0 0 15 15 15 15 5 5 0 0 0 0 0 0 0 0 15 15 15 15 5 5 0 0 0 0 0 0 0 0 15 15 15 15 5 5 0 0 0 0 0 0 0 0 15 15 15 15 14 14 0 0 0 0 0 0 0 0
101 900 100 900 0 100 0 1000 15 15 15 15 5 5 0 0 0 0 0 0 0 0 15 15 15 15 5 5 0 0 0 0 0 0 0 0 15 15 15 15 5 5 0 0 0 0 0 0 0 0 15 15 15 15 5 5 0 0 0 0 0 0 0 0 15 15 15 15 5 5 0 0 0 0 0 0 0 0 15 15 15 15 14 14 0 0 0 0 0 0 0 0
102 900 100 900 0 100 0 1000 15 15 15 15 5 5 2720 10 0 0 0 0 2720 10 15 15 15 15 5 5 2720 10 0 0 0 0 2720 10 15 15 15 15 5 5 2720 10 0 0 0 0 2720 10 15 15 15 15 5 5 2720 10 0 0 0 0 2720 10 15 15 15 15 5 5 2720 10 0 0 0 0 2720 10 15 15 15 15 14 14 2720 10 0 0 0 0 2720 10
103 900 100 900 0 100 0 1000 15 15 15 15 5 5 0 0 0 0 0 0 0 0 15 15 15 15 5 5 0 0 0 0 0 0 0 0 15 15 15 15 5 5 0 0 0 0 0 0 0 0 15 15 15 15 5 5 0 0 0 0 0 0 0 0 15 15 15 15 5 5 0 0 0 0 0 0 0 0 15 15 15 15 15 15 0 0 0 0 0 0 0 0
104 900 100 900 0 100 0 1000 15 15 15 15 5 5 0 0 0 0 0 0 0 0 15 15 15 15 5 5 0 0 0 0 0 0 0 0 15 15 15 15 5 5 0 0 0 0 0 0 0 0 15 15 15 15 5 5 0 0 0 0 0 0 0 0 15 15 15 15 5 5 0 0 0 0 0 0 0 0 15 15 15 15 15 15 0 0 0 0 0 0 0 0
105 900 100 900 0 100 0 1000 15 15 15 15 5 5 759 1 759 1 0 0 0 0 15 15 15 15 5 5 759 1 759 1 0 0 0 0 15 15 15 15 5 5 759 1 759 1 0 0 0 0 15 15 15 15 5 5 759 1 759 1 0 0 0 0 15 15 15 15 5 5 759 1 759 1 0 0 0 0 15 15 15 15 15 15 759 1 759 1 0 0 0 0
106 900 100 900 0 100 0 1000 15 15 15 15 5 5 2467 9 0 0 291 1 2176 8 15 15 15 15 5 5 2467 9 0 0 291 1 2176 8 15 15 15 15 5 5 2467 9 0 0 291 1 2176 8 15 15 15 15 5 5 2467 9 0 0 291 1 2176 8 15 15 15 15 5 5 2467 9 0 0 291 1 2176 8 15 15 15 15 15 15 2467 9 0 0 291 1 2176 8
107 900 100 900 0 100 0 1000 15 15 15 15 5 5 0 0 0 0 0 0 0 0 15 15 15 15 5 5 0 0 0 0 0 0 0 0 15 15 15 15 5 5 0 0 0 0 0 0 0 0 15 15 15 15 5 5 0 0 0 0 0 0 0 0 15 15 15 15 5 5 0 0 0 0 0 0 0 0 16 16 15 15 16 16 0 0 0 0 0 0 0 0
108 900 100 900 0 100 0 1000 15 15 15 15 5 5 0 0 0 0 0 0 0 0 15 15 15 15 5 5 0 0 0 0 0 0 0 0 15 15 15 15 5 5 0 0 0 0 0 0 0 0 15 15 15 15 5 5 0 0 0 0 0 0 0 0 15 15 15 15 5 5 0 0 0 0 0 0 0 0 16 16 15 15 16 16 0 0 0 0 0 0 0 0
109 900 100 900 0 100 0 1000 15 15 15 15 5 5 2085 3 2085 3 0 0 0 0 15 15 15 15 5 5 2085 3 2085 3 0 0 0 0 15 15 15 15 5 5 2085 3 2085 3 0 0 0 0 15 15 15 15 5 5 2085 3 2085 3 0 0 0 0 15 15 15 15 5 5 2085 3 2085 3 0 0 0 0 16 16 15 15 16 16 2085 3 2085 3 0 0 0 0
110 900 100 900 0 100 0 1000 15 15 15 15 5 5 4099 15 0 0 291 1 3808 14 15 15 15 15 5 5 4099 15 0 0 291 1 3808 14 15 15 15 15 5 5 4099 15 0 0 291 1 3808 14 15 15 15 15 5 5 4099 15 0 0 291 1 3808 14 15 15 15 15 5 5 4099 15 0 0 291 1 3808 14 16 16 15 15 16 16 4099 15 0 0 291 1 3808 14
111 900 100 900 0 100 0 1000 15 15 15 15 5 5 0 0 0 0 0 0 0 0 15 15 15 15 5 5 0 0 0 0 0 0 0 0 15 15 15 15 5 5 0 0 0 0 0 0 0 0 15 15 15 15 5 5 0 0 0 0 0 0 0 0 15 15 15 15 5 5 0 0 0 0 0 0 0 0 17 17 15 15 17 17 0 0 0 0 0 0 0 0
112 900 100 900 0 100 0 1000 15 15 15 15 5 5 0 0 0 0 0 0 0 0 15 15 15 15 5 5 0 0 0 0 0 0 0 0 15 15 15 15 5 5 0 0 0 0 0 0 0 0 15 15 15 15 5 5 0 0 0 0 0 0 0 0 15 15 15 15 5 5 0 0 0 0 0 0 0 0 17 17 15 15 17 17 0 0 0 0 0 0 0 0
113 900 100 900 0 100 0 1000 15 15 15 15 5 5 2661 3 2661 3 0 0 0 0 15 15 15 15 5 5 2661 3 2661 3 0 0 0 0 15 15 15 15 5 5 2661 3 2661 3 0 0 0 0 15 15 15 15 5 5 2661 3 2661 3 0 0 0 0 15 15 15 15 5 5 2661 3 2661 3 0 0 0 0 17 17 15 15 17 17 2661 3 2661 3 0 0 0 0
114 900 100 900 0 100 0 1000 15 15 15 15 5 5 2467 9 0 0 291 1 2176 8 15 15 15 15 5 5 2467 9 0 0 291 1 2176 8 15 15 15 15 5 5 2467 9 0 0 291 1 2176 8 15 15 15 15 5 5 2467 9 0 0 291 1 2176 8 15 15 15 15 5 5 2467 9 0 0 291 1 2176 8 17 17 15 15 17 17 2467 9 0 0 291 1 2176 8
115 900 100 900 0 100 0 1000 15 15 15 15 5 5 0 0 0 0 0 0 0 0 15 15 15 15 5 5 0 0 0 0 0 0 0 0 15 15 15 15 5 5 0 0 0 0 0 0 0 0 15 15 15 15 5 5 0 0 0 0 0 0 0 0 15 15 15 15 5 5 0 0 0 0 0 0 0 0 18 18 15 15 18 18 0 0 0 0 0 0 0 0
116 900 100 900 0 100 0 1000 15 15 15 15 5 5 0 0 0 0 0 0 0 0 15 15 15 15 5 5 0 0 0 0 0 0 0 0 15 15 15 15 5 5 0 0 0 0 0 0 0 0 15 15 15 15 5 5 0 0 0 0 0 0 0 0 15 15 15 15 5 5 0 0 0 0 0 0 0 0 18 18 15 15 18 18 0 0 0 0 0 0 0 0
117 900 100 900 0 100 0 1000 15 15 15 15 5 5 0 0 0 0 0 0 0 0 15 15 15 15 5 5 0 0 0 0 0 0 0 0 15 15 15 15 5 5 0 0 0 0 0 0 0 0 15 15 15 15 5 5 0 0 0 0 0 0 0 0 15 15 15 15 5 5 0 0 0 0 0 0 0 0 18 18 15 15 18 18 0 0 0 0 0 0 0 0
118 900 100 900 0 100 0 1000 15 15 15 15 5 5 2448 9 0 0 0 0 2448 9 15 15 15 15 5 5 2448 9 0 0 0 0 2448 9 15 15 15 15 5 5 2448 9 0 0 0 0 2448 9 15 15 15 15 5 5 2448 9 0 0 0 0 2448 9 15 15 15 15 5 5 2448 9 0 0 0 0 2448 9 18 18 15 15 18 18 2448 9 0 0 0 0 2448 9
119 900 100 900 0 100 0 1000 15 15 15 15 5 5 0 0 0 0 0 0 0 0 15 15 15 15 5 5 0 0 0 0 0 0 0 0 15 15 15 15 5 5 0 0 0 0 0 0 0 0 15 15 15 15 5 5 0 0 0 0 0 0 0 0 15 15 15 15 5 5 0 0 0 0 0 0 0 0 19 19 15 15 19 19 0 0 0 0 0 0 0 0
120 900 100 900 0 100 0 1000 15 15 15 15 5 5 0 0 0 0 0 0 0 0 15 15 15 15 5 5 0 0 0 0 0 0 0 0 15 15 15 15 5 5 0 0 0 0 0 0 0 0 15 15 15 15 5 5 0 0 0 0 0 0 0 0 15 15 15 15 5 5 0 0 0 0 0 0 0 0 19 19 15 15 19 19 0 0 0 0 0 0 0 0
121 900 100 900 0 100 0 1000 15 15 15 15 5 5 1454 2 1454 2 0 0 0 0 15 15 15 15 5 5 1454 2 1454 2 0 0 0 0 15 15 15 15 5 5 1454 2 1454 2 0 0 0 0 15 15 15 15 5 5 1454 2 1454 2 0 0 0 0 15 15 15 15 5 5 1454 2 1454 2 0 0 0 0 19 19 15 15 19 19 1454 2 1454 2 0 0 0 0
122 900 100 900 0 100 0 1000 15 15 15 15 5 5 2467 9 0 0 291 1 2176 8 15 15 15 15 5 5 2467 9 0 0 291 1 2176 8 15 15 15 15 5 5 2467 9 0 0 291 1 2176 8 15 15 15 15 5 5 2467 9 0 0 291 1 2176 8 15 15 15 15 5 5 2467 9 0 0 291 1 2176 8 19 19 15 15 19 19 2467 9 0 0 291 1 2176 8
123 900 100 900 0 100 0 1000 15 15 15 15 5 5 0 0 0 0 0 0 0 0 15 15 15 15 5 5 0 0 0 0 0 0 0 0 15 15 15 15 5 5 0 0 0 0 0 0 0 0 15 15 15 15 5 5 0 0 0 0 0 0 0 0 15 15 15 15 5 5 0 0 0 0 0 0 0 0 20 20 15 15 20 20 0 0 0 0 0 0 0 0
124 900 100 900 0 100 0 1000 15 15 15 15 5 5 0 0 0 0 0 0 0 0 15 15 15 15 5 5 0 0 0 0 0 0 0 0 15 15 15 15 5 5 0 0 0 0 0 0 0 0 15 15 15 15 5 5 0 0 0 0 0 0 0 0 15 15 15 15 5 5 0 0 0 0 0 0 0 0 20 20 15 15 20 20 0 0 0 0 0 0 0 0
125 900 100 900 0 100 0 1000 15 15 15 15 5 5 695 1 695 1 0 0 0 0 15 15 15 15 5 5 695 1 695 1 0 0 0 0 15 15 15 15 5 5 695 1 695 1 0 0 0 0 15 15 15 15 5 5 695 1 695 1 0 0 0 0 15 15 15 15 5 5 695 1 695 1 0 0 0 0 20 20 15 15 20 20 695 1 695 1 0 0 0 0
126 0 1000 0 900 100 0 1000 15 15 15 15 5 5 3011 11 0 0 291 1 2720 10 15 15 15 15 5 5 3011 11 0 0 291 1 2720 10 15 15 15 15 5 5 3011 11 0 0 291 1 2720 10 15 15 15 15 5 5 3011 11 0 0 291 1 2720 10 15 15 15 15 5 5 3011 11 0 0 291 1 2720 10 20 20 15 15 20 20 3011 11 0 0 291 1 2720 10
127 0 1000 0 0 1000 0 1000 21 21 15 15 21 21 0 0 0 0 0 0 0 0 21 21 15 15 21 21 0 0 0 0 0 0 0 0 21 21 15 15 21 21 0 0 0 0 0 0 0 0 21 21 15 15 21 21 0 0 0 0 0 0 0 0 21 21 15 15 21 21 0 0 0 0 0 0 0 0 21 21 15 15 21 21 0 0 0 0 0 0 0 0
128 0 1000 0 0 1000 0 1000 21 21 15 15 21 21 0 0 0 0 0 0 0 0 21 21 15 15 21 21 0 0 0 0 0 0 0 0 21 21 15 15 21 21 0 0 0 0 0 0 0 0 21 21 15 15 21 21 0 0 0 0 0 0 0 0 21 21 15 15 21 21 0 0 0 0 0 0 0 0 21 21 15 15 21 21 0 0 0 0 0 0 0 0
129 0 1000 0 0 1000 0 1000 21 21 15 15 21 21 23526 31 23526 31 0 0 0 0 21 21 15 15 21 21 23526 31 23526 31 0 0 0 0 21 21 15 15 21 21 23526 31 23526 31 0 0 0 0 21 21 15 15 21 21 23526 31 23526 31 0 0 0 0 21 21 15 15 21 21 23526 31 23526 31 0 0 0 0 21 21 15 15 21 21 23526 31 23526 31 0 0 0 0
130 0 1000 0 0 1000 0 1000 30 32 30 32 21 21 24227 89 0 0 291 1 23936 88 30 32 30 32 21 21 24227 89 0 0 291 1 23936 88 30 32 30 32 21 21 24227 89 0 0 291 1 23936 88 30 32 30 32 21 21 24227 89 0 0 291 1 23936 88 30 32 30 32 21 21 24227 89 0 0 291 1 23936 88 30 32 30 32 21 21 24227 89 0 0 291 1 23936 88
131 0 1000 0 0 1000 0 1000 30 32 30 32 22 22 0 0 0 0 0 0 0 0 30 32 30 32 22 22 0 0 0 0 0 0 0 0 30 32 30 32 22 22 0 0 0 0 0 0 0 0 30 32 30 32 22 22 0 0 0 0 0 0 0 0 30 32 30 32 22 22 0 0 0 0 0 0 0 0 30 32 30 32 22 22 0 0 0 0 0 0 0 0
132 0 1000 0 0 1000 0 1000 30 32 30 32 22 22 0 0 0 0 0 0 0 0 30 32 30 32 22 22 0 0 0 0 0 0 0 0 30 32 30 32 22 22 0 0 0 0 0 0 0 0 30 32 30 32 22 22 0 0 0 0 0 0 0 0 30 32 30 32 22 22 0 0 0 0 0 0 0 0 30 32 30 32 22 22 0 0 0 0 0 0 0 0
133 0 1000 0 0 1000 0 1000 30 32 30 32 22 22 97645 30 97645 30 0 0 0 0 30 32 30 32 22 22 97645 30 97645 30 0 0 0 0 30 32 30 32 22 22 97645 30 97645 30 0 0 0 0 30 32 30 32 22 22 97645 30 97645 30 0 0 0 0 30 32 30 32 22 22 97645 30 97645 30 0 0 0 0 30 32 30 32 22 22 97645 30 97645 30 0 0 0 0
134 0 1000 0 0 1000 0 1000 31 33 31 33 22 22 27763 102 0 0 291 1 27472 101 31 33 31 33 22 22 27763 102 0 0 291 1 27472 101 31 33 31 33 22 22 27763 102 0 0 291 1 27472 101 31 33 31 33 22 22 27763 102 0 0 291 1 27472 101 31 33 31 33 22 22 27763 102 0 0 291 1 27472 101 31 33 31 33 22 22 27763 102 0 0 291 1 27472 101
135 0 1000 0 0 1000 0 1000 31 33 31 33 23 23 0 0 0 0 0 0 0 0 31 33 31 33 23 23 0 0 0 0 0 0 0 0 31 33 31 33 23 23 0 0 0 0 0 0 0 0 31 33 31 33 23 23 0 0 0 0 0 0 0 0 31 33 31 33 23 23 0 0 0 0 0 0 0 0 31 33 31 33 23 23 0 0 0 0 0 0 0 0
136 0 1000 0 0 1000 0 1000 31 33 31 33 23 23 0 0 0 0 0 0 0 0 31 33 31 33 23 23 0 0 0 0 0 0 0 0 31 33 31 33 23 23 0 0 0 0 0 0 0 0 31 33 31 33 23 23 0 0 0 0 0 0 0 0 31 33 31 33 23 23 0 0 0 0 0 0 0 0 31 33 31 33 23 23 0 0 0 0 0 0 0 0
137 0 1000 0 0 1000 0 1000 31 33 31 33 23 23 117465 32 117465 32 0 0 0 0 31 33 31 33 23 23 117465 32 117465 32 0 0 0 0 31 33 31 33 23 23 117465 32 117465 32 0 0 0 0 31 33 31 33 23 23 117465 32 117465 32 0 0 0 0 31 33 31 33 23 23 117465 32 117465 32 0 0 0 0 31 33 31 33 23 23 117465 32 117465 32 0 0 0 0
138 0 1000 0 0 1000 0 1000 32 34 32 34 23 23 24498 90 0 0 290 1 24208 89 32 34 32 34 23 23 24498 90 0 0 290 1 24208 89 32 34 32 34 23 23 24498 90 0 0 290 1 24208 89 32 34 32 34 23 23 24498 90 0 0 290 1 24208 89 32 34 32 34 23 23 24498 90 0 0 290 1 24208 89 32 34 32 34 23 23 24498 90 0 0 290 1 24208 89
139 0 1000 0 0 1000 0 1000 32 34 32 34 24 24 0 0 0 0 0 0 0 0 32 34 32 34 24 24 0 0 0 0 0 0 0 0 32 34 32 34 24 24 0 0 0 0 0 0 0 0 32 34 32 34 24 24 0 0 0 0 0 0 0 0 32 34 32 34 24 24 0 0 0 0 0 0 0 0 32 34 32 34 24 24 0 0 0 0 0 0 0 0
140 0 1000 0 0 1000 0 1000 32 34 32 34 24 24 0 0 0 0 0 0 0 0 32 34 32 34 24 24 0 0 0 0 0 0 0 0 32 34 32 34 24 24 0 0 0 0 0 0 0 0 32 34 32 34 24 24 0 0 0 0 0 0 0 0 32 34 32 34 24 24 0 0 0 0 0 0 0 0 32 34 32 34 24 24 0 0 0 0 0 0 0 0
141 0 1000 0 0 1000 0 1000 32 34 32 34 24 24 55876 17 55876 17 0 0 0 0 32 34 32 34 24 24 55876 17 55876 17 0 0 0 0 32 34 32 34 24 24 55876 17 55876 17 0 0 0 0 32 34 32 34 24 24 55876 17 55876 17 0 0 0 0 32 34 32 34 24 24 55876 17 55876 17 0 0 0 0 32 34 32 34 24 24 55876 17 55876 17 0 0 0 0
142 0 1000 0 0 1000 0 1000 33 35 33 35 24 24 23955 88 0 0 291 1 23664 87 33 35 33 35 24 24 23955 88 0 0 291 1 23664 87 33 35 33 35 24 24 23955 88 0 0 291 1 23664 87 33 35 33 35 24 24 23955 88 0 0 291 1 23664 87 33 35 33 35 24 24 23955 88 0 0 291 1 23664 87 33 35 33 35 24 24 23955 88 0 0 291 1 23664 87
143 0 1000 0 0 1000 0 1000 33 35 33 35 24 24 0 0 0 0 0 0 0 0 33 35 33 35 24 24 0 0 0 0 0 0 0 0 33 35 33 35 24 24 0 0 0 0 0 0 0 0 33 35 33 35 24 24 0 0 0 0 0 0 0 0 33 35 33 35 24 24 0 0 0 0 0 0 0 0 33 35 33 35 24 24 0 0 0 0 0 0 0 0
144 0 1000 0 0 1000 0 1000 33 35 33 35 24 24 0 0 0 0 0 0 0 0 33 35 33 35 24 24 0 0 0 0 0 0 0 0 33 35 33 35 24 24 0 0 0 0 0 0 0 0 33 35 33 35 24 24 0 0 0 0 0 0 0 0 33 35 33 35 24 24 0 0 0 0 0 0 0 0 33 35 33 35 24 24 0 0 0 0 0 0 0 0
145 0 1000 0 0 1000 0 1000 33 35 33 35 24 24 90240 28 90240 28 0 0 0 0 33 35 33 35 24 24 90240 28 90240 28 0 0 0 0 33 35 33 35 24 24 90240 28 90240 28 0 0 0 0 33 35 33 35 24 24 90240 28 90240 28 0 0 0 0 33 35 33 35 24 24 90240 28 90240 28 0 0 0 0 33 35 33 35 24 24 90240 28 90240 28 0 0 0 0
146 0 1000 0 0 1000 0 1000 34 36 34 36 24 24 30211 111 0 0 291 1 29920 110 34 36 34 36 24 24 30211 111 0 0 291 1 29920 110 34 36 34 36 24 24 30211 111 0 0 291 1 29920 110 34 36 34 36 24 24 30211 111 0 0 291 1 29920 110 34 36 34 36 24 24 30211 111 0 0 291 1 29920 110 34 36 34 36 24 24 30211 111 0 0 291 1 29920 110
147 0 1000 0 0 1000 0 1000 34 36 34 36 25 26 0 0 0 0 0 0 0 0 34 36 34 36 25 26 0 0 0 0 0 0 0 0 34 36 34 36 25 26 0 0 0 0 0 0 0 0 34 36 34 36 25 26 0 0 0 0 0 0 0 0 34 36 34 36 25 26 0 0 0 0 0 0 0 0 34 36 34 36 25 26 0 0 0 0 0 0 0 0
148 0 1000 0 0 1000 0 1000 34 36 34 36 25 26 0 0 0 0 0 0 0 0 34 36 34 36 25 26 0 0 0 0 0 0 0 0 34 36 34 36 25 26 0 0 0 0 0 0 0 0 34 36 34 36 25 26 0 0 0 0 0 0 0 0 34 36 34 36 25 26 0 0 0 0 0 0 0 0 34 36 34 36 25 26 0 0 0 0 0 0 0 0
149 0 1000 0 0 1000 0 1000 34 36 34 36 25 26 154394 39 154394 39 0 0 0 0 34 36 34 36 25 26 154394 39 154394 39 0 0 0 0 34 36 34 36 25 26 154394 39 154394 39 0 0 0 0 34 36 34 36 25 26 154394 39 154394 39 0 0 0 0 34 36 34 36 25 26 154394 39 154394 39 0 0 0 0 34 36 34 36 25 26 154394 39 154394 39 0 0 0 0
150 0 1000 0 0 1000 0 1000 35 37 35 37 25 26 26947 99 0 0 291 1 26656 98 35 37 35 37 25 26 26947 99 0 0 291 1 26656 98 35 37 35 37 25 26 26947 99 0 0 291 1 26656 98 35 37 35 37 25 26 26947 99 0 0 291 1 26656 98 35 37 35 37 25 26 26947 99 0 0 291 1 26656 98 35 37 35 37 25 26 26947 99 0 0 291 1 26656 98
151 0 1000 0 0 1000 0 1000 35 37 35 37 26 27 0 0 0 0 0 0 0 0 35 37 35 37 26 27 0 0 0 0 0 0 0 0 35 37 35 37 26 27 0 0 0 0 0 0 0 0 35 37 35 37 26 27 0 0 0 0 0 0 0 0 35 37 35 37 26 27 0 0 0 0 0 0 0 0 35 37 35 37 26 27 0 0 0 0 0 0 0 0
152 0 1000 0 0 1000 0 1000 35 37 35 37 26 27 0 0 0 0 0 0 0 0 35 37 35 37 26 27 0 0 0 0 0 0 0 0 35 37 35 37 26 27 0 0 0 0 0 0 0 0 35 37 35 37 26 27 0 0 0 0 0 0 0 0 35 37 35 37 26 27 0 0 0 0 0 0 0 0 35 37 35 37 26 27 0 0 0 0 0 0 0 0
153 0 1000 0 0 1000 0 1000 35 37 35 37 26 27 85798 24 85798 24 0 0 0 0 35 37 35 37 26 27 85798 24 85798 24 0 0 0 0 35 37 35 37 26 27 85798 24 85798 24 0 0 0 0 35 37 35 37 26 27 85798 24 85798 24 0 0 0 0 35 37 35 37 26 27 85798 24 85798 24 0 0 0 0 35 37 35 37 26 27 85798 24 85798 24 0 0 0 0
154 0 1000 0 0 1000 0 1000 36 38 36 38 26 27 23137 85 0 0 289 1 22848 84 36 38 36 38 26 27 23137 85 0 0 289 1 22848 84 36 38 36 38 26 27 23137 85 0 0 289 1 22848 84 36 38 36 38 26 27 23137 85 0 0 289 1 22848 84 36 38 36 38 26 27 23137 85 0 0 289 1 22848 84 36 38 36 38 26 27 23137 85 0 0 289 1 22848 84
155 0 1000 0 0 1000 0 1000 36 38 36 38 27 28 0 0 0 0 0 0 0 0 36 38 36 38 27 28 0 0 0 0 0 0 0 0 36 38 36 38 27 28 0 0 0 0 0 0 0 0 36 38 36 38 27 28 0 0 0 0 0 0 0 0 36 38 36 38 27 28 0 0 0 0 0 0 0 0 36 38 36 38 27 28 0 0 0 0 0 0 0 0
156 0 1000 0 0 1000 0 1000 36 38 36 38 27 28 0 0 0 0 0 0 0 0 36 38 36 38 27 28 0 0 0 0 0 0 0 0 36 38 36 38 27 28 0 0 0 0 0 0 0 0 36 38 36 38 27 28 0 0 0 0 0 0 0 0 36 38 36 38 27 28 0 0 0 0 0 0 0 0 36 38 36 38 27 28 0 0 0 0 0 0 0 0
157 0 1000 0 0 1000 0 1000 36 38 36 38 27 28 75043 24 75043 24 0 0 0 0 36 38 36 38 27 28 75043 24 75043 24 0 0 0 0 36 38 36 38 27 28 75043 24 75043 24 0 0 0 0 36 38 36 38 27 28 75043 24 75043 24 0 0 0 0 36 38 36 38 27 28 75043 24 75043 24 0 0 0 0 36 38 36 38 27 28 75043 24 75043 24 0 0 0 0
158 0 1000 0 0 1000 0 1000 37 39 37 39 27 28 31843 117 0 0 291 1 31552 116 37 39 37 39 27 28 31843 117 0 0 291 1 31552 116 37 39 37 39 27 28 31843 117 0 0 291 1 31552 116 37 39 37 39 27 28 31843 117 0 0 291 1 31552 116 37 39 37 39 27 28 31843 117 0 0 291 1 31552 116 37 39 37 39 27 28 31843 117 0 0 291 1 31552 116
159 0 1000 0 0 1000 0 1000 37 39 37 39 27 28 0 0 0 0 0 0 0 0 37 39 37 39 27 28 0 0 0 0 0 0 0 0 37 39 37 39 27 28 0 0 0 0 0 0 0 0 37 39 37 39 27 28 0 0 0 0 0 0 0 0 37 39 37 39 27 28 0 0 0 0 0 0 0 0 37 39 37 39 27 28 0 0 0 0 0 0 0 0
160 0 1000 0 0 1000 0 1000 37 39 37 39 27 28 0 0 0 0 0 0 0 0 37 39 37 39 27 28 0 0 0 0 0 0 0 0 37 39 37 39 27 28 0 0 0 0 0 0 0 0 37 39 37 39 27 28 0 0 0 0 0 0 0 0 37 39 37 39 27 28 0 0 0 0 0 0 0 0 37 39 37 39 27 28 0 0 0 0 0 0 0 0
161 0 1000 0 0 1000 0 1000 37 39 37 39 27 28 95471 23 95471 23 0 0 0 0 37 39 37 39 27 28 95471 23 95471 23 0 0 0 0 37 39 37 39 27 28 95471 23 95471 23 0 0 0 0 37 39 37 39 27 28 95471 23 95471 23 0 0 0 0 37 39 37 39 27 28 95471 23 95471 23 0 0 0 0 37 39 37 39 27 28 95471 23 95471 23 0 0 0 0
162 0 1000 0 0 1000 0 1000 38 40 38 40 27 28 22867 84 0 0 291 1 22576 83 38 40 38 40 27 28 22867 84 0 0 291 1 22576 83 38 40 38 40 27 28 22867 84 0 0 291 1 22576 83 38 40 38 40 27 28 22867 84 0 0 291 1 22576 83 38 40 38 40 27 28 22867 84 0 0 291 1 22576 83 38 40 38 40 27 28 22867 84 0 0 291 1 22576 83
163 0 1000 0 0 1000 0 1000 38 40 38 40 28 30 0 0 0 0 0 0 0 0 38 40 38 40 28 30 0 0 0 0 0 0 0 0 38 40 38 40 28 30 0 0 0 0 0 0 0 0 38 40 38 40 28 30 0 0 0 0 0 0 0 0 38 40 38 40 28 30 0 0 0 0 0 0 0 0 38 40 38 40 28 30 0 0 0 0 0 0 0 0
164 0 1000 0 0 1000 0 1000 38 40 38 40 28 30 0 0 0 0 0 0 0 0 38 40 38 40 28 30 0 0 0 0 0 0 0 0 38 40 38 40 28 30 0 0 0 0 0 0 0 0 38 40 38 40 28 30 0 0 0 0 0 0 0 0 38 40 38 40 28 30 0 0 0 0 0 0 0 0 38 40 38 40 28 30 0 0 0 0 0 0 0 0
165 0 1000 0 0 1000 0 1000 38 40 38 40 28 30 64993 21 64993 21 0 0 0 0 38 40 38 40 28 30 64993 21 64993 21 0 0 0 0 38 40 38 40 28 30 64993 21 64993 21 0 0 0 0 38 40 38 40 28 30 64993 21 64993 21 0 0 0 0 38 40 38 40 28 30 64993 21 64993 21 0 0 0 0 38 40 38 40 28 30 64993 21 64993 21 0 0 0 0
166 0 1000 0 0 1000 0 1000 39 41 39 41 28 30 27219 100 0 0 291 1 26928 99 39 41 39 41 28 30 27219 100 0 0 291 1 26928 99 39 41 39 41 28 30 27219 100 0 0 291 1 26928 99 39 41 39 41 28 30 27219 100 0 0 291 1 26928 99 39 41 39 41 28 30 27219 100 0 0 291 1 26928 99 39 41 39 41 28 30 27219 100 0 0 291 1 26928 99
167 0 1000 0 0 1000 0 1000 39 41 39 41 29 31 0 0 0 0 0 0 0 0 39 41 39 41 29 31 0 0 0 0 0 0 0 0 39 41 39 41 29 31 0 0 0 0 0 0 0 0 39 41 39 41 29 31 0 0 0 0 0 0 0 0 39 41 39 41 29 31 0 0 0 0 0 0 0 0 39 41 39 41 29 31 0 0 0 0 0 0 0 0
168 0 1000 0 0 1000 0 1000 39 41 39 41 29 31 0 0 0 0 0 0 0 0 39 41 39 41 29 31 0 0 0 0 0 0 0 0 39 41 39 41 29 31 0 0 0 0 0 0 0 0 39 41 39 41 29 31 0 0 0 0 0 0 0 0 39 41 39 41 29 31 0 0 0 0 0 0 0 0 39 41 39 41 29 31 0 0 0 0 0 0 0 0
169 0 1000 0 0 1000 0 1000 39 41 39 41 29 31 79350 22 79350 22 0 0 0 0 39 41 39 41 29 31 79350 22 79350 22 0 0 0 0 39 41 39 41 29 31 79350 22 79350 22 0 0 0 0 39 41 39 41 29 31 79350 22 79350 22 0 0 0 0 39 41 39 41 29 31 79350 22 79350 22 0 0 0 0 39 41 39 41 29 31 79350 22 79350 22 0 0 0 0
170 0 1000 0 0 1000 0 1000 40 42 40 42 29 31 29123 107 0 0 291 1 28832 106 40 42 40 42 29 31 29123 107 0 0 291 1 28832 106 40 42 40 42 29 31 29123 107 0 0 291 1 28832 106 40 42 40 42 29 31 29123 107 0 0 291 1 28832 106 40 42 40 42 29 31 29123 107 0 0 291 1 28832 106 40 42 40 42 29 31 29123 107 0 0 291 1 28832 106
171 0 1000 0 0 1000 0 1000 40 42 40 42 30 32 0 0 0 0 0 0 0 0 40 42 40 42 30 32 0 0 0 0 0 0 0 0 40 42 40 42 30 32 0 0 0 0 0 0 0 0 40 42 40 42 30 32 0 0 0 0 0 0 0 0 40 42 40 42 30 32 0 0 0 0 0 0 0 0 40 42 40 42 30 32 0 0 0 0 0 0 0 0
172 0 1000 0 0 1000 0 1000 40 42 40 42 30 32 0 0 0 0 0 0 0 0 40 42 40 42 30 32 0 0 0 0 0 0 0 0 40 42 40 42 30 32 0 0 0 0 0 0 0 0 40 42 40 42 30 32 0 0 0 0 0 0 0 0 40 42 40 42 30 32 0 0 0 0 0 0 0 0 40 42 40 42 30 32 0 0 0 0 0 0 0 0
173 0 1000 0 0 1000 0 1000 40 42 40 42 30 32 61295 16 61295 16 0 0 0 0 40 42 40 42 30 32 61295 16 61295 16 0 0 0 0 40 42 40 42 30 32 61295 16 61295 16 0 0 0 0 40 42 40 42 30 32 61295 16 61295 16 0 0 0 0 40 42 40 42 30 32 61295 16 61295 16 0 0 0 0 40 42 40 42 30 32 61295 16 61295 16 0 0 0 0
174 0 1000 0 0 1000 0 1000 41 43 41 43 30 32 32931 121 0 0 291 1 32640 120 41 43 41 43 30 32 32931 121 0 0 291 1 32640 120 41 43 41 43 30 32 32931 121 0 0 291 1 32640 120 41 43 41 43 30 32 32931 121 0 0 291 1 32640 120 41 43 41 43 30 32 32931 121 0 0 291 1 32640 120 41 43 41 43 30 32 32931 121 0 0 291 1 32640 120
175 0 1000 0 0 1000 0 1000 41 43 41 43 31 33 0 0 0 0 0 0 0 0 41 43 41 43 31 33 0 0 0 0 0 0 0 0 41 43 41 43 31 33 0 0 0 0 0 0 0 0 41 43 41 43 31 33 0 0 0 0 0 0 0 0 41 43 41 43 31 33 0 0 0 0 0 0 0 0 41 43 41 43 31 33 0 0 0 0 0 0 0 0
176 0 1000 0 0 1000 0 1000 41 43 41 43 31 33 0 0 0 0 0 0 0 0 41 43 41 43 31 33 0 0 0 0 0 0 0 0 41 43 41 43 31 33 0 0 0 0 0 0 0 0 41 43 41 43 31 33 0 0 0 0 0 0 0 0 41 43 41 43 31 33 0 0 0 0 0 0 0 0 41 43 41 43 31 33 0 0 0 0 0 0 0 0
177 0 1000 0 0 1000 0 1000 41 43 41 43 31 33 64184 15 64184 15 0 0 0 0 41 43 41 43 31 33 64184 15 64184 15 0 0 0 0 41 43 41 43 31 33 64184 15 64184 15 0 0 0 0 41 43 41 43 31 33 64184 15 64184 15 0 0 0 0 41 43 41 43 31 33 64184 15 64184 15 0 0 0 0 41 43 41 43 31 33 64184 15 64184 15 0 0 0 0
178 0 1000 0 0 1000 0 1000 42 44 42 44 31 33 27491 101 0 0 291 1 27200 100 42 44 42 44 31 33 27491 101 0 0 291 1 27200 100 42 44 42 44 31 33 27491 101 0 0 291 1 27200 100 42 44 42 44 31 33 27491 101 0 0 291 1 27200 100 42 44 42 44 31 33 27491 101 0 0 291 1 27200 100 42 44 42 44 31 33 27491 101 0 0 291 1 27200 100
179 0 1000 0 0 1000 0 1000 42 44 42 44 32 34 0 0 0 0 0 0 0 0 42 44 42 44 32 34 0 0 0 0 0 0 0 0 42 44 42 44 32 34 0 0 0 0 0 0 0 0 42 44 42 44 32 34 0 0 0 0 0 0 0 0 42 44 42 44 32 34 0 0 0 0 0 0 0 0 42 44 42 44 32 34 0 0 0 0 0 0 0 0
180 0 1000 0 0 1000 0 1000 42 44 42 44 32 34 0 0 0 0 0 0 0 0 42 44 42 44 32 34 0 0 0 0 0 0 0 0 42 44 42 44 32 34 0 0 0 0 0 0 0 0 42 44 42 44 32 34 0 0 0 0 0 0 0 0 42 44 42 44 32 34 0 0 0 0 0 0 0 0 42 44 42 44 32 34 0 0 0 0 0 0 0 0
181 0 1000 0 0 1000 0 1000 42 44 42 44 32 34 101892 28 101892 28 0 0 0 0 42 44 42 44 32 34 101892 28 101892 28 0 0 0 0 42 44 42 44 32 34 101892 28 101892 28 0 0 0 0 42 44 42 44 32 34 101892 28 101892 28 0 0 0 0 42 44 42 44 32 34 101892 28 101892 28 0 0 0 0 42 44 42 44 32 34 101892 28 101892 28 0 0 0 0
182 0 1000 0 0 1000 0 1000 43 45 43 45 32 34 28579 105 0 0 291 1 28288 104 43 45 43 45 32 34 28579 105 0 0 291 1 28288 104 43 45 43 45 32 34 28579 105 0 0 291 1 28288 104 43 45 43 45 32 34 28579 105 0 0 291 1 28288 104 43 45 43 45 32 34 28579 105 0 0 291 1 28288 104 43 45 43 45 32 34 28579 105 0 0 291 1 28288 104
183 0 1000 0 0 1000 0 1000 43 45 43 45 33 35 0 0 0 0 0 0 0 0 43 45 43 45 33 35 0 0 0 0 0 0 0 0 43 45 43 45 33 35 0 0 0 0 0 0 0 0 43 45 43 45 33 35 0 0 0 0 0 0 0 0 43 45 43 45 33 35 0 0 0 0 0 0 0 0 43 45 43 45 33 35 0 0 0 0 0 0 0 0
184 0 1000 0 0 1000 0 1000 43 45 43 45 33 35 0 0 0 0 0 0 0 0 43 45 43 45 33 35 0 0 0 0 0 0 0 0 43 45 43 45 33 35 0 0 0 0 0 0 0 0 43 45 43 45 33 35 0 0 0 0 0 0 0 0 43 45 43 45 33 35 0 0 0 0 0 0 0 0 43 45 43 45 33 35 0 0 0 0 0 0 0 0
185 0 1000 0 0 1000 0 1000 43 45 43 45 33 35 64039 17 64039 17 0 0 0 0 43 45 43 45 33 35 64039 17 64039 17 0 0 0 0 43 45 43 45 33 35 64039 17 64039 17 0 0 0 0 43 45 43 45 33 35 64039 17 64039 17 0 0 0 0 43 45 43 45 33 35 64039 17 64039 17 0 0 0 0 43 45 43 45 33 35 64039 17 64039 17 0 0 0 0
186 0 1000 0 0 1000 0 1000 44 46 44 46 33 35 23139 85 0 0 291 1 22848 84 44 46 44 46 33 35 23139 85 0 0 291 1 22848 84 44 46 44 46 33 35 23139 85 0 0 291 1 22848 84 44 46 44 46 33 35 23139 85 0 0 291 1 22848 84 44 46 44 46 33 35 23139 85 0 0 291 1 22848 84 44 46 44 46 33 35 23139 85 0 0 291 1 22848 84
187 900 100 900 0 100 0 1000 44 46 44 46 33 35 0 0 0 0 0 0 0 0 44 46 44 46 33 35 0 0 0 0 0 0 0 0 44 46 44 46 33 35 0 0 0 0 0 0 0 0 44 46 44 46 33 35 0 0 0 0 0 0 0 0 44 46 44 46 33 35 0 0 0 0 0 0 0 0 44 46 44 46 34 36 0 0 0 0 0 0 0 0
188 900 100 900 0 100 0 1000 44 46 44 46 33 35 0 0 0 0 0 0 0 0 44 46 44 46 33 35 0 0 0 0 0 0 0 0 44 46 44 46 33 35 0 0 0 0 0 0 0 0 44 46 44 46 33 35 0 0 0 0 0 0 0 0 44 46 44 46 33 35 0 0 0 0 0 0 0 0 44 46 44 46 34 36 0 0 0 0 0 0 0 0
189 900 100 900 0 100 0 1000 44 46 44 46 33 35 6254 2 6254 2 0 0 0 0 44 46 44 46 33 35 6254 2 6254 2 0 0 0 0 44 46 44 46 33 35 6254 2 6254 2 0 0 0 0 44 46 44 46 33 35 6254 2 6254 2 0 0 0 0 44 46 44 46 33 35 6254 2 6254 2 0 0 0 0 44 46 44 46 34 36 6254 2 6254 2 0 0 0 0
190 900 100 900 0 100 0 1000 44 46 44 46 33 35 2195 8 0 0 291 1 1904 7 44 46 44 46 33 35 2195 8 0 0 291 1 1904 7 44 46 44 46 33 35 2195 8 0 0 291 1 1904 7 44 46 44 46 33 35 2195 8 0 0 291 1 1904 7 44 46 44 46 33 35 2195 8 0 0 291 1 1904 7 44 46 44 46 34 36 2195 8 0 0 291 1 1904 7
191 900 100 900 0 100 0 1000 44 46 44 46 33 35 0 0 0 0 0 0 0 0 44 46 44 46 33 35 0 0 0 0 0 0 0 0 44 46 44 46 33 35 0 0 0 0 0 0 0 0 44 46 44 46 33 35 0 0 0 0 0 0 0 0 44 46 44 46 33 35 0 0 0 0 0 0 0 0 44 46 44 46 35 37 0 0 0 0 0 0 0 0
192 900 100 900 0 100 0 1000 44 46 44 46 33 35 0 0 0 0 0 0 0 0 44 46 44 46 33 35 0 0 0 0 0 0 0 0 44 46 44 46 33 35 0 0 0 0 0 0 0 0 44 46 44 46 33 35 0 0 0 0 0 0 0 0 44 46 44 46 33 35 0 0 0 0 0 0 0 0 44 46 44 46 35 37 0 0 0 0 0 0 0 0
193 900 100 900 0 100 0 1000 44 46 44 46 33 35 1326 2 1326 2 0 0 0 0 44 46 44 46 33 35 1326 2 1326 2 0 0 0 0 44 46 44 46 33 35 1326 2 1326 2 0 0 0 0 44 46 44 46 33 35 1326 2 1326 2 0 0 0 0 44 46 44 46 33 35 1326 2 1326 2 0 0 0 0 44 46 44 46 35 37 1326 2 1326 2 0 0 0 0
194 900 100 900 0 100 0 1000 44 46 44 46 33 35 2467 9 0 0 291 1 2176 8 44 46 44 46 33 35 2467 9 0 0 291 1 2176 8 44 46 44 46 33 35 2467 9 0 0 291 1 2176 8 44 46 44 46 33 35 2467 9 0 0 291 1 2176 8 44 46 44 46 33 35 2467 9 0 0 291 1 2176 8 44 46 44 46 35 37 2467 9 0 0 291 1 2176 8
195 900 100 900 0 100 0 1000 44 46 44 46 33 35 0 0 0 0 0 0 0 0 44 46 44 46 33 35 0 0 0 0 0 0 0 0 44 46 44 46 33 35 0 0 0 0 0 0 0 0 44 46 44 46 33 35 0 0 0 0 0 0 0 0 44 46 44 46 33 35 0 0 0 0 0 0 0 0 44 46 44 46 36 38 0 0 0 0 0 0 0 0
196 900 100 900 0 100 0 1000 44 46 44 46 33 35 0 0 0 0 0 0 0 0 44 46 44 46 33 35 0 0 0 0 0 0 0 0 44 46 44 46 33 35 0 0 0 0 0 0 0 0 44 46 44 46 33 35 0 0 0 0 0 0 0 0 44 46 44 46 33 35 0 0 0 0 0 0 0 0 44 46 44 46 36 38 0 0 0 0 0 0 0 0
197 900 100 900 0 100 0 1000 44 46 44 46 33 35 695 1 695 1 0 0 0 0 44 46 44 46 33 35 695 1 695 1 0 0 0 0 44 46 44 46 33 35 695 1 695 1 0 0 0 0 44 46 44 46 33 35 695 1 695 1 0 0 0 0 44 46 44 46 33 35 695 1 695 1 0 0 0 0 44 46 44 46 36 38 695 1 695 1 0 0 0 0
198 900 100 900 0 100 0 1000 44 46 44 46 33 35 2739 10 0 0 291 1 2448 9 44 46 44 46 33 35 2739 10 0 0 291 1 2448 9 44 46 44 46 33 35 2739 10 0 0 291 1 2448 9 44 46 44 46 33 35 2739 10 0 0 291 1 2448 9 44 46 44 46 33 35 2739 10 0 0 291 1 2448 9 44 46 44 46 36 38 2739 10 0 0 291 1 2448 9
199 900 100 900 0 100 0 1000 44 46 44 46 33 35 0 0 0 0 0 0 0 0 44 46 44 46 33 35 0 0 0 0 0 0 0 0 44 46 44 46 33 35 0 0 0 0 0 0 0 0 44 46 44 46 33 35 0 0 0 0 0 0 0 0 44 46 44 46 33 35 0 0 0 0 0 0 0 0 44 46 44 46 37 39 0 0 0 0 0 0 0 0
200 900 100 900 0 100 0 1000 44 46 44 46 33 35 0 0 0 0 0 0 0 0 44 46 44 46 33 35 0 0 0 0 0 0 0 0 44 46 44 46 33 35 0 0 0 0 0 0 0 0 44 46 44 46 33 35 0 0 0 0 0 0 0 0 44 46 44 46 33 35 0 0 0 0 0 0 0 0 44 46 44 46 37 39 0 0 0 0 0 0 0 0
201 900 100 900 0 100 0 1000 44 46 44 46 33 35 3635 5 3635 5 0 0 0 0 44 46 44 46 33 35 3635 5 3635 5 0 0 0 0 44 46 44 46 33 35 3635 5 3635 5 0 0 0 0 44 46 44 46 33 35 3635 5 3635 5 0 0 0 0 44 46 44 46 33 35 3635 5 3635 5 0 0 0 0 44 46 44 46 37 39 3635 5 3635 5 0 0 0 0
202 900 100 900 0 100 0 1000 44 46 44 46 33 35 3555 13 0 0 291 1 3264 12 44 46 44 46 33 35 3555 13 0 0 291 1 3264 12 44 46 44 46 33 35 3555 13 0 0 291 1 3264 12 44 46 44 46 33 35 3555 13 0 0 291 1 3264 12 44 46 44 46 33 35 3555 13 0 0 291 1 3264 12 44 46 44 46 37 39 3555 13 0 0 291 1 3264 12
203 900 100 900 0 100 0 1000 44 46 44 46 33 35 0 0 0 0 0 0 0 0 44 46 44 46 33 35 0 0 0 0 0 0 0 0 44 46 44 46 33 35 0 0 0 0 0 0 0 0 44 46 44 46 33 35 0 0 0 0 0 0 0 0 44 46 44 46 33 35 0 0 0 0 0 0 0 0 44 46 44 46 38 40 0 0 0 0 0 0 0 0
204 900 100 900 0 100 0 1000 44 46 44 46 33 35 0 0 0 0 0 0 0 0 44 46 44 46 33 35 0 0 0 0 0 0 0 0 44 46 44 46 33 35 0 0 0 0 0 0 0 0 44 46 44 46 33 35 0 0 0 0 0 0 0 0 44 46 44 46 33 35 0 0 0 0 0 0 0 0 44 46 44 46 38 40 0 0 0 0 0 0 0 0
205 900 100 900 0 100 0 1000 44 46 44 46 33 35 1646 2 1646 2 0 0 0 0 44 46 44 46 33 35 1646 2 1646 2 0 0 0 0 44 46 44 46 33 35 1646 2 1646 2 0 0 0 0 44 46 44 46 33 35 1646 2 1646 2 0 0 0 0 44 46 44 46 33 35 1646 2 1646 2 0 0 0 0 44 46 44 46 38 40 1646 2 1646 2 0 0 0 0
206 900 100 900 0 100 0 1000 44 46 44 46 33 35 2195 8 0 0 291 1 1904 7 44 46 44 46 33 35 2195 8 0 0 291 1 1904 7 44 46 44 46 33 35 2195 8 0 0 291 1 1904 7 44 46 44 46 33 35 2195 8 0 0 291 1 1904 7 44 46 44 46 33 35 2195 8 0 0 291 1 1904 7 44 46 44 46 38 40 2195 8 0 0 291 1 1904 7
207 900 100 900 0 100 0 1000 44 46 44 46 33 35 0 0 0 0 0 0 0 0 44 46 44 46 33 35 0 0 0 0 0 0 0 0 44 46 44 46 33 35 0 0 0 0 0 0 0 0 44 46 44 46 33 35 0 0 0 0 0 0 0 0 44 46 44 46 33 35 0 0 0 0 0 0 0 0 44 46 44 46 39 41 0 0 0 0 0 0 0 0
208 900 100 900 0 100 0 1000 44 46 44 46 33 35 0 0 0 0 0 0 0 0 44 46 44 46 33 35 0 0 0 0 0 0 0 0 44 46 44 46 33 35 0 0 0 0 0 0 0 0 44 46 44 46 33 35 0 0 0 0 0 0 0 0 44 46 44 46 33 35 0 0 0 0 0 0 0 0 44 46 44 46 39 41 0 0 0 0 0 0 0 0
209 900 100 900 0 100 0 1000 44 46 44 46 33 35 1989 3 1989 3 0 0 0 0 44 46 44 46 33 35 1989 3 1989 3 0 0 0 0 44 46 44 46 33 35 1989 3 1989 3 0 0 0 0 44 46 44 46 33 35 1989 3 1989 3 0 0 0 0 44 46 44 46 33 35 1989 3 1989 3 0 0 0 0 44 46 44 46 39 41 1989 3 1989 3 0 0 0 0
210 900 100 900 0 100 0 1000 44 46 44 46 33 35 3283 12 0 0 291 1 2992 11 44 46 44 46 33 35 3283 12 0 0 291 1 2992 11 44 46 44 46 33 35 3283 12 0 0 291 1 2992 11 44 46 44 46 33 35 3283 12 0 0 291 1 2992 11 44 46 44 46 33 35 3283 12 0 0 291 1 2992 11 44 46 44 46 39 41 3283 12 0 0 291 1 2992 11
211 900 100 900 0 100 0 1000 44 46 44 46 33 35 0 0 0 0 0 0 0 0 44 46 44 46 33 35 0 0 0 0 0 0 0 0 44 46 44 46 33 35 0 0 0 0 0 0 0 0 44 46 44 46 33 35 0 0 0 0 0 0 0 0 44 46 44 46 33 35 0 0 0 0 0 0 0 0 44 46 44 46 40 42 0 0 0 0 0 0 0 0
212 900 100 900 0 100 0 1000 44 46 44 46 33 35 0 0 0 0 0 0 0 0 44 46 44 46 33 35 0 0 0 0 0 0 0 0 44 46 44 46 33 35 0 0 0 0 0 0 0 0 44 46 44 46 33 35 0 0 0 0 0 0 0 0 44 46 44 46 33 35 0 0 0 0 0 0 0 0 44 46 44 46 40 42 0 0 0 0 0 0 0 0
213 900 100 900 0 100 0 1000 44 46 44 46 33 35 3164 4 3164 4 0 0 0 0 44 46 44 46 33 35 3164 4 3164 4 0 0 0 0 44 46 44 46 33 35 3164 4 3164 4 0 0 0 0 44 46 44 46 33 35 3164 4 3164 4 0 0 0 0 44 46 44 46 33 35 3164 4 3164 4 0 0 0 0 44 46 44 46 40 42 3164 4 3164 4 0 0 0 0
214 900 100 900 0 100 0 1000 44 46 44 46 33 35 3283 12 0 0 291 1 2992 11 44 46 44 46 33 35 3283 12 0 0 291 1 2992 11 44 46 44 46 33 35 3283 12 0 0 291 1 2992 11 44 46 44 46 33 35 3283 12 0 0 291 1 2992 11 44 46 44 46 33 35 3283 12 0 0 291 1 2992 11 44 46 44 46 40 42 3283 12 0 0 291 1 2992 11
215 900 100 900 0 100 0 1000 44 46 44 46 33 35 0 0 0 0 0 0 0 0 44 46 44 46 33 35 0 0 0 0 0 0 0 0 44 46 44 46 33 35 0 0 0 0 0 0 0 0 44 46 44 46 33 35 0 0 0 0 0 0 0 0 44 46 44 46 33 35 0 0 0 0 0 0 0 0 44 46 44 46 41 43 0 0 0 0 0 0 0 0
216 900 100 900 0 100 0 1000 44 46 44 46 33 35 0 0 0 0 0 0 0 0 44 46 44 46 33 35 0 0 0 0 0 0 0 0 44 46 44 46 33 35 0 0 0 0 0 0 0 0 44 46 44 46 33 35 0 0 0 0 0 0 0 0 44 46 44 46 33 35 0 0 0 0 0 0 0 0 44 46 44 46 41 43 0 0 0 0 0 0 0 0
217 900 100 900 0 100 0 1000 44 46 44 46 33 35 3955 5 3955 5 0 0 0 0 44 46 44 46 33 35 3955 5 3955 5 0 0 0 0 44 46 44 46 33 35 3955 5 3955 5 0 0 0 0 44 46 44 46 33 35 3955 5 3955 5 0 0 0 0 44 46 44 46 33 35 3955 5 3955 5 0 0 0 0 44 46 44 46 41 43 3955 5 3955 5 0 0 0 0
218 900 100 900 0 100 0 1000 44 46 44 46 33 35 3827 14 0 0 291 1 3536 13 44 46 44 46 33 35 3827 14 0 0 291 1 3536 13 44 46 44 46 33 35 3827 14 0 0 291 1 3536 13 44 46 44 46 33 35 3827 14 0 0 291 1 3536 13 44 46 44 46 33 35 3827 14 0 0 291 1 3536 13 44 46 44 46 41 43 3827 14 0 0 291 1 3536 13
219 900 100 900 0 100 0 1000 44 46 44 46 33 35 0 0 0 0 0 0 0 0 44 46 44 46 33 35 0 0 0 0 0 0 0 0 44 46 44 46 33 35 0 0 0 0 0 0 0 0 44 46 44 46 33 35 0 0 0 0 0 0 0 0 44 46 44 46 33 35 0 0 0 0 0 0 0 0 44 46 44 46 42 44 0 0 0 0 0 0 0 0
220 900 100 900 0 100 0 1000 44 46 44 46 33 35 0 0 0 0 0 0 0 0 44 46 44 46 33 35 0 0 0 0 0 0 0 0 44 46 44 46 33 35 0 0 0 0 0 0 0 0 44 46 44 46 33 35 0 0 0 0 0 0 0 0 44 46 44 46 33 35 0 0 0 0 0 0 0 0 44 46 44 46 42 44 0 0 0 0 0 0 0 0
221 900 100 900 0 100 0 1000 44 46 44 46 33 35 4273 5 4273 5 0 0 0 0 44 46 44 46 33 35 4273 5 4273 5 0 0 0 0 44 46 44 46 33 35 4273 5 4273 5 0 0 0 0 44 46 44 46 33 35 4273 5 4273 5 0 0 0 0 44 46 44 46 33 35 4273 5 4273 5 0 0 0 0 44 46 44 46 42 44 4273 5 4273 5 0 0 0 0
222 900 100 900 0 100 0 1000 44 46 44 46 33 35 4643 17 0 0 291 1 4352 16 44 46 44 46 33 35 4643 17 0 0 291 1 4352 16 44 46 44 46 33 35 4643 17 0 0 291 1 4352 16 44 46 44 46 33 35 4643 17 0 0 291 1 4352 16 44 46 44 46 33 35 4643 17 0 0 291 1 4352 16 44 46 44 46 42 44 4643 17 0 0 291 1 4352 16
223 900 100 900 0 100 0 1000 44 46 44 46 33 35 0 0 0 0 0 0 0 0 44 46 44 46 33 35 0 0 0 0 0 0 0 0 44 46 44 46 33 35 0 0 0 0 0 0 0 0 44 46 44 46 33 35 0 0 0 0 0 0 0 0 44 46 44 46 33 35 0 0 0 0 0 0 0 0 44 46 44 46 43 45 0 0 0 0 0 0 0 0
224 900 100 900 0 100 0 1000 44 46 44 46 33 35 0 0 0 0 0 0 0 0 44 46 44 46 33 35 0 0 0 0 0 0 0 0 44 46 44 46 33 35 0 0 0 0 0 0 0 0 44 46 44 46 33 35 0 0 0 0 0 0 0 0 44 46 44 46 33 35 0 0 0 0 0 0 0 0 44 46 44 46 43 45 0 0 0 0 0 0 0 0
225 900 100 900 0 100 0 1000 44 46 44 46 33 35 0 0 0 0 0 0 0 0 44 46 44 46 33 35 0 0 0 0 0 0 0 0 44 46 44 46 33 35 0 0 0 0 0 0 0 0 44 46 44 46 33 35 0 0 0 0 0 0 0 0 44 46 44 46 33 35 0 0 0 0 0 0 0 0 44 46 44 46 43 45 0 0 0 0 0 0 0 0
226 900 100 900 0 100 0 1000 44 46 44 46 33 35 3808 14 0 0 0 0 3808 14 44 46 44 46 33 35 3808 14 0 0 0 0 3808 14 44 46 44 46 33 35 3808 14 0 0 0 0 3808 14 44 46 44 46 33 35 3808 14 0 0 0 0 3808 14 44 46 44 46 33 35 3808 14 0 0 0 0 3808 14 44 46 44 46 43 45 3808 14 0 0 0 0 3808 14
227 900 100 900 0 100 0 1000 44 46 44 46 33 35 0 0 0 0 0 0 0 0 44 46 44 46 33 35 0 0 0 0 0 0 0 0 44 46 44 46 33 35 0 0 0 0 0 0 0 0 44 46 44 46 33 35 0 0 0 0 0 0 0 0 44 46 44 46 33 35 0 0 0 0 0 0 0 0 44 46 44 46 44 46 0 0 0 0 0 0 0 0
228 900 100 900 0 100 0 1000 44 46 44 46 33 35 0 0 0 0 0 0 0 0 44 46 44 46 33 35 0 0 0 0 0 0 0 0 44 46 44 46 33 35 0 0 0 0 0 0 0 0 44 46 44 46 33 35 0 0 0 0 0 0 0 0 44 46 44 46 33 35 0 0 0 0 0 0 0 0 44 46 44 46 44 46 0 0 0 0 0 0 0 0
229 900 100 900 0 100 0 1000 44 46 44 46 33 35 4432 5 4432 5 0 0 0 0 44 46 44 46 33 35 4432 5 4432 5 0 0 0 0 44 46 44 46 33 35 4432 5 4432 5 0 0 0 0 44 46 44 46 33 35 4432 5 4432 5 0 0 0 0 44 46 44 46 33 35 4432 5 4432 5 0 0 0 0 44 46 44 46 44 46 4432 5 4432 5 0 0 0 0
230 900 100 900 0 100 0 1000 44 46 44 46 33 35 2195 8 0 0 291 1 1904 7 44 46 44 46 33 35 2195 8 0 0 291 1 1904 7 44 46 44 46 33 35 2195 8 0 0 291 1 1904 7 44 46 44 46 33 35 2195 8 0 0 291 1 1904 7 44 46 44 46 33 35 2195 8 0 0 291 1 1904 7 44 46 44 46 44 46 2195 8 0 0 291 1 1904 7
231 900 100 900 0 100 0 1000 44 46 44 46 33 35 0 0 0 0 0 0 0 0 44 46 44 46 33 35 0 0 0 0 0 0 0 0 44 46 44 46 33 35 0 0 0 0 0 0 0 0 44 46 44 46 33 35 0 0 0 0 0 0 0 0 44 46 44 46 33 35 0 0 0 0 0 0 0 0 45 47 44 46 45 47 0 0 0 0 0 0 0 0
232 900 100 900 0 100 0 1000 44 46 44 46 33 35 0 0 0 0 0 0 0 0 44 46 44 46 33 35 0 0 0 0 0 0 0 0 44 46 44 46 33 35 0 0 0 0 0 0 0 0 44 46 44 46 33 35 0 0 0 0 0 0 0 0 44 46 44 46 33 35 0 0 0 0 0 0 0 0 45 47 44 46 45 47 0 0 0 0 0 0 0 0
233 900 100 900 0 100 0 1000 44 46 44 46 33 35 0 0 0 0 0 0 0 0 44 46 44 46 33 35 0 0 0 0 0 0 0 0 44 46 44 46 33 35 0 0 0 0 0 0 0 0 44 46 44 46 33 35 0 0 0 0 0 0 0 0 44 46 44 46 33 35 0 0 0 0 0 0 0 0 45 47 44 46 45 47 0 0 0 0 0 0 0 0
234 900 100 900 0 100 0 1000 44 46 44 46 33 35 2720 10 0 0 0 0 2720 10 44 46 44 46 33 35 2720 10 0 0 0 0 2720 10 44 46 44 46 33 35 2720 10 0 0 0 0 2720 10 44 46 44 46 33 35 2720 10 0 0 0 0 2720 10 44 46 44 46 33 35 2720 10 0 0 0 0 2720 10 45 47 44 46 45 47 2720 10 0 0 0 0 2720 10
235 900 100 900 0 100 0 1000 44 46 44 46 33 35 0 0 0 0 0 0 0 0 44 46 44 46 33 35 0 0 0 0 0 0 0 0 44 46 44 46 33 35 0 0 0 0 0 0 0 0 44 46 44 46 33 35 0 0 0 0 0 0 0 0 44 46 44 46 33 35 0 0 0 0 0 0 0 0 46 48 44 46 46 48 0 0 0 0 0 0 0 0
236 900 100 900 0 100 0 1000 44 46 44 46 33 35 0 0 0 0 0 0 0 0 44 46 44 46 33 35 0 0 0 0 0 0 0 0 44 46 44 46 33 35 0 0 0 0 0 0 0 0 44 46 44 46 33 35 0 0 0 0 0 0 0 0 44 46 44 46 33 35 0 0 0 0 0 0 0 0 46 48 44 46 46 48 0 0 0 0 0 0 0 0
237 900 100 900 0 100 0 1000 44 46 44 46 33 35 1518 2 1518 2 0 0 0 0 44 46 44 46 33 35 1518 2 1518 2 0 0 0 0 44 46 44 46 33 35 1518 2 1518 2 0 0 0 0 44 46 44 46 33 35 1518 2 1518 2 0 0 0 0 44 46 44 46 33 35 1518 2 1518 2 0 0 0 0 46 48 44 46 46 48 1518 2 1518 2 0 0 0 0
238 900 100 900 0 100 0 1000 44 46 44 46 33 35 1923 7 0 0 291 1 1632 6 44 46 44 46 33 35 1923 7 0 0 291 1 1632 6 44 46 44 46 33 35 1923 7 0 0 291 1 1632 6 44 46 44 46 33 35 1923 7 0 0 291 1 1632 6 44 46 44 46 33 35 1923 7 0 0 291 1 1632 6 46 48 44 46 46 48 1923 7 0 0 291 1 1632 6
239 900 100 900 0 100 0 1000 44 46 44 46 33 35 0 0 0 0 0 0 0 0 44 46 44 46 33 35 0 0 0 0 0 0 0 0 44 46 44 46 33 35 0 0 0 0 0 0 0 0 44 46 44 46 33 35 0 0 0 0 0 0 0 0 44 46 44 46 33 35 0 0 0 0 0 0 0 0 47 49 44 46 47 49 0 0 0 0 0 0 0 0
240 900 100 900 0 100 0 1000 44 46 44 46 33 35 0 0 0 0 0 0 0 0 44 46 44 46 33 35 0 0 0 0 0 0 0 0 44 46 44 46 33 35 0 0 0 0 0 0 0 0 44 46 44 46 33 35 0 0 0 0 0 0 0 0 44 46 44 46 33 35 0 0 0 0 0 0 0 0 47 49 44 46 47 49 0 0 0 0 0 0 0 0
241 900 100 900 0 100 0 1000 44 46 44 46 33 35 1893 3 1893 3 0 0 0 0 44 46 44 46 33 35 1893 3 1893 3 0 0 0 0 44 46 44 46 33 35 1893 3 1893 3 0 0 0 0 44 46 44 46 33 35 1893 3 1893 3 0 0 0 0 44 46 44 46 33 35 1893 3 1893 3 0 0 0 0 47 49 44 46 47 49 1893 3 1893 3 0 0 0 0
242 900 100 900 0 100 0 1000 44 46 44 46 33 35 4099 15 0 0 291 1 3808 14 44 46 44 46 33 35 4099 15 0 0 291 1 3808 14 44 46 44 46 33 35 4099 15 0 0 291 1 3808 14 44 46 44 46 33 35 4099 15 0 0 291 1 3808 14 44 46 44 46 33 35 4099 15 0 0 291 1 3808 14 47 49 44 46 47 49 4099 15 0 0 291 1 3808 14
243 900 100 900 0 100 0 1000 44 46 44 46 33 35 0 0 0 0 0 0 0 0 44 46 44 46 33 35 0 0 0 0 0 0 0 0 44 46 44 46 33 35 0 0 0 0 0 0 0 0 44 46 44 46 33 35 0 0 0 0 0 0 0 0 44 46 44 46 33 35 0 0 0 0 0 0 0 0 48 50 44 46 48 50 0 0 0 0 0 0 0 0
244 900 100 900 0 100 0 1000 44 46 44 46 33 35 0 0 0 0 0 0 0 0 44 46 44 46 33 35 0 0 0 0 0 0 0 0 44 46 44 46 33 35 0 0 0 0 0 0 0 0 44 46 44 46 33 35 0 0 0 0 0 0 0 0 44 46 44 46 33 35 0 0 0 0 0 0 0 0 48 50 44 46 48 50 0 0 0 0 0 0 0 0
245 900 100 900 0 100 0 1000 44 46 44 46 33 35 2659 3 2659 3 0 0 0 0 44 46 44 46 33 35 2659 3 2659 3 0 0 0 0 44 46 44 46 33 35 2659 3 2659 3 0 0 0 0 44 46 44 46 33 35 2659 3 2659 3 0 0 0 0 44 46 44 46 33 35 2659 3 2659 3 0 0 0 0 48 50 44 46 48 50 2659 3 2659 3 0 0 0 0
246 900 100 900 0 100 0 1000 44 46 44 46 33 35 2465 9 0 0 289 1 2176 8 44 46 44 46 33 35 2465 9 0 0 289 1 2176 8 44 46 44 46 33 35 2465 9 0 0 289 1 2176 8 44 46 44 46 33 35 2465 9 0 0 289 1 2176 8 44 46 44 46 33 35 2465 9 0 0 289 1 2176 8 48 50 44 46 48 50 2465 9 0 0 289 1 2176 8
247 900 100 900 0 100 0 1000 44 46 44 46 33 35 0 0 0 0 0 0 0 0 44 46 44 46 33 35 0 0 0 0 0 0 0 0 44 46 44 46 33 35 0 0 0 0 0 0 0 0 44 46 44 46 33 35 0 0 0 0 0 0 0 0 44 46 44 46 33 35 0 0 0 0 0 0 0 0 49 51 44 46 49 51 0 0 0 0 0 0 0 0
248 0 1000 0 900 100 0 1000 44 46 44 46 33 35 0 0 0 0 0 0 0 0 44 46 44 46 33 35 0 0 0 0 0 0 0 0 44 46 44 46 33 35 0 0 0 0 0 0 0 0 44 46 44 46 33 35 0 0 0 0 0 0 0 0 44 46 44 46 33 35 0 0 0 0 0 0 0 0 49 51 44 46 49 51 0 0 0 0 0 0 0 0
249 0 1000 0 900 100 0 1000 44 46 44 46 33 35 3475 5 3475 5 0 0 0 0 44 46 44 46 33 35 3475 5 3475 5 0 0 0 0 44 46 44 46 33 35 3475 5 3475 5 0 0 0 0 44 46 44 46 33 35 3475 5 3475 5 0 0 0 0 44 46 44 46 33 35 3475 5 3475 5 0 0 0 0 49 51 44 46 49 51 3475 5 3475 5 0 0 0 0
250 0 1000 0 900 100 0 1000 44 46 44 46 33 35 2739 10 0 0 291 1 2448 9 44 46 44 46 33 35 2739 10 0 0 291 1 2448 9 44 46 44 46 33 35 2739 10 0 0 291 1 2448 9 44 46 44 46 33 35 2739 10 0 0 291 1 2448 9 44 46 44 46 33 35 2739 10 0 0 291 1 2448 9 49 51 44 46 49 51 2739 10 0 0 291 1 2448 9
251 0 1000 0 0 1000 0 1000 50 52 44 46 50 52 0 0 0 0 0 0 0 0 50 52 44 46 50 52 0 0 0 0 0 0 0 0 50 52 44 46 50 52 0 0 0 0 0 0 0 0 50 52 44 46 50 52 0 0 0 0 0 0 0 0 50 52 44 46 50 52 0 0 0 0 0 0 0 0 50 52 44 46 50 52 0 0 0 0 0 0 0 0
252 0 1000 0 0 1000 0 1000 50 52 44 46 50 52 0 0 0 0 0 0 0 0 50 52 44 46 50 52 0 0 0 0 0 0 0 0 50 52 44 46 50 52 0 0 0 0 0 0 0 0 50 52 44 46 50 52 0 0 0 0 0 0 0 0 50 52 44 46 50 52 0 0 0 0 0 0 0 0 50 52 44 46 50 52 0 0 0 0 0 0 0 0
253 0 1000 0 0 1000 0 1000 50 52 44 46 50 52 24714 34 24714 34 0 0 0 0 50 52 44 46 50 52 24714 34 24714 34 0 0 0 0 50 52 44 46 50 52 24714 34 24714 34 0 0 0 0 50 52 44 46 50 52 24714 34 24714 34 0 0 0 0 50 52 44 46 50 52 24714 34 24714 34 0 0 0 0 50 52 44 46 50 52 24714 34 24714 34 0 0 0 0
254 0 1000 0 0 1000 0 1000 59 63 59 63 50 52 26674 98 0 0 290 1 26384 97 59 63 59 63 50 52 26674 98 0 0 290 1 26384 97 59 63 59 63 50 52 26674 98 0 0 290 1 26384 97 59 63 59 63 50 52 26674 98 0 0 290 1 26384 97 59 63 59 63 50 52 26674 98 0 0 290 1 26384 97 59 63 59 63 50 52 26674 98 0 0 290 1 26384 97
255 0 1000 0 0 1000 0 1000 59 63 59 63 51 53 0 0 0 0 0 0 0 0 59 63 59 63 51 53 0 0 0 0 0 0 0 0 59 63 59 63 51 53 0 0 0 0 0 0 0 0 59 63 59 63 51 53 0 0 0 0 0 0 0 0 59 63 59 63 51 53 0 0 0 0 0 0 0 0 59 63 59 63 51 53 0 0 0 0 0 0 0 0
256 0 1000 0 0 1000 0 1000 59 63 59 63 51 53 0 0 0 0 0 0 0 0 59 63 59 63 51 53 0 0 0 0 0 0 0 0 59 63 59 63 51 53 0 0 0 0 0 0 0 0 59 63 59 63 51 53 0 0 0 0 0 0 0 0 59 63 59 63 51 53 0 0 0 0 0 0 0 0 59 63 59 63 51 53 0 0 0 0 0 0 0 0
257 0 1000 0 0 1000 0 1000 59 63 59 63 51 53 60229 17 60229 17 0 0 0 0 59 63 59 63 51 53 60229 17 60229 17 0 0 0 0 59 63 59 63 51 53 60229 17 60229 17 0 0 0 0 59 63 59 63 51 53 60229 17 60229 17 0 0 0 0 59 63 59 63 51 53 60229 17 60229 17 0 0 0 0 59 63 59 63 51 53 60229 17 60229 17 0 0 0 0
258 0 1000 0 0 1000 0 1000 60 64 60 64 51 53 26131 96 0 0 291 1 25840 95 60 64 60 64 51 53 26131 96 0 0 291 1 25840 95 60 64 60 64 51 53 26131 96 0 0 291 1 25840 95 60 64 60 64 51 53 26131 96 0 0 291 1 25840 95 60 64 60 64 51 53 26131 96 0 0 291 1 25840 95 60 64 60 64 51 53 26131 96 0 0 291 1 25840 95
259 0 1000 0 0 1000 0 1000 60 64 60 64 52 54 0 0 0 0 0 0 0 0 60 64 60 64 52 54 0 0 0 0 0 0 0 0 60 64 60 64 52 54 0 0 0 0 0 0 0 0 60 64 60 64 52 54 0 0 0 0 0 0 0 0 60 64 60 64 52 54 0 0 0 0 0 0 0 0 60 64 60 64 52 54 0 0 0 0 0 0 0 0
260 0 1000 0 0 1000 0 1000 60 64 60 64 52 54 0 0 0 0 0 0 0 0 60 64 60 64 52 54 0 0 0 0 0 0 0 0 60 64 60 64 52 54 0 0 0 0 0 0 0 0 60 64 60 64 52 54 0 0 0 0 0 0 0 0 60 64 60 64 52 54 0 0 0 0 0 0 0 0 60 64 60 64 52 54 0 0 0 0 0 0 0 0
261 0 1000 0 0 1000 0 1000 60 64 60 64 52 54 107845 31 107845 31 0 0 0 0 60 64 60 64 52 54 107845 31 107845 31 0 0 0 0 60 64 60 64 52 54 107845 31 107845 31 0 0 0 0 60 64 60 64 52 54 107845 31 107845 31 0 0 0 0 60 64 60 64 52 54 107845 31 107845 31 0 0 0 0 60 64 60 64 52 54 107845 31 107845 31 0 0 0 0
262 0 1000 0 0 1000 0 1000 61 65 61 65 52 54 27491 101 0 0 291 1 27200 100 61 65 61 65 52 54 27491 101 0 0 291 1 27200 100 61 65 61 65 52 54 27491 101 0 0 291 1 27200 100 61 65 61 65 52 54 27491 101 0 0 291 1 27200 100 61 65 61 65 52 54 27491 101 0 0 291 1 27200 100 61 65 61 65 52 54 27491 101 0 0 291 1 27200 100
263 0 1000 0 0 1000 0 1000 61 65 61 65 53 55 0 0 0 0 0 0 0 0 61 65 61 65 53 55 0 0 0 0 0 0 0 0 61 65 61 65 53 55 0 0 0 0 0 0 0 0 61 65 61 65 53 55 0 0 0 0 0 0 0 0 61 65 61 65 53 55 0 0 0 0 0 0 0 0 61 65 61 65 53 55 0 0 0 0 0 0 0 0
264 0 1000 0 0 1000 0 1000 61 65 61 65 53 55 0 0 0 0 0 0 0 0 61 65 61 65 53 55 0 0 0 0 0 0 0 0 61 65 61 65 53 55 0 0 0 0 0 0 0 0 61 65 61 65 53 55 0 0 0 0 0 0 0 0 61 65 61 65 53 55 0 0 0 0 0 0 0 0 61 65 61 65 53 55 0 0 0 0 0 0 0 0
265 0 1000 0 0 1000 0 1000 61 65 61 65 53 55 50943 14 50943 14 0 0 0 0 61 65 61 65 53 55 50943 14 50943 14 0 0 0 0 61 65 61 65 53 55 50943 14 50943 14 0 0 0 0 61 65 61 65 53 55 50943 14 50943 14 0 0 0 0 61 65 61 65 53 55 50943 14 50943 14 0 0 0 0 61 65 61 65 53 55 50943 14 50943 14 0 0 0 0
266 0 1000 0 0 1000 0 1000 62 66 62 66 53 55 27491 101 0 0 291 1 27200 100 62 66 62 66 53 55 27491 101 0 0 291 1 27200 100 62 66 62 66 53 55 27491 101 0 0 291 1 27200 100 62 66 62 66 53 55 27491 101 0 0 291 1 27200 100 62 66 62 66 53 55 27491 101 0 0 291 1 27200 100 62 66 62 66 53 55 27491 101 0 0 291 1 27200 100
267 0 1000 0 0 1000 0 1000 62 66 62 66 53 55 0 0 0 0 0 0 0 0 62 66 62 66 53 55 0 0 0 0 0 0 0 0 62 66 62 66 53 55 0 0 0 0 0 0 0 0 62 66 62 66 53 55 0 0 0 0 0 0 0 0 62 66 62 66 53 55 0 0 0 0 0 0 0 0 62 66 62 66 53 55 0 0 0 0 0 0 0 0
268 0 1000 0 0 1000 0 1000 62 66 62 66 53 55 0 0 0 0 0 0 0 0 62 66 62 66 53 55 0 0 0 0 0 0 0 0 62 66 62 66 53 55 0 0 0 0 0 0 0 0 62 66 62 66 53 55 0 0 0 0 0 0 0 0 62 66 62 66 53 55 0 0 0 0 0 0 0 0 62 66 62 66 53 55 0 0 0 0 0 0 0 0
269 0 1000 0 0 1000 0 1000 62 66 62 66 53 55 87335 24 87335 24 0 0 0 0 62 66 62 66 53 55 87335 24 87335 24 0 0 0 0 62 66 62 66 53 55 87335 24 87335 24 0 0 0 0 62 66 62 66 53 55 87335 24 87335 24 0 0 0 0 62 66 62 66 53 55 87335 24 87335 24 0 0 0 0 62 66 62 66 53 55 87335 24 87335 24 0 0 0 0
270 0 1000 0 0 1000 0 1000 63 67 63 67 53 55 31027 114 0 0 291 1 30736 113 63 67 63 67 53 55 31027 114 0 0 291 1 30736 113 63 67 63 67 53 55 31027 114 0 0 291 1 30736 113 63 67 63 67 53 55 31027 114 0 0 291 1 30736 113 63 67 63 67 53 55 31027 114 0 0 291 1 30736 113 63 67 63 67 53 55 31027 114 0 0 291 1 30736 113
271 0 1000 0 0 1000 0 1000 63 67 63 67 54 57 0 0 0 0 0 0 0 0 63 67 63 67 54 57 0 0 0 0 0 0 0 0 63 67 63 67 54 57 0 0 0 0 0 0 0 0 63 67 63 67 54 57 0 0 0 0 0 0 0 0 63 67 63 67 54 57 0 0 0 0 0 0 0 0 63 67 63 67 54 57 0 0 0 0 0 0 0 0
272 0 1000 0 0 1000 0 1000 63 67 63 67 54 57 0 0 0 0 0 0 0 0 63 67 63 67 54 57 0 0 0 0 0 0 0 0 63 67 63 67 54 57 0 0 0 0 0 0 0 0 63 67 63 67 54 57 0 0 0 0 0 0 0 0 63 67 63 67 54 57 0 0 0 0 0 0 0 0 63 67 63 67 54 57 0 0 0 0 0 0 0 0
273 0 1000 0 0 1000 0 1000 63 67 63 67 54 57 81099 20 81099 20 0 0 0 0 63 67 63 67 54 57 81099 20 81099 20 0 0 0 0 63 67 63 67 54 57 81099 20 81099 20 0 0 0 0 63 67 63 67 54 57 81099 20 81099 20 0 0 0 0 63 67 63 67 54 57 81099 20 81099 20 0 0 0 0 63 67 63 67 54 57 81099 20 81099 20 0 0 0 0
274 0 1000 0 0 1000 0 1000 64 68 64 68 54 57 28307 104 0 0 291 1 28016 103 64 68 64 68 54 57 28307 104 0 0 291 1 28016 103 64 68 64 68 54 57 28307 104 0 0 291 1 28016 103 64 68 64 68 54 57 28307 104 0 0 291 1 28016 103 64 68 64 68 54 57 28307 104 0 0 291 1 28016 103 64 68 64 68 54 57 28307 104 0 0 291 1 28016 103
275 0 1000 0 0 1000 0 1000 64 68 64 68 54 57 0 0 0 0 0 0 0 0 64 68 64 68 54 57 0 0 0 0 0 0 0 0 64 68 64 68 54 57 0 0 0 0 0 0 0 0 64 68 64 68 54 57 0 0 0 0 0 0 0 0 64 68 64 68 54 57 0 0 0 0 0 0 0 0 64 68 64 68 54 57 0 0 0 0 0 0 0 0
276 0 1000 0 0 1000 0 1000 64 68 64 68 54 57 0 0 0 0 0 0 0 0 64 68 64 68 54 57 0 0 0 0 0 0 0 0 64 68 64 68 54 57 0 0 0 0 0 0 0 0 64 68 64 68 54 57 0 0 0 0 0 0 0 0 64 68 64 68 54 57 0 0 0 0 0 0 0 0 64 68 64 68 54 57 0 0 0 0 0 0 0 0
277 0 1000 0 0 1000 0 1000 64 68 64 68 54 57 85902 23 85902 23 0 0 0 0 64 68 64 68 54 57 85902 23 85902 23 0 0 0 0 64 68 64 68 54 57 85902 23 85902 23 0 0 0 0 64 68 64 68 54 57 85902 23 85902 23 0 0 0 0 64 68 64 68 54 57 85902 23 85902 23 0 0 0 0 64 68 64 68 54 57 85902 23 85902 23 0 0 0 0
278 0 1000 0 0 1000 0 1000 65 69 65 69 54 57 31027 114 0 0 291 1 30736 113 65 69 65 69 54 57 31027 114 0 0 291 1 30736 113 65 69 65 69 54 57 31027 114 0 0 291 1 30736 113 65 69 65 69 54 57 31027 114 0 0 291 1 30736 113 65 69 65 69 54 57 31027 114 0 0 291 1 30736 113 65 69 65 69 54 57 31027 114 0 0 291 1 30736 113
279 0 1000 0 0 1000 0 1000 65 69 65 69 55 59 0 0 0 0 0 0 0 0 65 69 65 69 55 59 0 0 0 0 0 0 0 0 65 69 65 69 55 59 0 0 0 0 0 0 0 0 65 69 65 69 55 59 0 0 0 0 0 0 0 0 65 69 65 69 55 59 0 0 0 0 0 0 0 0 65 69 65 69 55 59 0 0 0 0 0 0 0 0
280 0 1000 0 0 1000 0 1000 65 69 65 69 55 59 0 0 0 0 0 0 0 0 65 69 65 69 55 59 0 0 0 0 0 0 0 0 65 69 65 69 55 59 0 0 0 0 0 0 0 0 65 69 65 69 55 59 0 0 0 0 0 0 0 0 65 69 65 69 55 59 0 0 0 0 0 0 0 0 65 69 65 69 55 59 0 0 0 0 0 0 0 0
281 0 1000 0 0 1000 0 1000 65 69 65 69 55 59 113537 28 113537 28 0 0 0 0 65 69 65 69 55 59 113537 28 113537 28 0 0 0 0 65 69 65 69 55 59 113537 28 113537 28 0 0 0 0 65 69 65 69 55 59 113537 28 113537 28 0 0 0 0 65 69 65 69 55 59 113537 28 113537 28 0 0 0 0 65 69 65 69 55 59 113537 28 113537 28 0 0 0 0
282 0 1000 0 0 1000 0 1000 66 70 66 70 55 59 27491 101 0 0 291 1 27200 100 66 70 66 70 55 59 27491 101 0 0 291 1 27200 100 66 70 66 70 55 59 27491 101 0 0 291 1 27200 100 66 70 66 70 55 59 27491 101 0 0 291 1 27200 100 66 70 66 70 55 59 27491 101 0 0 291 1 27200 100 66 70 66 70 55 59 27491 101 0 0 291 1 27200 100
283 0 1000 0 0 1000 0 1000 66 70 66 70 56 60 0 0 0 0 0 0 0 0 66 70 66 70 56 60 0 0 0 0 0 0 0 0 66 70 66 70 56 60 0 0 0 0 0 0 0 0 66 70 66 70 56 60 0 0 0 0 0 0 0 0 66 70 66 70 56 60 0 0 0 0 0 0 0 0 66 70 66 70 56 60 0 0 0 0 0 0 0 0
284 0 1000 0 0 1000 0 1000 66 70 66 70 56 60 0 0 0 0 0 0 0 0 66 70 66 70 56 60 0 0 0 0 0 0 0 0 66 70 66 70 56 60 0 0 0 0 0 0 0 0 66 70 66 70 56 60 0 0 0 0 0 0 0 0 66 70 66 70 56 60 0 0 0 0 0 0 0 0 66 70 66 70 56 60 0 0 0 0 0 0 0 0
285 0 1000 0 0 1000 0 1000 66 70 66 70 56 60 72775 20 72775 20 0 0 0 0 66 70 66 70 56 60 72775 20 72775 20 0 0 0 0 66 70 66 70 56 60 72775 20 72775 20 0 0 0 0 66 70 66 70 56 60 72775 20 72775 20 0 0 0 0 66 70 66 70 56 60 72775 20 72775 20 0 0 0 0 66 70 66 70 56 60 72775 20 72775 20 0 0 0 0
286 0 1000 0 0 1000 0 1000 67 71 67 71 56 60 27219 100 0 0 291 1 26928 99 67 71 67 71 56 60 27219 100 0 0 291 1 26928 99 67 71 67 71 56 60 27219 100 0 0 291 1 26928 99 67 71 67 71 56 60 27219 100 0 0 291 1 26928 99 67 71 67 71 56 60 27219 100 0 0 291 1 26928 99 67 71 67 71 56 60 27219 100 0 0 291 1 26928 99
287 0 1000 0 0 1000 0 1000 67 71 67 71 57 61 0 0 0 0 0 0 0 0 67 71 67 71 57 61 0 0 0 0 0 0 0 0 67 71 67 71 57 61 0 0 0 0 0 0 0 0 67 71 67 71 57 61 0 0 0 0 0 0 0 0 67 71 67 71 57 61 0 0 0 0 0 0 0 0 67 71 67 71 57 61 0 0 0 0 0 0 0 0
288 0 1000 0 0 1000 0 1000 67 71 67 71 57 61 0 0 0 0 0 0 0 0 67 71 67 71 57 61 0 0 0 0 0 0 0 0 67 71 67 71 57 61 0 0 0 0 0 0 0 0 67 71 67 71 57 61 0 0 0 0 0 0 0 0 67 71 67 71 57 61 0 0 0 0 0 0 0 0 67 71 67 71 57 61 0 0 0 0 0 0 0 0
289 0 1000 0 0 1000 0 1000 67 71 67 71 57 61 93778 26 93778 26 0 0 0 0 67 71 67 71 57 61 93778 26 93778 26 0 0 0 0 67 71 67 71 57 61 93778 26 93778 26 0 0 0 0 67 71 67 71 57 61 93778 26 93778 26 0 0 0 0 67 71 67 71 57 61 93778 26 93778 26 0 0 0 0 67 71 67 71 57 61 93778 26 93778 26 0 0 0 0
290 0 1000 0 0 1000 0 1000 68 72 68 72 57 61 31299 115 0 0 291 1 31008 114 68 72 68 72 57 61 31299 115 0 0 291 1 31008 114 68 72 68 72 57 61 31299 115 0 0 291 1 31008 114 68 72 68 72 57 61 31299 115 0 0 291 1 31008 114 68 72 68 72 57 61 31299 115 0 0 291 1 31008 114 68 72 68 72 57 61 31299 115 0 0 291 1 31008 114
291 0 1000 0 0 1000 0 1000 68 72 68 72 58 62 0 0 0 0 0 0 0 0 68 72 68 72 58 62 0 0 0 0 0 0 0 0 68 72 68 72 58 62 0 0 0 0 0 0 0 0 68 72 68 72 58 62 0 0 0 0 0 0 0 0 68 72 68 72 58 62 0 0 0 0 0 0 0 0 68 72 68 72 58 62 0 0 0 0 0 0 0 0
292 0 1000 0 0 1000 0 1000 68 72 68 72 58 62 0 0 0 0 0 0 0 0 68 72 68 72 58 62 0 0 0 0 0 0 0 0 68 72 68 72 58 62 0 0 0 0 0 0 0 0 68 72 68 72 58 62 0 0 0 0 0 0 0 0 68 72 68 72 58 62 0 0 0 0 0 0 0 0 68 72 68 72 58 62 0 0 0 0 0 0 0 0
293 0 1000 0 0 1000 0 1000 68 72 68 72 58 62 110347 27 110347 27 0 0 0 0 68 72 68 72 58 62 110347 27 110347 27 0 0 0 0 68 72 68 72 58 62 110347 27 110347 27 0 0 0 0 68 72 68 72 58 62 110347 27 110347 27 0 0 0 0 68 72 68 72 58 62 110347 27 110347 27 0 0 0 0 68 72 68 72 58 62 110347 27 110347 27 0 0 0 0
294 0 1000 0 0 1000 0 1000 69 73 69 73 58 62 25859 95 0 0 291 1 25568 94 69 73 69 73 58 62 25859 95 0 0 291 1 25568 94 69 73 69 73 58 62 25859 95 0 0 291 1 25568 94 69 73 69 73 58 62 25859 95 0 0 291 1 25568 94 69 73 69 73 58 62 25859 95 0 0 291 1 25568 94 69 73 69 73 58 62 25859 95 0 0 291 1 25568 94
295 0 1000 0 0 1000 0 1000 69 73 69 73 59 63 0 0 0 0 0 0 0 0 69 73 69 73 59 63 0 0 0 0 0 0 0 0 69 73 69 73 59 63 0 0 0 0 0 0 0 0 69 73 69 73 59 63 0 0 0 0 0 0 0 0 69 73 69 73 59 63 0 0 0 0 0 0 0 0 69 73 69 73 59 63 0 0 0 0 0 0 0 0
296 0 1000 0 0 1000 0 1000 69 73 69 73 59 63 0 0 0 0 0 0 0 0 69 73 69 73 59 63 0 0 0 0 0 0 0 0 69 73 69 73 59 63 0 0 0 0 0 0 0 0 69 73 69 73 59 63 0 0 0 0 0 0 0 0 69 73 69 73 59 63 0 0 0 0 0 0 0 0 69 73 69 73 59 63 0 0 0 0 0 0 0 0
297 0 1000 0 0 1000 0 1000 69 73 69 73 59 63 93066 27 93066 27 0 0 0 0 69 73 69 73 59 63 93066 27 93066 27 0 0 0 0 69 73 69 73 59 63 93066 27 93066 27 0 0 0 0 69 73 69 73 59 63 93066 27 93066 27 0 0 0 0 69 73 69 73 59 63 93066 27 93066 27 0 0 0 0 69 73 69 73 59 63 93066 27 93066 27 0 0 0 0
298 0 1000 0 0 1000 0 1000 70 74 70 74 59 63 26403 97 0 0 291 1 26112 96 70 74 70 74 59 63 26403 97 0 0 291 1 26112 96 70 74 70 74 59 63 26403 97 0 0 291 1 26112 96 70 74 70 74 59 63 26403 97 0 0 291 1 26112 96 70 74 70 74 59 63 26403 97 0 0 291 1 26112 96 70 74 70 74 59 63 26403 97 0 0 291 1 26112 96
299 0 1000 0 0 1000 0 1000 70 74 70 74 60 64 0 0 0 0 0 0 0 0 70 74 70 74 60 64 0 0 0 0 0 0 0 0 70 74 70 74 60 64 0 0 0 0 0 0 0 0 70 74 70 74 60 64 0 0 0 0 0 0 0 0 70 74 70 74 60 64 0 0 0 0 0 0 0 0 70 74 70 74 60 64 0 0 0 0 0 0 0 0
300 0 1000 0 0 1000 0 1000 70 74 70 74 60 64 0 0 0 0 0 0 0 0 70 74 70 74 60 64 0 0 0 0 0 0 0 0 70 74 70 74 60 64 0 0 0 0 0 0 0 0 70 74 70 74 60 64 0 0 0 0 0 0 0 0 70 74 70 74 60 64 0 0 0 0 0 0 0 0 70 74 70 74 60 64 0 0 0 0 0 0 0 0
301 0 1000 0 0 1000 0 1000 70 74 70 74 60 64 73730 21 73730 21 0 0 0 0 70 74 70 74 60 64 73730 21 73730 21 0 0 0 0 70 74 70 74 60 64 73730 21 73730 21 0 0 0 0 70 74 70 74 60 64 73730 21 73730 21 0 0 0 0 70 74 70 74 60 64 73730 21 73730 21 0 0 0 0 70 74 70 74 60 64 73730 21 73730 21 0 0 0 0
302 0 1000 0 0 1000 0 1000 71 75 71 75 60 64 26131 96 0 0 291 1 25840 95 71 75 71 75 60 64 26131 96 0 0 291 1 25840 95 71 75 71 75 60 64 26131 96 0 0 291 1 25840 95 71 75 71 75 60 64 26131 96 0 0 291 1 25840 95 71 75 71 75 60 64 26131 96 0 0 291 1 25840 95 71 75 71 75 60 64 26131 96 0 0 291 1 25840 95
303 0 1000 0 0 1000 0 1000 71 75 71 75 61 65 0 0 0 0 0 0 0 0 71 75 71 75 61 65 0 0 0 0 0 0 0 0 71 75 71 75 61 65 0 0 0 0 0 0 0 0 71 75 71 75 61 65 0 0 0 0 0 0 0 0 71 75 71 75 61 65 0 0 0 0 0 0 0 0 71 75 71 75 61 65 0 0 0 0 0 0 0 0
