r n_asleep n_awake n_honest_asleep n_honest_dreamy n_honest_awake n_adversary n_all party0_ledger_best_length party0_ledger_best_age party0_ledger_fast_length party0_ledger_fast_age party0_ledger_slow_length party0_ledger_slow_age party0_comms_all_size party0_comms_all_count party0_comms_proposal_size party0_comms_proposal_count party0_comms_piece_block_size party0_comms_piece_block_count party0_comms_piece_vote_size party0_comms_piece_vote_count party1_ledger_best_length party1_ledger_best_age party1_ledger_fast_length party1_ledger_fast_age party1_ledger_slow_length party1_ledger_slow_age party1_comms_all_size party1_comms_all_count party1_comms_proposal_size party1_comms_proposal_count party1_comms_piece_block_size party1_comms_piece_block_count party1_comms_piece_vote_size party1_comms_piece_vote_count party2_ledger_best_length party2_ledger_best_age party2_ledger_fast_length party2_ledger_fast_age party2_ledger_slow_length party2_ledger_slow_age party2_comms_all_size party2_comms_all_count party2_comms_proposal_size party2_comms_proposal_count party2_comms_piece_block_size party2_comms_piece_block_count party2_comms_piece_vote_size party2_comms_piece_vote_count party3_ledger_best_length party3_ledger_best_age party3_ledger_fast_length party3_ledger_fast_age party3_ledger_slow_length party3_ledger_slow_age party3_comms_all_size party3_comms_all_count party3_comms_proposal_size party3_comms_proposal_count party3_comms_piece_block_size party3_comms_piece_block_count party3_comms_piece_vote_size party3_comms_piece_vote_count party4_ledger_best_length party4_ledger_best_age party4_ledger_fast_length party4_ledger_fast_age party4_ledger_slow_length party4_ledger_slow_age party4_comms_all_size party4_comms_all_count party4_comms_proposal_size party4_comms_proposal_count party4_comms_piece_block_size party4_comms_piece_block_count party4_comms_piece_vote_size party4_comms_piece_vote_count partyALWAYSAWAKE_ledger_best_length partyALWAYSAWAKE_ledger_best_age partyALWAYSAWAKE_ledger_fast_length partyALWAYSAWAKE_ledger_fast_age partyALWAYSAWAKE_ledger_slow_length partyALWAYSAWAKE_ledger_slow_age partyALWAYSAWAKE_comms_all_size partyALWAYSAWAKE_comms_all_count partyALWAYSAWAKE_comms_proposal_size partyALWAYSAWAKE_comms_proposal_count partyALWAYSAWAKE_comms_piece_block_size partyALWAYSAWAKE_comms_piece_block_count partyALWAYSAWAKE_comms_piece_vote_size partyALWAYSAWAKE_comms_piece_vote_count
4 0 50 0 0 50 0 50 0 0 0 0 0 0 0 0 0 0 0 0 0 0 0 0 0 0 0 0 0 0 0 0 0 0 0 0 0 0 0 0 0 0 0 0 0 0 0 0 0 0 0 0 0 0 0 0 0 0 0 0 0 0 0 0 0 0 0 0 0 0 0 0 0 0 0 0 0 0 0 0 0 0 0 0 0 0 0 0 0 0 0 0
5 0 50 0 0 50 0 50 0 0 0 0 0 0 4021840 50 4021840 50 0 0 0 0 0 0 0 0 0 0 4021840 50 4021840 50 0 0 0 0 0 0 0 0 0 0 4021840 50 4021840 50 0 0 0 0 0 0 0 0 0 0 4021840 50 4021840 50 0 0 0 0 0 0 0 0 0 0 4021840 50 4021840 50 0 0 0 0 0 0 0 0 0 0 4021840 50 4021840 50 0 0 0 0
6 0 50 0 0 50 0 50 1 1 1 1 0 0 93889 51 0 0 80289 1 13600 50 1 1 1 1 0 0 93889 51 0 0 80289 1 13600 50 1 1 1 1 0 0 93889 51 0 0 80289 1 13600 50 1 1 1 1 0 0 93889 51 0 0 80289 1 13600 50 1 1 1 1 0 0 93889 51 0 0 80289 1 13600 50 1 1 1 1 0 0 93889 51 0 0 80289 1 13600 50
7 0 50 0 0 50 0 50 1 1 1 1 0 0 0 0 0 0 0 0 0 0 1 1 1 1 0 0 0 0 0 0 0 0 0 0 1 1 1 1 0 0 0 0 0 0 0 0 0 0 1 1 1 1 0 0 0 0 0 0 0 0 0 0 1 1 1 1 0 0 0 0 0 0 0 0 0 0 1 1 1 1 0 0 0 0 0 0 0 0 0 0
8 0 50 0 0 50 0 50 1 1 1 1 0 0 0 0 0 0 0 0 0 0 1 1 1 1 0 0 0 0 0 0 0 0 0 0 1 1 1 1 0 0 0 0 0 0 0 0 0 0 1 1 1 1 0 0 0 0 0 0 0 0 0 0 1 1 1 1 0 0 0 0 0 0 0 0 0 0 1 1 1 1 0 0 0 0 0 0 0 0 0 0
9 0 50 0 0 50 0 50 1 1 1 1 0 0 4101840 50 4101840 50 0 0 0 0 1 1 1 1 0 0 4101840 50 4101840 50 0 0 0 0 1 1 1 1 0 0 4101840 50 4101840 50 0 0 0 0 1 1 1 1 0 0 4101840 50 4101840 50 0 0 0 0 1 1 1 1 0 0 4101840 50 4101840 50 0 0 0 0 1 1 1 1 0 0 4101840 50 4101840 50 0 0 0 0
10 0 50 0 0 50 0 50 2 2 2 2 0 0 93889 51 0 0 80289 1 13600 50 2 2 2 2 0 0 93889 51 0 0 80289 1 13600 50 2 2 2 2 0 0 93889 51 0 0 80289 1 13600 50 2 2 2 2 0 0 93889 51 0 0 80289 1 13600 50 2 2 2 2 0 0 93889 51 0 0 80289 1 13600 50 2 2 2 2 0 0 93889 51 0 0 80289 1 13600 50
11 0 50 0 0 50 0 50 2 2 2 2 0 0 0 0 0 0 0 0 0 0 2 2 2 2 0 0 0 0 0 0 0 0 0 0 2 2 2 2 0 0 0 0 0 0 0 0 0 0 2 2 2 2 0 0 0 0 0 0 0 0 0 0 2 2 2 2 0 0 0 0 0 0 0 0 0 0 2 2 2 2 0 0 0 0 0 0 0 0 0 0
12 0 50 0 0 50 0 50 2 2 2 2 0 0 0 0 0 0 0 0 0 0 2 2 2 2 0 0 0 0 0 0 0 0 0 0 2 2 2 2 0 0 0 0 0 0 0 0 0 0 2 2 2 2 0 0 0 0 0 0 0 0 0 0 2 2 2 2 0 0 0 0 0 0 0 0 0 0 2 2 2 2 0 0 0 0 0 0 0 0 0 0
13 0 50 0 0 50 0 50 2 2 2 2 0 0 4101840 50 4101840 50 0 0 0 0 2 2 2 2 0 0 4101840 50 4101840 50 0 0 0 0 2 2 2 2 0 0 4101840 50 4101840 50 0 0 0 0 2 2 2 2 0 0 4101840 50 4101840 50 0 0 0 0 2 2 2 2 0 0 4101840 50 4101840 50 0 0 0 0 2 2 2 2 0 0 4101840 50 4101840 50 0 0 0 0
14 0 50 0 0 50 0 50 3 3 3 3 0 0 93889 51 0 0 80289 1 13600 50 3 3 3 3 0 0 93889 51 0 0 80289 1 13600 50 3 3 3 3 0 0 93889 51 0 0 80289 1 13600 50 3 3 3 3 0 0 93889 51 0 0 80289 1 13600 50 3 3 3 3 0 0 93889 51 0 0 80289 1 13600 50 3 3 3 3 0 0 93889 51 0 0 80289 1 13600 50
15 0 50 0 0 50 0 50 3 3 3 3 0 0 0 0 0 0 0 0 0 0 3 3 3 3 0 0 0 0 0 0 0 0 0 0 3 3 3 3 0 0 0 0 0 0 0 0 0 0 3 3 3 3 0 0 0 0 0 0 0 0 0 0 3 3 3 3 0 0 0 0 0 0 0 0 0 0 3 3 3 3 0 0 0 0 0 0 0 0 0 0
16 0 50 0 0 50 0 50 3 3 3 3 0 0 0 0 0 0 0 0 0 0 3 3 3 3 0 0 0 0 0 0 0 0 0 0 3 3 3 3 0 0 0 0 0 0 0 0 0 0 3 3 3 3 0 0 0 0 0 0 0 0 0 0 3 3 3 3 0 0 0 0 0 0 0 0 0 0 3 3 3 3 0 0 0 0 0 0 0 0 0 0
17 0 50 0 0 50 0 50 3 3 3 3 0 0 4101840 50 4101840 50 0 0 0 0 3 3 3 3 0 0 4101840 50 4101840 50 0 0 0 0 3 3 3 3 0 0 4101840 50 4101840 50 0 0 0 0 3 3 3 3 0 0 4101840 50 4101840 50 0 0 0 0 3 3 3 3 0 0 4101840 50 4101840 50 0 0 0 0 3 3 3 3 0 0 4101840 50 4101840 50 0 0 0 0
18 0 50 0 0 50 0 50 4 4 4 4 0 0 93889 51 0 0 80289 1 13600 50 4 4 4 4 0 0 93889 51 0 0 80289 1 13600 50 4 4 4 4 0 0 93889 51 0 0 80289 1 13600 50 4 4 4 4 0 0 93889 51 0 0 80289 1 13600 50 4 4 4 4 0 0 93889 51 0 0 80289 1 13600 50 4 4 4 4 0 0 93889 51 0 0 80289 1 13600 50
19 0 50 0 0 50 0 50 4 4 4 4 0 0 0 0 0 0 0 0 0 0 4 4 4 4 0 0 0 0 0 0 0 0 0 0 4 4 4 4 0 0 0 0 0 0 0 0 0 0 4 4 4 4 0 0 0 0 0 0 0 0 0 0 4 4 4 4 0 0 0 0 0 0 0 0 0 0 4 4 4 4 0 0 0 0 0 0 0 0 0 0
20 0 50 0 0 50 0 50 4 4 4 4 0 0 0 0 0 0 0 0 0 0 4 4 4 4 0 0 0 0 0 0 0 0 0 0 4 4 4 4 0 0 0 0 0 0 0 0 0 0 4 4 4 4 0 0 0 0 0 0 0 0 0 0 4 4 4 4 0 0 0 0 0 0 0 0 0 0 4 4 4 4 0 0 0 0 0 0 0 0 0 0
21 0 50 0 0 50 0 50 4 4 4 4 0 0 4101840 50 4101840 50 0 0 0 0 4 4 4 4 0 0 4101840 50 4101840 50 0 0 0 0 4 4 4 4 0 0 4101840 50 4101840 50 0 0 0 0 4 4 4 4 0 0 4101840 50 4101840 50 0 0 0 0 4 4 4 4 0 0 4101840 50 4101840 50 0 0 0 0 4 4 4 4 0 0 4101840 50 4101840 50 0 0 0 0
22 0 50 0 0 50 0 50 5 5 5 5 0 0 93889 51 0 0 80289 1 13600 50 5 5 5 5 0 0 93889 51 0 0 80289 1 13600 50 5 5 5 5 0 0 93889 51 0 0 80289 1 13600 50 5 5 5 5 0 0 93889 51 0 0 80289 1 13600 50 5 5 5 5 0 0 93889 51 0 0 80289 1 13600 50 5 5 5 5 0 0 93889 51 0 0 80289 1 13600 50
23 0 50 0 0 50 0 50 5 5 5 5 0 0 0 0 0 0 0 0 0 0 5 5 5 5 0 0 0 0 0 0 0 0 0 0 5 5 5 5 0 0 0 0 0 0 0 0 0 0 5 5 5 5 0 0 0 0 0 0 0 0 0 0 5 5 5 5 0 0 0 0 0 0 0 0 0 0 5 5 5 5 0 0 0 0 0 0 0 0 0 0
24 0 50 0 0 50 0 50 5 5 5 5 0 0 0 0 0 0 0 0 0 0 5 5 5 5 0 0 0 0 0 0 0 0 0 0 5 5 5 5 0 0 0 0 0 0 0 0 0 0 5 5 5 5 0 0 0 0 0 0 0 0 0 0 5 5 5 5 0 0 0 0 0 0 0 0 0 0 5 5 5 5 0 0 0 0 0 0 0 0 0 0
25 0 50 0 0 50 0 50 5 5 5 5 0 0 4101840 50 4101840 50 0 0 0 0 5 5 5 5 0 0 4101840 50 4101840 50 0 0 0 0 5 5 5 5 0 0 4101840 50 4101840 50 0 0 0 0 5 5 5 5 0 0 4101840 50 4101840 50 0 0 0 0 5 5 5 5 0 0 4101840 50 4101840 50 0 0 0 0 5 5 5 5 0 0 4101840 50 4101840 50 0 0 0 0
26 0 50 0 0 50 0 50 6 6 6 6 0 0 93888 51 0 0 80288 1 13600 50 6 6 6 6 0 0 93888 51 0 0 80288 1 13600 50 6 6 6 6 0 0 93888 51 0 0 80288 1 13600 50 6 6 6 6 0 0 93888 51 0 0 80288 1 13600 50 6 6 6 6 0 0 93888 51 0 0 80288 1 13600 50 6 6 6 6 0 0 93888 51 0 0 80288 1 13600 50
27 0 50 0 0 50 0 50 6 6 6 6 0 0 0 0 0 0 0 0 0 0 6 6 6 6 0 0 0 0 0 0 0 0 0 0 6 6 6 6 0 0 0 0 0 0 0 0 0 0 6 6 6 6 0 0 0 0 0 0 0 0 0 0 6 6 6 6 0 0 0 0 0 0 0 0 0 0 6 6 6 6 0 0 0 0 0 0 0 0 0 0
28 0 50 0 0 50 0 50 6 6 6 6 0 0 0 0 0 0 0 0 0 0 6 6 6 6 0 0 0 0 0 0 0 0 0 0 6 6 6 6 0 0 0 0 0 0 0 0 0 0 6 6 6 6 0 0 0 0 0 0 0 0 0 0 6 6 6 6 0 0 0 0 0 0 0 0 0 0 6 6 6 6 0 0 0 0 0 0 0 0 0 0
29 0 50 0 0 50 0 50 6 6 6 6 0 0 4101840 50 4101840 50 0 0 0 0 6 6 6 6 0 0 4101840 50 4101840 50 0 0 0 0 6 6 6 6 0 0 4101840 50 4101840 50 0 0 0 0 6 6 6 6 0 0 4101840 50 4101840 50 0 0 0 0 6 6 6 6 0 0 4101840 50 4101840 50 0 0 0 0 6 6 6 6 0 0 4101840 50 4101840 50 0 0 0 0
30 0 50 0 0 50 0 50 7 7 7 7 0 0 93889 51 0 0 80289 1 13600 50 7 7 7 7 0 0 93889 51 0 0 80289 1 13600 50 7 7 7 7 0 0 93889 51 0 0 80289 1 13600 50 7 7 7 7 0 0 93889 51 0 0 80289 1 13600 50 7 7 7 7 0 0 93889 51 0 0 80289 1 13600 50 7 7 7 7 0 0 93889 51 0 0 80289 1 13600 50
31 0 50 0 0 50 0 50 7 7 7 7 0 0 0 0 0 0 0 0 0 0 7 7 7 7 0 0 0 0 0 0 0 0 0 0 7 7 7 7 0 0 0 0 0 0 0 0 0 0 7 7 7 7 0 0 0 0 0 0 0 0 0 0 7 7 7 7 0 0 0 0 0 0 0 0 0 0 7 7 7 7 0 0 0 0 0 0 0 0 0 0
32 0 50 0 0 50 0 50 7 7 7 7 0 0 0 0 0 0 0 0 0 0 7 7 7 7 0 0 0 0 0 0 0 0 0 0 7 7 7 7 0 0 0 0 0 0 0 0 0 0 7 7 7 7 0 0 0 0 0 0 0 0 0 0 7 7 7 7 0 0 0 0 0 0 0 0 0 0 7 7 7 7 0 0 0 0 0 0 0 0 0 0
33 0 50 0 0 50 0 50 7 7 7 7 0 0 4101840 50 4101840 50 0 0 0 0 7 7 7 7 0 0 4101840 50 4101840 50 0 0 0 0 7 7 7 7 0 0 4101840 50 4101840 50 0 0 0 0 7 7 7 7 0 0 4101840 50 4101840 50 0 0 0 0 7 7 7 7 0 0 4101840 50 4101840 50 0 0 0 0 7 7 7 7 0 0 4101840 50 4101840 50 0 0 0 0
34 0 50 0 0 50 0 50 8 8 8 8 0 0 93889 51 0 0 80289 1 13600 50 8 8 8 8 0 0 93889 51 0 0 80289 1 13600 50 8 8 8 8 0 0 93889 51 0 0 80289 1 13600 50 8 8 8 8 0 0 93889 51 0 0 80289 1 13600 50 8 8 8 8 0 0 93889 51 0 0 80289 1 13600 50 8 8 8 8 0 0 93889 51 0 0 80289 1 13600 50
35 0 50 0 0 50 0 50 8 8 8 8 0 0 0 0 0 0 0 0 0 0 8 8 8 8 0 0 0 0 0 0 0 0 0 0 8 8 8 8 0 0 0 0 0 0 0 0 0 0 8 8 8 8 0 0 0 0 0 0 0 0 0 0 8 8 8 8 0 0 0 0 0 0 0 0 0 0 8 8 8 8 0 0 0 0 0 0 0 0 0 0
36 0 50 0 0 50 0 50 8 8 8 8 0 0 0 0 0 0 0 0 0 0 8 8 8 8 0 0 0 0 0 0 0 0 0 0 8 8 8 8 0 0 0 0 0 0 0 0 0 0 8 8 8 8 0 0 0 0 0 0 0 0 0 0 8 8 8 8 0 0 0 0 0 0 0 0 0 0 8 8 8 8 0 0 0 0 0 0 0 0 0 0
37 0 50 0 0 50 0 50 8 8 8 8 0 0 4101840 50 4101840 50 0 0 0 0 8 8 8 8 0 0 4101840 50 4101840 50 0 0 0 0 8 8 8 8 0 0 4101840 50 4101840 50 0 0 0 0 8 8 8 8 0 0 4101840 50 4101840 50 0 0 0 0 8 8 8 8 0 0 4101840 50 4101840 50 0 0 0 0 8 8 8 8 0 0 4101840 50 4101840 50 0 0 0 0
38 0 50 0 0 50 0 50 9 9 9 9 0 0 93889 51 0 0 80289 1 13600 50 9 9 9 9 0 0 93889 51 0 0 80289 1 13600 50 9 9 9 9 0 0 93889 51 0 0 80289 1 13600 50 9 9 9 9 0 0 93889 51 0 0 80289 1 13600 50 9 9 9 9 0 0 93889 51 0 0 80289 1 13600 50 9 9 9 9 0 0 93889 51 0 0 80289 1 13600 50
39 0 50 0 0 50 0 50 9 9 9 9 0 0 0 0 0 0 0 0 0 0 9 9 9 9 0 0 0 0 0 0 0 0 0 0 9 9 9 9 0 0 0 0 0 0 0 0 0 0 9 9 9 9 0 0 0 0 0 0 0 0 0 0 9 9 9 9 0 0 0 0 0 0 0 0 0 0 9 9 9 9 0 0 0 0 0 0 0 0 0 0
40 0 50 0 0 50 0 50 9 9 9 9 0 0 0 0 0 0 0 0 0 0 9 9 9 9 0 0 0 0 0 0 0 0 0 0 9 9 9 9 0 0 0 0 0 0 0 0 0 0 9 9 9 9 0 0 0 0 0 0 0 0 0 0 9 9 9 9 0 0 0 0 0 0 0 0 0 0 9 9 9 9 0 0 0 0 0 0 0 0 0 0
41 0 50 0 0 50 0 50 9 9 9 9 0 0 4101890 50 4101890 50 0 0 0 0 9 9 9 9 0 0 4101890 50 4101890 50 0 0 0 0 9 9 9 9 0 0 4101890 50 4101890 50 0 0 0 0 9 9 9 9 0 0 4101890 50 4101890 50 0 0 0 0 9 9 9 9 0 0 4101890 50 4101890 50 0 0 0 0 9 9 9 9 0 0 4101890 50 4101890 50 0 0 0 0
42 0 50 0 0 50 0 50 10 10 10 10 0 0 93889 51 0 0 80289 1 13600 50 10 10 10 10 0 0 93889 51 0 0 80289 1 13600 50 10 10 10 10 0 0 93889 51 0 0 80289 1 13600 50 10 10 10 10 0 0 93889 51 0 0 80289 1 13600 50 10 10 10 10 0 0 93889 51 0 0 80289 1 13600 50 10 10 10 10 0 0 93889 51 0 0 80289 1 13600 50
43 0 50 0 0 50 0 50 10 10 10 10 0 0 0 0 0 0 0 0 0 0 10 10 10 10 0 0 0 0 0 0 0 0 0 0 10 10 10 10 0 0 0 0 0 0 0 0 0 0 10 10 10 10 0 0 0 0 0 0 0 0 0 0 10 10 10 10 0 0 0 0 0 0 0 0 0 0 10 10 10 10 0 0 0 0 0 0 0 0 0 0
44 25 25 25 0 25 0 50 10 10 10 10 0 0 0 0 0 0 0 0 0 0 10 10 10 10 0 0 0 0 0 0 0 0 0 0 10 10 10 10 0 0 0 0 0 0 0 0 0 0 10 10 10 10 0 0 0 0 0 0 0 0 0 0 10 10 10 10 0 0 0 0 0 0 0 0 0 0 10 10 10 10 0 0 0 0 0 0 0 0 0 0
45 25 25 25 0 25 0 50 10 10 10 10 0 0 2050942 25 2050942 25 0 0 0 0 10 10 10 10 0 0 2050942 25 2050942 25 0 0 0 0 10 10 10 10 0 0 2050942 25 2050942 25 0 0 0 0 10 10 10 10 0 0 2050942 25 2050942 25 0 0 0 0 10 10 10 10 0 0 2050942 25 2050942 25 0 0 0 0 10 10 10 10 0 0 2050942 25 2050942 25 0 0 0 0
46 26 24 26 0 24 0 50 10 10 10 10 0 0 87090 26 0 0 80290 1 6800 25 10 10 10 10 0 0 87090 26 0 0 80290 1 6800 25 10 10 10 10 0 0 87090 26 0 0 80290 1 6800 25 10 10 10 10 0 0 87090 26 0 0 80290 1 6800 25 10 10 10 10 0 0 87090 26 0 0 80290 1 6800 25 10 10 10 10 0 0 87090 26 0 0 80290 1 6800 25
47 25 25 25 0 25 0 50 10 10 10 10 1 1 0 0 0 0 0 0 0 0 10 10 10 10 1 1 0 0 0 0 0 0 0 0 10 10 10 10 0 0 0 0 0 0 0 0 0 0 10 10 10 10 1 1 0 0 0 0 0 0 0 0 10 10 10 10 1 1 0 0 0 0 0 0 0 0 10 10 10 10 1 1 0 0 0 0 0 0 0 0
48 26 24 26 0 24 0 50 10 10 10 10 1 1 0 0 0 0 0 0 0 0 10 10 10 10 1 1 0 0 0 0 0 0 0 0 10 10 10 10 0 0 0 0 0 0 0 0 0 0 10 10 10 10 1 1 0 0 0 0 0 0 0 0 10 10 10 10 1 1 0 0 0 0 0 0 0 0 10 10 10 10 1 1 0 0 0 0 0 0 0 0
49 26 24 26 0 24 0 50 10 10 10 10 1 1 1949706 24 1949706 24 0 0 0 0 10 10 10 10 1 1 1949706 24 1949706 24 0 0 0 0 10 10 10 10 0 0 1949706 24 1949706 24 0 0 0 0 10 10 10 10 1 1 1949706 24 1949706 24 0 0 0 0 10 10 10 10 1 1 1949706 24 1949706 24 0 0 0 0 10 10 10 10 1 1 1949706 24 1949706 24 0 0 0 0
50 26 24 26 0 24 0 50 10 10 10 10 1 1 86818 25 0 0 80290 1 6528 24 10 10 10 10 1 1 86818 25 0 0 80290 1 6528 24 10 10 10 10 0 0 86818 25 0 0 80290 1 6528 24 10 10 10 10 1 1 86818 25 0 0 80290 1 6528 24 10 10 10 10 1 1 86818 25 0 0 80290 1 6528 24 10 10 10 10 1 1 86818 25 0 0 80290 1 6528 24
51 26 24 26 0 24 0 50 10 10 10 10 2 2 0 0 0 0 0 0 0 0 10 10 10 10 2 2 0 0 0 0 0 0 0 0 10 10 10 10 0 0 0 0 0 0 0 0 0 0 10 10 10 10 1 1 0 0 0 0 0 0 0 0 10 10 10 10 2 2 0 0 0 0 0 0 0 0 10 10 10 10 2 2 0 0 0 0 0 0 0 0
52 27 23 27 0 23 0 50 10 10 10 10 2 2 0 0 0 0 0 0 0 0 10 10 10 10 2 2 0 0 0 0 0 0 0 0 10 10 10 10 0 0 0 0 0 0 0 0 0 0 10 10 10 10 1 1 0 0 0 0 0 0 0 0 10 10 10 10 2 2 0 0 0 0 0 0 0 0 10 10 10 10 2 2 0 0 0 0 0 0 0 0
53 28 22 28 0 22 0 50 10 10 10 10 2 2 1867733 23 1867733 23 0 0 0 0 10 10 10 10 2 2 1867733 23 1867733 23 0 0 0 0 10 10 10 10 0 0 1867733 23 1867733 23 0 0 0 0 10 10 10 10 1 1 1867733 23 1867733 23 0 0 0 0 10 10 10 10 2 2 1867733 23 1867733 23 0 0 0 0 10 10 10 10 2 2 1867733 23 1867733 23 0 0 0 0
54 27 23 27 1 22 0 50 10 10 10 10 2 2 86273 23 0 0 80289 1 5984 22 10 10 10 10 2 2 86273 23 0 0 80289 1 5984 22 10 10 10 10 0 0 86273 23 0 0 80289 1 5984 22 10 10 10 10 1 1 86273 23 0 0 80289 1 5984 22 10 10 10 10 2 2 86273 23 0 0 80289 1 5984 22 10 10 10 10 2 2 86273 23 0 0 80289 1 5984 22
55 26 24 26 0 24 0 50 10 10 10 10 3 3 0 0 0 0 0 0 0 0 10 10 10 10 3 3 0 0 0 0 0 0 0 0 10 10 10 10 0 0 0 0 0 0 0 0 0 0 10 10 10 10 1 1 0 0 0 0 0 0 0 0 10 10 10 10 3 3 0 0 0 0 0 0 0 0 10 10 10 10 3 3 0 0 0 0 0 0 0 0
56 26 24 26 0 24 0 50 10 10 10 10 3 3 0 0 0 0 0 0 0 0 10 10 10 10 3 3 0 0 0 0 0 0 0 0 10 10 10 10 0 0 0 0 0 0 0 0 0 0 10 10 10 10 1 1 0 0 0 0 0 0 0 0 10 10 10 10 3 3 0 0 0 0 0 0 0 0 10 10 10 10 3 3 0 0 0 0 0 0 0 0
57 26 24 26 0 24 0 50 10 10 10 10 3 3 1947403 24 1947403 24 0 0 0 0 10 10 10 10 3 3 1947403 24 1947403 24 0 0 0 0 10 10 10 10 0 0 1947403 24 1947403 24 0 0 0 0 10 10 10 10 1 1 1947403 24 1947403 24 0 0 0 0 10 10 10 10 3 3 1947403 24 1947403 24 0 0 0 0 10 10 10 10 3 3 1947403 24 1947403 24 0 0 0 0
58 27 23 27 0 23 0 50 10 10 10 10 3 3 86818 25 0 0 80290 1 6528 24 10 10 10 10 3 3 86818 25 0 0 80290 1 6528 24 10 10 10 10 0 0 86818 25 0 0 80290 1 6528 24 10 10 10 10 1 1 86818 25 0 0 80290 1 6528 24 10 10 10 10 3 3 86818 25 0 0 80290 1 6528 24 10 10 10 10 3 3 86818 25 0 0 80290 1 6528 24
59 26 24 26 0 24 0 50 10 10 10 10 4 4 0 0 0 0 0 0 0 0 10 10 10 10 4 4 0 0 0 0 0 0 0 0 10 10 10 10 0 0 0 0 0 0 0 0 0 0 10 10 10 10 1 1 0 0 0 0 0 0 0 0 10 10 10 10 4 4 0 0 0 0 0 0 0 0 10 10 10 10 4 4 0 0 0 0 0 0 0 0
60 26 24 26 0 24 0 50 10 10 10 10 4 4 0 0 0 0 0 0 0 0 10 10 10 10 4 4 0 0 0 0 0 0 0 0 10 10 10 10 0 0 0 0 0 0 0 0 0 0 10 10 10 10 1 1 0 0 0 0 0 0 0 0 10 10 10 10 4 4 0 0 0 0 0 0 0 0 10 10 10 10 4 4 0 0 0 0 0 0 0 0
61 26 24 26 0 24 0 50 10 10 10 10 4 4 1948939 24 1948939 24 0 0 0 0 10 10 10 10 4 4 1948939 24 1948939 24 0 0 0 0 10 10 10 10 0 0 1948939 24 1948939 24 0 0 0 0 10 10 10 10 1 1 1948939 24 1948939 24 0 0 0 0 10 10 10 10 4 4 1948939 24 1948939 24 0 0 0 0 10 10 10 10 4 4 1948939 24 1948939 24 0 0 0 0
62 27 23 27 0 23 0 50 10 10 10 10 4 4 86818 25 0 0 80290 1 6528 24 10 10 10 10 4 4 86818 25 0 0 80290 1 6528 24 10 10 10 10 0 0 86818 25 0 0 80290 1 6528 24 10 10 10 10 1 1 86818 25 0 0 80290 1 6528 24 10 10 10 10 4 4 86818 25 0 0 80290 1 6528 24 10 10 10 10 4 4 86818 25 0 0 80290 1 6528 24
63 26 24 26 0 24 0 50 10 10 10 10 5 5 0 0 0 0 0 0 0 0 10 10 10 10 5 5 0 0 0 0 0 0 0 0 10 10 10 10 0 0 0 0 0 0 0 0 0 0 10 10 10 10 1 1 0 0 0 0 0 0 0 0 10 10 10 10 5 5 0 0 0 0 0 0 0 0 10 10 10 10 5 5 0 0 0 0 0 0 0 0
64 26 24 26 0 24 0 50 10 10 10 10 5 5 0 0 0 0 0 0 0 0 10 10 10 10 5 5 0 0 0 0 0 0 0 0 10 10 10 10 0 0 0 0 0 0 0 0 0 0 10 10 10 10 1 1 0 0 0 0 0 0 0 0 10 10 10 10 5 5 0 0 0 0 0 0 0 0 10 10 10 10 5 5 0 0 0 0 0 0 0 0
65 26 24 26 0 24 0 50 10 10 10 10 5 5 1948939 24 1948939 24 0 0 0 0 10 10 10 10 5 5 1948939 24 1948939 24 0 0 0 0 10 10 10 10 0 0 1948939 24 1948939 24 0 0 0 0 10 10 10 10 1 1 1948939 24 1948939 24 0 0 0 0 10 10 10 10 5 5 1948939 24 1948939 24 0 0 0 0 10 10 10 10 5 5 1948939 24 1948939 24 0 0 0 0
66 26 24 26 0 24 0 50 10 10 10 10 5 5 86818 25 0 0 80290 1 6528 24 10 10 10 10 5 5 86818 25 0 0 80290 1 6528 24 10 10 10 10 0 0 86818 25 0 0 80290 1 6528 24 10 10 10 10 1 1 86818 25 0 0 80290 1 6528 24 10 10 10 10 5 5 86818 25 0 0 80290 1 6528 24 10 10 10 10 5 5 86818 25 0 0 80290 1 6528 24
67 26 24 26 0 24 0 50 10 10 10 10 6 6 0 0 0 0 0 0 0 0 10 10 10 10 6 6 0 0 0 0 0 0 0 0 10 10 10 10 0 0 0 0 0 0 0 0 0 0 10 10 10 10 1 1 0 0 0 0 0 0 0 0 10 10 10 10 6 6 0 0 0 0 0 0 0 0 10 10 10 10 6 6 0 0 0 0 0 0 0 0
68 27 23 27 0 23 0 50 10 10 10 10 6 6 0 0 0 0 0 0 0 0 10 10 10 10 6 6 0 0 0 0 0 0 0 0 10 10 10 10 0 0 0 0 0 0 0 0 0 0 10 10 10 10 1 1 0 0 0 0 0 0 0 0 10 10 10 10 6 6 0 0 0 0 0 0 0 0 10 10 10 10 6 6 0 0 0 0 0 0 0 0
69 28 22 28 0 22 0 50 10 10 10 10 6 6 1867733 23 1867733 23 0 0 0 0 10 10 10 10 6 6 1867733 23 1867733 23 0 0 0 0 10 10 10 10 0 0 1867733 23 1867733 23 0 0 0 0 10 10 10 10 1 1 1867733 23 1867733 23 0 0 0 0 10 10 10 10 6 6 1867733 23 1867733 23 0 0 0 0 10 10 10 10 6 6 1867733 23 1867733 23 0 0 0 0
70 27 23 27 1 22 0 50 10 10 10 10 6 6 86274 23 0 0 80290 1 5984 22 10 10 10 10 6 6 86274 23 0 0 80290 1 5984 22 10 10 10 10 0 0 86274 23 0 0 80290 1 5984 22 10 10 10 10 1 1 86274 23 0 0 80290 1 5984 22 10 10 10 10 6 6 86274 23 0 0 80290 1 5984 22 10 10 10 10 6 6 86274 23 0 0 80290 1 5984 22
71 26 24 26 0 24 0 50 10 10 10 10 7 7 0 0 0 0 0 0 0 0 10 10 10 10 7 7 0 0 0 0 0 0 0 0 10 10 10 10 0 0 0 0 0 0 0 0 0 0 10 10 10 10 1 1 0 0 0 0 0 0 0 0 10 10 10 10 7 7 0 0 0 0 0 0 0 0 10 10 10 10 7 7 0 0 0 0 0 0 0 0
72 26 24 26 0 24 0 50 10 10 10 10 7 7 0 0 0 0 0 0 0 0 10 10 10 10 7 7 0 0 0 0 0 0 0 0 10 10 10 10 0 0 0 0 0 0 0 0 0 0 10 10 10 10 1 1 0 0 0 0 0 0 0 0 10 10 10 10 7 7 0 0 0 0 0 0 0 0 10 10 10 10 7 7 0 0 0 0 0 0 0 0
73 26 24 26 0 24 0 50 10 10 10 10 7 7 1947403 24 1947403 24 0 0 0 0 10 10 10 10 7 7 1947403 24 1947403 24 0 0 0 0 10 10 10 10 0 0 1947403 24 1947403 24 0 0 0 0 10 10 10 10 1 1 1947403 24 1947403 24 0 0 0 0 10 10 10 10 7 7 1947403 24 1947403 24 0 0 0 0 10 10 10 10 7 7 1947403 24 1947403 24 0 0 0 0
74 27 23 27 0 23 0 50 10 10 10 10 7 7 86818 25 0 0 80290 1 6528 24 10 10 10 10 7 7 86818 25 0 0 80290 1 6528 24 10 10 10 10 0 0 86818 25 0 0 80290 1 6528 24 10 10 10 10 1 1 86818 25 0 0 80290 1 6528 24 10 10 10 10 7 7 86818 25 0 0 80290 1 6528 24 10 10 10 10 7 7 86818 25 0 0 80290 1 6528 24
75 30 20 30 0 20 0 50 10 10 10 10 8 8 0 0 0 0 0 0 0 0 10 10 10 10 8 8 0 0 0 0 0 0 0 0 10 10 10 10 0 0 0 0 0 0 0 0 0 0 10 10 10 10 1 1 0 0 0 0 0 0 0 0 10 10 10 10 8 8 0 0 0 0 0 0 0 0 10 10 10 10 8 8 0 0 0 0 0 0 0 0
76 24 26 24 6 20 0 50 10 10 10 10 8 8 0 0 0 0 0 0 0 0 10 10 10 10 8 8 0 0 0 0 0 0 0 0 10 10 10 10 0 0 0 0 0 0 0 0 0 0 10 10 10 10 1 1 0 0 0 0 0 0 0 0 10 10 10 10 8 8 0 0 0 0 0 0 0 0 10 10 10 10 8 8 0 0 0 0 0 0 0 0
77 27 23 27 6 17 0 50 10 10 10 10 8 8 1624115 20 1624115 20 0 0 0 0 10 10 10 10 8 8 1624115 20 1624115 20 0 0 0 0 10 10 10 10 0 0 1624115 20 1624115 20 0 0 0 0 10 10 10 10 1 1 1624115 20 1624115 20 0 0 0 0 10 10 10 10 8 8 1624115 20 1624115 20 0 0 0 0 10 10 10 10 8 8 1624115 20 1624115 20 0 0 0 0
78 25 25 25 8 17 0 50 10 10 10 10 8 8 84914 18 0 0 80290 1 4624 17 10 10 10 10 8 8 84914 18 0 0 80290 1 4624 17 10 10 10 10 0 0 84914 18 0 0 80290 1 4624 17 10 10 10 10 1 1 84914 18 0 0 80290 1 4624 17 10 10 10 10 8 8 84914 18 0 0 80290 1 4624 17 10 10 10 10 8 8 84914 18 0 0 80290 1 4624 17
79 31 19 31 0 19 0 50 10 10 10 10 9 9 0 0 0 0 0 0 0 0 10 10 10 10 9 9 0 0 0 0 0 0 0 0 10 10 10 10 0 0 0 0 0 0 0 0 0 0 10 10 10 10 9 9 0 0 0 0 0 0 0 0 10 10 10 10 9 9 0 0 0 0 0 0 0 0 10 10 10 10 9 9 0 0 0 0 0 0 0 0
80 16 34 16 15 19 0 50 10 10 10 10 9 9 0 0 0 0 0 0 0 0 10 10 10 10 9 9 0 0 0 0 0 0 0 0 10 10 10 10 0 0 0 0 0 0 0 0 0 0 10 10 10 10 9 9 0 0 0 0 0 0 0 0 10 10 10 10 9 9 0 0 0 0 0 0 0 0 10 10 10 10 9 9 0 0 0 0 0 0 0 0
81 21 29 21 14 15 0 50 10 10 10 10 9 9 1538651 19 1538651 19 0 0 0 0 10 10 10 10 9 9 1538651 19 1538651 19 0 0 0 0 10 10 10 10 0 0 1538651 19 1538651 19 0 0 0 0 10 10 10 10 9 9 1538651 19 1538651 19 0 0 0 0 10 10 10 10 9 9 1538651 19 1538651 19 0 0 0 0 10 10 10 10 9 9 1538651 19 1538651 19 0 0 0 0
82 23 27 23 13 14 0 50 10 10 10 10 9 9 84370 16 0 0 80290 1 4080 15 10 10 10 10 9 9 84370 16 0 0 80290 1 4080 15 10 10 10 10 0 0 84370 16 0 0 80290 1 4080 15 10 10 10 10 9 9 84370 16 0 0 80290 1 4080 15 10 10 10 10 9 9 84370 16 0 0 80290 1 4080 15 10 10 10 10 9 9 84370 16 0 0 80290 1 4080 15
83 6 44 6 0 44 0 50 10 10 10 10 10 10 0 0 0 0 0 0 0 0 10 10 10 10 10 10 0 0 0 0 0 0 0 0 10 10 10 10 10 10 0 0 0 0 0 0 0 0 10 10 10 10 10 10 0 0 0 0 0 0 0 0 10 10 10 10 10 10 0 0 0 0 0 0 0 0 10 10 10 10 10 10 0 0 0 0 0 0 0 0
84 41 9 41 0 9 0 50 10 10 10 10 10 10 0 0 0 0 0 0 0 0 10 10 10 10 10 10 0 0 0 0 0 0 0 0 10 10 10 10 10 10 0 0 0 0 0 0 0 0 10 10 10 10 10 10 0 0 0 0 0 0 0 0 10 10 10 10 10 10 0 0 0 0 0 0 0 0 10 10 10 10 10 10 0 0 0 0 0 0 0 0
85 41 9 41 0 9 0 50 10 10 10 10 10 10 728261 9 728261 9 0 0 0 0 10 10 10 10 10 10 728261 9 728261 9 0 0 0 0 10 10 10 10 10 10 728261 9 728261 9 0 0 0 0 10 10 10 10 10 10 728261 9 728261 9 0 0 0 0 10 10 10 10 10 10 728261 9 728261 9 0 0 0 0 10 10 10 10 10 10 728261 9 728261 9 0 0 0 0
86 18 32 18 23 9 0 50 10 10 10 10 10 10 82738 10 0 0 80290 1 2448 9 10 10 10 10 10 10 82738 10 0 0 80290 1 2448 9 10 10 10 10 10 10 82738 10 0 0 80290 1 2448 9 10 10 10 10 10 10 82738 10 0 0 80290 1 2448 9 10 10 10 10 10 10 82738 10 0 0 80290 1 2448 9 10 10 10 10 10 10 82738 10 0 0 80290 1 2448 9
87 37 13 37 0 13 0 50 10 10 10 10 10 10 0 0 0 0 0 0 0 0 10 10 10 10 10 10 0 0 0 0 0 0 0 0 10 10 10 10 10 10 0 0 0 0 0 0 0 0 11 11 10 10 11 11 0 0 0 0 0 0 0 0 10 10 10 10 10 10 0 0 0 0 0 0 0 0 11 11 10 10 11 11 0 0 0 0 0 0 0 0
88 21 29 21 16 13 0 50 10 10 10 10 10 10 0 0 0 0 0 0 0 0 10 10 10 10 10 10 0 0 0 0 0 0 0 0 10 10 10 10 10 10 0 0 0 0 0 0 0 0 11 11 10 10 11 11 0 0 0 0 0 0 0 0 10 10 10 10 10 10 0 0 0 0 0 0 0 0 11 11 10 10 11 11 0 0 0 0 0 0 0 0
89 40 10 40 3 7 0 50 10 10 10 10 10 10 1049435 13 1049435 13 0 0 0 0 10 10 10 10 10 10 1049435 13 1049435 13 0 0 0 0 10 10 10 10 10 10 1049435 13 1049435 13 0 0 0 0 11 11 10 10 11 11 1049435 13 1049435 13 0 0 0 0 10 10 10 10 10 10 1049435 13 1049435 13 0 0 0 0 11 11 10 10 11 11 1049435 13 1049435 13 0 0 0 0
90 24 26 24 19 7 0 50 10 10 10 10 10 10 82194 8 0 0 80290 1 1904 7 10 10 10 10 10 10 82194 8 0 0 80290 1 1904 7 10 10 10 10 10 10 82194 8 0 0 80290 1 1904 7 11 11 10 10 11 11 82194 8 0 0 80290 1 1904 7 10 10 10 10 10 10 82194 8 0 0 80290 1 1904 7 11 11 10 10 11 11 82194 8 0 0 80290 1 1904 7
91 32 18 32 0 18 0 50 12 12 10 10 12 12 0 0 0 0 0 0 0 0 12 12 10 10 12 12 0 0 0 0 0 0 0 0 10 10 10 10 10 10 0 0 0 0 0 0 0 0 12 12 10 10 12 12 0 0 0 0 0 0 0 0 10 10 10 10 10 10 0 0 0 0 0 0 0 0 12 12 10 10 12 12 0 0 0 0 0 0 0 0
92 29 21 29 3 18 0 50 12 12 10 10 12 12 0 0 0 0 0 0 0 0 12 12 10 10 12 12 0 0 0 0 0 0 0 0 10 10 10 10 10 10 0 0 0 0 0 0 0 0 12 12 10 10 12 12 0 0 0 0 0 0 0 0 10 10 10 10 10 10 0 0 0 0 0 0 0 0 12 12 10 10 12 12 0 0 0 0 0 0 0 0
93 37 13 37 3 10 0 50 12 12 10 10 12 12 1451911 18 1451911 18 0 0 0 0 12 12 10 10 12 12 1451911 18 1451911 18 0 0 0 0 10 10 10 10 10 10 1451911 18 1451911 18 0 0 0 0 12 12 10 10 12 12 1451911 18 1451911 18 0 0 0 0 10 10 10 10 10 10 1451911 18 1451911 18 0 0 0 0 12 12 10 10 12 12 1451911 18 1451911 18 0 0 0 0
94 25 25 25 15 10 0 50 12 12 10 10 12 12 83010 11 0 0 80290 1 2720 10 12 12 10 10 12 12 83010 11 0 0 80290 1 2720 10 10 10 10 10 10 10 83010 11 0 0 80290 1 2720 10 12 12 10 10 12 12 83010 11 0 0 80290 1 2720 10 10 10 10 10 10 10 83010 11 0 0 80290 1 2720 10 12 12 10 10 12 12 83010 11 0 0 80290 1 2720 10
95 26 24 26 0 24 0 50 13 13 10 10 13 13 0 0 0 0 0 0 0 0 13 13 10 10 13 13 0 0 0 0 0 0 0 0 10 10 10 10 10 10 0 0 0 0 0 0 0 0 13 13 10 10 13 13 0 0 0 0 0 0 0 0 10 10 10 10 10 10 0 0 0 0 0 0 0 0 13 13 10 10 13 13 0 0 0 0 0 0 0 0
96 19 31 19 7 24 0 50 13 13 10 10 13 13 0 0 0 0 0 0 0 0 13 13 10 10 13 13 0 0 0 0 0 0 0 0 10 10 10 10 10 10 0 0 0 0 0 0 0 0 13 13 10 10 13 13 0 0 0 0 0 0 0 0 10 10 10 10 10 10 0 0 0 0 0 0 0 0 13 13 10 10 13 13 0 0 0 0 0 0 0 0
97 27 23 27 5 18 0 50 13 13 10 10 13 13 1938187 24 1938187 24 0 0 0 0 13 13 10 10 13 13 1938187 24 1938187 24 0 0 0 0 10 10 10 10 10 10 1938187 24 1938187 24 0 0 0 0 13 13 10 10 13 13 1938187 24 1938187 24 0 0 0 0 10 10 10 10 10 10 1938187 24 1938187 24 0 0 0 0 13 13 10 10 13 13 1938187 24 1938187 24 0 0 0 0
98 13 37 13 19 18 0 50 13 13 10 10 13 13 85186 19 0 0 80290 1 4896 18 13 13 10 10 13 13 85186 19 0 0 80290 1 4896 18 10 10 10 10 10 10 85186 19 0 0 80290 1 4896 18 13 13 10 10 13 13 85186 19 0 0 80290 1 4896 18 10 10 10 10 10 10 85186 19 0 0 80290 1 4896 18 13 13 10 10 13 13 85186 19 0 0 80290 1 4896 18
99 20 30 20 0 30 0 50 14 14 10 10 14 14 0 0 0 0 0 0 0 0 14 14 10 10 14 14 0 0 0 0 0 0 0 0 10 10 10 10 10 10 0 0 0 0 0 0 0 0 14 14 10 10 14 14 0 0 0 0 0 0 0 0 10 10 10 10 10 10 0 0 0 0 0 0 0 0 14 14 10 10 14 14 0 0 0 0 0 0 0 0
100 45 5 45 0 5 0 50 14 14 10 10 14 14 0 0 0 0 0 0 0 0 14 14 10 10 14 14 0 0 0 0 0 0 0 0 10 10 10 10 10 10 0 0 0 0 0 0 0 0 14 14 10 10 14 14 0 0 0 0 0 0 0 0 10 10 10 10 10 10 0 0 0 0 0 0 0 0 14 14 10 10 14 14 0 0 0 0 0 0 0 0
101 37 13 37 8 5 0 50 14 14 10 10 14 14 405070 5 405070 5 0 0 0 0 14 14 10 10 14 14 405070 5 405070 5 0 0 0 0 10 10 10 10 10 10 405070 5 405070 5 0 0 0 0 14 14 10 10 14 14 405070 5 405070 5 0 0 0 0 10 10 10 10 10 10 405070 5 405070 5 0 0 0 0 14 14 10 10 14 14 405070 5 405070 5 0 0 0 0
102 40 10 40 5 5 0 50 14 14 10 10 14 14 81650 6 0 0 80290 1 1360 5 14 14 10 10 14 14 81650 6 0 0 80290 1 1360 5 10 10 10 10 10 10 81650 6 0 0 80290 1 1360 5 14 14 10 10 14 14 81650 6 0 0 80290 1 1360 5 10 10 10 10 10 10 81650 6 0 0 80290 1 1360 5 14 14 10 10 14 14 81650 6 0 0 80290 1 1360 5
103 30 20 30 0 20 0 50 14 14 10 10 14 14 0 0 0 0 0 0 0 0 14 14 10 10 14 14 0 0 0 0 0 0 0 0 10 10 10 10 10 10 0 0 0 0 0 0 0 0 14 14 10 10 14 14 0 0 0 0 0 0 0 0 10 10 10 10 10 10 0 0 0 0 0 0 0 0 15 15 10 10 15 15 0 0 0 0 0 0 0 0
104 10 40 10 20 20 0 50 14 14 10 10 14 14 0 0 0 0 0 0 0 0 14 14 10 10 14 14 0 0 0 0 0 0 0 0 10 10 10 10 10 10 0 0 0 0 0 0 0 0 14 14 10 10 14 14 0 0 0 0 0 0 0 0 10 10 10 10 10 10 0 0 0 0 0 0 0 0 15 15 10 10 15 15 0 0 0 0 0 0 0 0
105 9 41 9 21 20 0 50 14 14 10 10 14 14 1611957 20 1611957 20 0 0 0 0 14 14 10 10 14 14 1611957 20 1611957 20 0 0 0 0 10 10 10 10 10 10 1611957 20 1611957 20 0 0 0 0 14 14 10 10 14 14 1611957 20 1611957 20 0 0 0 0 10 10 10 10 10 10 1611957 20 1611957 20 0 0 0 0 15 15 10 10 15 15 1611957 20 1611957 20 0 0 0 0
106 9 41 9 21 20 0 50 14 14 10 10 14 14 85730 21 0 0 80290 1 5440 20 14 14 10 10 14 14 85730 21 0 0 80290 1 5440 20 10 10 10 10 10 10 85730 21 0 0 80290 1 5440 20 14 14 10 10 14 14 85730 21 0 0 80290 1 5440 20 10 10 10 10 10 10 85730 21 0 0 80290 1 5440 20 15 15 10 10 15 15 85730 21 0 0 80290 1 5440 20
107 8 42 8 0 42 0 50 16 16 10 10 16 16 0 0 0 0 0 0 0 0 16 16 10 10 16 16 0 0 0 0 0 0 0 0 16 16 10 10 16 16 0 0 0 0 0 0 0 0 14 14 10 10 14 14 0 0 0 0 0 0 0 0 16 16 10 10 16 16 0 0 0 0 0 0 0 0 16 16 10 10 16 16 0 0 0 0 0 0 0 0
108 9 41 9 0 41 0 50 16 16 10 10 16 16 0 0 0 0 0 0 0 0 16 16 10 10 16 16 0 0 0 0 0 0 0 0 16 16 10 10 16 16 0 0 0 0 0 0 0 0 14 14 10 10 14 14 0 0 0 0 0 0 0 0 16 16 10 10 16 16 0 0 0 0 0 0 0 0 16 16 10 10 16 16 0 0 0 0 0 0 0 0
109 8 42 8 1 41 0 50 16 16 10 10 16 16 3324190 41 3324190 41 0 0 0 0 16 16 10 10 16 16 3324190 41 3324190 41 0 0 0 0 16 16 10 10 16 16 3324190 41 3324190 41 0 0 0 0 14 14 10 10 14 14 3324190 41 3324190 41 0 0 0 0 16 16 10 10 16 16 3324190 41 3324190 41 0 0 0 0 16 16 10 10 16 16 3324190 41 3324190 41 0 0 0 0
110 8 42 8 1 41 0 50 27 27 27 27 16 16 91442 42 0 0 80290 1 11152 41 27 27 27 27 16 16 91442 42 0 0 80290 1 11152 41 27 27 27 27 16 16 91442 42 0 0 80290 1 11152 41 14 14 10 10 14 14 91442 42 0 0 80290 1 11152 41 27 27 27 27 16 16 91442 42 0 0 80290 1 11152 41 27 27 27 27 16 16 91442 42 0 0 80290 1 11152 41
111 8 42 8 0 42 0 50 27 27 27 27 17 17 0 0 0 0 0 0 0 0 27 27 27 27 17 17 0 0 0 0 0 0 0 0 27 27 27 27 17 17 0 0 0 0 0 0 0 0 14 14 10 10 14 14 0 0 0 0 0 0 0 0 27 27 27 27 17 17 0 0 0 0 0 0 0 0 27 27 27 27 17 17 0 0 0 0 0 0 0 0
112 8 42 8 0 42 0 50 27 27 27 27 17 17 0 0 0 0 0 0 0 0 27 27 27 27 17 17 0 0 0 0 0 0 0 0 27 27 27 27 17 17 0 0 0 0 0 0 0 0 14 14 10 10 14 14 0 0 0 0 0 0 0 0 27 27 27 27 17 17 0 0 0 0 0 0 0 0 27 27 27 27 17 17 0 0 0 0 0 0 0 0
113 7 43 7 1 42 0 50 27 27 27 27 17 17 3433492 42 3433492 42 0 0 0 0 27 27 27 27 17 17 3433492 42 3433492 42 0 0 0 0 27 27 27 27 17 17 3433492 42 3433492 42 0 0 0 0 14 14 10 10 14 14 3433492 42 3433492 42 0 0 0 0 27 27 27 27 17 17 3433492 42 3433492 42 0 0 0 0 27 27 27 27 17 17 3433492 42 3433492 42 0 0 0 0
114 8 42 8 1 41 0 50 28 28 28 28 17 17 91714 43 0 0 80290 1 11424 42 28 28 28 28 17 17 91714 43 0 0 80290 1 11424 42 28 28 28 28 17 17 91714 43 0 0 80290 1 11424 42 14 14 10 10 14 14 91714 43 0 0 80290 1 11424 42 28 28 28 28 17 17 91714 43 0 0 80290 1 11424 42 28 28 28 28 17 17 91714 43 0 0 80290 1 11424 42
115 8 42 8 0 42 0 50 28 28 28 28 18 18 0 0 0 0 0 0 0 0 28 28 28 28 18 18 0 0 0 0 0 0 0 0 28 28 28 28 18 18 0 0 0 0 0 0 0 0 14 14 10 10 14 14 0 0 0 0 0 0 0 0 28 28 28 28 18 18 0 0 0 0 0 0 0 0 28 28 28 28 18 18 0 0 0 0 0 0 0 0
116 9 41 9 0 41 0 50 28 28 28 28 18 18 0 0 0 0 0 0 0 0 28 28 28 28 18 18 0 0 0 0 0 0 0 0 28 28 28 28 18 18 0 0 0 0 0 0 0 0 14 14 10 10 14 14 0 0 0 0 0 0 0 0 28 28 28 28 18 18 0 0 0 0 0 0 0 0 28 28 28 28 18 18 0 0 0 0 0 0 0 0
117 8 42 8 1 41 0 50 28 28 28 28 18 18 3353055 41 3353055 41 0 0 0 0 28 28 28 28 18 18 3353055 41 3353055 41 0 0 0 0 28 28 28 28 18 18 3353055 41 3353055 41 0 0 0 0 14 14 10 10 14 14 3353055 41 3353055 41 0 0 0 0 28 28 28 28 18 18 3353055 41 3353055 41 0 0 0 0 28 28 28 28 18 18 3353055 41 3353055 41 0 0 0 0
118 9 41 9 1 40 0 50 28 28 28 28 18 18 91442 42 0 0 80290 1 11152 41 29 29 29 29 18 18 91442 42 0 0 80290 1 11152 41 29 29 29 29 18 18 91442 42 0 0 80290 1 11152 41 14 14 10 10 14 14 91442 42 0 0 80290 1 11152 41 29 29 29 29 18 18 91442 42 0 0 80290 1 11152 41 29 29 29 29 18 18 91442 42 0 0 80290 1 11152 41
119 9 41 9 0 41 0 50 28 28 28 28 18 18 0 0 0 0 0 0 0 0 29 29 29 29 19 19 0 0 0 0 0 0 0 0 29 29 29 29 19 19 0 0 0 0 0 0 0 0 14 14 10 10 14 14 0 0 0 0 0 0 0 0 29 29 29 29 19 19 0 0 0 0 0 0 0 0 29 29 29 29 19 19 0 0 0 0 0 0 0 0
120 9 41 9 0 41 0 50 28 28 28 28 18 18 0 0 0 0 0 0 0 0 29 29 29 29 19 19 0 0 0 0 0 0 0 0 29 29 29 29 19 19 0 0 0 0 0 0 0 0 14 14 10 10 14 14 0 0 0 0 0 0 0 0 29 29 29 29 19 19 0 0 0 0 0 0 0 0 29 29 29 29 19 19 0 0 0 0 0 0 0 0
121 9 41 9 0 41 0 50 28 28 28 28 18 18 3351743 41 3351743 41 0 0 0 0 29 29 29 29 19 19 3351743 41 3351743 41 0 0 0 0 29 29 29 29 19 19 3351743 41 3351743 41 0 0 0 0 14 14 10 10 14 14 3351743 41 3351743 41 0 0 0 0 29 29 29 29 19 19 3351743 41 3351743 41 0 0 0 0 29 29 29 29 19 19 3351743 41 3351743 41 0 0 0 0
122 9 41 9 0 41 0 50 28 28 28 28 18 18 91441 42 0 0 80289 1 11152 41 30 30 30 30 19 19 91441 42 0 0 80289 1 11152 41 30 30 30 30 19 19 91441 42 0 0 80289 1 11152 41 14 14 10 10 14 14 91441 42 0 0 80289 1 11152 41 30 30 30 30 19 19 91441 42 0 0 80289 1 11152 41 30 30 30 30 19 19 91441 42 0 0 80289 1 11152 41
123 8 42 8 0 42 0 50 28 28 28 28 18 18 0 0 0 0 0 0 0 0 30 30 30 30 20 20 0 0 0 0 0 0 0 0 30 30 30 30 20 20 0 0 0 0 0 0 0 0 14 14 10 10 14 14 0 0 0 0 0 0 0 0 30 30 30 30 20 20 0 0 0 0 0 0 0 0 30 30 30 30 20 20 0 0 0 0 0 0 0 0
124 9 41 9 0 41 0 50 28 28 28 28 18 18 0 0 0 0 0 0 0 0 30 30 30 30 20 20 0 0 0 0 0 0 0 0 30 30 30 30 20 20 0 0 0 0 0 0 0 0 14 14 10 10 14 14 0 0 0 0 0 0 0 0 30 30 30 30 20 20 0 0 0 0 0 0 0 0 30 30 30 30 20 20 0 0 0 0 0 0 0 0
125 8 42 8 1 41 0 50 28 28 28 28 18 18 3351743 41 3351743 41 0 0 0 0 30 30 30 30 20 20 3351743 41 3351743 41 0 0 0 0 30 30 30 30 20 20 3351743 41 3351743 41 0 0 0 0 14 14 10 10 14 14 3351743 41 3351743 41 0 0 0 0 30 30 30 30 20 20 3351743 41 3351743 41 0 0 0 0 30 30 30 30 20 20 3351743 41 3351743 41 0 0 0 0
126 9 41 9 1 40 0 50 28 28 28 28 18 18 91442 42 0 0 80290 1 11152 41 31 31 31 31 20 20 91442 42 0 0 80290 1 11152 41 30 30 30 30 20 20 91442 42 0 0 80290 1 11152 41 14 14 10 10 14 14 91442 42 0 0 80290 1 11152 41 31 31 31 31 20 20 91442 42 0 0 80290 1 11152 41 31 31 31 31 20 20 91442 42 0 0 80290 1 11152 41
127 9 41 9 0 41 0 50 28 28 28 28 18 18 0 0 0 0 0 0 0 0 31 31 31 31 21 21 0 0 0 0 0 0 0 0 30 30 30 30 20 20 0 0 0 0 0 0 0 0 14 14 10 10 14 14 0 0 0 0 0 0 0 0 31 31 31 31 21 21 0 0 0 0 0 0 0 0 31 31 31 31 21 21 0 0 0 0 0 0 0 0
128 10 40 10 0 40 0 50 28 28 28 28 18 18 0 0 0 0 0 0 0 0 31 31 31 31 21 21 0 0 0 0 0 0 0 0 30 30 30 30 20 20 0 0 0 0 0 0 0 0 14 14 10 10 14 14 0 0 0 0 0 0 0 0 31 31 31 31 21 21 0 0 0 0 0 0 0 0 31 31 31 31 21 21 0 0 0 0 0 0 0 0
129 10 40 10 0 40 0 50 28 28 28 28 18 18 3269994 40 3269994 40 0 0 0 0 31 31 31 31 21 21 3269994 40 3269994 40 0 0 0 0 30 30 30 30 20 20 3269994 40 3269994 40 0 0 0 0 14 14 10 10 14 14 3269994 40 3269994 40 0 0 0 0 31 31 31 31 21 21 3269994 40 3269994 40 0 0 0 0 31 31 31 31 21 21 3269994 40 3269994 40 0 0 0 0
130 10 40 10 0 40 0 50 28 28 28 28 18 18 91169 41 0 0 80289 1 10880 40 32 32 32 32 21 21 91169 41 0 0 80289 1 10880 40 30 30 30 30 20 20 91169 41 0 0 80289 1 10880 40 14 14 10 10 14 14 91169 41 0 0 80289 1 10880 40 32 32 32 32 21 21 91169 41 0 0 80289 1 10880 40 32 32 32 32 21 21 91169 41 0 0 80289 1 10880 40
131 9 41 9 0 41 0 50 28 28 28 28 18 18 0 0 0 0 0 0 0 0 32 32 32 32 22 22 0 0 0 0 0 0 0 0 30 30 30 30 20 20 0 0 0 0 0 0 0 0 14 14 10 10 14 14 0 0 0 0 0 0 0 0 32 32 32 32 22 22 0 0 0 0 0 0 0 0 32 32 32 32 22 22 0 0 0 0 0 0 0 0
132 9 41 9 0 41 0 50 28 28 28 28 18 18 0 0 0 0 0 0 0 0 32 32 32 32 22 22 0 0 0 0 0 0 0 0 30 30 30 30 20 20 0 0 0 0 0 0 0 0 14 14 10 10 14 14 0 0 0 0 0 0 0 0 32 32 32 32 22 22 0 0 0 0 0 0 0 0 32 32 32 32 22 22 0 0 0 0 0 0 0 0
133 9 41 9 0 41 0 50 28 28 28 28 18 18 3350432 41 3350432 41 0 0 0 0 32 32 32 32 22 22 3350432 41 3350432 41 0 0 0 0 30 30 30 30 20 20 3350432 41 3350432 41 0 0 0 0 14 14 10 10 14 14 3350432 41 3350432 41 0 0 0 0 32 32 32 32 22 22 3350432 41 3350432 41 0 0 0 0 32 32 32 32 22 22 3350432 41 3350432 41 0 0 0 0
134 40 10 40 0 10 0 50 28 28 28 28 18 18 91442 42 0 0 80290 1 11152 41 32 32 32 32 22 22 91442 42 0 0 80290 1 11152 41 30 30 30 30 20 20 91442 42 0 0 80290 1 11152 41 14 14 10 10 14 14 91442 42 0 0 80290 1 11152 41 32 32 32 32 22 22 91442 42 0 0 80290 1 11152 41 33 33 33 33 22 22 91442 42 0 0 80290 1 11152 41
135 39 11 39 0 11 0 50 28 28 28 28 18 18 0 0 0 0 0 0 0 0 32 32 32 32 22 22 0 0 0 0 0 0 0 0 30 30 30 30 20 20 0 0 0 0 0 0 0 0 14 14 10 10 14 14 0 0 0 0 0 0 0 0 32 32 32 32 22 22 0 0 0 0 0 0 0 0 33 33 33 33 23 23 0 0 0 0 0 0 0 0
136 39 11 39 0 11 0 50 28 28 28 28 18 18 0 0 0 0 0 0 0 0 32 32 32 32 22 22 0 0 0 0 0 0 0 0 30 30 30 30 20 20 0 0 0 0 0 0 0 0 14 14 10 10 14 14 0 0 0 0 0 0 0 0 32 32 32 32 22 22 0 0 0 0 0 0 0 0 33 33 33 33 23 23 0 0 0 0 0 0 0 0
137 38 12 38 1 11 0 50 28 28 28 28 18 18 899250 11 899250 11 0 0 0 0 32 32 32 32 22 22 899250 11 899250 11 0 0 0 0 30 30 30 30 20 20 899250 11 899250 11 0 0 0 0 14 14 10 10 14 14 899250 11 899250 11 0 0 0 0 32 32 32 32 22 22 899250 11 899250 11 0 0 0 0 33 33 33 33 23 23 899250 11 899250 11 0 0 0 0
138 38 12 38 1 11 0 50 28 28 28 28 18 18 83282 12 0 0 80290 1 2992 11 32 32 32 32 22 22 83282 12 0 0 80290 1 2992 11 30 30 30 30 20 20 83282 12 0 0 80290 1 2992 11 14 14 10 10 14 14 83282 12 0 0 80290 1 2992 11 32 32 32 32 22 22 83282 12 0 0 80290 1 2992 11 33 33 33 33 23 23 83282 12 0 0 80290 1 2992 11
139 38 12 38 0 12 0 50 28 28 28 28 18 18 0 0 0 0 0 0 0 0 32 32 32 32 22 22 0 0 0 0 0 0 0 0 30 30 30 30 20 20 0 0 0 0 0 0 0 0 14 14 10 10 14 14 0 0 0 0 0 0 0 0 32 32 32 32 22 22 0 0 0 0 0 0 0 0 33 33 33 33 24 24 0 0 0 0 0 0 0 0
140 38 12 38 0 12 0 50 28 28 28 28 18 18 0 0 0 0 0 0 0 0 32 32 32 32 22 22 0 0 0 0 0 0 0 0 30 30 30 30 20 20 0 0 0 0 0 0 0 0 14 14 10 10 14 14 0 0 0 0 0 0 0 0 32 32 32 32 22 22 0 0 0 0 0 0 0 0 33 33 33 33 24 24 0 0 0 0 0 0 0 0
141 37 13 37 1 12 0 50 28 28 28 28 18 18 969480 12 969480 12 0 0 0 0 32 32 32 32 22 22 969480 12 969480 12 0 0 0 0 30 30 30 30 20 20 969480 12 969480 12 0 0 0 0 14 14 10 10 14 14 969480 12 969480 12 0 0 0 0 32 32 32 32 22 22 969480 12 969480 12 0 0 0 0 33 33 33 33 24 24 969480 12 969480 12 0 0 0 0
142 38 12 38 1 11 0 50 28 28 28 28 18 18 83554 13 0 0 80290 1 3264 12 32 32 32 32 22 22 83554 13 0 0 80290 1 3264 12 30 30 30 30 20 20 83554 13 0 0 80290 1 3264 12 14 14 10 10 14 14 83554 13 0 0 80290 1 3264 12 32 32 32 32 22 22 83554 13 0 0 80290 1 3264 12 33 33 33 33 24 24 83554 13 0 0 80290 1 3264 12
143 38 12 38 0 12 0 50 28 28 28 28 25 25 0 0 0 0 0 0 0 0 32 32 32 32 22 22 0 0 0 0 0 0 0 0 30 30 30 30 20 20 0 0 0 0 0 0 0 0 14 14 10 10 14 14 0 0 0 0 0 0 0 0 32 32 32 32 22 22 0 0 0 0 0 0 0 0 33 33 33 33 25 25 0 0 0 0 0 0 0 0
144 39 11 39 0 11 0 50 28 28 28 28 25 25 0 0 0 0 0 0 0 0 32 32 32 32 22 22 0 0 0 0 0 0 0 0 30 30 30 30 20 20 0 0 0 0 0 0 0 0 14 14 10 10 14 14 0 0 0 0 0 0 0 0 32 32 32 32 22 22 0 0 0 0 0 0 0 0 33 33 33 33 25 25 0 0 0 0 0 0 0 0
145 39 11 39 0 11 0 50 28 28 28 28 25 25 889041 11 889041 11 0 0 0 0 32 32 32 32 22 22 889041 11 889041 11 0 0 0 0 30 30 30 30 20 20 889041 11 889041 11 0 0 0 0 14 14 10 10 14 14 889041 11 889041 11 0 0 0 0 32 32 32 32 22 22 889041 11 889041 11 0 0 0 0 33 33 33 33 25 25 889041 11 889041 11 0 0 0 0
146 40 10 40 0 10 0 50 28 28 28 28 25 25 83282 12 0 0 80290 1 2992 11 32 32 32 32 22 22 83282 12 0 0 80290 1 2992 11 30 30 30 30 20 20 83282 12 0 0 80290 1 2992 11 14 14 10 10 14 14 83282 12 0 0 80290 1 2992 11 32 32 32 32 22 22 83282 12 0 0 80290 1 2992 11 33 33 33 33 25 25 83282 12 0 0 80290 1 2992 11
147 40 10 40 0 10 0 50 28 28 28 28 26 26 0 0 0 0 0 0 0 0 32 32 32 32 22 22 0 0 0 0 0 0 0 0 30 30 30 30 20 20 0 0 0 0 0 0 0 0 14 14 10 10 14 14 0 0 0 0 0 0 0 0 32 32 32 32 22 22 0 0 0 0 0 0 0 0 33 33 33 33 26 26 0 0 0 0 0 0 0 0
148 40 10 40 0 10 0 50 28 28 28 28 26 26 0 0 0 0 0 0 0 0 32 32 32 32 22 22 0 0 0 0 0 0 0 0 30 30 30 30 20 20 0 0 0 0 0 0 0 0 14 14 10 10 14 14 0 0 0 0 0 0 0 0 32 32 32 32 22 22 0 0 0 0 0 0 0 0 33 33 33 33 26 26 0 0 0 0 0 0 0 0
149 39 11 39 1 10 0 50 28 28 28 28 26 26 807899 10 807899 10 0 0 0 0 32 32 32 32 22 22 807899 10 807899 10 0 0 0 0 30 30 30 30 20 20 807899 10 807899 10 0 0 0 0 14 14 10 10 14 14 807899 10 807899 10 0 0 0 0 32 32 32 32 22 22 807899 10 807899 10 0 0 0 0 33 33 33 33 26 26 807899 10 807899 10 0 0 0 0
150 39 11 39 1 10 0 50 28 28 28 28 26 26 83010 11 0 0 80290 1 2720 10 32 32 32 32 22 22 83010 11 0 0 80290 1 2720 10 30 30 30 30 20 20 83010 11 0 0 80290 1 2720 10 14 14 10 10 14 14 83010 11 0 0 80290 1 2720 10 32 32 32 32 22 22 83010 11 0 0 80290 1 2720 10 33 33 33 33 26 26 83010 11 0 0 80290 1 2720 10
151 38 12 38 0 12 0 50 28 28 28 28 27 27 0 0 0 0 0 0 0 0 32 32 32 32 22 22 0 0 0 0 0 0 0 0 30 30 30 30 20 20 0 0 0 0 0 0 0 0 14 14 10 10 14 14 0 0 0 0 0 0 0 0 32 32 32 32 22 22 0 0 0 0 0 0 0 0 33 33 33 33 27 27 0 0 0 0 0 0 0 0
152 39 11 39 0 11 0 50 28 28 28 28 27 27 0 0 0 0 0 0 0 0 32 32 32 32 22 22 0 0 0 0 0 0 0 0 30 30 30 30 20 20 0 0 0 0 0 0 0 0 14 14 10 10 14 14 0 0 0 0 0 0 0 0 32 32 32 32 22 22 0 0 0 0 0 0 0 0 33 33 33 33 27 27 0 0 0 0 0 0 0 0
153 39 11 39 0 11 0 50 28 28 28 28 27 27 888337 11 888337 11 0 0 0 0 32 32 32 32 22 22 888337 11 888337 11 0 0 0 0 30 30 30 30 20 20 888337 11 888337 11 0 0 0 0 14 14 10 10 14 14 888337 11 888337 11 0 0 0 0 32 32 32 32 22 22 888337 11 888337 11 0 0 0 0 33 33 33 33 27 27 888337 11 888337 11 0 0 0 0
154 39 11 39 0 11 0 50 28 28 28 28 27 27 83282 12 0 0 80290 1 2992 11 32 32 32 32 22 22 83282 12 0 0 80290 1 2992 11 30 30 30 30 20 20 83282 12 0 0 80290 1 2992 11 14 14 10 10 14 14 83282 12 0 0 80290 1 2992 11 32 32 32 32 22 22 83282 12 0 0 80290 1 2992 11 33 33 33 33 27 27 83282 12 0 0 80290 1 2992 11
155 38 12 38 0 12 0 50 28 28 28 28 28 28 0 0 0 0 0 0 0 0 32 32 32 32 22 22 0 0 0 0 0 0 0 0 30 30 30 30 20 20 0 0 0 0 0 0 0 0 14 14 10 10 14 14 0 0 0 0 0 0 0 0 32 32 32 32 22 22 0 0 0 0 0 0 0 0 33 33 33 33 28 28 0 0 0 0 0 0 0 0
156 39 11 39 0 11 0 50 28 28 28 28 28 28 0 0 0 0 0 0 0 0 32 32 32 32 22 22 0 0 0 0 0 0 0 0 30 30 30 30 20 20 0 0 0 0 0 0 0 0 14 14 10 10 14 14 0 0 0 0 0 0 0 0 32 32 32 32 22 22 0 0 0 0 0 0 0 0 33 33 33 33 28 28 0 0 0 0 0 0 0 0
157 39 11 39 0 11 0 50 28 28 28 28 28 28 888689 11 888689 11 0 0 0 0 32 32 32 32 22 22 888689 11 888689 11 0 0 0 0 30 30 30 30 20 20 888689 11 888689 11 0 0 0 0 14 14 10 10 14 14 888689 11 888689 11 0 0 0 0 32 32 32 32 22 22 888689 11 888689 11 0 0 0 0 33 33 33 33 28 28 888689 11 888689 11 0 0 0 0
158 39 11 39 0 11 0 50 28 28 28 28 28 28 83282 12 0 0 80290 1 2992 11 32 32 32 32 22 22 83282 12 0 0 80290 1 2992 11 30 30 30 30 20 20 83282 12 0 0 80290 1 2992 11 14 14 10 10 14 14 83282 12 0 0 80290 1 2992 11 32 32 32 32 22 22 83282 12 0 0 80290 1 2992 11 33 33 33 33 28 28 83282 12 0 0 80290 1 2992 11
159 38 12 38 0 12 0 50 29 29 28 28 29 29 0 0 0 0 0 0 0 0 32 32 32 32 22 22 0 0 0 0 0 0 0 0 30 30 30 30 20 20 0 0 0 0 0 0 0 0 14 14 10 10 14 14 0 0 0 0 0 0 0 0 32 32 32 32 22 22 0 0 0 0 0 0 0 0 33 33 33 33 29 29 0 0 0 0 0 0 0 0
160 38 12 38 0 12 0 50 29 29 28 28 29 29 0 0 0 0 0 0 0 0 32 32 32 32 22 22 0 0 0 0 0 0 0 0 30 30 30 30 20 20 0 0 0 0 0 0 0 0 14 14 10 10 14 14 0 0 0 0 0 0 0 0 32 32 32 32 22 22 0 0 0 0 0 0 0 0 33 33 33 33 29 29 0 0 0 0 0 0 0 0
161 38 12 38 0 12 0 50 29 29 28 28 29 29 969479 12 969479 12 0 0 0 0 32 32 32 32 22 22 969479 12 969479 12 0 0 0 0 30 30 30 30 20 20 969479 12 969479 12 0 0 0 0 14 14 10 10 14 14 969479 12 969479 12 0 0 0 0 32 32 32 32 22 22 969479 12 969479 12 0 0 0 0 33 33 33 33 29 29 969479 12 969479 12 0 0 0 0
162 38 12 38 0 12 0 50 29 29 28 28 29 29 83554 13 0 0 80290 1 3264 12 32 32 32 32 22 22 83554 13 0 0 80290 1 3264 12 30 30 30 30 20 20 83554 13 0 0 80290 1 3264 12 14 14 10 10 14 14 83554 13 0 0 80290 1 3264 12 32 32 32 32 22 22 83554 13 0 0 80290 1 3264 12 33 33 33 33 29 29 83554 13 0 0 80290 1 3264 12
163 37 13 37 0 13 0 50 30 30 28 28 30 30 0 0 0 0 0 0 0 0 32 32 32 32 22 22 0 0 0 0 0 0 0 0 30 30 30 30 20 20 0 0 0 0 0 0 0 0 14 14 10 10 14 14 0 0 0 0 0 0 0 0 32 32 32 32 22 22 0 0 0 0 0 0 0 0 33 33 33 33 30 30 0 0 0 0 0 0 0 0
164 37 13 37 0 13 0 50 30 30 28 28 30 30 0 0 0 0 0 0 0 0 32 32 32 32 22 22 0 0 0 0 0 0 0 0 30 30 30 30 20 20 0 0 0 0 0 0 0 0 14 14 10 10 14 14 0 0 0 0 0 0 0 0 32 32 32 32 22 22 0 0 0 0 0 0 0 0 33 33 33 33 30 30 0 0 0 0 0 0 0 0
165 0 50 0 37 13 0 50 30 30 28 28 30 30 1050685 13 1050685 13 0 0 0 0 32 32 32 32 22 22 1050685 13 1050685 13 0 0 0 0 30 30 30 30 20 20 1050685 13 1050685 13 0 0 0 0 14 14 10 10 14 14 1050685 13 1050685 13 0 0 0 0 32 32 32 32 22 22 1050685 13 1050685 13 0 0 0 0 33 33 33 33 30 30 1050685 13 1050685 13 0 0 0 0
166 0 50 0 37 13 0 50 30 30 28 28 30 30 83826 14 0 0 80290 1 3536 13 32 32 32 32 22 22 83826 14 0 0 80290 1 3536 13 30 30 30 30 20 20 83826 14 0 0 80290 1 3536 13 14 14 10 10 14 14 83826 14 0 0 80290 1 3536 13 32 32 32 32 22 22 83826 14 0 0 80290 1 3536 13 33 33 33 33 30 30 83826 14 0 0 80290 1 3536 13
167 0 50 0 0 50 0 50 31 31 28 28 31 31 0 0 0 0 0 0 0 0 32 32 32 32 31 31 0 0 0 0 0 0 0 0 31 31 30 30 31 31 0 0 0 0 0 0 0 0 31 31 10 10 31 31 0 0 0 0 0 0 0 0 32 32 32 32 31 31 0 0 0 0 0 0 0 0 33 33 33 33 31 31 0 0 0 0 0 0 0 0
168 0 50 0 0 50 0 50 31 31 28 28 31 31 0 0 0 0 0 0 0 0 32 32 32 32 31 31 0 0 0 0 0 0 0 0 31 31 30 30 31 31 0 0 0 0 0 0 0 0 31 31 10 10 31 31 0 0 0 0 0 0 0 0 32 32 32 32 31 31 0 0 0 0 0 0 0 0 33 33 33 33 31 31 0 0 0 0 0 0 0 0
169 0 50 0 0 50 0 50 31 31 28 28 31 31 4042690 50 4042690 50 0 0 0 0 32 32 32 32 31 31 4042690 50 4042690 50 0 0 0 0 31 31 30 30 31 31 4042690 50 4042690 50 0 0 0 0 31 31 10 10 31 31 4042690 50 4042690 50 0 0 0 0 32 32 32 32 31 31 4042690 50 4042690 50 0 0 0 0 33 33 33 33 31 31 4042690 50 4042690 50 0 0 0 0
170 0 50 0 0 50 0 50 42 42 42 42 31 31 93890 51 0 0 80290 1 13600 50 42 42 42 42 31 31 93890 51 0 0 80290 1 13600 50 42 42 42 42 31 31 93890 51 0 0 80290 1 13600 50 42 42 42 42 31 31 93890 51 0 0 80290 1 13600 50 42 42 42 42 31 31 93890 51 0 0 80290 1 13600 50 42 42 42 42 31 31 93890 51 0 0 80290 1 13600 50
171 0 50 0 0 50 0 50 42 42 42 42 32 32 0 0 0 0 0 0 0 0 42 42 42 42 32 32 0 0 0 0 0 0 0 0 42 42 42 42 32 32 0 0 0 0 0 0 0 0 42 42 42 42 32 32 0 0 0 0 0 0 0 0 42 42 42 42 32 32 0 0 0 0 0 0 0 0 42 42 42 42 32 32 0 0 0 0 0 0 0 0
172 0 50 0 0 50 0 50 42 42 42 42 32 32 0 0 0 0 0 0 0 0 42 42 42 42 32 32 0 0 0 0 0 0 0 0 42 42 42 42 32 32 0 0 0 0 0 0 0 0 42 42 42 42 32 32 0 0 0 0 0 0 0 0 42 42 42 42 32 32 0 0 0 0 0 0 0 0 42 42 42 42 32 32 0 0 0 0 0 0 0 0
173 0 50 0 0 50 0 50 42 42 42 42 32 32 4101890 50 4101890 50 0 0 0 0 42 42 42 42 32 32 4101890 50 4101890 50 0 0 0 0 42 42 42 42 32 32 4101890 50 4101890 50 0 0 0 0 42 42 42 42 32 32 4101890 50 4101890 50 0 0 0 0 42 42 42 42 32 32 4101890 50 4101890 50 0 0 0 0 42 42 42 42 32 32 4101890 50 4101890 50 0 0 0 0
174 0 50 0 0 50 0 50 43 43 43 43 32 32 93890 51 0 0 80290 1 13600 50 43 43 43 43 32 32 93890 51 0 0 80290 1 13600 50 43 43 43 43 32 32 93890 51 0 0 80290 1 13600 50 43 43 43 43 32 32 93890 51 0 0 80290 1 13600 50 43 43 43 43 32 32 93890 51 0 0 80290 1 13600 50 43 43 43 43 32 32 93890 51 0 0 80290 1 13600 50
175 0 50 0 0 50 0 50 43 43 43 43 33 33 0 0 0 0 0 0 0 0 43 43 43 43 33 33 0 0 0 0 0 0 0 0 43 43 43 43 33 33 0 0 0 0 0 0 0 0 43 43 43 43 33 33 0 0 0 0 0 0 0 0 43 43 43 43 33 33 0 0 0 0 0 0 0 0 43 43 43 43 33 33 0 0 0 0 0 0 0 0
176 0 50 0 0 50 0 50 43 43 43 43 33 33 0 0 0 0 0 0 0 0 43 43 43 43 33 33 0 0 0 0 0 0 0 0 43 43 43 43 33 33 0 0 0 0 0 0 0 0 43 43 43 43 33 33 0 0 0 0 0 0 0 0 43 43 43 43 33 33 0 0 0 0 0 0 0 0 43 43 43 43 33 33 0 0 0 0 0 0 0 0
177 0 50 0 0 50 0 50 43 43 43 43 33 33 4101890 50 4101890 50 0 0 0 0 43 43 43 43 33 33 4101890 50 4101890 50 0 0 0 0 43 43 43 43 33 33 4101890 50 4101890 50 0 0 0 0 43 43 43 43 33 33 4101890 50 4101890 50 0 0 0 0 43 43 43 43 33 33 4101890 50 4101890 50 0 0 0 0 43 43 43 43 33 33 4101890 50 4101890 50 0 0 0 0
178 0 50 0 0 50 0 50 44 44 44 44 33 33 93890 51 0 0 80290 1 13600 50 44 44 44 44 33 33 93890 51 0 0 80290 1 13600 50 44 44 44 44 33 33 93890 51 0 0 80290 1 13600 50 44 44 44 44 33 33 93890 51 0 0 80290 1 13600 50 44 44 44 44 33 33 93890 51 0 0 80290 1 13600 50 44 44 44 44 33 33 93890 51 0 0 80290 1 13600 50
179 0 50 0 0 50 0 50 44 44 44 44 34 34 0 0 0 0 0 0 0 0 44 44 44 44 34 34 0 0 0 0 0 0 0 0 44 44 44 44 34 34 0 0 0 0 0 0 0 0 44 44 44 44 34 34 0 0 0 0 0 0 0 0 44 44 44 44 34 34 0 0 0 0 0 0 0 0 44 44 44 44 34 34 0 0 0 0 0 0 0 0
180 0 50 0 0 50 0 50 44 44 44 44 34 34 0 0 0 0 0 0 0 0 44 44 44 44 34 34 0 0 0 0 0 0 0 0 44 44 44 44 34 34 0 0 0 0 0 0 0 0 44 44 44 44 34 34 0 0 0 0 0 0 0 0 44 44 44 44 34 34 0 0 0 0 0 0 0 0 44 44 44 44 34 34 0 0 0 0 0 0 0 0
181 0 50 0 0 50 0 50 44 44 44 44 34 34 4101890 50 4101890 50 0 0 0 0 44 44 44 44 34 34 4101890 50 4101890 50 0 0 0 0 44 44 44 44 34 34 4101890 50 4101890 50 0 0 0 0 44 44 44 44 34 34 4101890 50 4101890 50 0 0 0 0 44 44 44 44 34 34 4101890 50 4101890 50 0 0 0 0 44 44 44 44 34 34 4101890 50 4101890 50 0 0 0 0
182 0 50 0 0 50 0 50 45 45 45 45 34 34 93889 51 0 0 80289 1 13600 50 45 45 45 45 34 34 93889 51 0 0 80289 1 13600 50 45 45 45 45 34 34 93889 51 0 0 80289 1 13600 50 45 45 45 45 34 34 93889 51 0 0 80289 1 13600 50 45 45 45 45 34 34 93889 51 0 0 80289 1 13600 50 45 45 45 45 34 34 93889 51 0 0 80289 1 13600 50
183 0 50 0 0 50 0 50 45 45 45 45 35 35 0 0 0 0 0 0 0 0 45 45 45 45 35 35 0 0 0 0 0 0 0 0 45 45 45 45 35 35 0 0 0 0 0 0 0 0 45 45 45 45 35 35 0 0 0 0 0 0 0 0 45 45 45 45 35 35 0 0 0 0 0 0 0 0 45 45 45 45 35 35 0 0 0 0 0 0 0 0
184 0 50 0 0 50 0 50 45 45 45 45 35 35 0 0 0 0 0 0 0 0 45 45 45 45 35 35 0 0 0 0 0 0 0 0 45 45 45 45 35 35 0 0 0 0 0 0 0 0 45 45 45 45 35 35 0 0 0 0 0 0 0 0 45 45 45 45 35 35 0 0 0 0 0 0 0 0 45 45 45 45 35 35 0 0 0 0 0 0 0 0
185 0 50 0 0 50 0 50 45 45 45 45 35 35 4101890 50 4101890 50 0 0 0 0 45 45 45 45 35 35 4101890 50 4101890 50 0 0 0 0 45 45 45 45 35 35 4101890 50 4101890 50 0 0 0 0 45 45 45 45 35 35 4101890 50 4101890 50 0 0 0 0 45 45 45 45 35 35 4101890 50 4101890 50 0 0 0 0 45 45 45 45 35 35 4101890 50 4101890 50 0 0 0 0
186 0 50 0 0 50 0 50 46 46 46 46 35 35 93889 51 0 0 80289 1 13600 50 46 46 46 46 35 35 93889 51 0 0 80289 1 13600 50 46 46 46 46 35 35 93889 51 0 0 80289 1 13600 50 46 46 46 46 35 35 93889 51 0 0 80289 1 13600 50 46 46 46 46 35 35 93889 51 0 0 80289 1 13600 50 46 46 46 46 35 35 93889 51 0 0 80289 1 13600 50
187 0 50 0 0 50 0 50 46 46 46 46 36 36 0 0 0 0 0 0 0 0 46 46 46 46 36 36 0 0 0 0 0 0 0 0 46 46 46 46 36 36 0 0 0 0 0 0 0 0 46 46 46 46 36 36 0 0 0 0 0 0 0 0 46 46 46 46 36 36 0 0 0 0 0 0 0 0 46 46 46 46 36 36 0 0 0 0 0 0 0 0
188 0 50 0 0 50 0 50 46 46 46 46 36 36 0 0 0 0 0 0 0 0 46 46 46 46 36 36 0 0 0 0 0 0 0 0 46 46 46 46 36 36 0 0 0 0 0 0 0 0 46 46 46 46 36 36 0 0 0 0 0 0 0 0 46 46 46 46 36 36 0 0 0 0 0 0 0 0 46 46 46 46 36 36 0 0 0 0 0 0 0 0
189 0 50 0 0 50 0 50 46 46 46 46 36 36 4101890 50 4101890 50 0 0 0 0 46 46 46 46 36 36 4101890 50 4101890 50 0 0 0 0 46 46 46 46 36 36 4101890 50 4101890 50 0 0 0 0 46 46 46 46 36 36 4101890 50 4101890 50 0 0 0 0 46 46 46 46 36 36 4101890 50 4101890 50 0 0 0 0 46 46 46 46 36 36 4101890 50 4101890 50 0 0 0 0
190 0 50 0 0 50 0 50 47 47 47 47 36 36 93890 51 0 0 80290 1 13600 50 47 47 47 47 36 36 93890 51 0 0 80290 1 13600 50 47 47 47 47 36 36 93890 51 0 0 80290 1 13600 50 47 47 47 47 36 36 93890 51 0 0 80290 1 13600 50 47 47 47 47 36 36 93890 51 0 0 80290 1 13600 50 47 47 47 47 36 36 93890 51 0 0 80290 1 13600 50
191 0 50 0 0 50 0 50 47 47 47 47 37 37 0 0 0 0 0 0 0 0 47 47 47 47 37 37 0 0 0 0 0 0 0 0 47 47 47 47 37 37 0 0 0 0 0 0 0 0 47 47 47 47 37 37 0 0 0 0 0 0 0 0 47 47 47 47 37 37 0 0 0 0 0 0 0 0 47 47 47 47 37 37 0 0 0 0 0 0 0 0
192 0 50 0 0 50 0 50 47 47 47 47 37 37 0 0 0 0 0 0 0 0 47 47 47 47 37 37 0 0 0 0 0 0 0 0 47 47 47 47 37 37 0 0 0 0 0 0 0 0 47 47 47 47 37 37 0 0 0 0 0 0 0 0 47 47 47 47 37 37 0 0 0 0 0 0 0 0 47 47 47 47 37 37 0 0 0 0 0 0 0 0
193 0 50 0 0 50 0 50 47 47 47 47 37 37 4101890 50 4101890 50 0 0 0 0 47 47 47 47 37 37 4101890 50 4101890 50 0 0 0 0 47 47 47 47 37 37 4101890 50 4101890 50 0 0 0 0 47 47 47 47 37 37 4101890 50 4101890 50 0 0 0 0 47 47 47 47 37 37 4101890 50 4101890 50 0 0 0 0 47 47 47 47 37 37 4101890 50 4101890 50 0 0 0 0
194 0 50 0 0 50 0 50 48 48 48 48 37 37 93890 51 0 0 80290 1 13600 50 48 48 48 48 37 37 93890 51 0 0 80290 1 13600 50 48 48 48 48 37 37 93890 51 0 0 80290 1 13600 50 48 48 48 48 37 37 93890 51 0 0 80290 1 13600 50 48 48 48 48 37 37 93890 51 0 0 80290 1 13600 50 48 48 48 48 37 37 93890 51 0 0 80290 1 13600 50
195 0 50 0 0 50 0 50 48 48 48 48 38 38 0 0 0 0 0 0 0 0 48 48 48 48 38 38 0 0 0 0 0 0 0 0 48 48 48 48 38 38 0 0 0 0 0 0 0 0 48 48 48 48 38 38 0 0 0 0 0 0 0 0 48 48 48 48 38 38 0 0 0 0 0 0 0 0 48 48 48 48 38 38 0 0 0 0 0 0 0 0
196 0 50 0 0 50 0 50 48 48 48 48 38 38 0 0 0 0 0 0 0 0 48 48 48 48 38 38 0 0 0 0 0 0 0 0 48 48 48 48 38 38 0 0 0 0 0 0 0 0 48 48 48 48 38 38 0 0 0 0 0 0 0 0 48 48 48 48 38 38 0 0 0 0 0 0 0 0 48 48 48 48 38 38 0 0 0 0 0 0 0 0
197 0 50 0 0 50 0 50 48 48 48 48 38 38 4101890 50 4101890 50 0 0 0 0 48 48 48 48 38 38 4101890 50 4101890 50 0 0 0 0 48 48 48 48 38 38 4101890 50 4101890 50 0 0 0 0 48 48 48 48 38 38 4101890 50 4101890 50 0 0 0 0 48 48 48 48 38 38 4101890 50 4101890 50 0 0 0 0 48 48 48 48 38 38 4101890 50 4101890 50 0 0 0 0
198 0 50 0 0 50 0 50 49 49 49 49 38 38 93890 51 0 0 80290 1 13600 50 49 49 49 49 38 38 93890 51 0 0 80290 1 13600 50 49 49 49 49 38 38 93890 51 0 0 80290 1 13600 50 49 49 49 49 38 38 93890 51 0 0 80290 1 13600 50 49 49 49 49 38 38 93890 51 0 0 80290 1 13600 50 49 49 49 49 38 38 93890 51 0 0 80290 1 13600 50
199 0 50 0 0 50 0 50 49 49 49 49 39 39 0 0 0 0 0 0 0 0 49 49 49 49 39 39 0 0 0 0 0 0 0 0 49 49 49 49 39 39 0 0 0 0 0 0 0 0 49 49 49 49 39 39 0 0 0 0 0 0 0 0 49 49 49 49 39 39 0 0 0 0 0 0 0 0 49 49 49 49 39 39 0 0 0 0 0 0 0 0
200 0 50 0 0 50 0 50 49 49 49 49 39 39 0 0 0 0 0 0 0 0 49 49 49 49 39 39 0 0 0 0 0 0 0 0 49 49 49 49 39 39 0 0 0 0 0 0 0 0 49 49 49 49 39 39 0 0 0 0 0 0 0 0 49 49 49 49 39 39 0 0 0 0 0 0 0 0 49 49 49 49 39 39 0 0 0 0 0 0 0 0
201 0 50 0 0 50 0 50 49 49 49 49 39 39 4101890 50 4101890 50 0 0 0 0 49 49 49 49 39 39 4101890 50 4101890 50 0 0 0 0 49 49 49 49 39 39 4101890 50 4101890 50 0 0 0 0 49 49 49 49 39 39 4101890 50 4101890 50 0 0 0 0 49 49 49 49 39 39 4101890 50 4101890 50 0 0 0 0 49 49 49 49 39 39 4101890 50 4101890 50 0 0 0 0
202 0 50 0 0 50 0 50 50 50 50 50 39 39 93890 51 0 0 80290 1 13600 50 50 50 50 50 39 39 93890 51 0 0 80290 1 13600 50 50 50 50 50 39 39 93890 51 0 0 80290 1 13600 50 50 50 50 50 39 39 93890 51 0 0 80290 1 13600 50 50 50 50 50 39 39 93890 51 0 0 80290 1 13600 50 50 50 50 50 39 39 93890 51 0 0 80290 1 13600 50
203 0 50 0 0 50 0 50 50 50 50 50 40 40 0 0 0 0 0 0 0 0 50 50 50 50 40 40 0 0 0 0 0 0 0 0 50 50 50 50 40 40 0 0 0 0 0 0 0 0 50 50 50 50 40 40 0 0 0 0 0 0 0 0 50 50 50 50 40 40 0 0 0 0 0 0 0 0 50 50 50 50 40 40 0 0 0 0 0 0 0 0
