r n_asleep n_awake n_honest_asleep n_honest_dreamy n_honest_awake n_adversary n_all party0_ledger_best_length party0_ledger_best_age party0_ledger_fast_length party0_ledger_fast_age party0_ledger_slow_length party0_ledger_slow_age party0_comms_all_size party0_comms_all_count party0_comms_proposal_size party0_comms_proposal_count party0_comms_piece_block_size party0_comms_piece_block_count party0_comms_piece_vote_size party0_comms_piece_vote_count party1_ledger_best_length party1_ledger_best_age party1_ledger_fast_length party1_ledger_fast_age party1_ledger_slow_length party1_ledger_slow_age party1_comms_all_size party1_comms_all_count party1_comms_proposal_size party1_comms_proposal_count party1_comms_piece_block_size party1_comms_piece_block_count party1_comms_piece_vote_size party1_comms_piece_vote_count party2_ledger_best_length party2_ledger_best_age party2_ledger_fast_length party2_ledger_fast_age party2_ledger_slow_length party2_ledger_slow_age party2_comms_all_size party2_comms_all_count party2_comms_proposal_size party2_comms_proposal_count party2_comms_piece_block_size party2_comms_piece_block_count party2_comms_piece_vote_size party2_comms_piece_vote_count party3_ledger_best_length party3_ledger_best_age party3_ledger_fast_length party3_ledger_fast_age party3_ledger_slow_length party3_ledger_slow_age party3_comms_all_size party3_comms_all_count party3_comms_proposal_size party3_comms_proposal_count party3_comms_piece_block_size party3_comms_piece_block_count party3_comms_piece_vote_size party3_comms_piece_vote_count party4_ledger_best_length party4_ledger_best_age party4_ledger_fast_length party4_ledger_fast_age party4_ledger_slow_length party4_ledger_slow_age party4_comms_all_size party4_comms_all_count party4_comms_proposal_size party4_comms_proposal_count party4_comms_piece_block_size party4_comms_piece_block_count party4_comms_piece_vote_size party4_comms_piece_vote_count partyALWAYSAWAKE_ledger_best_length partyALWAYSAWAKE_ledger_best_age partyALWAYSAWAKE_ledger_fast_length partyALWAYSAWAKE_ledger_fast_age partyALWAYSAWAKE_ledger_slow_length partyALWAYSAWAKE_ledger_slow_age partyALWAYSAWAKE_comms_all_size partyALWAYSAWAKE_comms_all_count partyALWAYSAWAKE_comms_proposal_size partyALWAYSAWAKE_comms_proposal_count partyALWAYSAWAKE_comms_piece_block_size partyALWAYSAWAKE_comms_piece_block_count partyALWAYSAWAKE_comms_piece_vote_size partyALWAYSAWAKE_comms_piece_vote_count
4 0 1000 0 0 1000 0 1000 0 0 0 0 0 0 0 0 0 0 0 0 0 0 0 0 0 0 0 0 0 0 0 0 0 0 0 0 0 0 0 0 0 0 0 0 0 0 0 0 0 0 0 0 0 0 0 0 0 0 0 0 0 0 0 0 0 0 0 0 0 0 0 0 0 0 0 0 0 0 0 0 0 0 0 0 0 0 0 0 0 0 0 0
5 0 1000 0 0 1000 0 1000 0 0 0 0 0 0 80438 1 80438 1 0 0 0 0 0 0 0 0 0 0 80438 1 80438 1 0 0 0 0 0 0 0 0 0 0 80438 1 80438 1 0 0 0 0 0 0 0 0 0 0 80438 1 80438 1 0 0 0 0 0 0 0 0 0 0 80438 1 80438 1 0 0 0 0 0 0 0 0 0 0 80438 1 80438 1 0 0 0 0
6 0 1000 0 0 1000 0 1000 1 1 1 1 0 0 108578 105 0 0 80290 1 28288 104 1 1 1 1 0 0 108578 105 0 0 80290 1 28288 104 1 1 1 1 0 0 108578 105 0 0 80290 1 28288 104 1 1 1 1 0 0 108578 105 0 0 80290 1 28288 104 1 1 1 1 0 0 108578 105 0 0 80290 1 28288 104 1 1 1 1 0 0 108578 105 0 0 80290 1 28288 104
7 0 1000 0 0 1000 0 1000 1 1 1 1 0 0 0 0 0 0 0 0 0 0 1 1 1 1 0 0 0 0 0 0 0 0 0 0 1 1 1 1 0 0 0 0 0 0 0 0 0 0 1 1 1 1 0 0 0 0 0 0 0 0 0 0 1 1 1 1 0 0 0 0 0 0 0 0 0 0 1 1 1 1 0 0 0 0 0 0 0 0 0 0
8 0 1000 0 0 1000 0 1000 1 1 1 1 0 0 0 0 0 0 0 0 0 0 1 1 1 1 0 0 0 0 0 0 0 0 0 0 1 1 1 1 0 0 0 0 0 0 0 0 0 0 1 1 1 1 0 0 0 0 0 0 0 0 0 0 1 1 1 1 0 0 0 0 0 0 0 0 0 0 1 1 1 1 0 0 0 0 0 0 0 0 0 0
9 0 1000 0 0 1000 0 1000 1 1 1 1 0 0 251298 3 251298 3 0 0 0 0 1 1 1 1 0 0 251298 3 251298 3 0 0 0 0 1 1 1 1 0 0 251298 3 251298 3 0 0 0 0 1 1 1 1 0 0 251298 3 251298 3 0 0 0 0 1 1 1 1 0 0 251298 3 251298 3 0 0 0 0 1 1 1 1 0 0 251298 3 251298 3 0 0 0 0
10 0 1000 0 0 1000 0 1000 2 2 2 2 0 0 109666 109 0 0 80290 1 29376 108 2 2 2 2 0 0 109666 109 0 0 80290 1 29376 108 2 2 2 2 0 0 109666 109 0 0 80290 1 29376 108 2 2 2 2 0 0 109666 109 0 0 80290 1 29376 108 2 2 2 2 0 0 109666 109 0 0 80290 1 29376 108 2 2 2 2 0 0 109666 109 0 0 80290 1 29376 108
11 0 1000 0 0 1000 0 1000 2 2 2 2 0 0 0 0 0 0 0 0 0 0 2 2 2 2 0 0 0 0 0 0 0 0 0 0 2 2 2 2 0 0 0 0 0 0 0 0 0 0 2 2 2 2 0 0 0 0 0 0 0 0 0 0 2 2 2 2 0 0 0 0 0 0 0 0 0 0 2 2 2 2 0 0 0 0 0 0 0 0 0 0
12 0 1000 0 0 1000 0 1000 2 2 2 2 0 0 0 0 0 0 0 0 0 0 2 2 2 2 0 0 0 0 0 0 0 0 0 0 2 2 2 2 0 0 0 0 0 0 0 0 0 0 2 2 2 2 0 0 0 0 0 0 0 0 0 0 2 2 2 2 0 0 0 0 0 0 0 0 0 0 2 2 2 2 0 0 0 0 0 0 0 0 0 0
13 0 1000 0 0 1000 0 1000 2 2 2 2 0 0 167788 2 167788 2 0 0 0 0 2 2 2 2 0 0 167788 2 167788 2 0 0 0 0 2 2 2 2 0 0 167788 2 167788 2 0 0 0 0 2 2 2 2 0 0 167788 2 167788 2 0 0 0 0 2 2 2 2 0 0 167788 2 167788 2 0 0 0 0 2 2 2 2 0 0 167788 2 167788 2 0 0 0 0
14 0 1000 0 0 1000 0 1000 3 3 3 3 0 0 106946 99 0 0 80290 1 26656 98 3 3 3 3 0 0 106946 99 0 0 80290 1 26656 98 3 3 3 3 0 0 106946 99 0 0 80290 1 26656 98 3 3 3 3 0 0 106946 99 0 0 80290 1 26656 98 3 3 3 3 0 0 106946 99 0 0 80290 1 26656 98 3 3 3 3 0 0 106946 99 0 0 80290 1 26656 98
15 0 1000 0 0 1000 0 1000 3 3 3 3 0 0 0 0 0 0 0 0 0 0 3 3 3 3 0 0 0 0 0 0 0 0 0 0 3 3 3 3 0 0 0 0 0 0 0 0 0 0 3 3 3 3 0 0 0 0 0 0 0 0 0 0 3 3 3 3 0 0 0 0 0 0 0 0 0 0 3 3 3 3 0 0 0 0 0 0 0 0 0 0
16 0 1000 0 0 1000 0 1000 3 3 3 3 0 0 0 0 0 0 0 0 0 0 3 3 3 3 0 0 0 0 0 0 0 0 0 0 3 3 3 3 0 0 0 0 0 0 0 0 0 0 3 3 3 3 0 0 0 0 0 0 0 0 0 0 3 3 3 3 0 0 0 0 0 0 0 0 0 0 3 3 3 3 0 0 0 0 0 0 0 0 0 0
17 0 1000 0 0 1000 0 1000 3 3 3 3 0 0 167148 2 167148 2 0 0 0 0 3 3 3 3 0 0 167148 2 167148 2 0 0 0 0 3 3 3 3 0 0 167148 2 167148 2 0 0 0 0 3 3 3 3 0 0 167148 2 167148 2 0 0 0 0 3 3 3 3 0 0 167148 2 167148 2 0 0 0 0 3 3 3 3 0 0 167148 2 167148 2 0 0 0 0
18 0 1000 0 0 1000 0 1000 4 4 4 4 0 0 112658 120 0 0 80290 1 32368 119 4 4 4 4 0 0 112658 120 0 0 80290 1 32368 119 4 4 4 4 0 0 112658 120 0 0 80290 1 32368 119 4 4 4 4 0 0 112658 120 0 0 80290 1 32368 119 4 4 4 4 0 0 112658 120 0 0 80290 1 32368 119 4 4 4 4 0 0 112658 120 0 0 80290 1 32368 119
19 0 1000 0 0 1000 0 1000 4 4 4 4 0 0 0 0 0 0 0 0 0 0 4 4 4 4 0 0 0 0 0 0 0 0 0 0 4 4 4 4 0 0 0 0 0 0 0 0 0 0 4 4 4 4 0 0 0 0 0 0 0 0 0 0 4 4 4 4 0 0 0 0 0 0 0 0 0 0 4 4 4 4 0 0 0 0 0 0 0 0 0 0
20 0 1000 0 0 1000 0 1000 4 4 4 4 0 0 0 0 0 0 0 0 0 0 4 4 4 4 0 0 0 0 0 0 0 0 0 0 4 4 4 4 0 0 0 0 0 0 0 0 0 0 4 4 4 4 0 0 0 0 0 0 0 0 0 0 4 4 4 4 0 0 0 0 0 0 0 0 0 0 4 4 4 4 0 0 0 0 0 0 0 0 0 0
21 0 1000 0 0 1000 0 1000 4 4 4 4 0 0 252738 3 252738 3 0 0 0 0 4 4 4 4 0 0 252738 3 252738 3 0 0 0 0 4 4 4 4 0 0 252738 3 252738 3 0 0 0 0 4 4 4 4 0 0 252738 3 252738 3 0 0 0 0 4 4 4 4 0 0 252738 3 252738 3 0 0 0 0 4 4 4 4 0 0 252738 3 252738 3 0 0 0 0
22 0 1000 0 0 1000 0 1000 5 5 5 5 0 0 105042 92 0 0 80290 1 24752 91 5 5 5 5 0 0 105042 92 0 0 80290 1 24752 91 5 5 5 5 0 0 105042 92 0 0 80290 1 24752 91 5 5 5 5 0 0 105042 92 0 0 80290 1 24752 91 5 5 5 5 0 0 105042 92 0 0 80290 1 24752 91 5 5 5 5 0 0 105042 92 0 0 80290 1 24752 91
23 0 1000 0 0 1000 0 1000 5 5 5 5 0 0 0 0 0 0 0 0 0 0 5 5 5 5 0 0 0 0 0 0 0 0 0 0 5 5 5 5 0 0 0 0 0 0 0 0 0 0 5 5 5 5 0 0 0 0 0 0 0 0 0 0 5 5 5 5 0 0 0 0 0 0 0 0 0 0 5 5 5 5 0 0 0 0 0 0 0 0 0 0
24 0 1000 0 0 1000 0 1000 5 5 5 5 0 0 0 0 0 0 0 0 0 0 5 5 5 5 0 0 0 0 0 0 0 0 0 0 5 5 5 5 0 0 0 0 0 0 0 0 0 0 5 5 5 5 0 0 0 0 0 0 0 0 0 0 5 5 5 5 0 0 0 0 0 0 0 0 0 0 5 5 5 5 0 0 0 0 0 0 0 0 0 0
25 0 1000 0 0 1000 0 1000 5 5 5 5 0 0 83350 1 83350 1 0 0 0 0 5 5 5 5 0 0 83350 1 83350 1 0 0 0 0 5 5 5 5 0 0 83350 1 83350 1 0 0 0 0 5 5 5 5 0 0 83350 1 83350 1 0 0 0 0 5 5 5 5 0 0 83350 1 83350 1 0 0 0 0 5 5 5 5 0 0 83350 1 83350 1 0 0 0 0
26 0 1000 0 0 1000 0 1000 6 6 6 6 0 0 111570 116 0 0 80290 1 31280 115 6 6 6 6 0 0 111570 116 0 0 80290 1 31280 115 6 6 6 6 0 0 111570 116 0 0 80290 1 31280 115 6 6 6 6 0 0 111570 116 0 0 80290 1 31280 115 6 6 6 6 0 0 111570 116 0 0 80290 1 31280 115 6 6 6 6 0 0 111570 116 0 0 80290 1 31280 115
27 0 1000 0 0 1000 0 1000 6 6 6 6 0 0 0 0 0 0 0 0 0 0 6 6 6 6 0 0 0 0 0 0 0 0 0 0 6 6 6 6 0 0 0 0 0 0 0 0 0 0 6 6 6 6 0 0 0 0 0 0 0 0 0 0 6 6 6 6 0 0 0 0 0 0 0 0 0 0 6 6 6 6 0 0 0 0 0 0 0 0 0 0
28 0 1000 0 0 1000 0 1000 6 6 6 6 0 0 0 0 0 0 0 0 0 0 6 6 6 6 0 0 0 0 0 0 0 0 0 0 6 6 6 6 0 0 0 0 0 0 0 0 0 0 6 6 6 6 0 0 0 0 0 0 0 0 0 0 6 6 6 6 0 0 0 0 0 0 0 0 0 0 6 6 6 6 0 0 0 0 0 0 0 0 0 0
29 0 1000 0 0 1000 0 1000 6 6 6 6 0 0 168235 2 168235 2 0 0 0 0 6 6 6 6 0 0 168235 2 168235 2 0 0 0 0 6 6 6 6 0 0 168235 2 168235 2 0 0 0 0 6 6 6 6 0 0 168235 2 168235 2 0 0 0 0 6 6 6 6 0 0 168235 2 168235 2 0 0 0 0 6 6 6 6 0 0 168235 2 168235 2 0 0 0 0
30 0 1000 0 0 1000 0 1000 7 7 7 7 0 0 105314 93 0 0 80290 1 25024 92 7 7 7 7 0 0 105314 93 0 0 80290 1 25024 92 7 7 7 7 0 0 105314 93 0 0 80290 1 25024 92 7 7 7 7 0 0 105314 93 0 0 80290 1 25024 92 7 7 7 7 0 0 105314 93 0 0 80290 1 25024 92 7 7 7 7 0 0 105314 93 0 0 80290 1 25024 92
31 0 1000 0 0 1000 0 1000 7 7 7 7 0 0 0 0 0 0 0 0 0 0 7 7 7 7 0 0 0 0 0 0 0 0 0 0 7 7 7 7 0 0 0 0 0 0 0 0 0 0 7 7 7 7 0 0 0 0 0 0 0 0 0 0 7 7 7 7 0 0 0 0 0 0 0 0 0 0 7 7 7 7 0 0 0 0 0 0 0 0 0 0
32 0 1000 0 0 1000 0 1000 7 7 7 7 0 0 0 0 0 0 0 0 0 0 7 7 7 7 0 0 0 0 0 0 0 0 0 0 7 7 7 7 0 0 0 0 0 0 0 0 0 0 7 7 7 7 0 0 0 0 0 0 0 0 0 0 7 7 7 7 0 0 0 0 0 0 0 0 0 0 7 7 7 7 0 0 0 0 0 0 0 0 0 0
33 0 1000 0 0 1000 0 1000 7 7 7 7 0 0 166763 2 166763 2 0 0 0 0 7 7 7 7 0 0 166763 2 166763 2 0 0 0 0 7 7 7 7 0 0 166763 2 166763 2 0 0 0 0 7 7 7 7 0 0 166763 2 166763 2 0 0 0 0 7 7 7 7 0 0 166763 2 166763 2 0 0 0 0 7 7 7 7 0 0 166763 2 166763 2 0 0 0 0
34 0 1000 0 0 1000 0 1000 8 8 8 8 0 0 108578 105 0 0 80290 1 28288 104 8 8 8 8 0 0 108578 105 0 0 80290 1 28288 104 8 8 8 8 0 0 108578 105 0 0 80290 1 28288 104 8 8 8 8 0 0 108578 105 0 0 80290 1 28288 104 8 8 8 8 0 0 108578 105 0 0 80290 1 28288 104 8 8 8 8 0 0 108578 105 0 0 80290 1 28288 104
35 0 1000 0 0 1000 0 1000 8 8 8 8 0 0 0 0 0 0 0 0 0 0 8 8 8 8 0 0 0 0 0 0 0 0 0 0 8 8 8 8 0 0 0 0 0 0 0 0 0 0 8 8 8 8 0 0 0 0 0 0 0 0 0 0 8 8 8 8 0 0 0 0 0 0 0 0 0 0 8 8 8 8 0 0 0 0 0 0 0 0 0 0
36 0 1000 0 0 1000 0 1000 8 8 8 8 0 0 0 0 0 0 0 0 0 0 8 8 8 8 0 0 0 0 0 0 0 0 0 0 8 8 8 8 0 0 0 0 0 0 0 0 0 0 8 8 8 8 0 0 0 0 0 0 0 0 0 0 8 8 8 8 0 0 0 0 0 0 0 0 0 0 8 8 8 8 0 0 0 0 0 0 0 0 0 0
37 0 1000 0 0 1000 0 1000 8 8 8 8 0 0 83766 1 83766 1 0 0 0 0 8 8 8 8 0 0 83766 1 83766 1 0 0 0 0 8 8 8 8 0 0 83766 1 83766 1 0 0 0 0 8 8 8 8 0 0 83766 1 83766 1 0 0 0 0 8 8 8 8 0 0 83766 1 83766 1 0 0 0 0 8 8 8 8 0 0 83766 1 83766 1 0 0 0 0
38 0 1000 0 0 1000 0 1000 9 9 9 9 0 0 107762 102 0 0 80290 1 27472 101 9 9 9 9 0 0 107762 102 0 0 80290 1 27472 101 9 9 9 9 0 0 107762 102 0 0 80290 1 27472 101 9 9 9 9 0 0 107762 102 0 0 80290 1 27472 101 9 9 9 9 0 0 107762 102 0 0 80290 1 27472 101 9 9 9 9 0 0 107762 102 0 0 80290 1 27472 101
39 0 1000 0 0 1000 0 1000 9 9 9 9 0 0 0 0 0 0 0 0 0 0 9 9 9 9 0 0 0 0 0 0 0 0 0 0 9 9 9 9 0 0 0 0 0 0 0 0 0 0 9 9 9 9 0 0 0 0 0 0 0 0 0 0 9 9 9 9 0 0 0 0 0 0 0 0 0 0 9 9 9 9 0 0 0 0 0 0 0 0 0 0
40 0 1000 0 0 1000 0 1000 9 9 9 9 0 0 0 0 0 0 0 0 0 0 9 9 9 9 0 0 0 0 0 0 0 0 0 0 9 9 9 9 0 0 0 0 0 0 0 0 0 0 9 9 9 9 0 0 0 0 0 0 0 0 0 0 9 9 9 9 0 0 0 0 0 0 0 0 0 0 9 9 9 9 0 0 0 0 0 0 0 0 0 0
41 0 1000 0 0 1000 0 1000 9 9 9 9 0 0 83670 1 83670 1 0 0 0 0 9 9 9 9 0 0 83670 1 83670 1 0 0 0 0 9 9 9 9 0 0 83670 1 83670 1 0 0 0 0 9 9 9 9 0 0 83670 1 83670 1 0 0 0 0 9 9 9 9 0 0 83670 1 83670 1 0 0 0 0 9 9 9 9 0 0 83670 1 83670 1 0 0 0 0
42 0 1000 0 0 1000 0 1000 10 10 10 10 0 0 105858 95 0 0 80290 1 25568 94 10 10 10 10 0 0 105858 95 0 0 80290 1 25568 94 10 10 10 10 0 0 105858 95 0 0 80290 1 25568 94 10 10 10 10 0 0 105858 95 0 0 80290 1 25568 94 10 10 10 10 0 0 105858 95 0 0 80290 1 25568 94 10 10 10 10 0 0 105858 95 0 0 80290 1 25568 94
43 0 1000 0 0 1000 0 1000 10 10 10 10 0 0 0 0 0 0 0 0 0 0 10 10 10 10 0 0 0 0 0 0 0 0 0 0 10 10 10 10 0 0 0 0 0 0 0 0 0 0 10 10 10 10 0 0 0 0 0 0 0 0 0 0 10 10 10 10 0 0 0 0 0 0 0 0 0 0 10 10 10 10 0 0 0 0 0 0 0 0 0 0
44 0 1000 0 0 1000 0 1000 10 10 10 10 0 0 0 0 0 0 0 0 0 0 10 10 10 10 0 0 0 0 0 0 0 0 0 0 10 10 10 10 0 0 0 0 0 0 0 0 0 0 10 10 10 10 0 0 0 0 0 0 0 0 0 0 10 10 10 10 0 0 0 0 0 0 0 0 0 0 10 10 10 10 0 0 0 0 0 0 0 0 0 0
45 0 1000 0 0 1000 0 1000 10 10 10 10 0 0 0 0 0 0 0 0 0 0 10 10 10 10 0 0 0 0 0 0 0 0 0 0 10 10 10 10 0 0 0 0 0 0 0 0 0 0 10 10 10 10 0 0 0 0 0 0 0 0 0 0 10 10 10 10 0 0 0 0 0 0 0 0 0 0 10 10 10 10 0 0 0 0 0 0 0 0 0 0
46 0 1000 0 0 1000 0 1000 10 10 10 10 0 0 26384 97 0 0 0 0 26384 97 10 10 10 10 0 0 26384 97 0 0 0 0 26384 97 10 10 10 10 0 0 26384 97 0 0 0 0 26384 97 10 10 10 10 0 0 26384 97 0 0 0 0 26384 97 10 10 10 10 0 0 26384 97 0 0 0 0 26384 97 10 10 10 10 0 0 26384 97 0 0 0 0 26384 97
47 0 1000 0 0 1000 0 1000 10 10 10 10 1 1 0 0 0 0 0 0 0 0 10 10 10 10 1 1 0 0 0 0 0 0 0 0 10 10 10 10 1 1 0 0 0 0 0 0 0 0 10 10 10 10 1 1 0 0 0 0 0 0 0 0 10 10 10 10 1 1 0 0 0 0 0 0 0 0 10 10 10 10 1 1 0 0 0 0 0 0 0 0
48 0 1000 0 0 1000 0 1000 10 10 10 10 1 1 0 0 0 0 0 0 0 0 10 10 10 10 1 1 0 0 0 0 0 0 0 0 10 10 10 10 1 1 0 0 0 0 0 0 0 0 10 10 10 10 1 1 0 0 0 0 0 0 0 0 10 10 10 10 1 1 0 0 0 0 0 0 0 0 10 10 10 10 1 1 0 0 0 0 0 0 0 0
49 0 1000 0 0 1000 0 1000 10 10 10 10 1 1 0 0 0 0 0 0 0 0 10 10 10 10 1 1 0 0 0 0 0 0 0 0 10 10 10 10 1 1 0 0 0 0 0 0 0 0 10 10 10 10 1 1 0 0 0 0 0 0 0 0 10 10 10 10 1 1 0 0 0 0 0 0 0 0 10 10 10 10 1 1 0 0 0 0 0 0 0 0
50 0 1000 0 0 1000 0 1000 10 10 10 10 1 1 25840 95 0 0 0 0 25840 95 10 10 10 10 1 1 25840 95 0 0 0 0 25840 95 10 10 10 10 1 1 25840 95 0 0 0 0 25840 95 10 10 10 10 1 1 25840 95 0 0 0 0 25840 95 10 10 10 10 1 1 25840 95 0 0 0 0 25840 95 10 10 10 10 1 1 25840 95 0 0 0 0 25840 95
51 0 1000 0 0 1000 0 1000 10 10 10 10 2 2 0 0 0 0 0 0 0 0 10 10 10 10 2 2 0 0 0 0 0 0 0 0 10 10 10 10 2 2 0 0 0 0 0 0 0 0 10 10 10 10 2 2 0 0 0 0 0 0 0 0 10 10 10 10 2 2 0 0 0 0 0 0 0 0 10 10 10 10 2 2 0 0 0 0 0 0 0 0
52 0 1000 0 0 1000 0 1000 10 10 10 10 2 2 0 0 0 0 0 0 0 0 10 10 10 10 2 2 0 0 0 0 0 0 0 0 10 10 10 10 2 2 0 0 0 0 0 0 0 0 10 10 10 10 2 2 0 0 0 0 0 0 0 0 10 10 10 10 2 2 0 0 0 0 0 0 0 0 10 10 10 10 2 2 0 0 0 0 0 0 0 0
53 0 1000 0 0 1000 0 1000 10 10 10 10 2 2 250437 3 250437 3 0 0 0 0 10 10 10 10 2 2 250437 3 250437 3 0 0 0 0 10 10 10 10 2 2 250437 3 250437 3 0 0 0 0 10 10 10 10 2 2 250437 3 250437 3 0 0 0 0 10 10 10 10 2 2 250437 3 250437 3 0 0 0 0 10 10 10 10 2 2 250437 3 250437 3 0 0 0 0
54 0 1000 0 0 1000 0 1000 11 13 11 13 2 2 105587 94 0 0 80291 1 25296 93 11 13 11 13 2 2 105587 94 0 0 80291 1 25296 93 11 13 11 13 2 2 105587 94 0 0 80291 1 25296 93 11 13 11 13 2 2 105587 94 0 0 80291 1 25296 93 11 13 11 13 2 2 105587 94 0 0 80291 1 25296 93 11 13 11 13 2 2 105587 94 0 0 80291 1 25296 93
55 0 1000 0 0 1000 0 1000 11 13 11 13 3 3 0 0 0 0 0 0 0 0 11 13 11 13 3 3 0 0 0 0 0 0 0 0 11 13 11 13 3 3 0 0 0 0 0 0 0 0 11 13 11 13 3 3 0 0 0 0 0 0 0 0 11 13 11 13 3 3 0 0 0 0 0 0 0 0 11 13 11 13 3 3 0 0 0 0 0 0 0 0
56 0 1000 0 0 1000 0 1000 11 13 11 13 3 3 0 0 0 0 0 0 0 0 11 13 11 13 3 3 0 0 0 0 0 0 0 0 11 13 11 13 3 3 0 0 0 0 0 0 0 0 11 13 11 13 3 3 0 0 0 0 0 0 0 0 11 13 11 13 3 3 0 0 0 0 0 0 0 0 11 13 11 13 3 3 0 0 0 0 0 0 0 0
57 0 1000 0 0 1000 0 1000 11 13 11 13 3 3 0 0 0 0 0 0 0 0 11 13 11 13 3 3 0 0 0 0 0 0 0 0 11 13 11 13 3 3 0 0 0 0 0 0 0 0 11 13 11 13 3 3 0 0 0 0 0 0 0 0 11 13 11 13 3 3 0 0 0 0 0 0 0 0 11 13 11 13 3 3 0 0 0 0 0 0 0 0
58 0 1000 0 0 1000 0 1000 11 13 11 13 3 3 29920 110 0 0 0 0 29920 110 11 13 11 13 3 3 29920 110 0 0 0 0 29920 110 11 13 11 13 3 3 29920 110 0 0 0 0 29920 110 11 13 11 13 3 3 29920 110 0 0 0 0 29920 110 11 13 11 13 3 3 29920 110 0 0 0 0 29920 110 11 13 11 13 3 3 29920 110 0 0 0 0 29920 110
59 0 1000 0 0 1000 0 1000 11 13 11 13 4 4 0 0 0 0 0 0 0 0 11 13 11 13 4 4 0 0 0 0 0 0 0 0 11 13 11 13 4 4 0 0 0 0 0 0 0 0 11 13 11 13 4 4 0 0 0 0 0 0 0 0 11 13 11 13 4 4 0 0 0 0 0 0 0 0 11 13 11 13 4 4 0 0 0 0 0 0 0 0
60 0 1000 0 0 1000 0 1000 11 13 11 13 4 4 0 0 0 0 0 0 0 0 11 13 11 13 4 4 0 0 0 0 0 0 0 0 11 13 11 13 4 4 0 0 0 0 0 0 0 0 11 13 11 13 4 4 0 0 0 0 0 0 0 0 11 13 11 13 4 4 0 0 0 0 0 0 0 0 11 13 11 13 4 4 0 0 0 0 0 0 0 0
61 0 1000 0 0 1000 0 1000 11 13 11 13 4 4 0 0 0 0 0 0 0 0 11 13 11 13 4 4 0 0 0 0 0 0 0 0 11 13 11 13 4 4 0 0 0 0 0 0 0 0 11 13 11 13 4 4 0 0 0 0 0 0 0 0 11 13 11 13 4 4 0 0 0 0 0 0 0 0 11 13 11 13 4 4 0 0 0 0 0 0 0 0
62 0 1000 0 0 1000 0 1000 11 13 11 13 4 4 28560 105 0 0 0 0 28560 105 11 13 11 13 4 4 28560 105 0 0 0 0 28560 105 11 13 11 13 4 4 28560 105 0 0 0 0 28560 105 11 13 11 13 4 4 28560 105 0 0 0 0 28560 105 11 13 11 13 4 4 28560 105 0 0 0 0 28560 105 11 13 11 13 4 4 28560 105 0 0 0 0 28560 105
63 0 1000 0 0 1000 0 1000 11 13 11 13 5 5 0 0 0 0 0 0 0 0 11 13 11 13 5 5 0 0 0 0 0 0 0 0 11 13 11 13 5 5 0 0 0 0 0 0 0 0 11 13 11 13 5 5 0 0 0 0 0 0 0 0 11 13 11 13 5 5 0 0 0 0 0 0 0 0 11 13 11 13 5 5 0 0 0 0 0 0 0 0
64 0 1000 0 0 1000 0 1000 11 13 11 13 5 5 0 0 0 0 0 0 0 0 11 13 11 13 5 5 0 0 0 0 0 0 0 0 11 13 11 13 5 5 0 0 0 0 0 0 0 0 11 13 11 13 5 5 0 0 0 0 0 0 0 0 11 13 11 13 5 5 0 0 0 0 0 0 0 0 11 13 11 13 5 5 0 0 0 0 0 0 0 0
65 800 200 800 0 200 0 1000 11 13 11 13 5 5 0 0 0 0 0 0 0 0 11 13 11 13 5 5 0 0 0 0 0 0 0 0 11 13 11 13 5 5 0 0 0 0 0 0 0 0 11 13 11 13 5 5 0 0 0 0 0 0 0 0 11 13 11 13 5 5 0 0 0 0 0 0 0 0 11 13 11 13 5 5 0 0 0 0 0 0 0 0
66 800 200 800 0 200 0 1000 11 13 11 13 5 5 6800 25 0 0 0 0 6800 25 11 13 11 13 5 5 6800 25 0 0 0 0 6800 25 11 13 11 13 5 5 6800 25 0 0 0 0 6800 25 11 13 11 13 5 5 6800 25 0 0 0 0 6800 25 11 13 11 13 5 5 6800 25 0 0 0 0 6800 25 11 13 11 13 5 5 6800 25 0 0 0 0 6800 25
67 800 200 800 0 200 0 1000 11 13 11 13 5 5 0 0 0 0 0 0 0 0 11 13 11 13 5 5 0 0 0 0 0 0 0 0 11 13 11 13 5 5 0 0 0 0 0 0 0 0 11 13 11 13 5 5 0 0 0 0 0 0 0 0 11 13 11 13 5 5 0 0 0 0 0 0 0 0 11 13 11 13 6 6 0 0 0 0 0 0 0 0
68 800 200 800 0 200 0 1000 11 13 11 13 5 5 0 0 0 0 0 0 0 0 11 13 11 13 5 5 0 0 0 0 0 0 0 0 11 13 11 13 5 5 0 0 0 0 0 0 0 0 11 13 11 13 5 5 0 0 0 0 0 0 0 0 11 13 11 13 5 5 0 0 0 0 0 0 0 0 11 13 11 13 6 6 0 0 0 0 0 0 0 0
69 800 200 800 0 200 0 1000 11 13 11 13 5 5 0 0 0 0 0 0 0 0 11 13 11 13 5 5 0 0 0 0 0 0 0 0 11 13 11 13 5 5 0 0 0 0 0 0 0 0 11 13 11 13 5 5 0 0 0 0 0 0 0 0 11 13 11 13 5 5 0 0 0 0 0 0 0 0 11 13 11 13 6 6 0 0 0 0 0 0 0 0
70 800 200 800 0 200 0 1000 11 13 11 13 5 5 5168 19 0 0 0 0 5168 19 11 13 11 13 5 5 5168 19 0 0 0 0 5168 19 11 13 11 13 5 5 5168 19 0 0 0 0 5168 19 11 13 11 13 5 5 5168 19 0 0 0 0 5168 19 11 13 11 13 5 5 5168 19 0 0 0 0 5168 19 11 13 11 13 6 6 5168 19 0 0 0 0 5168 19
71 800 200 800 0 200 0 1000 11 13 11 13 5 5 0 0 0 0 0 0 0 0 11 13 11 13 5 5 0 0 0 0 0 0 0 0 11 13 11 13 5 5 0 0 0 0 0 0 0 0 11 13 11 13 5 5 0 0 0 0 0 0 0 0 11 13 11 13 5 5 0 0 0 0 0 0 0 0 11 13 11 13 7 7 0 0 0 0 0 0 0 0
72 800 200 800 0 200 0 1000 11 13 11 13 5 5 0 0 0 0 0 0 0 0 11 13 11 13 5 5 0 0 0 0 0 0 0 0 11 13 11 13 5 5 0 0 0 0 0 0 0 0 11 13 11 13 5 5 0 0 0 0 0 0 0 0 11 13 11 13 5 5 0 0 0 0 0 0 0 0 11 13 11 13 7 7 0 0 0 0 0 0 0 0
73 800 200 800 0 200 0 1000 11 13 11 13 5 5 0 0 0 0 0 0 0 0 11 13 11 13 5 5 0 0 0 0 0 0 0 0 11 13 11 13 5 5 0 0 0 0 0 0 0 0 11 13 11 13 5 5 0 0 0 0 0 0 0 0 11 13 11 13 5 5 0 0 0 0 0 0 0 0 11 13 11 13 7 7 0 0 0 0 0 0 0 0
74 800 200 800 0 200 0 1000 11 13 11 13 5 5 4352 16 0 0 0 0 4352 16 11 13 11 13 5 5 4352 16 0 0 0 0 4352 16 11 13 11 13 5 5 4352 16 0 0 0 0 4352 16 11 13 11 13 5 5 4352 16 0 0 0 0 4352 16 11 13 11 13 5 5 4352 16 0 0 0 0 4352 16 11 13 11 13 7 7 4352 16 0 0 0 0 4352 16
75 800 200 800 0 200 0 1000 11 13 11 13 5 5 0 0 0 0 0 0 0 0 11 13 11 13 5 5 0 0 0 0 0 0 0 0 11 13 11 13 5 5 0 0 0 0 0 0 0 0 11 13 11 13 5 5 0 0 0 0 0 0 0 0 11 13 11 13 5 5 0 0 0 0 0 0 0 0 11 13 11 13 8 8 0 0 0 0 0 0 0 0
76 800 200 800 0 200 0 1000 11 13 11 13 5 5 0 0 0 0 0 0 0 0 11 13 11 13 5 5 0 0 0 0 0 0 0 0 11 13 11 13 5 5 0 0 0 0 0 0 0 0 11 13 11 13 5 5 0 0 0 0 0 0 0 0 11 13 11 13 5 5 0 0 0 0 0 0 0 0 11 13 11 13 8 8 0 0 0 0 0 0 0 0
77 800 200 800 0 200 0 1000 11 13 11 13 5 5 0 0 0 0 0 0 0 0 11 13 11 13 5 5 0 0 0 0 0 0 0 0 11 13 11 13 5 5 0 0 0 0 0 0 0 0 11 13 11 13 5 5 0 0 0 0 0 0 0 0 11 13 11 13 5 5 0 0 0 0 0 0 0 0 11 13 11 13 8 8 0 0 0 0 0 0 0 0
78 800 200 800 0 200 0 1000 11 13 11 13 5 5 4624 17 0 0 0 0 4624 17 11 13 11 13 5 5 4624 17 0 0 0 0 4624 17 11 13 11 13 5 5 4624 17 0 0 0 0 4624 17 11 13 11 13 5 5 4624 17 0 0 0 0 4624 17 11 13 11 13 5 5 4624 17 0 0 0 0 4624 17 11 13 11 13 8 8 4624 17 0 0 0 0 4624 17
79 800 200 800 0 200 0 1000 11 13 11 13 5 5 0 0 0 0 0 0 0 0 11 13 11 13 5 5 0 0 0 0 0 0 0 0 11 13 11 13 5 5 0 0 0 0 0 0 0 0 11 13 11 13 5 5 0 0 0 0 0 0 0 0 11 13 11 13 5 5 0 0 0 0 0 0 0 0 11 13 11 13 9 9 0 0 0 0 0 0 0 0
80 800 200 800 0 200 0 1000 11 13 11 13 5 5 0 0 0 0 0 0 0 0 11 13 11 13 5 5 0 0 0 0 0 0 0 0 11 13 11 13 5 5 0 0 0 0 0 0 0 0 11 13 11 13 5 5 0 0 0 0 0 0 0 0 11 13 11 13 5 5 0 0 0 0 0 0 0 0 11 13 11 13 9 9 0 0 0 0 0 0 0 0
81 800 200 800 0 200 0 1000 11 13 11 13 5 5 0 0 0 0 0 0 0 0 11 13 11 13 5 5 0 0 0 0 0 0 0 0 11 13 11 13 5 5 0 0 0 0 0 0 0 0 11 13 11 13 5 5 0 0 0 0 0 0 0 0 11 13 11 13 5 5 0 0 0 0 0 0 0 0 11 13 11 13 9 9 0 0 0 0 0 0 0 0
82 800 200 800 0 200 0 1000 11 13 11 13 5 5 3808 14 0 0 0 0 3808 14 11 13 11 13 5 5 3808 14 0 0 0 0 3808 14 11 13 11 13 5 5 3808 14 0 0 0 0 3808 14 11 13 11 13 5 5 3808 14 0 0 0 0 3808 14 11 13 11 13 5 5 3808 14 0 0 0 0 3808 14 11 13 11 13 9 9 3808 14 0 0 0 0 3808 14
83 800 200 800 0 200 0 1000 11 13 11 13 5 5 0 0 0 0 0 0 0 0 11 13 11 13 5 5 0 0 0 0 0 0 0 0 11 13 11 13 5 5 0 0 0 0 0 0 0 0 11 13 11 13 5 5 0 0 0 0 0 0 0 0 11 13 11 13 5 5 0 0 0 0 0 0 0 0 11 13 11 13 10 10 0 0 0 0 0 0 0 0
84 800 200 800 0 200 0 1000 11 13 11 13 5 5 0 0 0 0 0 0 0 0 11 13 11 13 5 5 0 0 0 0 0 0 0 0 11 13 11 13 5 5 0 0 0 0 0 0 0 0 11 13 11 13 5 5 0 0 0 0 0 0 0 0 11 13 11 13 5 5 0 0 0 0 0 0 0 0 11 13 11 13 10 10 0 0 0 0 0 0 0 0
85 800 200 800 0 200 0 1000 11 13 11 13 5 5 0 0 0 0 0 0 0 0 11 13 11 13 5 5 0 0 0 0 0 0 0 0 11 13 11 13 5 5 0 0 0 0 0 0 0 0 11 13 11 13 5 5 0 0 0 0 0 0 0 0 11 13 11 13 5 5 0 0 0 0 0 0 0 0 11 13 11 13 10 10 0 0 0 0 0 0 0 0
86 800 200 800 0 200 0 1000 11 13 11 13 5 5 5984 22 0 0 0 0 5984 22 11 13 11 13 5 5 5984 22 0 0 0 0 5984 22 11 13 11 13 5 5 5984 22 0 0 0 0 5984 22 11 13 11 13 5 5 5984 22 0 0 0 0 5984 22 11 13 11 13 5 5 5984 22 0 0 0 0 5984 22 11 13 11 13 10 10 5984 22 0 0 0 0 5984 22
87 800 200 800 0 200 0 1000 11 13 11 13 5 5 0 0 0 0 0 0 0 0 11 13 11 13 5 5 0 0 0 0 0 0 0 0 11 13 11 13 5 5 0 0 0 0 0 0 0 0 11 13 11 13 5 5 0 0 0 0 0 0 0 0 11 13 11 13 5 5 0 0 0 0 0 0 0 0 11 13 11 13 10 10 0 0 0 0 0 0 0 0
88 800 200 800 0 200 0 1000 11 13 11 13 5 5 0 0 0 0 0 0 0 0 11 13 11 13 5 5 0 0 0 0 0 0 0 0 11 13 11 13 5 5 0 0 0 0 0 0 0 0 11 13 11 13 5 5 0 0 0 0 0 0 0 0 11 13 11 13 5 5 0 0 0 0 0 0 0 0 11 13 11 13 10 10 0 0 0 0 0 0 0 0
89 800 200 800 0 200 0 1000 11 13 11 13 5 5 81143 1 81143 1 0 0 0 0 11 13 11 13 5 5 81143 1 81143 1 0 0 0 0 11 13 11 13 5 5 81143 1 81143 1 0 0 0 0 11 13 11 13 5 5 81143 1 81143 1 0 0 0 0 11 13 11 13 5 5 81143 1 81143 1 0 0 0 0 11 13 11 13 10 10 81143 1 81143 1 0 0 0 0
90 800 200 800 0 200 0 1000 11 13 11 13 5 5 85187 19 0 0 80291 1 4896 18 11 13 11 13 5 5 85187 19 0 0 80291 1 4896 18 11 13 11 13 5 5 85187 19 0 0 80291 1 4896 18 11 13 11 13 5 5 85187 19 0 0 80291 1 4896 18 11 13 11 13 5 5 85187 19 0 0 80291 1 4896 18 11 13 11 13 10 10 85187 19 0 0 80291 1 4896 18
91 800 200 800 0 200 0 1000 11 13 11 13 5 5 0 0 0 0 0 0 0 0 11 13 11 13 5 5 0 0 0 0 0 0 0 0 11 13 11 13 5 5 0 0 0 0 0 0 0 0 11 13 11 13 5 5 0 0 0 0 0 0 0 0 11 13 11 13 5 5 0 0 0 0 0 0 0 0 11 13 11 13 10 10 0 0 0 0 0 0 0 0
92 800 200 800 0 200 0 1000 11 13 11 13 5 5 0 0 0 0 0 0 0 0 11 13 11 13 5 5 0 0 0 0 0 0 0 0 11 13 11 13 5 5 0 0 0 0 0 0 0 0 11 13 11 13 5 5 0 0 0 0 0 0 0 0 11 13 11 13 5 5 0 0 0 0 0 0 0 0 11 13 11 13 10 10 0 0 0 0 0 0 0 0
93 800 200 800 0 200 0 1000 11 13 11 13 5 5 0 0 0 0 0 0 0 0 11 13 11 13 5 5 0 0 0 0 0 0 0 0 11 13 11 13 5 5 0 0 0 0 0 0 0 0 11 13 11 13 5 5 0 0 0 0 0 0 0 0 11 13 11 13 5 5 0 0 0 0 0 0 0 0 11 13 11 13 10 10 0 0 0 0 0 0 0 0
94 800 200 800 0 200 0 1000 11 13 11 13 5 5 6800 25 0 0 0 0 6800 25 11 13 11 13 5 5 6800 25 0 0 0 0 6800 25 11 13 11 13 5 5 6800 25 0 0 0 0 6800 25 11 13 11 13 5 5 6800 25 0 0 0 0 6800 25 11 13 11 13 5 5 6800 25 0 0 0 0 6800 25 11 13 11 13 10 10 6800 25 0 0 0 0 6800 25
95 800 200 800 0 200 0 1000 11 13 11 13 5 5 0 0 0 0 0 0 0 0 11 13 11 13 5 5 0 0 0 0 0 0 0 0 11 13 11 13 5 5 0 0 0 0 0 0 0 0 11 13 11 13 5 5 0 0 0 0 0 0 0 0 11 13 11 13 5 5 0 0 0 0 0 0 0 0 11 13 11 13 11 13 0 0 0 0 0 0 0 0
96 800 200 800 0 200 0 1000 11 13 11 13 5 5 0 0 0 0 0 0 0 0 11 13 11 13 5 5 0 0 0 0 0 0 0 0 11 13 11 13 5 5 0 0 0 0 0 0 0 0 11 13 11 13 5 5 0 0 0 0 0 0 0 0 11 13 11 13 5 5 0 0 0 0 0 0 0 0 11 13 11 13 11 13 0 0 0 0 0 0 0 0
97 800 200 800 0 200 0 1000 11 13 11 13 5 5 0 0 0 0 0 0 0 0 11 13 11 13 5 5 0 0 0 0 0 0 0 0 11 13 11 13 5 5 0 0 0 0 0 0 0 0 11 13 11 13 5 5 0 0 0 0 0 0 0 0 11 13 11 13 5 5 0 0 0 0 0 0 0 0 11 13 11 13 11 13 0 0 0 0 0 0 0 0
98 800 200 800 0 200 0 1000 11 13 11 13 5 5 4624 17 0 0 0 0 4624 17 11 13 11 13 5 5 4624 17 0 0 0 0 4624 17 11 13 11 13 5 5 4624 17 0 0 0 0 4624 17 11 13 11 13 5 5 4624 17 0 0 0 0 4624 17 11 13 11 13 5 5 4624 17 0 0 0 0 4624 17 11 13 11 13 11 13 4624 17 0 0 0 0 4624 17
99 800 200 800 0 200 0 1000 11 13 11 13 5 5 0 0 0 0 0 0 0 0 11 13 11 13 5 5 0 0 0 0 0 0 0 0 11 13 11 13 5 5 0 0 0 0 0 0 0 0 11 13 11 13 5 5 0 0 0 0 0 0 0 0 11 13 11 13 5 5 0 0 0 0 0 0 0 0 11 13 11 13 11 13 0 0 0 0 0 0 0 0
100 800 200 800 0 200 0 1000 11 13 11 13 5 5 0 0 0 0 0 0 0 0 11 13 11 13 5 5 0 0 0 0 0 0 0 0 11 13 11 13 5 5 0 0 0 0 0 0 0 0 11 13 11 13 5 5 0 0 0 0 0 0 0 0 11 13 11 13 5 5 0 0 0 0 0 0 0 0 11 13 11 13 11 13 0 0 0 0 0 0 0 0
101 800 200 800 0 200 0 1000 11 13 11 13 5 5 80983 1 80983 1 0 0 0 0 11 13 11 13 5 5 80983 1 80983 1 0 0 0 0 11 13 11 13 5 5 80983 1 80983 1 0 0 0 0 11 13 11 13 5 5 80983 1 80983 1 0 0 0 0 11 13 11 13 5 5 80983 1 80983 1 0 0 0 0 11 13 11 13 11 13 80983 1 80983 1 0 0 0 0
102 800 200 800 0 200 0 1000 11 13 11 13 5 5 84643 17 0 0 80291 1 4352 16 11 13 11 13 5 5 84643 17 0 0 80291 1 4352 16 11 13 11 13 5 5 84643 17 0 0 80291 1 4352 16 11 13 11 13 5 5 84643 17 0 0 80291 1 4352 16 11 13 11 13 5 5 84643 17 0 0 80291 1 4352 16 11 13 11 13 11 13 84643 17 0 0 80291 1 4352 16
103 800 200 800 0 200 0 1000 11 13 11 13 5 5 0 0 0 0 0 0 0 0 11 13 11 13 5 5 0 0 0 0 0 0 0 0 11 13 11 13 5 5 0 0 0 0 0 0 0 0 11 13 11 13 5 5 0 0 0 0 0 0 0 0 11 13 11 13 5 5 0 0 0 0 0 0 0 0 11 13 11 13 11 13 0 0 0 0 0 0 0 0
104 800 200 800 0 200 0 1000 11 13 11 13 5 5 0 0 0 0 0 0 0 0 11 13 11 13 5 5 0 0 0 0 0 0 0 0 11 13 11 13 5 5 0 0 0 0 0 0 0 0 11 13 11 13 5 5 0 0 0 0 0 0 0 0 11 13 11 13 5 5 0 0 0 0 0 0 0 0 11 13 11 13 11 13 0 0 0 0 0 0 0 0
105 800 200 800 0 200 0 1000 11 13 11 13 5 5 80951 1 80951 1 0 0 0 0 11 13 11 13 5 5 80951 1 80951 1 0 0 0 0 11 13 11 13 5 5 80951 1 80951 1 0 0 0 0 11 13 11 13 5 5 80951 1 80951 1 0 0 0 0 11 13 11 13 5 5 80951 1 80951 1 0 0 0 0 11 13 11 13 11 13 80951 1 80951 1 0 0 0 0
106 800 200 800 0 200 0 1000 11 13 11 13 5 5 84915 18 0 0 80291 1 4624 17 11 13 11 13 5 5 84915 18 0 0 80291 1 4624 17 11 13 11 13 5 5 84915 18 0 0 80291 1 4624 17 11 13 11 13 5 5 84915 18 0 0 80291 1 4624 17 11 13 11 13 5 5 84915 18 0 0 80291 1 4624 17 11 13 11 13 11 13 84915 18 0 0 80291 1 4624 17
107 800 200 800 0 200 0 1000 11 13 11 13 5 5 0 0 0 0 0 0 0 0 11 13 11 13 5 5 0 0 0 0 0 0 0 0 11 13 11 13 5 5 0 0 0 0 0 0 0 0 11 13 11 13 5 5 0 0 0 0 0 0 0 0 11 13 11 13 5 5 0 0 0 0 0 0 0 0 11 13 11 13 11 13 0 0 0 0 0 0 0 0
108 800 200 800 0 200 0 1000 11 13 11 13 5 5 0 0 0 0 0 0 0 0 11 13 11 13 5 5 0 0 0 0 0 0 0 0 11 13 11 13 5 5 0 0 0 0 0 0 0 0 11 13 11 13 5 5 0 0 0 0 0 0 0 0 11 13 11 13 5 5 0 0 0 0 0 0 0 0 11 13 11 13 11 13 0 0 0 0 0 0 0 0
109 800 200 800 0 200 0 1000 11 13 11 13 5 5 80982 1 80982 1 0 0 0 0 11 13 11 13 5 5 80982 1 80982 1 0 0 0 0 11 13 11 13 5 5 80982 1 80982 1 0 0 0 0 11 13 11 13 5 5 80982 1 80982 1 0 0 0 0 11 13 11 13 5 5 80982 1 80982 1 0 0 0 0 11 13 11 13 11 13 80982 1 80982 1 0 0 0 0
110 800 200 800 0 200 0 1000 11 13 11 13 5 5 84914 18 0 0 80290 1 4624 17 11 13 11 13 5 5 84914 18 0 0 80290 1 4624 17 11 13 11 13 5 5 84914 18 0 0 80290 1 4624 17 11 13 11 13 5 5 84914 18 0 0 80290 1 4624 17 11 13 11 13 5 5 84914 18 0 0 80290 1 4624 17 11 13 11 13 11 13 84914 18 0 0 80290 1 4624 17
111 800 200 800 0 200 0 1000 11 13 11 13 5 5 0 0 0 0 0 0 0 0 11 13 11 13 5 5 0 0 0 0 0 0 0 0 11 13 11 13 5 5 0 0 0 0 0 0 0 0 11 13 11 13 5 5 0 0 0 0 0 0 0 0 11 13 11 13 5 5 0 0 0 0 0 0 0 0 11 13 11 13 11 13 0 0 0 0 0 0 0 0
112 800 200 800 0 200 0 1000 11 13 11 13 5 5 0 0 0 0 0 0 0 0 11 13 11 13 5 5 0 0 0 0 0 0 0 0 11 13 11 13 5 5 0 0 0 0 0 0 0 0 11 13 11 13 5 5 0 0 0 0 0 0 0 0 11 13 11 13 5 5 0 0 0 0 0 0 0 0 11 13 11 13 11 13 0 0 0 0 0 0 0 0
113 800 200 800 0 200 0 1000 11 13 11 13 5 5 0 0 0 0 0 0 0 0 11 13 11 13 5 5 0 0 0 0 0 0 0 0 11 13 11 13 5 5 0 0 0 0 0 0 0 0 11 13 11 13 5 5 0 0 0 0 0 0 0 0 11 13 11 13 5 5 0 0 0 0 0 0 0 0 11 13 11 13 11 13 0 0 0 0 0 0 0 0
114 800 200 800 0 200 0 1000 11 13 11 13 5 5 5984 22 0 0 0 0 5984 22 11 13 11 13 5 5 5984 22 0 0 0 0 5984 22 11 13 11 13 5 5 5984 22 0 0 0 0 5984 22 11 13 11 13 5 5 5984 22 0 0 0 0 5984 22 11 13 11 13 5 5 5984 22 0 0 0 0 5984 22 11 13 11 13 11 13 5984 22 0 0 0 0 5984 22
115 800 200 800 0 200 0 1000 11 13 11 13 5 5 0 0 0 0 0 0 0 0 11 13 11 13 5 5 0 0 0 0 0 0 0 0 11 13 11 13 5 5 0 0 0 0 0 0 0 0 11 13 11 13 5 5 0 0 0 0 0 0 0 0 11 13 11 13 5 5 0 0 0 0 0 0 0 0 11 13 11 13 11 13 0 0 0 0 0 0 0 0
116 800 200 800 0 200 0 1000 11 13 11 13 5 5 0 0 0 0 0 0 0 0 11 13 11 13 5 5 0 0 0 0 0 0 0 0 11 13 11 13 5 5 0 0 0 0 0 0 0 0 11 13 11 13 5 5 0 0 0 0 0 0 0 0 11 13 11 13 5 5 0 0 0 0 0 0 0 0 11 13 11 13 11 13 0 0 0 0 0 0 0 0
117 800 200 800 0 200 0 1000 11 13 11 13 5 5 0 0 0 0 0 0 0 0 11 13 11 13 5 5 0 0 0 0 0 0 0 0 11 13 11 13 5 5 0 0 0 0 0 0 0 0 11 13 11 13 5 5 0 0 0 0 0 0 0 0 11 13 11 13 5 5 0 0 0 0 0 0 0 0 11 13 11 13 11 13 0 0 0 0 0 0 0 0
118 800 200 800 0 200 0 1000 11 13 11 13 5 5 6256 23 0 0 0 0 6256 23 11 13 11 13 5 5 6256 23 0 0 0 0 6256 23 11 13 11 13 5 5 6256 23 0 0 0 0 6256 23 11 13 11 13 5 5 6256 23 0 0 0 0 6256 23 11 13 11 13 5 5 6256 23 0 0 0 0 6256 23 11 13 11 13 11 13 6256 23 0 0 0 0 6256 23
119 800 200 800 0 200 0 1000 11 13 11 13 5 5 0 0 0 0 0 0 0 0 11 13 11 13 5 5 0 0 0 0 0 0 0 0 11 13 11 13 5 5 0 0 0 0 0 0 0 0 11 13 11 13 5 5 0 0 0 0 0 0 0 0 11 13 11 13 5 5 0 0 0 0 0 0 0 0 11 13 11 13 11 13 0 0 0 0 0 0 0 0
120 800 200 800 0 200 0 1000 11 13 11 13 5 5 0 0 0 0 0 0 0 0 11 13 11 13 5 5 0 0 0 0 0 0 0 0 11 13 11 13 5 5 0 0 0 0 0 0 0 0 11 13 11 13 5 5 0 0 0 0 0 0 0 0 11 13 11 13 5 5 0 0 0 0 0 0 0 0 11 13 11 13 11 13 0 0 0 0 0 0 0 0
121 800 200 800 0 200 0 1000 11 13 11 13 5 5 0 0 0 0 0 0 0 0 11 13 11 13 5 5 0 0 0 0 0 0 0 0 11 13 11 13 5 5 0 0 0 0 0 0 0 0 11 13 11 13 5 5 0 0 0 0 0 0 0 0 11 13 11 13 5 5 0 0 0 0 0 0 0 0 11 13 11 13 11 13 0 0 0 0 0 0 0 0
122 800 200 800 0 200 0 1000 11 13 11 13 5 5 5712 21 0 0 0 0 5712 21 11 13 11 13 5 5 5712 21 0 0 0 0 5712 21 11 13 11 13 5 5 5712 21 0 0 0 0 5712 21 11 13 11 13 5 5 5712 21 0 0 0 0 5712 21 11 13 11 13 5 5 5712 21 0 0 0 0 5712 21 11 13 11 13 11 13 5712 21 0 0 0 0 5712 21
123 800 200 800 0 200 0 1000 11 13 11 13 5 5 0 0 0 0 0 0 0 0 11 13 11 13 5 5 0 0 0 0 0 0 0 0 11 13 11 13 5 5 0 0 0 0 0 0 0 0 11 13 11 13 5 5 0 0 0 0 0 0 0 0 11 13 11 13 5 5 0 0 0 0 0 0 0 0 11 13 11 13 11 13 0 0 0 0 0 0 0 0
124 800 200 800 0 200 0 1000 11 13 11 13 5 5 0 0 0 0 0 0 0 0 11 13 11 13 5 5 0 0 0 0 0 0 0 0 11 13 11 13 5 5 0 0 0 0 0 0 0 0 11 13 11 13 5 5 0 0 0 0 0 0 0 0 11 13 11 13 5 5 0 0 0 0 0 0 0 0 11 13 11 13 11 13 0 0 0 0 0 0 0 0
125 800 200 800 0 200 0 1000 11 13 11 13 5 5 81111 1 81111 1 0 0 0 0 11 13 11 13 5 5 81111 1 81111 1 0 0 0 0 11 13 11 13 5 5 81111 1 81111 1 0 0 0 0 11 13 11 13 5 5 81111 1 81111 1 0 0 0 0 11 13 11 13 5 5 81111 1 81111 1 0 0 0 0 11 13 11 13 11 13 81111 1 81111 1 0 0 0 0
126 0 1000 0 800 200 0 1000 11 13 11 13 5 5 85187 19 0 0 80291 1 4896 18 11 13 11 13 5 5 85187 19 0 0 80291 1 4896 18 11 13 11 13 5 5 85187 19 0 0 80291 1 4896 18 11 13 11 13 5 5 85187 19 0 0 80291 1 4896 18 11 13 11 13 5 5 85187 19 0 0 80291 1 4896 18 11 13 11 13 11 13 85187 19 0 0 80291 1 4896 18
127 0 1000 0 0 1000 0 1000 11 13 11 13 11 13 0 0 0 0 0 0 0 0 11 13 11 13 11 13 0 0 0 0 0 0 0 0 11 13 11 13 11 13 0 0 0 0 0 0 0 0 11 13 11 13 11 13 0 0 0 0 0 0 0 0 11 13 11 13 11 13 0 0 0 0 0 0 0 0 11 13 11 13 11 13 0 0 0 0 0 0 0 0
128 0 1000 0 0 1000 0 1000 11 13 11 13 11 13 0 0 0 0 0 0 0 0 11 13 11 13 11 13 0 0 0 0 0 0 0 0 11 13 11 13 11 13 0 0 0 0 0 0 0 0 11 13 11 13 11 13 0 0 0 0 0 0 0 0 11 13 11 13 11 13 0 0 0 0 0 0 0 0 11 13 11 13 11 13 0 0 0 0 0 0 0 0
129 0 1000 0 0 1000 0 1000 11 13 11 13 11 13 81015 1 81015 1 0 0 0 0 11 13 11 13 11 13 81015 1 81015 1 0 0 0 0 11 13 11 13 11 13 81015 1 81015 1 0 0 0 0 11 13 11 13 11 13 81015 1 81015 1 0 0 0 0 11 13 11 13 11 13 81015 1 81015 1 0 0 0 0 11 13 11 13 11 13 81015 1 81015 1 0 0 0 0
130 0 1000 0 0 1000 0 1000 17 32 17 32 11 13 106403 97 0 0 80291 1 26112 96 17 32 17 32 11 13 106403 97 0 0 80291 1 26112 96 17 32 17 32 11 13 106403 97 0 0 80291 1 26112 96 17 32 17 32 11 13 106403 97 0 0 80291 1 26112 96 17 32 17 32 11 13 106403 97 0 0 80291 1 26112 96 17 32 17 32 11 13 106403 97 0 0 80291 1 26112 96
131 0 1000 0 0 1000 0 1000 17 32 17 32 12 22 0 0 0 0 0 0 0 0 17 32 17 32 12 22 0 0 0 0 0 0 0 0 17 32 17 32 12 22 0 0 0 0 0 0 0 0 17 32 17 32 12 22 0 0 0 0 0 0 0 0 17 32 17 32 12 22 0 0 0 0 0 0 0 0 17 32 17 32 12 22 0 0 0 0 0 0 0 0
132 0 1000 0 0 1000 0 1000 17 32 17 32 12 22 0 0 0 0 0 0 0 0 17 32 17 32 12 22 0 0 0 0 0 0 0 0 17 32 17 32 12 22 0 0 0 0 0 0 0 0 17 32 17 32 12 22 0 0 0 0 0 0 0 0 17 32 17 32 12 22 0 0 0 0 0 0 0 0 17 32 17 32 12 22 0 0 0 0 0 0 0 0
133 0 1000 0 0 1000 0 1000 17 32 17 32 12 22 167022 2 167022 2 0 0 0 0 17 32 17 32 12 22 167022 2 167022 2 0 0 0 0 17 32 17 32 12 22 167022 2 167022 2 0 0 0 0 17 32 17 32 12 22 167022 2 167022 2 0 0 0 0 17 32 17 32 12 22 167022 2 167022 2 0 0 0 0 17 32 17 32 12 22 167022 2 167022 2 0 0 0 0
134 0 1000 0 0 1000 0 1000 18 33 18 33 12 22 107491 101 0 0 80291 1 27200 100 18 33 18 33 12 22 107491 101 0 0 80291 1 27200 100 18 33 18 33 12 22 107491 101 0 0 80291 1 27200 100 18 33 18 33 12 22 107491 101 0 0 80291 1 27200 100 18 33 18 33 12 22 107491 101 0 0 80291 1 27200 100 18 33 18 33 12 22 107491 101 0 0 80291 1 27200 100
135 0 1000 0 0 1000 0 1000 18 33 18 33 12 22 0 0 0 0 0 0 0 0 18 33 18 33 12 22 0 0 0 0 0 0 0 0 18 33 18 33 12 22 0 0 0 0 0 0 0 0 18 33 18 33 12 22 0 0 0 0 0 0 0 0 18 33 18 33 12 22 0 0 0 0 0 0 0 0 18 33 18 33 12 22 0 0 0 0 0 0 0 0
136 0 1000 0 0 1000 0 1000 18 33 18 33 12 22 0 0 0 0 0 0 0 0 18 33 18 33 12 22 0 0 0 0 0 0 0 0 18 33 18 33 12 22 0 0 0 0 0 0 0 0 18 33 18 33 12 22 0 0 0 0 0 0 0 0 18 33 18 33 12 22 0 0 0 0 0 0 0 0 18 33 18 33 12 22 0 0 0 0 0 0 0 0
137 0 1000 0 0 1000 0 1000 18 33 18 33 12 22 0 0 0 0 0 0 0 0 18 33 18 33 12 22 0 0 0 0 0 0 0 0 18 33 18 33 12 22 0 0 0 0 0 0 0 0 18 33 18 33 12 22 0 0 0 0 0 0 0 0 18 33 18 33 12 22 0 0 0 0 0 0 0 0 18 33 18 33 12 22 0 0 0 0 0 0 0 0
138 0 1000 0 0 1000 0 1000 18 33 18 33 12 22 25568 94 0 0 0 0 25568 94 18 33 18 33 12 22 25568 94 0 0 0 0 25568 94 18 33 18 33 12 22 25568 94 0 0 0 0 25568 94 18 33 18 33 12 22 25568 94 0 0 0 0 25568 94 18 33 18 33 12 22 25568 94 0 0 0 0 25568 94 18 33 18 33 12 22 25568 94 0 0 0 0 25568 94
139 0 1000 0 0 1000 0 1000 18 33 18 33 12 22 0 0 0 0 0 0 0 0 18 33 18 33 12 22 0 0 0 0 0 0 0 0 18 33 18 33 12 22 0 0 0 0 0 0 0 0 18 33 18 33 12 22 0 0 0 0 0 0 0 0 18 33 18 33 12 22 0 0 0 0 0 0 0 0 18 33 18 33 12 22 0 0 0 0 0 0 0 0
140 0 1000 0 0 1000 0 1000 18 33 18 33 12 22 0 0 0 0 0 0 0 0 18 33 18 33 12 22 0 0 0 0 0 0 0 0 18 33 18 33 12 22 0 0 0 0 0 0 0 0 18 33 18 33 12 22 0 0 0 0 0 0 0 0 18 33 18 33 12 22 0 0 0 0 0 0 0 0 18 33 18 33 12 22 0 0 0 0 0 0 0 0
141 0 1000 0 0 1000 0 1000 18 33 18 33 12 22 166893 2 166893 2 0 0 0 0 18 33 18 33 12 22 166893 2 166893 2 0 0 0 0 18 33 18 33 12 22 166893 2 166893 2 0 0 0 0 18 33 18 33 12 22 166893 2 166893 2 0 0 0 0 18 33 18 33 12 22 166893 2 166893 2 0 0 0 0 18 33 18 33 12 22 166893 2 166893 2 0 0 0 0
142 0 1000 0 0 1000 0 1000 19 35 19 35 12 22 110210 111 0 0 80290 1 29920 110 19 35 19 35 12 22 110210 111 0 0 80290 1 29920 110 19 35 19 35 12 22 110210 111 0 0 80290 1 29920 110 19 35 19 35 12 22 110210 111 0 0 80290 1 29920 110 19 35 19 35 12 22 110210 111 0 0 80290 1 29920 110 19 35 19 35 12 22 110210 111 0 0 80290 1 29920 110
143 0 1000 0 0 1000 0 1000 19 35 19 35 13 25 0 0 0 0 0 0 0 0 19 35 19 35 13 25 0 0 0 0 0 0 0 0 19 35 19 35 13 25 0 0 0 0 0 0 0 0 19 35 19 35 13 25 0 0 0 0 0 0 0 0 19 35 19 35 13 25 0 0 0 0 0 0 0 0 19 35 19 35 13 25 0 0 0 0 0 0 0 0
144 0 1000 0 0 1000 0 1000 19 35 19 35 13 25 0 0 0 0 0 0 0 0 19 35 19 35 13 25 0 0 0 0 0 0 0 0 19 35 19 35 13 25 0 0 0 0 0 0 0 0 19 35 19 35 13 25 0 0 0 0 0 0 0 0 19 35 19 35 13 25 0 0 0 0 0 0 0 0 19 35 19 35 13 25 0 0 0 0 0 0 0 0
145 0 1000 0 0 1000 0 1000 19 35 19 35 13 25 0 0 0 0 0 0 0 0 19 35 19 35 13 25 0 0 0 0 0 0 0 0 19 35 19 35 13 25 0 0 0 0 0 0 0 0 19 35 19 35 13 25 0 0 0 0 0 0 0 0 19 35 19 35 13 25 0 0 0 0 0 0 0 0 19 35 19 35 13 25 0 0 0 0 0 0 0 0
146 0 1000 0 0 1000 0 1000 19 35 19 35 13 25 33728 124 0 0 0 0 33728 124 19 35 19 35 13 25 33728 124 0 0 0 0 33728 124 19 35 19 35 13 25 33728 124 0 0 0 0 33728 124 19 35 19 35 13 25 33728 124 0 0 0 0 33728 124 19 35 19 35 13 25 33728 124 0 0 0 0 33728 124 19 35 19 35 13 25 33728 124 0 0 0 0 33728 124
147 0 1000 0 0 1000 0 1000 19 35 19 35 14 26 0 0 0 0 0 0 0 0 19 35 19 35 14 26 0 0 0 0 0 0 0 0 19 35 19 35 14 26 0 0 0 0 0 0 0 0 19 35 19 35 14 26 0 0 0 0 0 0 0 0 19 35 19 35 14 26 0 0 0 0 0 0 0 0 19 35 19 35 14 26 0 0 0 0 0 0 0 0
148 0 1000 0 0 1000 0 1000 19 35 19 35 14 26 0 0 0 0 0 0 0 0 19 35 19 35 14 26 0 0 0 0 0 0 0 0 19 35 19 35 14 26 0 0 0 0 0 0 0 0 19 35 19 35 14 26 0 0 0 0 0 0 0 0 19 35 19 35 14 26 0 0 0 0 0 0 0 0 19 35 19 35 14 26 0 0 0 0 0 0 0 0
149 0 1000 0 0 1000 0 1000 19 35 19 35 14 26 0 0 0 0 0 0 0 0 19 35 19 35 14 26 0 0 0 0 0 0 0 0 19 35 19 35 14 26 0 0 0 0 0 0 0 0 19 35 19 35 14 26 0 0 0 0 0 0 0 0 19 35 19 35 14 26 0 0 0 0 0 0 0 0 19 35 19 35 14 26 0 0 0 0 0 0 0 0
150 0 1000 0 0 1000 0 1000 19 35 19 35 14 26 26384 97 0 0 0 0 26384 97 19 35 19 35 14 26 26384 97 0 0 0 0 26384 97 19 35 19 35 14 26 26384 97 0 0 0 0 26384 97 19 35 19 35 14 26 26384 97 0 0 0 0 26384 97 19 35 19 35 14 26 26384 97 0 0 0 0 26384 97 19 35 19 35 14 26 26384 97 0 0 0 0 26384 97
151 0 1000 0 0 1000 0 1000 19 35 19 35 15 27 0 0 0 0 0 0 0 0 19 35 19 35 15 27 0 0 0 0 0 0 0 0 19 35 19 35 15 27 0 0 0 0 0 0 0 0 19 35 19 35 15 27 0 0 0 0 0 0 0 0 19 35 19 35 15 27 0 0 0 0 0 0 0 0 19 35 19 35 15 27 0 0 0 0 0 0 0 0
152 0 1000 0 0 1000 0 1000 19 35 19 35 15 27 0 0 0 0 0 0 0 0 19 35 19 35 15 27 0 0 0 0 0 0 0 0 19 35 19 35 15 27 0 0 0 0 0 0 0 0 19 35 19 35 15 27 0 0 0 0 0 0 0 0 19 35 19 35 15 27 0 0 0 0 0 0 0 0 19 35 19 35 15 27 0 0 0 0 0 0 0 0
153 0 1000 0 0 1000 0 1000 19 35 19 35 15 27 83543 1 83543 1 0 0 0 0 19 35 19 35 15 27 83543 1 83543 1 0 0 0 0 19 35 19 35 15 27 83543 1 83543 1 0 0 0 0 19 35 19 35 15 27 83543 1 83543 1 0 0 0 0 19 35 19 35 15 27 83543 1 83543 1 0 0 0 0 19 35 19 35 15 27 83543 1 83543 1 0 0 0 0
154 0 1000 0 0 1000 0 1000 20 38 20 38 15 27 109667 109 0 0 80291 1 29376 108 20 38 20 38 15 27 109667 109 0 0 80291 1 29376 108 20 38 20 38 15 27 109667 109 0 0 80291 1 29376 108 20 38 20 38 15 27 109667 109 0 0 80291 1 29376 108 20 38 20 38 15 27 109667 109 0 0 80291 1 29376 108 20 38 20 38 15 27 109667 109 0 0 80291 1 29376 108
155 0 1000 0 0 1000 0 1000 20 38 20 38 15 27 0 0 0 0 0 0 0 0 20 38 20 38 15 27 0 0 0 0 0 0 0 0 20 38 20 38 15 27 0 0 0 0 0 0 0 0 20 38 20 38 15 27 0 0 0 0 0 0 0 0 20 38 20 38 15 27 0 0 0 0 0 0 0 0 20 38 20 38 15 27 0 0 0 0 0 0 0 0
156 0 1000 0 0 1000 0 1000 20 38 20 38 15 27 0 0 0 0 0 0 0 0 20 38 20 38 15 27 0 0 0 0 0 0 0 0 20 38 20 38 15 27 0 0 0 0 0 0 0 0 20 38 20 38 15 27 0 0 0 0 0 0 0 0 20 38 20 38 15 27 0 0 0 0 0 0 0 0 20 38 20 38 15 27 0 0 0 0 0 0 0 0
157 0 1000 0 0 1000 0 1000 20 38 20 38 15 27 251684 3 251684 3 0 0 0 0 20 38 20 38 15 27 251684 3 251684 3 0 0 0 0 20 38 20 38 15 27 251684 3 251684 3 0 0 0 0 20 38 20 38 15 27 251684 3 251684 3 0 0 0 0 20 38 20 38 15 27 251684 3 251684 3 0 0 0 0 20 38 20 38 15 27 251684 3 251684 3 0 0 0 0
158 0 1000 0 0 1000 0 1000 21 39 21 39 15 27 108307 104 0 0 80291 1 28016 103 21 39 21 39 15 27 108307 104 0 0 80291 1 28016 103 21 39 21 39 15 27 108307 104 0 0 80291 1 28016 103 21 39 21 39 15 27 108307 104 0 0 80291 1 28016 103 21 39 21 39 15 27 108307 104 0 0 80291 1 28016 103 21 39 21 39 15 27 108307 104 0 0 80291 1 28016 103
159 0 1000 0 0 1000 0 1000 21 39 21 39 15 27 0 0 0 0 0 0 0 0 21 39 21 39 15 27 0 0 0 0 0 0 0 0 21 39 21 39 15 27 0 0 0 0 0 0 0 0 21 39 21 39 15 27 0 0 0 0 0 0 0 0 21 39 21 39 15 27 0 0 0 0 0 0 0 0 21 39 21 39 15 27 0 0 0 0 0 0 0 0
160 0 1000 0 0 1000 0 1000 21 39 21 39 15 27 0 0 0 0 0 0 0 0 21 39 21 39 15 27 0 0 0 0 0 0 0 0 21 39 21 39 15 27 0 0 0 0 0 0 0 0 21 39 21 39 15 27 0 0 0 0 0 0 0 0 21 39 21 39 15 27 0 0 0 0 0 0 0 0 21 39 21 39 15 27 0 0 0 0 0 0 0 0
161 0 1000 0 0 1000 0 1000 21 39 21 39 15 27 0 0 0 0 0 0 0 0 21 39 21 39 15 27 0 0 0 0 0 0 0 0 21 39 21 39 15 27 0 0 0 0 0 0 0 0 21 39 21 39 15 27 0 0 0 0 0 0 0 0 21 39 21 39 15 27 0 0 0 0 0 0 0 0 21 39 21 39 15 27 0 0 0 0 0 0 0 0
162 0 1000 0 0 1000 0 1000 21 39 21 39 15 27 27744 102 0 0 0 0 27744 102 21 39 21 39 15 27 27744 102 0 0 0 0 27744 102 21 39 21 39 15 27 27744 102 0 0 0 0 27744 102 21 39 21 39 15 27 27744 102 0 0 0 0 27744 102 21 39 21 39 15 27 27744 102 0 0 0 0 27744 102 21 39 21 39 15 27 27744 102 0 0 0 0 27744 102
163 0 1000 0 0 1000 0 1000 21 39 21 39 15 27 0 0 0 0 0 0 0 0 21 39 21 39 15 27 0 0 0 0 0 0 0 0 21 39 21 39 15 27 0 0 0 0 0 0 0 0 21 39 21 39 15 27 0 0 0 0 0 0 0 0 21 39 21 39 15 27 0 0 0 0 0 0 0 0 21 39 21 39 15 27 0 0 0 0 0 0 0 0
164 0 1000 0 0 1000 0 1000 21 39 21 39 15 27 0 0 0 0 0 0 0 0 21 39 21 39 15 27 0 0 0 0 0 0 0 0 21 39 21 39 15 27 0 0 0 0 0 0 0 0 21 39 21 39 15 27 0 0 0 0 0 0 0 0 21 39 21 39 15 27 0 0 0 0 0 0 0 0 21 39 21 39 15 27 0 0 0 0 0 0 0 0
165 0 1000 0 0 1000 0 1000 21 39 21 39 15 27 0 0 0 0 0 0 0 0 21 39 21 39 15 27 0 0 0 0 0 0 0 0 21 39 21 39 15 27 0 0 0 0 0 0 0 0 21 39 21 39 15 27 0 0 0 0 0 0 0 0 21 39 21 39 15 27 0 0 0 0 0 0 0 0 21 39 21 39 15 27 0 0 0 0 0 0 0 0
166 0 1000 0 0 1000 0 1000 21 39 21 39 15 27 29104 107 0 0 0 0 29104 107 21 39 21 39 15 27 29104 107 0 0 0 0 29104 107 21 39 21 39 15 27 29104 107 0 0 0 0 29104 107 21 39 21 39 15 27 29104 107 0 0 0 0 29104 107 21 39 21 39 15 27 29104 107 0 0 0 0 29104 107 21 39 21 39 15 27 29104 107 0 0 0 0 29104 107
167 0 1000 0 0 1000 0 1000 21 39 21 39 16 31 0 0 0 0 0 0 0 0 21 39 21 39 16 31 0 0 0 0 0 0 0 0 21 39 21 39 16 31 0 0 0 0 0 0 0 0 21 39 21 39 16 31 0 0 0 0 0 0 0 0 21 39 21 39 16 31 0 0 0 0 0 0 0 0 21 39 21 39 16 31 0 0 0 0 0 0 0 0
168 0 1000 0 0 1000 0 1000 21 39 21 39 16 31 0 0 0 0 0 0 0 0 21 39 21 39 16 31 0 0 0 0 0 0 0 0 21 39 21 39 16 31 0 0 0 0 0 0 0 0 21 39 21 39 16 31 0 0 0 0 0 0 0 0 21 39 21 39 16 31 0 0 0 0 0 0 0 0 21 39 21 39 16 31 0 0 0 0 0 0 0 0
169 0 1000 0 0 1000 0 1000 21 39 21 39 16 31 83863 1 83863 1 0 0 0 0 21 39 21 39 16 31 83863 1 83863 1 0 0 0 0 21 39 21 39 16 31 83863 1 83863 1 0 0 0 0 21 39 21 39 16 31 83863 1 83863 1 0 0 0 0 21 39 21 39 16 31 83863 1 83863 1 0 0 0 0 21 39 21 39 16 31 83863 1 83863 1 0 0 0 0
170 0 1000 0 0 1000 0 1000 22 42 22 42 16 31 103411 86 0 0 80291 1 23120 85 22 42 22 42 16 31 103411 86 0 0 80291 1 23120 85 22 42 22 42 16 31 103411 86 0 0 80291 1 23120 85 22 42 22 42 16 31 103411 86 0 0 80291 1 23120 85 22 42 22 42 16 31 103411 86 0 0 80291 1 23120 85 22 42 22 42 16 31 103411 86 0 0 80291 1 23120 85
171 0 1000 0 0 1000 0 1000 22 42 22 42 17 32 0 0 0 0 0 0 0 0 22 42 22 42 17 32 0 0 0 0 0 0 0 0 22 42 22 42 17 32 0 0 0 0 0 0 0 0 22 42 22 42 17 32 0 0 0 0 0 0 0 0 22 42 22 42 17 32 0 0 0 0 0 0 0 0 22 42 22 42 17 32 0 0 0 0 0 0 0 0
172 0 1000 0 0 1000 0 1000 22 42 22 42 17 32 0 0 0 0 0 0 0 0 22 42 22 42 17 32 0 0 0 0 0 0 0 0 22 42 22 42 17 32 0 0 0 0 0 0 0 0 22 42 22 42 17 32 0 0 0 0 0 0 0 0 22 42 22 42 17 32 0 0 0 0 0 0 0 0 22 42 22 42 17 32 0 0 0 0 0 0 0 0
173 0 1000 0 0 1000 0 1000 22 42 22 42 17 32 0 0 0 0 0 0 0 0 22 42 22 42 17 32 0 0 0 0 0 0 0 0 22 42 22 42 17 32 0 0 0 0 0 0 0 0 22 42 22 42 17 32 0 0 0 0 0 0 0 0 22 42 22 42 17 32 0 0 0 0 0 0 0 0 22 42 22 42 17 32 0 0 0 0 0 0 0 0
174 0 1000 0 0 1000 0 1000 22 42 22 42 17 32 31008 114 0 0 0 0 31008 114 22 42 22 42 17 32 31008 114 0 0 0 0 31008 114 22 42 22 42 17 32 31008 114 0 0 0 0 31008 114 22 42 22 42 17 32 31008 114 0 0 0 0 31008 114 22 42 22 42 17 32 31008 114 0 0 0 0 31008 114 22 42 22 42 17 32 31008 114 0 0 0 0 31008 114
175 0 1000 0 0 1000 0 1000 22 42 22 42 18 33 0 0 0 0 0 0 0 0 22 42 22 42 18 33 0 0 0 0 0 0 0 0 22 42 22 42 18 33 0 0 0 0 0 0 0 0 22 42 22 42 18 33 0 0 0 0 0 0 0 0 22 42 22 42 18 33 0 0 0 0 0 0 0 0 22 42 22 42 18 33 0 0 0 0 0 0 0 0
176 0 1000 0 0 1000 0 1000 22 42 22 42 18 33 0 0 0 0 0 0 0 0 22 42 22 42 18 33 0 0 0 0 0 0 0 0 22 42 22 42 18 33 0 0 0 0 0 0 0 0 22 42 22 42 18 33 0 0 0 0 0 0 0 0 22 42 22 42 18 33 0 0 0 0 0 0 0 0 22 42 22 42 18 33 0 0 0 0 0 0 0 0
177 0 1000 0 0 1000 0 1000 22 42 22 42 18 33 168174 2 168174 2 0 0 0 0 22 42 22 42 18 33 168174 2 168174 2 0 0 0 0 22 42 22 42 18 33 168174 2 168174 2 0 0 0 0 22 42 22 42 18 33 168174 2 168174 2 0 0 0 0 22 42 22 42 18 33 168174 2 168174 2 0 0 0 0 22 42 22 42 18 33 168174 2 168174 2 0 0 0 0
178 0 1000 0 0 1000 0 1000 23 44 23 44 18 33 102051 81 0 0 80291 1 21760 80 23 44 23 44 18 33 102051 81 0 0 80291 1 21760 80 23 44 23 44 18 33 102051 81 0 0 80291 1 21760 80 23 44 23 44 18 33 102051 81 0 0 80291 1 21760 80 23 44 23 44 18 33 102051 81 0 0 80291 1 21760 80 23 44 23 44 18 33 102051 81 0 0 80291 1 21760 80
179 0 1000 0 0 1000 0 1000 23 44 23 44 18 33 0 0 0 0 0 0 0 0 23 44 23 44 18 33 0 0 0 0 0 0 0 0 23 44 23 44 18 33 0 0 0 0 0 0 0 0 23 44 23 44 18 33 0 0 0 0 0 0 0 0 23 44 23 44 18 33 0 0 0 0 0 0 0 0 23 44 23 44 18 33 0 0 0 0 0 0 0 0
180 0 1000 0 0 1000 0 1000 23 44 23 44 18 33 0 0 0 0 0 0 0 0 23 44 23 44 18 33 0 0 0 0 0 0 0 0 23 44 23 44 18 33 0 0 0 0 0 0 0 0 23 44 23 44 18 33 0 0 0 0 0 0 0 0 23 44 23 44 18 33 0 0 0 0 0 0 0 0 23 44 23 44 18 33 0 0 0 0 0 0 0 0
181 0 1000 0 0 1000 0 1000 23 44 23 44 18 33 82999 1 82999 1 0 0 0 0 23 44 23 44 18 33 82999 1 82999 1 0 0 0 0 23 44 23 44 18 33 82999 1 82999 1 0 0 0 0 23 44 23 44 18 33 82999 1 82999 1 0 0 0 0 23 44 23 44 18 33 82999 1 82999 1 0 0 0 0 23 44 23 44 18 33 82999 1 82999 1 0 0 0 0
182 0 1000 0 0 1000 0 1000 24 45 24 45 18 33 106947 99 0 0 80291 1 26656 98 24 45 24 45 18 33 106947 99 0 0 80291 1 26656 98 24 45 24 45 18 33 106947 99 0 0 80291 1 26656 98 24 45 24 45 18 33 106947 99 0 0 80291 1 26656 98 24 45 24 45 18 33 106947 99 0 0 80291 1 26656 98 24 45 24 45 18 33 106947 99 0 0 80291 1 26656 98
183 0 1000 0 0 1000 0 1000 24 45 24 45 19 35 0 0 0 0 0 0 0 0 24 45 24 45 19 35 0 0 0 0 0 0 0 0 24 45 24 45 19 35 0 0 0 0 0 0 0 0 24 45 24 45 19 35 0 0 0 0 0 0 0 0 24 45 24 45 19 35 0 0 0 0 0 0 0 0 24 45 24 45 19 35 0 0 0 0 0 0 0 0
184 0 1000 0 0 1000 0 1000 24 45 24 45 19 35 0 0 0 0 0 0 0 0 24 45 24 45 19 35 0 0 0 0 0 0 0 0 24 45 24 45 19 35 0 0 0 0 0 0 0 0 24 45 24 45 19 35 0 0 0 0 0 0 0 0 24 45 24 45 19 35 0 0 0 0 0 0 0 0 24 45 24 45 19 35 0 0 0 0 0 0 0 0
185 0 1000 0 0 1000 0 1000 24 45 24 45 19 35 0 0 0 0 0 0 0 0 24 45 24 45 19 35 0 0 0 0 0 0 0 0 24 45 24 45 19 35 0 0 0 0 0 0 0 0 24 45 24 45 19 35 0 0 0 0 0 0 0 0 24 45 24 45 19 35 0 0 0 0 0 0 0 0 24 45 24 45 19 35 0 0 0 0 0 0 0 0
186 0 1000 0 0 1000 0 1000 24 45 24 45 19 35 28832 106 0 0 0 0 28832 106 24 45 24 45 19 35 28832 106 0 0 0 0 28832 106 24 45 24 45 19 35 28832 106 0 0 0 0 28832 106 24 45 24 45 19 35 28832 106 0 0 0 0 28832 106 24 45 24 45 19 35 28832 106 0 0 0 0 28832 106 24 45 24 45 19 35 28832 106 0 0 0 0 28832 106
187 800 200 800 0 200 0 1000 24 45 24 45 19 35 0 0 0 0 0 0 0 0 24 45 24 45 19 35 0 0 0 0 0 0 0 0 24 45 24 45 19 35 0 0 0 0 0 0 0 0 24 45 24 45 19 35 0 0 0 0 0 0 0 0 24 45 24 45 19 35 0 0 0 0 0 0 0 0 24 45 24 45 19 35 0 0 0 0 0 0 0 0
188 800 200 800 0 200 0 1000 24 45 24 45 19 35 0 0 0 0 0 0 0 0 24 45 24 45 19 35 0 0 0 0 0 0 0 0 24 45 24 45 19 35 0 0 0 0 0 0 0 0 24 45 24 45 19 35 0 0 0 0 0 0 0 0 24 45 24 45 19 35 0 0 0 0 0 0 0 0 24 45 24 45 19 35 0 0 0 0 0 0 0 0
189 800 200 800 0 200 0 1000 24 45 24 45 19 35 0 0 0 0 0 0 0 0 24 45 24 45 19 35 0 0 0 0 0 0 0 0 24 45 24 45 19 35 0 0 0 0 0 0 0 0 24 45 24 45 19 35 0 0 0 0 0 0 0 0 24 45 24 45 19 35 0 0 0 0 0 0 0 0 24 45 24 45 19 35 0 0 0 0 0 0 0 0
190 800 200 800 0 200 0 1000 24 45 24 45 19 35 6800 25 0 0 0 0 6800 25 24 45 24 45 19 35 6800 25 0 0 0 0 6800 25 24 45 24 45 19 35 6800 25 0 0 0 0 6800 25 24 45 24 45 19 35 6800 25 0 0 0 0 6800 25 24 45 24 45 19 35 6800 25 0 0 0 0 6800 25 24 45 24 45 19 35 6800 25 0 0 0 0 6800 25
191 800 200 800 0 200 0 1000 24 45 24 45 19 35 0 0 0 0 0 0 0 0 24 45 24 45 19 35 0 0 0 0 0 0 0 0 24 45 24 45 19 35 0 0 0 0 0 0 0 0 24 45 24 45 19 35 0 0 0 0 0 0 0 0 24 45 24 45 19 35 0 0 0 0 0 0 0 0 24 45 24 45 19 35 0 0 0 0 0 0 0 0
192 800 200 800 0 200 0 1000 24 45 24 45 19 35 0 0 0 0 0 0 0 0 24 45 24 45 19 35 0 0 0 0 0 0 0 0 24 45 24 45 19 35 0 0 0 0 0 0 0 0 24 45 24 45 19 35 0 0 0 0 0 0 0 0 24 45 24 45 19 35 0 0 0 0 0 0 0 0 24 45 24 45 19 35 0 0 0 0 0 0 0 0
193 800 200 800 0 200 0 1000 24 45 24 45 19 35 0 0 0 0 0 0 0 0 24 45 24 45 19 35 0 0 0 0 0 0 0 0 24 45 24 45 19 35 0 0 0 0 0 0 0 0 24 45 24 45 19 35 0 0 0 0 0 0 0 0 24 45 24 45 19 35 0 0 0 0 0 0 0 0 24 45 24 45 19 35 0 0 0 0 0 0 0 0
194 800 200 800 0 200 0 1000 24 45 24 45 19 35 6800 25 0 0 0 0 6800 25 24 45 24 45 19 35 6800 25 0 0 0 0 6800 25 24 45 24 45 19 35 6800 25 0 0 0 0 6800 25 24 45 24 45 19 35 6800 25 0 0 0 0 6800 25 24 45 24 45 19 35 6800 25 0 0 0 0 6800 25 24 45 24 45 19 35 6800 25 0 0 0 0 6800 25
195 800 200 800 0 200 0 1000 24 45 24 45 19 35 0 0 0 0 0 0 0 0 24 45 24 45 19 35 0 0 0 0 0 0 0 0 24 45 24 45 19 35 0 0 0 0 0 0 0 0 24 45 24 45 19 35 0 0 0 0 0 0 0 0 24 45 24 45 19 35 0 0 0 0 0 0 0 0 24 45 24 45 20 38 0 0 0 0 0 0 0 0
196 800 200 800 0 200 0 1000 24 45 24 45 19 35 0 0 0 0 0 0 0 0 24 45 24 45 19 35 0 0 0 0 0 0 0 0 24 45 24 45 19 35 0 0 0 0 0 0 0 0 24 45 24 45 19 35 0 0 0 0 0 0 0 0 24 45 24 45 19 35 0 0 0 0 0 0 0 0 24 45 24 45 20 38 0 0 0 0 0 0 0 0
197 800 200 800 0 200 0 1000 24 45 24 45 19 35 0 0 0 0 0 0 0 0 24 45 24 45 19 35 0 0 0 0 0 0 0 0 24 45 24 45 19 35 0 0 0 0 0 0 0 0 24 45 24 45 19 35 0 0 0 0 0 0 0 0 24 45 24 45 19 35 0 0 0 0 0 0 0 0 24 45 24 45 20 38 0 0 0 0 0 0 0 0
198 800 200 800 0 200 0 1000 24 45 24 45 19 35 6800 25 0 0 0 0 6800 25 24 45 24 45 19 35 6800 25 0 0 0 0 6800 25 24 45 24 45 19 35 6800 25 0 0 0 0 6800 25 24 45 24 45 19 35 6800 25 0 0 0 0 6800 25 24 45 24 45 19 35 6800 25 0 0 0 0 6800 25 24 45 24 45 20 38 6800 25 0 0 0 0 6800 25
199 800 200 800 0 200 0 1000 24 45 24 45 19 35 0 0 0 0 0 0 0 0 24 45 24 45 19 35 0 0 0 0 0 0 0 0 24 45 24 45 19 35 0 0 0 0 0 0 0 0 24 45 24 45 19 35 0 0 0 0 0 0 0 0 24 45 24 45 19 35 0 0 0 0 0 0 0 0 24 45 24 45 21 39 0 0 0 0 0 0 0 0
200 800 200 800 0 200 0 1000 24 45 24 45 19 35 0 0 0 0 0 0 0 0 24 45 24 45 19 35 0 0 0 0 0 0 0 0 24 45 24 45 19 35 0 0 0 0 0 0 0 0 24 45 24 45 19 35 0 0 0 0 0 0 0 0 24 45 24 45 19 35 0 0 0 0 0 0 0 0 24 45 24 45 21 39 0 0 0 0 0 0 0 0
201 800 200 800 0 200 0 1000 24 45 24 45 19 35 243717 3 243717 3 0 0 0 0 24 45 24 45 19 35 243717 3 243717 3 0 0 0 0 24 45 24 45 19 35 243717 3 243717 3 0 0 0 0 24 45 24 45 19 35 243717 3 243717 3 0 0 0 0 24 45 24 45 19 35 243717 3 243717 3 0 0 0 0 24 45 24 45 21 39 243717 3 243717 3 0 0 0 0
202 800 200 800 0 200 0 1000 24 45 24 45 19 35 86275 23 0 0 80291 1 5984 22 24 45 24 45 19 35 86275 23 0 0 80291 1 5984 22 24 45 24 45 19 35 86275 23 0 0 80291 1 5984 22 24 45 24 45 19 35 86275 23 0 0 80291 1 5984 22 24 45 24 45 19 35 86275 23 0 0 80291 1 5984 22 24 45 24 45 21 39 86275 23 0 0 80291 1 5984 22
203 800 200 800 0 200 0 1000 24 45 24 45 19 35 0 0 0 0 0 0 0 0 24 45 24 45 19 35 0 0 0 0 0 0 0 0 24 45 24 45 19 35 0 0 0 0 0 0 0 0 24 45 24 45 19 35 0 0 0 0 0 0 0 0 24 45 24 45 19 35 0 0 0 0 0 0 0 0 24 45 24 45 21 39 0 0 0 0 0 0 0 0
204 800 200 800 0 200 0 1000 24 45 24 45 19 35 0 0 0 0 0 0 0 0 24 45 24 45 19 35 0 0 0 0 0 0 0 0 24 45 24 45 19 35 0 0 0 0 0 0 0 0 24 45 24 45 19 35 0 0 0 0 0 0 0 0 24 45 24 45 19 35 0 0 0 0 0 0 0 0 24 45 24 45 21 39 0 0 0 0 0 0 0 0
205 800 200 800 0 200 0 1000 24 45 24 45 19 35 0 0 0 0 0 0 0 0 24 45 24 45 19 35 0 0 0 0 0 0 0 0 24 45 24 45 19 35 0 0 0 0 0 0 0 0 24 45 24 45 19 35 0 0 0 0 0 0 0 0 24 45 24 45 19 35 0 0 0 0 0 0 0 0 24 45 24 45 21 39 0 0 0 0 0 0 0 0
206 800 200 800 0 200 0 1000 24 45 24 45 19 35 4080 15 0 0 0 0 4080 15 24 45 24 45 19 35 4080 15 0 0 0 0 4080 15 24 45 24 45 19 35 4080 15 0 0 0 0 4080 15 24 45 24 45 19 35 4080 15 0 0 0 0 4080 15 24 45 24 45 19 35 4080 15 0 0 0 0 4080 15 24 45 24 45 21 39 4080 15 0 0 0 0 4080 15
207 800 200 800 0 200 0 1000 24 45 24 45 19 35 0 0 0 0 0 0 0 0 24 45 24 45 19 35 0 0 0 0 0 0 0 0 24 45 24 45 19 35 0 0 0 0 0 0 0 0 24 45 24 45 19 35 0 0 0 0 0 0 0 0 24 45 24 45 19 35 0 0 0 0 0 0 0 0 24 45 24 45 21 39 0 0 0 0 0 0 0 0
208 800 200 800 0 200 0 1000 24 45 24 45 19 35 0 0 0 0 0 0 0 0 24 45 24 45 19 35 0 0 0 0 0 0 0 0 24 45 24 45 19 35 0 0 0 0 0 0 0 0 24 45 24 45 19 35 0 0 0 0 0 0 0 0 24 45 24 45 19 35 0 0 0 0 0 0 0 0 24 45 24 45 21 39 0 0 0 0 0 0 0 0
209 800 200 800 0 200 0 1000 24 45 24 45 19 35 0 0 0 0 0 0 0 0 24 45 24 45 19 35 0 0 0 0 0 0 0 0 24 45 24 45 19 35 0 0 0 0 0 0 0 0 24 45 24 45 19 35 0 0 0 0 0 0 0 0 24 45 24 45 19 35 0 0 0 0 0 0 0 0 24 45 24 45 21 39 0 0 0 0 0 0 0 0
210 800 200 800 0 200 0 1000 24 45 24 45 19 35 4896 18 0 0 0 0 4896 18 24 45 24 45 19 35 4896 18 0 0 0 0 4896 18 24 45 24 45 19 35 4896 18 0 0 0 0 4896 18 24 45 24 45 19 35 4896 18 0 0 0 0 4896 18 24 45 24 45 19 35 4896 18 0 0 0 0 4896 18 24 45 24 45 21 39 4896 18 0 0 0 0 4896 18
211 800 200 800 0 200 0 1000 24 45 24 45 19 35 0 0 0 0 0 0 0 0 24 45 24 45 19 35 0 0 0 0 0 0 0 0 24 45 24 45 19 35 0 0 0 0 0 0 0 0 24 45 24 45 19 35 0 0 0 0 0 0 0 0 24 45 24 45 19 35 0 0 0 0 0 0 0 0 24 45 24 45 22 42 0 0 0 0 0 0 0 0
212 800 200 800 0 200 0 1000 24 45 24 45 19 35 0 0 0 0 0 0 0 0 24 45 24 45 19 35 0 0 0 0 0 0 0 0 24 45 24 45 19 35 0 0 0 0 0 0 0 0 24 45 24 45 19 35 0 0 0 0 0 0 0 0 24 45 24 45 19 35 0 0 0 0 0 0 0 0 24 45 24 45 22 42 0 0 0 0 0 0 0 0
213 800 200 800 0 200 0 1000 24 45 24 45 19 35 0 0 0 0 0 0 0 0 24 45 24 45 19 35 0 0 0 0 0 0 0 0 24 45 24 45 19 35 0 0 0 0 0 0 0 0 24 45 24 45 19 35 0 0 0 0 0 0 0 0 24 45 24 45 19 35 0 0 0 0 0 0 0 0 24 45 24 45 22 42 0 0 0 0 0 0 0 0
214 800 200 800 0 200 0 1000 24 45 24 45 19 35 4624 17 0 0 0 0 4624 17 24 45 24 45 19 35 4624 17 0 0 0 0 4624 17 24 45 24 45 19 35 4624 17 0 0 0 0 4624 17 24 45 24 45 19 35 4624 17 0 0 0 0 4624 17 24 45 24 45 19 35 4624 17 0 0 0 0 4624 17 24 45 24 45 22 42 4624 17 0 0 0 0 4624 17
215 800 200 800 0 200 0 1000 24 45 24 45 19 35 0 0 0 0 0 0 0 0 24 45 24 45 19 35 0 0 0 0 0 0 0 0 24 45 24 45 19 35 0 0 0 0 0 0 0 0 24 45 24 45 19 35 0 0 0 0 0 0 0 0 24 45 24 45 19 35 0 0 0 0 0 0 0 0 24 45 24 45 22 42 0 0 0 0 0 0 0 0
216 800 200 800 0 200 0 1000 24 45 24 45 19 35 0 0 0 0 0 0 0 0 24 45 24 45 19 35 0 0 0 0 0 0 0 0 24 45 24 45 19 35 0 0 0 0 0 0 0 0 24 45 24 45 19 35 0 0 0 0 0 0 0 0 24 45 24 45 19 35 0 0 0 0 0 0 0 0 24 45 24 45 22 42 0 0 0 0 0 0 0 0
217 800 200 800 0 200 0 1000 24 45 24 45 19 35 80983 1 80983 1 0 0 0 0 24 45 24 45 19 35 80983 1 80983 1 0 0 0 0 24 45 24 45 19 35 80983 1 80983 1 0 0 0 0 24 45 24 45 19 35 80983 1 80983 1 0 0 0 0 24 45 24 45 19 35 80983 1 80983 1 0 0 0 0 24 45 24 45 22 42 80983 1 80983 1 0 0 0 0
218 800 200 800 0 200 0 1000 24 45 24 45 19 35 85187 19 0 0 80291 1 4896 18 24 45 24 45 19 35 85187 19 0 0 80291 1 4896 18 24 45 24 45 19 35 85187 19 0 0 80291 1 4896 18 24 45 24 45 19 35 85187 19 0 0 80291 1 4896 18 24 45 24 45 19 35 85187 19 0 0 80291 1 4896 18 24 45 24 45 22 42 85187 19 0 0 80291 1 4896 18
219 800 200 800 0 200 0 1000 24 45 24 45 19 35 0 0 0 0 0 0 0 0 24 45 24 45 19 35 0 0 0 0 0 0 0 0 24 45 24 45 19 35 0 0 0 0 0 0 0 0 24 45 24 45 19 35 0 0 0 0 0 0 0 0 24 45 24 45 19 35 0 0 0 0 0 0 0 0 24 45 24 45 23 44 0 0 0 0 0 0 0 0
220 800 200 800 0 200 0 1000 24 45 24 45 19 35 0 0 0 0 0 0 0 0 24 45 24 45 19 35 0 0 0 0 0 0 0 0 24 45 24 45 19 35 0 0 0 0 0 0 0 0 24 45 24 45 19 35 0 0 0 0 0 0 0 0 24 45 24 45 19 35 0 0 0 0 0 0 0 0 24 45 24 45 23 44 0 0 0 0 0 0 0 0
221 800 200 800 0 200 0 1000 24 45 24 45 19 35 162030 2 162030 2 0 0 0 0 24 45 24 45 19 35 162030 2 162030 2 0 0 0 0 24 45 24 45 19 35 162030 2 162030 2 0 0 0 0 24 45 24 45 19 35 162030 2 162030 2 0 0 0 0 24 45 24 45 19 35 162030 2 162030 2 0 0 0 0 24 45 24 45 23 44 162030 2 162030 2 0 0 0 0
222 800 200 800 0 200 0 1000 24 45 24 45 19 35 87635 28 0 0 80291 1 7344 27 24 45 24 45 19 35 87635 28 0 0 80291 1 7344 27 24 45 24 45 19 35 87635 28 0 0 80291 1 7344 27 24 45 24 45 19 35 87635 28 0 0 80291 1 7344 27 24 45 24 45 19 35 87635 28 0 0 80291 1 7344 27 24 45 24 45 23 44 87635 28 0 0 80291 1 7344 27
223 800 200 800 0 200 0 1000 24 45 24 45 19 35 0 0 0 0 0 0 0 0 24 45 24 45 19 35 0 0 0 0 0 0 0 0 24 45 24 45 19 35 0 0 0 0 0 0 0 0 24 45 24 45 19 35 0 0 0 0 0 0 0 0 24 45 24 45 19 35 0 0 0 0 0 0 0 0 24 45 24 45 24 45 0 0 0 0 0 0 0 0
224 800 200 800 0 200 0 1000 24 45 24 45 19 35 0 0 0 0 0 0 0 0 24 45 24 45 19 35 0 0 0 0 0 0 0 0 24 45 24 45 19 35 0 0 0 0 0 0 0 0 24 45 24 45 19 35 0 0 0 0 0 0 0 0 24 45 24 45 19 35 0 0 0 0 0 0 0 0 24 45 24 45 24 45 0 0 0 0 0 0 0 0
225 800 200 800 0 200 0 1000 24 45 24 45 19 35 0 0 0 0 0 0 0 0 24 45 24 45 19 35 0 0 0 0 0 0 0 0 24 45 24 45 19 35 0 0 0 0 0 0 0 0 24 45 24 45 19 35 0 0 0 0 0 0 0 0 24 45 24 45 19 35 0 0 0 0 0 0 0 0 24 45 24 45 24 45 0 0 0 0 0 0 0 0
226 800 200 800 0 200 0 1000 24 45 24 45 19 35 5712 21 0 0 0 0 5712 21 24 45 24 45 19 35 5712 21 0 0 0 0 5712 21 24 45 24 45 19 35 5712 21 0 0 0 0 5712 21 24 45 24 45 19 35 5712 21 0 0 0 0 5712 21 24 45 24 45 19 35 5712 21 0 0 0 0 5712 21 24 45 24 45 24 45 5712 21 0 0 0 0 5712 21
227 800 200 800 0 200 0 1000 24 45 24 45 19 35 0 0 0 0 0 0 0 0 24 45 24 45 19 35 0 0 0 0 0 0 0 0 24 45 24 45 19 35 0 0 0 0 0 0 0 0 24 45 24 45 19 35 0 0 0 0 0 0 0 0 24 45 24 45 19 35 0 0 0 0 0 0 0 0 24 45 24 45 24 45 0 0 0 0 0 0 0 0
228 800 200 800 0 200 0 1000 24 45 24 45 19 35 0 0 0 0 0 0 0 0 24 45 24 45 19 35 0 0 0 0 0 0 0 0 24 45 24 45 19 35 0 0 0 0 0 0 0 0 24 45 24 45 19 35 0 0 0 0 0 0 0 0 24 45 24 45 19 35 0 0 0 0 0 0 0 0 24 45 24 45 24 45 0 0 0 0 0 0 0 0
229 800 200 800 0 200 0 1000 24 45 24 45 19 35 0 0 0 0 0 0 0 0 24 45 24 45 19 35 0 0 0 0 0 0 0 0 24 45 24 45 19 35 0 0 0 0 0 0 0 0 24 45 24 45 19 35 0 0 0 0 0 0 0 0 24 45 24 45 19 35 0 0 0 0 0 0 0 0 24 45 24 45 24 45 0 0 0 0 0 0 0 0
230 800 200 800 0 200 0 1000 24 45 24 45 19 35 5440 20 0 0 0 0 5440 20 24 45 24 45 19 35 5440 20 0 0 0 0 5440 20 24 45 24 45 19 35 5440 20 0 0 0 0 5440 20 24 45 24 45 19 35 5440 20 0 0 0 0 5440 20 24 45 24 45 19 35 5440 20 0 0 0 0 5440 20 24 45 24 45 24 45 5440 20 0 0 0 0 5440 20
231 800 200 800 0 200 0 1000 24 45 24 45 19 35 0 0 0 0 0 0 0 0 24 45 24 45 19 35 0 0 0 0 0 0 0 0 24 45 24 45 19 35 0 0 0 0 0 0 0 0 24 45 24 45 19 35 0 0 0 0 0 0 0 0 24 45 24 45 19 35 0 0 0 0 0 0 0 0 24 45 24 45 24 45 0 0 0 0 0 0 0 0
232 800 200 800 0 200 0 1000 24 45 24 45 19 35 0 0 0 0 0 0 0 0 24 45 24 45 19 35 0 0 0 0 0 0 0 0 24 45 24 45 19 35 0 0 0 0 0 0 0 0 24 45 24 45 19 35 0 0 0 0 0 0 0 0 24 45 24 45 19 35 0 0 0 0 0 0 0 0 24 45 24 45 24 45 0 0 0 0 0 0 0 0
233 800 200 800 0 200 0 1000 24 45 24 45 19 35 0 0 0 0 0 0 0 0 24 45 24 45 19 35 0 0 0 0 0 0 0 0 24 45 24 45 19 35 0 0 0 0 0 0 0 0 24 45 24 45 19 35 0 0 0 0 0 0 0 0 24 45 24 45 19 35 0 0 0 0 0 0 0 0 24 45 24 45 24 45 0 0 0 0 0 0 0 0
234 800 200 800 0 200 0 1000 24 45 24 45 19 35 7616 28 0 0 0 0 7616 28 24 45 24 45 19 35 7616 28 0 0 0 0 7616 28 24 45 24 45 19 35 7616 28 0 0 0 0 7616 28 24 45 24 45 19 35 7616 28 0 0 0 0 7616 28 24 45 24 45 19 35 7616 28 0 0 0 0 7616 28 24 45 24 45 24 45 7616 28 0 0 0 0 7616 28
235 800 200 800 0 200 0 1000 24 45 24 45 19 35 0 0 0 0 0 0 0 0 24 45 24 45 19 35 0 0 0 0 0 0 0 0 24 45 24 45 19 35 0 0 0 0 0 0 0 0 24 45 24 45 19 35 0 0 0 0 0 0 0 0 24 45 24 45 19 35 0 0 0 0 0 0 0 0 24 45 24 45 24 45 0 0 0 0 0 0 0 0
236 800 200 800 0 200 0 1000 24 45 24 45 19 35 0 0 0 0 0 0 0 0 24 45 24 45 19 35 0 0 0 0 0 0 0 0 24 45 24 45 19 35 0 0 0 0 0 0 0 0 24 45 24 45 19 35 0 0 0 0 0 0 0 0 24 45 24 45 19 35 0 0 0 0 0 0 0 0 24 45 24 45 24 45 0 0 0 0 0 0 0 0
237 800 200 800 0 200 0 1000 24 45 24 45 19 35 0 0 0 0 0 0 0 0 24 45 24 45 19 35 0 0 0 0 0 0 0 0 24 45 24 45 19 35 0 0 0 0 0 0 0 0 24 45 24 45 19 35 0 0 0 0 0 0 0 0 24 45 24 45 19 35 0 0 0 0 0 0 0 0 24 45 24 45 24 45 0 0 0 0 0 0 0 0
238 800 200 800 0 200 0 1000 24 45 24 45 19 35 5168 19 0 0 0 0 5168 19 24 45 24 45 19 35 5168 19 0 0 0 0 5168 19 24 45 24 45 19 35 5168 19 0 0 0 0 5168 19 24 45 24 45 19 35 5168 19 0 0 0 0 5168 19 24 45 24 45 19 35 5168 19 0 0 0 0 5168 19 24 45 24 45 24 45 5168 19 0 0 0 0 5168 19
239 800 200 800 0 200 0 1000 24 45 24 45 19 35 0 0 0 0 0 0 0 0 24 45 24 45 19 35 0 0 0 0 0 0 0 0 24 45 24 45 19 35 0 0 0 0 0 0 0 0 24 45 24 45 19 35 0 0 0 0 0 0 0 0 24 45 24 45 19 35 0 0 0 0 0 0 0 0 24 45 24 45 24 45 0 0 0 0 0 0 0 0
240 800 200 800 0 200 0 1000 24 45 24 45 19 35 0 0 0 0 0 0 0 0 24 45 24 45 19 35 0 0 0 0 0 0 0 0 24 45 24 45 19 35 0 0 0 0 0 0 0 0 24 45 24 45 19 35 0 0 0 0 0 0 0 0 24 45 24 45 19 35 0 0 0 0 0 0 0 0 24 45 24 45 24 45 0 0 0 0 0 0 0 0
241 800 200 800 0 200 0 1000 24 45 24 45 19 35 81047 1 81047 1 0 0 0 0 24 45 24 45 19 35 81047 1 81047 1 0 0 0 0 24 45 24 45 19 35 81047 1 81047 1 0 0 0 0 24 45 24 45 19 35 81047 1 81047 1 0 0 0 0 24 45 24 45 19 35 81047 1 81047 1 0 0 0 0 24 45 24 45 24 45 81047 1 81047 1 0 0 0 0
242 800 200 800 0 200 0 1000 24 45 24 45 19 35 86547 24 0 0 80291 1 6256 23 24 45 24 45 19 35 86547 24 0 0 80291 1 6256 23 24 45 24 45 19 35 86547 24 0 0 80291 1 6256 23 24 45 24 45 19 35 86547 24 0 0 80291 1 6256 23 24 45 24 45 19 35 86547 24 0 0 80291 1 6256 23 24 45 24 45 24 45 86547 24 0 0 80291 1 6256 23
243 800 200 800 0 200 0 1000 24 45 24 45 19 35 0 0 0 0 0 0 0 0 24 45 24 45 19 35 0 0 0 0 0 0 0 0 24 45 24 45 19 35 0 0 0 0 0 0 0 0 24 45 24 45 19 35 0 0 0 0 0 0 0 0 24 45 24 45 19 35 0 0 0 0 0 0 0 0 25 50 24 45 25 50 0 0 0 0 0 0 0 0
244 800 200 800 0 200 0 1000 24 45 24 45 19 35 0 0 0 0 0 0 0 0 24 45 24 45 19 35 0 0 0 0 0 0 0 0 24 45 24 45 19 35 0 0 0 0 0 0 0 0 24 45 24 45 19 35 0 0 0 0 0 0 0 0 24 45 24 45 19 35 0 0 0 0 0 0 0 0 25 50 24 45 25 50 0 0 0 0 0 0 0 0
245 800 200 800 0 200 0 1000 24 45 24 45 19 35 0 0 0 0 0 0 0 0 24 45 24 45 19 35 0 0 0 0 0 0 0 0 24 45 24 45 19 35 0 0 0 0 0 0 0 0 24 45 24 45 19 35 0 0 0 0 0 0 0 0 24 45 24 45 19 35 0 0 0 0 0 0 0 0 25 50 24 45 25 50 0 0 0 0 0 0 0 0
246 800 200 800 0 200 0 1000 24 45 24 45 19 35 5440 20 0 0 0 0 5440 20 24 45 24 45 19 35 5440 20 0 0 0 0 5440 20 24 45 24 45 19 35 5440 20 0 0 0 0 5440 20 24 45 24 45 19 35 5440 20 0 0 0 0 5440 20 24 45 24 45 19 35 5440 20 0 0 0 0 5440 20 25 50 24 45 25 50 5440 20 0 0 0 0 5440 20
247 800 200 800 0 200 0 1000 24 45 24 45 19 35 0 0 0 0 0 0 0 0 24 45 24 45 19 35 0 0 0 0 0 0 0 0 24 45 24 45 19 35 0 0 0 0 0 0 0 0 24 45 24 45 19 35 0 0 0 0 0 0 0 0 24 45 24 45 19 35 0 0 0 0 0 0 0 0 25 50 24 45 25 50 0 0 0 0 0 0 0 0
248 0 1000 0 800 200 0 1000 24 45 24 45 19 35 0 0 0 0 0 0 0 0 24 45 24 45 19 35 0 0 0 0 0 0 0 0 24 45 24 45 19 35 0 0 0 0 0 0 0 0 24 45 24 45 19 35 0 0 0 0 0 0 0 0 24 45 24 45 19 35 0 0 0 0 0 0 0 0 25 50 24 45 25 50 0 0 0 0 0 0 0 0
249 0 1000 0 800 200 0 1000 24 45 24 45 19 35 0 0 0 0 0 0 0 0 24 45 24 45 19 35 0 0 0 0 0 0 0 0 24 45 24 45 19 35 0 0 0 0 0 0 0 0 24 45 24 45 19 35 0 0 0 0 0 0 0 0 24 45 24 45 19 35 0 0 0 0 0 0 0 0 25 50 24 45 25 50 0 0 0 0 0 0 0 0
250 0 1000 0 800 200 0 1000 24 45 24 45 19 35 5168 19 0 0 0 0 5168 19 24 45 24 45 19 35 5168 19 0 0 0 0 5168 19 24 45 24 45 19 35 5168 19 0 0 0 0 5168 19 24 45 24 45 19 35 5168 19 0 0 0 0 5168 19 24 45 24 45 19 35 5168 19 0 0 0 0 5168 19 25 50 24 45 25 50 5168 19 0 0 0 0 5168 19
251 0 1000 0 0 1000 0 1000 25 50 24 45 25 50 0 0 0 0 0 0 0 0 25 50 24 45 25 50 0 0 0 0 0 0 0 0 25 50 24 45 25 50 0 0 0 0 0 0 0 0 25 50 24 45 25 50 0 0 0 0 0 0 0 0 25 50 24 45 25 50 0 0 0 0 0 0 0 0 25 50 24 45 25 50 0 0 0 0 0 0 0 0
252 0 1000 0 0 1000 0 1000 25 50 24 45 25 50 0 0 0 0 0 0 0 0 25 50 24 45 25 50 0 0 0 0 0 0 0 0 25 50 24 45 25 50 0 0 0 0 0 0 0 0 25 50 24 45 25 50 0 0 0 0 0 0 0 0 25 50 24 45 25 50 0 0 0 0 0 0 0 0 25 50 24 45 25 50 0 0 0 0 0 0 0 0
253 0 1000 0 0 1000 0 1000 25 50 24 45 25 50 0 0 0 0 0 0 0 0 25 50 24 45 25 50 0 0 0 0 0 0 0 0 25 50 24 45 25 50 0 0 0 0 0 0 0 0 25 50 24 45 25 50 0 0 0 0 0 0 0 0 25 50 24 45 25 50 0 0 0 0 0 0 0 0 25 50 24 45 25 50 0 0 0 0 0 0 0 0
254 0 1000 0 0 1000 0 1000 28 60 28 60 25 50 29104 107 0 0 0 0 29104 107 28 60 28 60 25 50 29104 107 0 0 0 0 29104 107 28 60 28 60 25 50 29104 107 0 0 0 0 29104 107 28 60 28 60 25 50 29104 107 0 0 0 0 29104 107 28 60 28 60 25 50 29104 107 0 0 0 0 29104 107 28 60 28 60 25 50 29104 107 0 0 0 0 29104 107
255 0 1000 0 0 1000 0 1000 28 60 28 60 25 50 0 0 0 0 0 0 0 0 28 60 28 60 25 50 0 0 0 0 0 0 0 0 28 60 28 60 25 50 0 0 0 0 0 0 0 0 28 60 28 60 25 50 0 0 0 0 0 0 0 0 28 60 28 60 25 50 0 0 0 0 0 0 0 0 28 60 28 60 25 50 0 0 0 0 0 0 0 0
256 0 1000 0 0 1000 0 1000 28 60 28 60 25 50 0 0 0 0 0 0 0 0 28 60 28 60 25 50 0 0 0 0 0 0 0 0 28 60 28 60 25 50 0 0 0 0 0 0 0 0 28 60 28 60 25 50 0 0 0 0 0 0 0 0 28 60 28 60 25 50 0 0 0 0 0 0 0 0 28 60 28 60 25 50 0 0 0 0 0 0 0 0
257 0 1000 0 0 1000 0 1000 28 60 28 60 25 50 83863 1 83863 1 0 0 0 0 28 60 28 60 25 50 83863 1 83863 1 0 0 0 0 28 60 28 60 25 50 83863 1 83863 1 0 0 0 0 28 60 28 60 25 50 83863 1 83863 1 0 0 0 0 28 60 28 60 25 50 83863 1 83863 1 0 0 0 0 28 60 28 60 25 50 83863 1 83863 1 0 0 0 0
258 0 1000 0 0 1000 0 1000 29 64 29 64 25 50 109395 108 0 0 80291 1 29104 107 29 64 29 64 25 50 109395 108 0 0 80291 1 29104 107 29 64 29 64 25 50 109395 108 0 0 80291 1 29104 107 29 64 29 64 25 50 109395 108 0 0 80291 1 29104 107 29 64 29 64 25 50 109395 108 0 0 80291 1 29104 107 29 64 29 64 25 50 109395 108 0 0 80291 1 29104 107
259 0 1000 0 0 1000 0 1000 29 64 29 64 26 54 0 0 0 0 0 0 0 0 29 64 29 64 26 54 0 0 0 0 0 0 0 0 29 64 29 64 26 54 0 0 0 0 0 0 0 0 29 64 29 64 26 54 0 0 0 0 0 0 0 0 29 64 29 64 26 54 0 0 0 0 0 0 0 0 29 64 29 64 26 54 0 0 0 0 0 0 0 0
260 0 1000 0 0 1000 0 1000 29 64 29 64 26 54 0 0 0 0 0 0 0 0 29 64 29 64 26 54 0 0 0 0 0 0 0 0 29 64 29 64 26 54 0 0 0 0 0 0 0 0 29 64 29 64 26 54 0 0 0 0 0 0 0 0 29 64 29 64 26 54 0 0 0 0 0 0 0 0 29 64 29 64 26 54 0 0 0 0 0 0 0 0
261 0 1000 0 0 1000 0 1000 29 64 29 64 26 54 167726 2 167726 2 0 0 0 0 29 64 29 64 26 54 167726 2 167726 2 0 0 0 0 29 64 29 64 26 54 167726 2 167726 2 0 0 0 0 29 64 29 64 26 54 167726 2 167726 2 0 0 0 0 29 64 29 64 26 54 167726 2 167726 2 0 0 0 0 29 64 29 64 26 54 167726 2 167726 2 0 0 0 0
262 0 1000 0 0 1000 0 1000 30 65 30 65 26 54 106675 98 0 0 80291 1 26384 97 30 65 30 65 26 54 106675 98 0 0 80291 1 26384 97 30 65 30 65 26 54 106675 98 0 0 80291 1 26384 97 30 65 30 65 26 54 106675 98 0 0 80291 1 26384 97 30 65 30 65 26 54 106675 98 0 0 80291 1 26384 97 30 65 30 65 26 54 106675 98 0 0 80291 1 26384 97
263 0 1000 0 0 1000 0 1000 30 65 30 65 27 55 0 0 0 0 0 0 0 0 30 65 30 65 27 55 0 0 0 0 0 0 0 0 30 65 30 65 27 55 0 0 0 0 0 0 0 0 30 65 30 65 27 55 0 0 0 0 0 0 0 0 30 65 30 65 27 55 0 0 0 0 0 0 0 0 30 65 30 65 27 55 0 0 0 0 0 0 0 0
264 0 1000 0 0 1000 0 1000 30 65 30 65 27 55 0 0 0 0 0 0 0 0 30 65 30 65 27 55 0 0 0 0 0 0 0 0 30 65 30 65 27 55 0 0 0 0 0 0 0 0 30 65 30 65 27 55 0 0 0 0 0 0 0 0 30 65 30 65 27 55 0 0 0 0 0 0 0 0 30 65 30 65 27 55 0 0 0 0 0 0 0 0
265 0 1000 0 0 1000 0 1000 30 65 30 65 27 55 167086 2 167086 2 0 0 0 0 30 65 30 65 27 55 167086 2 167086 2 0 0 0 0 30 65 30 65 27 55 167086 2 167086 2 0 0 0 0 30 65 30 65 27 55 167086 2 167086 2 0 0 0 0 30 65 30 65 27 55 167086 2 167086 2 0 0 0 0 30 65 30 65 27 55 167086 2 167086 2 0 0 0 0
266 0 1000 0 0 1000 0 1000 31 66 31 66 27 55 110483 112 0 0 80291 1 30192 111 31 66 31 66 27 55 110483 112 0 0 80291 1 30192 111 31 66 31 66 27 55 110483 112 0 0 80291 1 30192 111 31 66 31 66 27 55 110483 112 0 0 80291 1 30192 111 31 66 31 66 27 55 110483 112 0 0 80291 1 30192 111 31 66 31 66 27 55 110483 112 0 0 80291 1 30192 111
267 0 1000 0 0 1000 0 1000 31 66 31 66 27 55 0 0 0 0 0 0 0 0 31 66 31 66 27 55 0 0 0 0 0 0 0 0 31 66 31 66 27 55 0 0 0 0 0 0 0 0 31 66 31 66 27 55 0 0 0 0 0 0 0 0 31 66 31 66 27 55 0 0 0 0 0 0 0 0 31 66 31 66 27 55 0 0 0 0 0 0 0 0
268 0 1000 0 0 1000 0 1000 31 66 31 66 27 55 0 0 0 0 0 0 0 0 31 66 31 66 27 55 0 0 0 0 0 0 0 0 31 66 31 66 27 55 0 0 0 0 0 0 0 0 31 66 31 66 27 55 0 0 0 0 0 0 0 0 31 66 31 66 27 55 0 0 0 0 0 0 0 0 31 66 31 66 27 55 0 0 0 0 0 0 0 0
269 0 1000 0 0 1000 0 1000 31 66 31 66 27 55 83991 1 83991 1 0 0 0 0 31 66 31 66 27 55 83991 1 83991 1 0 0 0 0 31 66 31 66 27 55 83991 1 83991 1 0 0 0 0 31 66 31 66 27 55 83991 1 83991 1 0 0 0 0 31 66 31 66 27 55 83991 1 83991 1 0 0 0 0 31 66 31 66 27 55 83991 1 83991 1 0 0 0 0
270 0 1000 0 0 1000 0 1000 32 67 32 67 27 55 111027 114 0 0 80291 1 30736 113 32 67 32 67 27 55 111027 114 0 0 80291 1 30736 113 32 67 32 67 27 55 111027 114 0 0 80291 1 30736 113 32 67 32 67 27 55 111027 114 0 0 80291 1 30736 113 32 67 32 67 27 55 111027 114 0 0 80291 1 30736 113 32 67 32 67 27 55 111027 114 0 0 80291 1 30736 113
271 0 1000 0 0 1000 0 1000 32 67 32 67 27 55 0 0 0 0 0 0 0 0 32 67 32 67 27 55 0 0 0 0 0 0 0 0 32 67 32 67 27 55 0 0 0 0 0 0 0 0 32 67 32 67 27 55 0 0 0 0 0 0 0 0 32 67 32 67 27 55 0 0 0 0 0 0 0 0 32 67 32 67 27 55 0 0 0 0 0 0 0 0
272 0 1000 0 0 1000 0 1000 32 67 32 67 27 55 0 0 0 0 0 0 0 0 32 67 32 67 27 55 0 0 0 0 0 0 0 0 32 67 32 67 27 55 0 0 0 0 0 0 0 0 32 67 32 67 27 55 0 0 0 0 0 0 0 0 32 67 32 67 27 55 0 0 0 0 0 0 0 0 32 67 32 67 27 55 0 0 0 0 0 0 0 0
273 0 1000 0 0 1000 0 1000 32 67 32 67 27 55 0 0 0 0 0 0 0 0 32 67 32 67 27 55 0 0 0 0 0 0 0 0 32 67 32 67 27 55 0 0 0 0 0 0 0 0 32 67 32 67 27 55 0 0 0 0 0 0 0 0 32 67 32 67 27 55 0 0 0 0 0 0 0 0 32 67 32 67 27 55 0 0 0 0 0 0 0 0
274 0 1000 0 0 1000 0 1000 32 67 32 67 27 55 28016 103 0 0 0 0 28016 103 32 67 32 67 27 55 28016 103 0 0 0 0 28016 103 32 67 32 67 27 55 28016 103 0 0 0 0 28016 103 32 67 32 67 27 55 28016 103 0 0 0 0 28016 103 32 67 32 67 27 55 28016 103 0 0 0 0 28016 103 32 67 32 67 27 55 28016 103 0 0 0 0 28016 103
275 0 1000 0 0 1000 0 1000 32 67 32 67 27 55 0 0 0 0 0 0 0 0 32 67 32 67 27 55 0 0 0 0 0 0 0 0 32 67 32 67 27 55 0 0 0 0 0 0 0 0 32 67 32 67 27 55 0 0 0 0 0 0 0 0 32 67 32 67 27 55 0 0 0 0 0 0 0 0 32 67 32 67 27 55 0 0 0 0 0 0 0 0
276 0 1000 0 0 1000 0 1000 32 67 32 67 27 55 0 0 0 0 0 0 0 0 32 67 32 67 27 55 0 0 0 0 0 0 0 0 32 67 32 67 27 55 0 0 0 0 0 0 0 0 32 67 32 67 27 55 0 0 0 0 0 0 0 0 32 67 32 67 27 55 0 0 0 0 0 0 0 0 32 67 32 67 27 55 0 0 0 0 0 0 0 0
277 0 1000 0 0 1000 0 1000 32 67 32 67 27 55 0 0 0 0 0 0 0 0 32 67 32 67 27 55 0 0 0 0 0 0 0 0 32 67 32 67 27 55 0 0 0 0 0 0 0 0 32 67 32 67 27 55 0 0 0 0 0 0 0 0 32 67 32 67 27 55 0 0 0 0 0 0 0 0 32 67 32 67 27 55 0 0 0 0 0 0 0 0
278 0 1000 0 0 1000 0 1000 32 67 32 67 27 55 26928 99 0 0 0 0 26928 99 32 67 32 67 27 55 26928 99 0 0 0 0 26928 99 32 67 32 67 27 55 26928 99 0 0 0 0 26928 99 32 67 32 67 27 55 26928 99 0 0 0 0 26928 99 32 67 32 67 27 55 26928 99 0 0 0 0 26928 99 32 67 32 67 27 55 26928 99 0 0 0 0 26928 99
279 0 1000 0 0 1000 0 1000 32 67 32 67 27 55 0 0 0 0 0 0 0 0 32 67 32 67 27 55 0 0 0 0 0 0 0 0 32 67 32 67 27 55 0 0 0 0 0 0 0 0 32 67 32 67 27 55 0 0 0 0 0 0 0 0 32 67 32 67 27 55 0 0 0 0 0 0 0 0 32 67 32 67 27 55 0 0 0 0 0 0 0 0
280 0 1000 0 0 1000 0 1000 32 67 32 67 27 55 0 0 0 0 0 0 0 0 32 67 32 67 27 55 0 0 0 0 0 0 0 0 32 67 32 67 27 55 0 0 0 0 0 0 0 0 32 67 32 67 27 55 0 0 0 0 0 0 0 0 32 67 32 67 27 55 0 0 0 0 0 0 0 0 32 67 32 67 27 55 0 0 0 0 0 0 0 0
281 0 1000 0 0 1000 0 1000 32 67 32 67 27 55 0 0 0 0 0 0 0 0 32 67 32 67 27 55 0 0 0 0 0 0 0 0 32 67 32 67 27 55 0 0 0 0 0 0 0 0 32 67 32 67 27 55 0 0 0 0 0 0 0 0 32 67 32 67 27 55 0 0 0 0 0 0 0 0 32 67 32 67 27 55 0 0 0 0 0 0 0 0
282 0 1000 0 0 1000 0 1000 32 67 32 67 27 55 25840 95 0 0 0 0 25840 95 32 67 32 67 27 55 25840 95 0 0 0 0 25840 95 32 67 32 67 27 55 25840 95 0 0 0 0 25840 95 32 67 32 67 27 55 25840 95 0 0 0 0 25840 95 32 67 32 67 27 55 25840 95 0 0 0 0 25840 95 32 67 32 67 27 55 25840 95 0 0 0 0 25840 95
283 0 1000 0 0 1000 0 1000 32 67 32 67 28 60 0 0 0 0 0 0 0 0 32 67 32 67 28 60 0 0 0 0 0 0 0 0 32 67 32 67 28 60 0 0 0 0 0 0 0 0 32 67 32 67 28 60 0 0 0 0 0 0 0 0 32 67 32 67 28 60 0 0 0 0 0 0 0 0 32 67 32 67 28 60 0 0 0 0 0 0 0 0
284 0 1000 0 0 1000 0 1000 32 67 32 67 28 60 0 0 0 0 0 0 0 0 32 67 32 67 28 60 0 0 0 0 0 0 0 0 32 67 32 67 28 60 0 0 0 0 0 0 0 0 32 67 32 67 28 60 0 0 0 0 0 0 0 0 32 67 32 67 28 60 0 0 0 0 0 0 0 0 32 67 32 67 28 60 0 0 0 0 0 0 0 0
285 0 1000 0 0 1000 0 1000 32 67 32 67 28 60 166958 2 166958 2 0 0 0 0 32 67 32 67 28 60 166958 2 166958 2 0 0 0 0 32 67 32 67 28 60 166958 2 166958 2 0 0 0 0 32 67 32 67 28 60 166958 2 166958 2 0 0 0 0 32 67 32 67 28 60 166958 2 166958 2 0 0 0 0 32 67 32 67 28 60 166958 2 166958 2 0 0 0 0
286 0 1000 0 0 1000 0 1000 33 71 33 71 28 60 105859 95 0 0 80291 1 25568 94 33 71 33 71 28 60 105859 95 0 0 80291 1 25568 94 33 71 33 71 28 60 105859 95 0 0 80291 1 25568 94 33 71 33 71 28 60 105859 95 0 0 80291 1 25568 94 33 71 33 71 28 60 105859 95 0 0 80291 1 25568 94 33 71 33 71 28 60 105859 95 0 0 80291 1 25568 94
287 0 1000 0 0 1000 0 1000 33 71 33 71 28 60 0 0 0 0 0 0 0 0 33 71 33 71 28 60 0 0 0 0 0 0 0 0 33 71 33 71 28 60 0 0 0 0 0 0 0 0 33 71 33 71 28 60 0 0 0 0 0 0 0 0 33 71 33 71 28 60 0 0 0 0 0 0 0 0 33 71 33 71 28 60 0 0 0 0 0 0 0 0
288 0 1000 0 0 1000 0 1000 33 71 33 71 28 60 0 0 0 0 0 0 0 0 33 71 33 71 28 60 0 0 0 0 0 0 0 0 33 71 33 71 28 60 0 0 0 0 0 0 0 0 33 71 33 71 28 60 0 0 0 0 0 0 0 0 33 71 33 71 28 60 0 0 0 0 0 0 0 0 33 71 33 71 28 60 0 0 0 0 0 0 0 0
289 0 1000 0 0 1000 0 1000 33 71 33 71 28 60 0 0 0 0 0 0 0 0 33 71 33 71 28 60 0 0 0 0 0 0 0 0 33 71 33 71 28 60 0 0 0 0 0 0 0 0 33 71 33 71 28 60 0 0 0 0 0 0 0 0 33 71 33 71 28 60 0 0 0 0 0 0 0 0 33 71 33 71 28 60 0 0 0 0 0 0 0 0
290 0 1000 0 0 1000 0 1000 33 71 33 71 28 60 31008 114 0 0 0 0 31008 114 33 71 33 71 28 60 31008 114 0 0 0 0 31008 114 33 71 33 71 28 60 31008 114 0 0 0 0 31008 114 33 71 33 71 28 60 31008 114 0 0 0 0 31008 114 33 71 33 71 28 60 31008 114 0 0 0 0 31008 114 33 71 33 71 28 60 31008 114 0 0 0 0 31008 114
291 0 1000 0 0 1000 0 1000 33 71 33 71 28 60 0 0 0 0 0 0 0 0 33 71 33 71 28 60 0 0 0 0 0 0 0 0 33 71 33 71 28 60 0 0 0 0 0 0 0 0 33 71 33 71 28 60 0 0 0 0 0 0 0 0 33 71 33 71 28 60 0 0 0 0 0 0 0 0 33 71 33 71 28 60 0 0 0 0 0 0 0 0
292 0 1000 0 0 1000 0 1000 33 71 33 71 28 60 0 0 0 0 0 0 0 0 33 71 33 71 28 60 0 0 0 0 0 0 0 0 33 71 33 71 28 60 0 0 0 0 0 0 0 0 33 71 33 71 28 60 0 0 0 0 0 0 0 0 33 71 33 71 28 60 0 0 0 0 0 0 0 0 33 71 33 71 28 60 0 0 0 0 0 0 0 0
293 0 1000 0 0 1000 0 1000 33 71 33 71 28 60 0 0 0 0 0 0 0 0 33 71 33 71 28 60 0 0 0 0 0 0 0 0 33 71 33 71 28 60 0 0 0 0 0 0 0 0 33 71 33 71 28 60 0 0 0 0 0 0 0 0 33 71 33 71 28 60 0 0 0 0 0 0 0 0 33 71 33 71 28 60 0 0 0 0 0 0 0 0
294 0 1000 0 0 1000 0 1000 33 71 33 71 28 60 28288 104 0 0 0 0 28288 104 33 71 33 71 28 60 28288 104 0 0 0 0 28288 104 33 71 33 71 28 60 28288 104 0 0 0 0 28288 104 33 71 33 71 28 60 28288 104 0 0 0 0 28288 104 33 71 33 71 28 60 28288 104 0 0 0 0 28288 104 33 71 33 71 28 60 28288 104 0 0 0 0 28288 104
295 0 1000 0 0 1000 0 1000 33 71 33 71 28 60 0 0 0 0 0 0 0 0 33 71 33 71 28 60 0 0 0 0 0 0 0 0 33 71 33 71 28 60 0 0 0 0 0 0 0 0 33 71 33 71 28 60 0 0 0 0 0 0 0 0 33 71 33 71 28 60 0 0 0 0 0 0 0 0 33 71 33 71 28 60 0 0 0 0 0 0 0 0
296 0 1000 0 0 1000 0 1000 33 71 33 71 28 60 0 0 0 0 0 0 0 0 33 71 33 71 28 60 0 0 0 0 0 0 0 0 33 71 33 71 28 60 0 0 0 0 0 0 0 0 33 71 33 71 28 60 0 0 0 0 0 0 0 0 33 71 33 71 28 60 0 0 0 0 0 0 0 0 33 71 33 71 28 60 0 0 0 0 0 0 0 0
297 0 1000 0 0 1000 0 1000 33 71 33 71 28 60 167533 2 167533 2 0 0 0 0 33 71 33 71 28 60 167533 2 167533 2 0 0 0 0 33 71 33 71 28 60 167533 2 167533 2 0 0 0 0 33 71 33 71 28 60 167533 2 167533 2 0 0 0 0 33 71 33 71 28 60 167533 2 167533 2 0 0 0 0 33 71 33 71 28 60 167533 2 167533 2 0 0 0 0
298 0 1000 0 0 1000 0 1000 34 74 34 74 28 60 110210 111 0 0 80290 1 29920 110 34 74 34 74 28 60 110210 111 0 0 80290 1 29920 110 34 74 34 74 28 60 110210 111 0 0 80290 1 29920 110 34 74 34 74 28 60 110210 111 0 0 80290 1 29920 110 34 74 34 74 28 60 110210 111 0 0 80290 1 29920 110 34 74 34 74 28 60 110210 111 0 0 80290 1 29920 110
299 0 1000 0 0 1000 0 1000 34 74 34 74 29 64 0 0 0 0 0 0 0 0 34 74 34 74 29 64 0 0 0 0 0 0 0 0 34 74 34 74 29 64 0 0 0 0 0 0 0 0 34 74 34 74 29 64 0 0 0 0 0 0 0 0 34 74 34 74 29 64 0 0 0 0 0 0 0 0 34 74 34 74 29 64 0 0 0 0 0 0 0 0
300 0 1000 0 0 1000 0 1000 34 74 34 74 29 64 0 0 0 0 0 0 0 0 34 74 34 74 29 64 0 0 0 0 0 0 0 0 34 74 34 74 29 64 0 0 0 0 0 0 0 0 34 74 34 74 29 64 0 0 0 0 0 0 0 0 34 74 34 74 29 64 0 0 0 0 0 0 0 0 34 74 34 74 29 64 0 0 0 0 0 0 0 0
301 0 1000 0 0 1000 0 1000 34 74 34 74 29 64 0 0 0 0 0 0 0 0 34 74 34 74 29 64 0 0 0 0 0 0 0 0 34 74 34 74 29 64 0 0 0 0 0 0 0 0 34 74 34 74 29 64 0 0 0 0 0 0 0 0 34 74 34 74 29 64 0 0 0 0 0 0 0 0 34 74 34 74 29 64 0 0 0 0 0 0 0 0
302 0 1000 0 0 1000 0 1000 34 74 34 74 29 64 28560 105 0 0 0 0 28560 105 34 74 34 74 29 64 28560 105 0 0 0 0 28560 105 34 74 34 74 29 64 28560 105 0 0 0 0 28560 105 34 74 34 74 29 64 28560 105 0 0 0 0 28560 105 34 74 34 74 29 64 28560 105 0 0 0 0 28560 105 34 74 34 74 29 64 28560 105 0 0 0 0 28560 105
303 0 1000 0 0 1000 0 1000 34 74 34 74 30 65 0 0 0 0 0 0 0 0 34 74 34 74 30 65 0 0 0 0 0 0 0 0 34 74 34 74 30 65 0 0 0 0 0 0 0 0 34 74 34 74 30 65 0 0 0 0 0 0 0 0 34 74 34 74 30 65 0 0 0 0 0 0 0 0 34 74 34 74 30 65 0 0 0 0 0 0 0 0
