r n_asleep n_awake n_honest_asleep n_honest_dreamy n_honest_awake n_adversary n_all party0_ledger_best_length party0_ledger_best_age party0_ledger_fast_length party0_ledger_fast_age party0_ledger_slow_length party0_ledger_slow_age party0_comms_all_size party0_comms_all_count party0_comms_proposal_size party0_comms_proposal_count party0_comms_piece_block_size party0_comms_piece_block_count party0_comms_piece_vote_size party0_comms_piece_vote_count party1_ledger_best_length party1_ledger_best_age party1_ledger_fast_length party1_ledger_fast_age party1_ledger_slow_length party1_ledger_slow_age party1_comms_all_size party1_comms_all_count party1_comms_proposal_size party1_comms_proposal_count party1_comms_piece_block_size party1_comms_piece_block_count party1_comms_piece_vote_size party1_comms_piece_vote_count party2_ledger_best_length party2_ledger_best_age party2_ledger_fast_length party2_ledger_fast_age party2_ledger_slow_length party2_ledger_slow_age party2_comms_all_size party2_comms_all_count party2_comms_proposal_size party2_comms_proposal_count party2_comms_piece_block_size party2_comms_piece_block_count party2_comms_piece_vote_size party2_comms_piece_vote_count party3_ledger_best_length party3_ledger_best_age party3_ledger_fast_length party3_ledger_fast_age party3_ledger_slow_length party3_ledger_slow_age party3_comms_all_size party3_comms_all_count party3_comms_proposal_size party3_comms_proposal_count party3_comms_piece_block_size party3_comms_piece_block_count party3_comms_piece_vote_size party3_comms_piece_vote_count party4_ledger_best_length party4_ledger_best_age party4_ledger_fast_length party4_ledger_fast_age party4_ledger_slow_length party4_ledger_slow_age party4_comms_all_size party4_comms_all_count party4_comms_proposal_size party4_comms_proposal_count party4_comms_piece_block_size party4_comms_piece_block_count party4_comms_piece_vote_size party4_comms_piece_vote_count partyALWAYSAWAKE_ledger_best_length partyALWAYSAWAKE_ledger_best_age partyALWAYSAWAKE_ledger_fast_length partyALWAYSAWAKE_ledger_fast_age partyALWAYSAWAKE_ledger_slow_length partyALWAYSAWAKE_ledger_slow_age partyALWAYSAWAKE_comms_all_size partyALWAYSAWAKE_comms_all_count partyALWAYSAWAKE_comms_proposal_size partyALWAYSAWAKE_comms_proposal_count partyALWAYSAWAKE_comms_piece_block_size partyALWAYSAWAKE_comms_piece_block_count partyALWAYSAWAKE_comms_piece_vote_size partyALWAYSAWAKE_comms_piece_vote_count
4 0 1000 0 0 1000 0 1000 0 0 0 0 0 0 0 0 0 0 0 0 0 0 0 0 0 0 0 0 0 0 0 0 0 0 0 0 0 0 0 0 0 0 0 0 0 0 0 0 0 0 0 0 0 0 0 0 0 0 0 0 0 0 0 0 0 0 0 0 0 0 0 0 0 0 0 0 0 0 0 0 0 0 0 0 0 0 0 0 0 0 0 0
5 0 1000 0 0 1000 0 1000 0 0 0 0 0 0 0 0 0 0 0 0 0 0 0 0 0 0 0 0 0 0 0 0 0 0 0 0 0 0 0 0 0 0 0 0 0 0 0 0 0 0 0 0 0 0 0 0 0 0 0 0 0 0 0 0 0 0 0 0 0 0 0 0 0 0 0 0 0 0 0 0 0 0 0 0 0 0 0 0 0 0 0 0
6 0 1000 0 0 1000 0 1000 0 0 0 0 0 0 22848 84 0 0 0 0 22848 84 0 0 0 0 0 0 22848 84 0 0 0 0 22848 84 0 0 0 0 0 0 22848 84 0 0 0 0 22848 84 0 0 0 0 0 0 22848 84 0 0 0 0 22848 84 0 0 0 0 0 0 22848 84 0 0 0 0 22848 84 0 0 0 0 0 0 22848 84 0 0 0 0 22848 84
7 0 1000 0 0 1000 0 1000 0 0 0 0 0 0 0 0 0 0 0 0 0 0 0 0 0 0 0 0 0 0 0 0 0 0 0 0 0 0 0 0 0 0 0 0 0 0 0 0 0 0 0 0 0 0 0 0 0 0 0 0 0 0 0 0 0 0 0 0 0 0 0 0 0 0 0 0 0 0 0 0 0 0 0 0 0 0 0 0 0 0 0 0
8 0 1000 0 0 1000 0 1000 0 0 0 0 0 0 0 0 0 0 0 0 0 0 0 0 0 0 0 0 0 0 0 0 0 0 0 0 0 0 0 0 0 0 0 0 0 0 0 0 0 0 0 0 0 0 0 0 0 0 0 0 0 0 0 0 0 0 0 0 0 0 0 0 0 0 0 0 0 0 0 0 0 0 0 0 0 0 0 0 0 0 0 0
9 0 1000 0 0 1000 0 1000 0 0 0 0 0 0 0 0 0 0 0 0 0 0 0 0 0 0 0 0 0 0 0 0 0 0 0 0 0 0 0 0 0 0 0 0 0 0 0 0 0 0 0 0 0 0 0 0 0 0 0 0 0 0 0 0 0 0 0 0 0 0 0 0 0 0 0 0 0 0 0 0 0 0 0 0 0 0 0 0 0 0 0 0
10 0 1000 0 0 1000 0 1000 0 0 0 0 0 0 26112 96 0 0 0 0 26112 96 0 0 0 0 0 0 26112 96 0 0 0 0 26112 96 0 0 0 0 0 0 26112 96 0 0 0 0 26112 96 0 0 0 0 0 0 26112 96 0 0 0 0 26112 96 0 0 0 0 0 0 26112 96 0 0 0 0 26112 96 0 0 0 0 0 0 26112 96 0 0 0 0 26112 96
11 0 1000 0 0 1000 0 1000 0 0 0 0 0 0 0 0 0 0 0 0 0 0 0 0 0 0 0 0 0 0 0 0 0 0 0 0 0 0 0 0 0 0 0 0 0 0 0 0 0 0 0 0 0 0 0 0 0 0 0 0 0 0 0 0 0 0 0 0 0 0 0 0 0 0 0 0 0 0 0 0 0 0 0 0 0 0 0 0 0 0 0 0
12 0 1000 0 0 1000 0 1000 0 0 0 0 0 0 0 0 0 0 0 0 0 0 0 0 0 0 0 0 0 0 0 0 0 0 0 0 0 0 0 0 0 0 0 0 0 0 0 0 0 0 0 0 0 0 0 0 0 0 0 0 0 0 0 0 0 0 0 0 0 0 0 0 0 0 0 0 0 0 0 0 0 0 0 0 0 0 0 0 0 0 0 0
13 0 1000 0 0 1000 0 1000 0 0 0 0 0 0 83510 1 83510 1 0 0 0 0 0 0 0 0 0 0 83510 1 83510 1 0 0 0 0 0 0 0 0 0 0 83510 1 83510 1 0 0 0 0 0 0 0 0 0 0 83510 1 83510 1 0 0 0 0 0 0 0 0 0 0 83510 1 83510 1 0 0 0 0 0 0 0 0 0 0 83510 1 83510 1 0 0 0 0
14 0 1000 0 0 1000 0 1000 1 3 1 3 0 0 105314 93 0 0 80290 1 25024 92 1 3 1 3 0 0 105314 93 0 0 80290 1 25024 92 1 3 1 3 0 0 105314 93 0 0 80290 1 25024 92 1 3 1 3 0 0 105314 93 0 0 80290 1 25024 92 1 3 1 3 0 0 105314 93 0 0 80290 1 25024 92 1 3 1 3 0 0 105314 93 0 0 80290 1 25024 92
15 0 1000 0 0 1000 0 1000 1 3 1 3 0 0 0 0 0 0 0 0 0 0 1 3 1 3 0 0 0 0 0 0 0 0 0 0 1 3 1 3 0 0 0 0 0 0 0 0 0 0 1 3 1 3 0 0 0 0 0 0 0 0 0 0 1 3 1 3 0 0 0 0 0 0 0 0 0 0 1 3 1 3 0 0 0 0 0 0 0 0 0 0
16 0 1000 0 0 1000 0 1000 1 3 1 3 0 0 0 0 0 0 0 0 0 0 1 3 1 3 0 0 0 0 0 0 0 0 0 0 1 3 1 3 0 0 0 0 0 0 0 0 0 0 1 3 1 3 0 0 0 0 0 0 0 0 0 0 1 3 1 3 0 0 0 0 0 0 0 0 0 0 1 3 1 3 0 0 0 0 0 0 0 0 0 0
17 0 1000 0 0 1000 0 1000 1 3 1 3 0 0 0 0 0 0 0 0 0 0 1 3 1 3 0 0 0 0 0 0 0 0 0 0 1 3 1 3 0 0 0 0 0 0 0 0 0 0 1 3 1 3 0 0 0 0 0 0 0 0 0 0 1 3 1 3 0 0 0 0 0 0 0 0 0 0 1 3 1 3 0 0 0 0 0 0 0 0 0 0
18 0 1000 0 0 1000 0 1000 1 3 1 3 0 0 28288 104 0 0 0 0 28288 104 1 3 1 3 0 0 28288 104 0 0 0 0 28288 104 1 3 1 3 0 0 28288 104 0 0 0 0 28288 104 1 3 1 3 0 0 28288 104 0 0 0 0 28288 104 1 3 1 3 0 0 28288 104 0 0 0 0 28288 104 1 3 1 3 0 0 28288 104 0 0 0 0 28288 104
19 0 1000 0 0 1000 0 1000 1 3 1 3 0 0 0 0 0 0 0 0 0 0 1 3 1 3 0 0 0 0 0 0 0 0 0 0 1 3 1 3 0 0 0 0 0 0 0 0 0 0 1 3 1 3 0 0 0 0 0 0 0 0 0 0 1 3 1 3 0 0 0 0 0 0 0 0 0 0 1 3 1 3 0 0 0 0 0 0 0 0 0 0
20 0 1000 0 0 1000 0 1000 1 3 1 3 0 0 0 0 0 0 0 0 0 0 1 3 1 3 0 0 0 0 0 0 0 0 0 0 1 3 1 3 0 0 0 0 0 0 0 0 0 0 1 3 1 3 0 0 0 0 0 0 0 0 0 0 1 3 1 3 0 0 0 0 0 0 0 0 0 0 1 3 1 3 0 0 0 0 0 0 0 0 0 0
21 0 1000 0 0 1000 0 1000 1 3 1 3 0 0 83766 1 83766 1 0 0 0 0 1 3 1 3 0 0 83766 1 83766 1 0 0 0 0 1 3 1 3 0 0 83766 1 83766 1 0 0 0 0 1 3 1 3 0 0 83766 1 83766 1 0 0 0 0 1 3 1 3 0 0 83766 1 83766 1 0 0 0 0 1 3 1 3 0 0 83766 1 83766 1 0 0 0 0
22 0 1000 0 0 1000 0 1000 2 5 2 5 0 0 108034 103 0 0 80290 1 27744 102 2 5 2 5 0 0 108034 103 0 0 80290 1 27744 102 2 5 2 5 0 0 108034 103 0 0 80290 1 27744 102 2 5 2 5 0 0 108034 103 0 0 80290 1 27744 102 2 5 2 5 0 0 108034 103 0 0 80290 1 27744 102 2 5 2 5 0 0 108034 103 0 0 80290 1 27744 102
23 0 1000 0 0 1000 0 1000 2 5 2 5 0 0 0 0 0 0 0 0 0 0 2 5 2 5 0 0 0 0 0 0 0 0 0 0 2 5 2 5 0 0 0 0 0 0 0 0 0 0 2 5 2 5 0 0 0 0 0 0 0 0 0 0 2 5 2 5 0 0 0 0 0 0 0 0 0 0 2 5 2 5 0 0 0 0 0 0 0 0 0 0
24 0 1000 0 0 1000 0 1000 2 5 2 5 0 0 0 0 0 0 0 0 0 0 2 5 2 5 0 0 0 0 0 0 0 0 0 0 2 5 2 5 0 0 0 0 0 0 0 0 0 0 2 5 2 5 0 0 0 0 0 0 0 0 0 0 2 5 2 5 0 0 0 0 0 0 0 0 0 0 2 5 2 5 0 0 0 0 0 0 0 0 0 0
25 0 1000 0 0 1000 0 1000 2 5 2 5 0 0 0 0 0 0 0 0 0 0 2 5 2 5 0 0 0 0 0 0 0 0 0 0 2 5 2 5 0 0 0 0 0 0 0 0 0 0 2 5 2 5 0 0 0 0 0 0 0 0 0 0 2 5 2 5 0 0 0 0 0 0 0 0 0 0 2 5 2 5 0 0 0 0 0 0 0 0 0 0
26 0 1000 0 0 1000 0 1000 2 5 2 5 0 0 28288 104 0 0 0 0 28288 104 2 5 2 5 0 0 28288 104 0 0 0 0 28288 104 2 5 2 5 0 0 28288 104 0 0 0 0 28288 104 2 5 2 5 0 0 28288 104 0 0 0 0 28288 104 2 5 2 5 0 0 28288 104 0 0 0 0 28288 104 2 5 2 5 0 0 28288 104 0 0 0 0 28288 104
27 0 1000 0 0 1000 0 1000 2 5 2 5 0 0 0 0 0 0 0 0 0 0 2 5 2 5 0 0 0 0 0 0 0 0 0 0 2 5 2 5 0 0 0 0 0 0 0 0 0 0 2 5 2 5 0 0 0 0 0 0 0 0 0 0 2 5 2 5 0 0 0 0 0 0 0 0 0 0 2 5 2 5 0 0 0 0 0 0 0 0 0 0
28 0 1000 0 0 1000 0 1000 2 5 2 5 0 0 0 0 0 0 0 0 0 0 2 5 2 5 0 0 0 0 0 0 0 0 0 0 2 5 2 5 0 0 0 0 0 0 0 0 0 0 2 5 2 5 0 0 0 0 0 0 0 0 0 0 2 5 2 5 0 0 0 0 0 0 0 0 0 0 2 5 2 5 0 0 0 0 0 0 0 0 0 0
29 0 1000 0 0 1000 0 1000 2 5 2 5 0 0 83766 1 83766 1 0 0 0 0 2 5 2 5 0 0 83766 1 83766 1 0 0 0 0 2 5 2 5 0 0 83766 1 83766 1 0 0 0 0 2 5 2 5 0 0 83766 1 83766 1 0 0 0 0 2 5 2 5 0 0 83766 1 83766 1 0 0 0 0 2 5 2 5 0 0 83766 1 83766 1 0 0 0 0
30 0 1000 0 0 1000 0 1000 3 7 3 7 0 0 113202 122 0 0 80290 1 32912 121 3 7 3 7 0 0 113202 122 0 0 80290 1 32912 121 3 7 3 7 0 0 113202 122 0 0 80290 1 32912 121 3 7 3 7 0 0 113202 122 0 0 80290 1 32912 121 3 7 3 7 0 0 113202 122 0 0 80290 1 32912 121 3 7 3 7 0 0 113202 122 0 0 80290 1 32912 121
31 0 1000 0 0 1000 0 1000 3 7 3 7 0 0 0 0 0 0 0 0 0 0 3 7 3 7 0 0 0 0 0 0 0 0 0 0 3 7 3 7 0 0 0 0 0 0 0 0 0 0 3 7 3 7 0 0 0 0 0 0 0 0 0 0 3 7 3 7 0 0 0 0 0 0 0 0 0 0 3 7 3 7 0 0 0 0 0 0 0 0 0 0
32 0 1000 0 0 1000 0 1000 3 7 3 7 0 0 0 0 0 0 0 0 0 0 3 7 3 7 0 0 0 0 0 0 0 0 0 0 3 7 3 7 0 0 0 0 0 0 0 0 0 0 3 7 3 7 0 0 0 0 0 0 0 0 0 0 3 7 3 7 0 0 0 0 0 0 0 0 0 0 3 7 3 7 0 0 0 0 0 0 0 0 0 0
33 0 1000 0 0 1000 0 1000 3 7 3 7 0 0 0 0 0 0 0 0 0 0 3 7 3 7 0 0 0 0 0 0 0 0 0 0 3 7 3 7 0 0 0 0 0 0 0 0 0 0 3 7 3 7 0 0 0 0 0 0 0 0 0 0 3 7 3 7 0 0 0 0 0 0 0 0 0 0 3 7 3 7 0 0 0 0 0 0 0 0 0 0
34 0 1000 0 0 1000 0 1000 3 7 3 7 0 0 27200 100 0 0 0 0 27200 100 3 7 3 7 0 0 27200 100 0 0 0 0 27200 100 3 7 3 7 0 0 27200 100 0 0 0 0 27200 100 3 7 3 7 0 0 27200 100 0 0 0 0 27200 100 3 7 3 7 0 0 27200 100 0 0 0 0 27200 100 3 7 3 7 0 0 27200 100 0 0 0 0 27200 100
35 0 1000 0 0 1000 0 1000 3 7 3 7 0 0 0 0 0 0 0 0 0 0 3 7 3 7 0 0 0 0 0 0 0 0 0 0 3 7 3 7 0 0 0 0 0 0 0 0 0 0 3 7 3 7 0 0 0 0 0 0 0 0 0 0 3 7 3 7 0 0 0 0 0 0 0 0 0 0 3 7 3 7 0 0 0 0 0 0 0 0 0 0
36 0 1000 0 0 1000 0 1000 3 7 3 7 0 0 0 0 0 0 0 0 0 0 3 7 3 7 0 0 0 0 0 0 0 0 0 0 3 7 3 7 0 0 0 0 0 0 0 0 0 0 3 7 3 7 0 0 0 0 0 0 0 0 0 0 3 7 3 7 0 0 0 0 0 0 0 0 0 0 3 7 3 7 0 0 0 0 0 0 0 0 0 0
37 0 1000 0 0 1000 0 1000 3 7 3 7 0 0 0 0 0 0 0 0 0 0 3 7 3 7 0 0 0 0 0 0 0 0 0 0 3 7 3 7 0 0 0 0 0 0 0 0 0 0 3 7 3 7 0 0 0 0 0 0 0 0 0 0 3 7 3 7 0 0 0 0 0 0 0 0 0 0 3 7 3 7 0 0 0 0 0 0 0 0 0 0
38 0 1000 0 0 1000 0 1000 3 7 3 7 0 0 24480 90 0 0 0 0 24480 90 3 7 3 7 0 0 24480 90 0 0 0 0 24480 90 3 7 3 7 0 0 24480 90 0 0 0 0 24480 90 3 7 3 7 0 0 24480 90 0 0 0 0 24480 90 3 7 3 7 0 0 24480 90 0 0 0 0 24480 90 3 7 3 7 0 0 24480 90 0 0 0 0 24480 90
39 0 1000 0 0 1000 0 1000 3 7 3 7 0 0 0 0 0 0 0 0 0 0 3 7 3 7 0 0 0 0 0 0 0 0 0 0 3 7 3 7 0 0 0 0 0 0 0 0 0 0 3 7 3 7 0 0 0 0 0 0 0 0 0 0 3 7 3 7 0 0 0 0 0 0 0 0 0 0 3 7 3 7 0 0 0 0 0 0 0 0 0 0
40 0 1000 0 0 1000 0 1000 3 7 3 7 0 0 0 0 0 0 0 0 0 0 3 7 3 7 0 0 0 0 0 0 0 0 0 0 3 7 3 7 0 0 0 0 0 0 0 0 0 0 3 7 3 7 0 0 0 0 0 0 0 0 0 0 3 7 3 7 0 0 0 0 0 0 0 0 0 0 3 7 3 7 0 0 0 0 0 0 0 0 0 0
41 0 1000 0 0 1000 0 1000 3 7 3 7 0 0 0 0 0 0 0 0 0 0 3 7 3 7 0 0 0 0 0 0 0 0 0 0 3 7 3 7 0 0 0 0 0 0 0 0 0 0 3 7 3 7 0 0 0 0 0 0 0 0 0 0 3 7 3 7 0 0 0 0 0 0 0 0 0 0 3 7 3 7 0 0 0 0 0 0 0 0 0 0
42 0 1000 0 0 1000 0 1000 3 7 3 7 0 0 24480 90 0 0 0 0 24480 90 3 7 3 7 0 0 24480 90 0 0 0 0 24480 90 3 7 3 7 0 0 24480 90 0 0 0 0 24480 90 3 7 3 7 0 0 24480 90 0 0 0 0 24480 90 3 7 3 7 0 0 24480 90 0 0 0 0 24480 90 3 7 3 7 0 0 24480 90 0 0 0 0 24480 90
43 0 1000 0 0 1000 0 1000 3 7 3 7 0 0 0 0 0 0 0 0 0 0 3 7 3 7 0 0 0 0 0 0 0 0 0 0 3 7 3 7 0 0 0 0 0 0 0 0 0 0 3 7 3 7 0 0 0 0 0 0 0 0 0 0 3 7 3 7 0 0 0 0 0 0 0 0 0 0 3 7 3 7 0 0 0 0 0 0 0 0 0 0
44 0 1000 0 0 1000 0 1000 3 7 3 7 0 0 0 0 0 0 0 0 0 0 3 7 3 7 0 0 0 0 0 0 0 0 0 0 3 7 3 7 0 0 0 0 0 0 0 0 0 0 3 7 3 7 0 0 0 0 0 0 0 0 0 0 3 7 3 7 0 0 0 0 0 0 0 0 0 0 3 7 3 7 0 0 0 0 0 0 0 0 0 0
45 0 1000 0 0 1000 0 1000 3 7 3 7 0 0 83318 1 83318 1 0 0 0 0 3 7 3 7 0 0 83318 1 83318 1 0 0 0 0 3 7 3 7 0 0 83318 1 83318 1 0 0 0 0 3 7 3 7 0 0 83318 1 83318 1 0 0 0 0 3 7 3 7 0 0 83318 1 83318 1 0 0 0 0 3 7 3 7 0 0 83318 1 83318 1 0 0 0 0
46 0 1000 0 0 1000 0 1000 4 11 4 11 0 0 105858 95 0 0 80290 1 25568 94 4 11 4 11 0 0 105858 95 0 0 80290 1 25568 94 4 11 4 11 0 0 105858 95 0 0 80290 1 25568 94 4 11 4 11 0 0 105858 95 0 0 80290 1 25568 94 4 11 4 11 0 0 105858 95 0 0 80290 1 25568 94 4 11 4 11 0 0 105858 95 0 0 80290 1 25568 94
47 0 1000 0 0 1000 0 1000 4 11 4 11 0 0 0 0 0 0 0 0 0 0 4 11 4 11 0 0 0 0 0 0 0 0 0 0 4 11 4 11 0 0 0 0 0 0 0 0 0 0 4 11 4 11 0 0 0 0 0 0 0 0 0 0 4 11 4 11 0 0 0 0 0 0 0 0 0 0 4 11 4 11 0 0 0 0 0 0 0 0 0 0
48 0 1000 0 0 1000 0 1000 4 11 4 11 0 0 0 0 0 0 0 0 0 0 4 11 4 11 0 0 0 0 0 0 0 0 0 0 4 11 4 11 0 0 0 0 0 0 0 0 0 0 4 11 4 11 0 0 0 0 0 0 0 0 0 0 4 11 4 11 0 0 0 0 0 0 0 0 0 0 4 11 4 11 0 0 0 0 0 0 0 0 0 0
49 0 1000 0 0 1000 0 1000 4 11 4 11 0 0 166894 2 166894 2 0 0 0 0 4 11 4 11 0 0 166894 2 166894 2 0 0 0 0 4 11 4 11 0 0 166894 2 166894 2 0 0 0 0 4 11 4 11 0 0 166894 2 166894 2 0 0 0 0 4 11 4 11 0 0 166894 2 166894 2 0 0 0 0 4 11 4 11 0 0 166894 2 166894 2 0 0 0 0
50 0 1000 0 0 1000 0 1000 5 12 5 12 0 0 108035 103 0 0 80291 1 27744 102 5 12 5 12 0 0 108035 103 0 0 80291 1 27744 102 5 12 5 12 0 0 108035 103 0 0 80291 1 27744 102 5 12 5 12 0 0 108035 103 0 0 80291 1 27744 102 5 12 5 12 0 0 108035 103 0 0 80291 1 27744 102 5 12 5 12 0 0 108035 103 0 0 80291 1 27744 102
51 0 1000 0 0 1000 0 1000 5 12 5 12 0 0 0 0 0 0 0 0 0 0 5 12 5 12 0 0 0 0 0 0 0 0 0 0 5 12 5 12 0 0 0 0 0 0 0 0 0 0 5 12 5 12 0 0 0 0 0 0 0 0 0 0 5 12 5 12 0 0 0 0 0 0 0 0 0 0 5 12 5 12 0 0 0 0 0 0 0 0 0 0
52 0 1000 0 0 1000 0 1000 5 12 5 12 0 0 0 0 0 0 0 0 0 0 5 12 5 12 0 0 0 0 0 0 0 0 0 0 5 12 5 12 0 0 0 0 0 0 0 0 0 0 5 12 5 12 0 0 0 0 0 0 0 0 0 0 5 12 5 12 0 0 0 0 0 0 0 0 0 0 5 12 5 12 0 0 0 0 0 0 0 0 0 0
53 0 1000 0 0 1000 0 1000 5 12 5 12 0 0 167406 2 167406 2 0 0 0 0 5 12 5 12 0 0 167406 2 167406 2 0 0 0 0 5 12 5 12 0 0 167406 2 167406 2 0 0 0 0 5 12 5 12 0 0 167406 2 167406 2 0 0 0 0 5 12 5 12 0 0 167406 2 167406 2 0 0 0 0 5 12 5 12 0 0 167406 2 167406 2 0 0 0 0
54 0 1000 0 0 1000 0 1000 6 13 6 13 0 0 105587 94 0 0 80291 1 25296 93 6 13 6 13 0 0 105587 94 0 0 80291 1 25296 93 6 13 6 13 0 0 105587 94 0 0 80291 1 25296 93 6 13 6 13 0 0 105587 94 0 0 80291 1 25296 93 6 13 6 13 0 0 105587 94 0 0 80291 1 25296 93 6 13 6 13 0 0 105587 94 0 0 80291 1 25296 93
55 0 1000 0 0 1000 0 1000 6 13 6 13 1 3 0 0 0 0 0 0 0 0 6 13 6 13 1 3 0 0 0 0 0 0 0 0 6 13 6 13 1 3 0 0 0 0 0 0 0 0 6 13 6 13 1 3 0 0 0 0 0 0 0 0 6 13 6 13 1 3 0 0 0 0 0 0 0 0 6 13 6 13 1 3 0 0 0 0 0 0 0 0
56 0 1000 0 0 1000 0 1000 6 13 6 13 1 3 0 0 0 0 0 0 0 0 6 13 6 13 1 3 0 0 0 0 0 0 0 0 6 13 6 13 1 3 0 0 0 0 0 0 0 0 6 13 6 13 1 3 0 0 0 0 0 0 0 0 6 13 6 13 1 3 0 0 0 0 0 0 0 0 6 13 6 13 1 3 0 0 0 0 0 0 0 0
57 0 1000 0 0 1000 0 1000 6 13 6 13 1 3 0 0 0 0 0 0 0 0 6 13 6 13 1 3 0 0 0 0 0 0 0 0 6 13 6 13 1 3 0 0 0 0 0 0 0 0 6 13 6 13 1 3 0 0 0 0 0 0 0 0 6 13 6 13 1 3 0 0 0 0 0 0 0 0 6 13 6 13 1 3 0 0 0 0 0 0 0 0
58 0 1000 0 0 1000 0 1000 6 13 6 13 1 3 23120 85 0 0 0 0 23120 85 6 13 6 13 1 3 23120 85 0 0 0 0 23120 85 6 13 6 13 1 3 23120 85 0 0 0 0 23120 85 6 13 6 13 1 3 23120 85 0 0 0 0 23120 85 6 13 6 13 1 3 23120 85 0 0 0 0 23120 85 6 13 6 13 1 3 23120 85 0 0 0 0 23120 85
59 0 1000 0 0 1000 0 1000 6 13 6 13 1 3 0 0 0 0 0 0 0 0 6 13 6 13 1 3 0 0 0 0 0 0 0 0 6 13 6 13 1 3 0 0 0 0 0 0 0 0 6 13 6 13 1 3 0 0 0 0 0 0 0 0 6 13 6 13 1 3 0 0 0 0 0 0 0 0 6 13 6 13 1 3 0 0 0 0 0 0 0 0
60 0 1000 0 0 1000 0 1000 6 13 6 13 1 3 0 0 0 0 0 0 0 0 6 13 6 13 1 3 0 0 0 0 0 0 0 0 6 13 6 13 1 3 0 0 0 0 0 0 0 0 6 13 6 13 1 3 0 0 0 0 0 0 0 0 6 13 6 13 1 3 0 0 0 0 0 0 0 0 6 13 6 13 1 3 0 0 0 0 0 0 0 0
61 0 1000 0 0 1000 0 1000 6 13 6 13 1 3 0 0 0 0 0 0 0 0 6 13 6 13 1 3 0 0 0 0 0 0 0 0 6 13 6 13 1 3 0 0 0 0 0 0 0 0 6 13 6 13 1 3 0 0 0 0 0 0 0 0 6 13 6 13 1 3 0 0 0 0 0 0 0 0 6 13 6 13 1 3 0 0 0 0 0 0 0 0
62 0 1000 0 0 1000 0 1000 6 13 6 13 1 3 26384 97 0 0 0 0 26384 97 6 13 6 13 1 3 26384 97 0 0 0 0 26384 97 6 13 6 13 1 3 26384 97 0 0 0 0 26384 97 6 13 6 13 1 3 26384 97 0 0 0 0 26384 97 6 13 6 13 1 3 26384 97 0 0 0 0 26384 97 6 13 6 13 1 3 26384 97 0 0 0 0 26384 97
63 0 1000 0 0 1000 0 1000 6 13 6 13 2 5 0 0 0 0 0 0 0 0 6 13 6 13 2 5 0 0 0 0 0 0 0 0 6 13 6 13 2 5 0 0 0 0 0 0 0 0 6 13 6 13 2 5 0 0 0 0 0 0 0 0 6 13 6 13 2 5 0 0 0 0 0 0 0 0 6 13 6 13 2 5 0 0 0 0 0 0 0 0
64 0 1000 0 0 1000 0 1000 6 13 6 13 2 5 0 0 0 0 0 0 0 0 6 13 6 13 2 5 0 0 0 0 0 0 0 0 6 13 6 13 2 5 0 0 0 0 0 0 0 0 6 13 6 13 2 5 0 0 0 0 0 0 0 0 6 13 6 13 2 5 0 0 0 0 0 0 0 0 6 13 6 13 2 5 0 0 0 0 0 0 0 0
65 0 1000 0 0 1000 0 1000 6 13 6 13 2 5 83543 1 83543 1 0 0 0 0 6 13 6 13 2 5 83543 1 83543 1 0 0 0 0 6 13 6 13 2 5 83543 1 83543 1 0 0 0 0 6 13 6 13 2 5 83543 1 83543 1 0 0 0 0 6 13 6 13 2 5 83543 1 83543 1 0 0 0 0 6 13 6 13 2 5 83543 1 83543 1 0 0 0 0
66 0 1000 0 0 1000 0 1000 7 16 7 16 2 5 111571 116 0 0 80291 1 31280 115 7 16 7 16 2 5 111571 116 0 0 80291 1 31280 115 7 16 7 16 2 5 111571 116 0 0 80291 1 31280 115 7 16 7 16 2 5 111571 116 0 0 80291 1 31280 115 7 16 7 16 2 5 111571 116 0 0 80291 1 31280 115 7 16 7 16 2 5 111571 116 0 0 80291 1 31280 115
67 0 1000 0 0 1000 0 1000 7 16 7 16 2 5 0 0 0 0 0 0 0 0 7 16 7 16 2 5 0 0 0 0 0 0 0 0 7 16 7 16 2 5 0 0 0 0 0 0 0 0 7 16 7 16 2 5 0 0 0 0 0 0 0 0 7 16 7 16 2 5 0 0 0 0 0 0 0 0 7 16 7 16 2 5 0 0 0 0 0 0 0 0
68 0 1000 0 0 1000 0 1000 7 16 7 16 2 5 0 0 0 0 0 0 0 0 7 16 7 16 2 5 0 0 0 0 0 0 0 0 7 16 7 16 2 5 0 0 0 0 0 0 0 0 7 16 7 16 2 5 0 0 0 0 0 0 0 0 7 16 7 16 2 5 0 0 0 0 0 0 0 0 7 16 7 16 2 5 0 0 0 0 0 0 0 0
69 0 1000 0 0 1000 0 1000 7 16 7 16 2 5 84119 1 84119 1 0 0 0 0 7 16 7 16 2 5 84119 1 84119 1 0 0 0 0 7 16 7 16 2 5 84119 1 84119 1 0 0 0 0 7 16 7 16 2 5 84119 1 84119 1 0 0 0 0 7 16 7 16 2 5 84119 1 84119 1 0 0 0 0 7 16 7 16 2 5 84119 1 84119 1 0 0 0 0
70 0 1000 0 0 1000 0 1000 8 17 8 17 2 5 107763 102 0 0 80291 1 27472 101 8 17 8 17 2 5 107763 102 0 0 80291 1 27472 101 8 17 8 17 2 5 107763 102 0 0 80291 1 27472 101 8 17 8 17 2 5 107763 102 0 0 80291 1 27472 101 8 17 8 17 2 5 107763 102 0 0 80291 1 27472 101 8 17 8 17 2 5 107763 102 0 0 80291 1 27472 101
71 0 1000 0 0 1000 0 1000 8 17 8 17 3 7 0 0 0 0 0 0 0 0 8 17 8 17 3 7 0 0 0 0 0 0 0 0 8 17 8 17 3 7 0 0 0 0 0 0 0 0 8 17 8 17 3 7 0 0 0 0 0 0 0 0 8 17 8 17 3 7 0 0 0 0 0 0 0 0 8 17 8 17 3 7 0 0 0 0 0 0 0 0
72 0 1000 0 0 1000 0 1000 8 17 8 17 3 7 0 0 0 0 0 0 0 0 8 17 8 17 3 7 0 0 0 0 0 0 0 0 8 17 8 17 3 7 0 0 0 0 0 0 0 0 8 17 8 17 3 7 0 0 0 0 0 0 0 0 8 17 8 17 3 7 0 0 0 0 0 0 0 0 8 17 8 17 3 7 0 0 0 0 0 0 0 0
73 0 1000 0 0 1000 0 1000 8 17 8 17 3 7 83671 1 83671 1 0 0 0 0 8 17 8 17 3 7 83671 1 83671 1 0 0 0 0 8 17 8 17 3 7 83671 1 83671 1 0 0 0 0 8 17 8 17 3 7 83671 1 83671 1 0 0 0 0 8 17 8 17 3 7 83671 1 83671 1 0 0 0 0 8 17 8 17 3 7 83671 1 83671 1 0 0 0 0
74 0 1000 0 0 1000 0 1000 9 18 9 18 3 7 108579 105 0 0 80291 1 28288 104 9 18 9 18 3 7 108579 105 0 0 80291 1 28288 104 9 18 9 18 3 7 108579 105 0 0 80291 1 28288 104 9 18 9 18 3 7 108579 105 0 0 80291 1 28288 104 9 18 9 18 3 7 108579 105 0 0 80291 1 28288 104 9 18 9 18 3 7 108579 105 0 0 80291 1 28288 104
75 0 1000 0 0 1000 0 1000 9 18 9 18 3 7 0 0 0 0 0 0 0 0 9 18 9 18 3 7 0 0 0 0 0 0 0 0 9 18 9 18 3 7 0 0 0 0 0 0 0 0 9 18 9 18 3 7 0 0 0 0 0 0 0 0 9 18 9 18 3 7 0 0 0 0 0 0 0 0 9 18 9 18 3 7 0 0 0 0 0 0 0 0
76 0 1000 0 0 1000 0 1000 9 18 9 18 3 7 0 0 0 0 0 0 0 0 9 18 9 18 3 7 0 0 0 0 0 0 0 0 9 18 9 18 3 7 0 0 0 0 0 0 0 0 9 18 9 18 3 7 0 0 0 0 0 0 0 0 9 18 9 18 3 7 0 0 0 0 0 0 0 0 9 18 9 18 3 7 0 0 0 0 0 0 0 0
77 0 1000 0 0 1000 0 1000 9 18 9 18 3 7 83767 1 83767 1 0 0 0 0 9 18 9 18 3 7 83767 1 83767 1 0 0 0 0 9 18 9 18 3 7 83767 1 83767 1 0 0 0 0 9 18 9 18 3 7 83767 1 83767 1 0 0 0 0 9 18 9 18 3 7 83767 1 83767 1 0 0 0 0 9 18 9 18 3 7 83767 1 83767 1 0 0 0 0
78 0 1000 0 0 1000 0 1000 10 19 10 19 3 7 108579 105 0 0 80291 1 28288 104 10 19 10 19 3 7 108579 105 0 0 80291 1 28288 104 10 19 10 19 3 7 108579 105 0 0 80291 1 28288 104 10 19 10 19 3 7 108579 105 0 0 80291 1 28288 104 10 19 10 19 3 7 108579 105 0 0 80291 1 28288 104 10 19 10 19 3 7 108579 105 0 0 80291 1 28288 104
79 0 1000 0 0 1000 0 1000 10 19 10 19 3 7 0 0 0 0 0 0 0 0 10 19 10 19 3 7 0 0 0 0 0 0 0 0 10 19 10 19 3 7 0 0 0 0 0 0 0 0 10 19 10 19 3 7 0 0 0 0 0 0 0 0 10 19 10 19 3 7 0 0 0 0 0 0 0 0 10 19 10 19 3 7 0 0 0 0 0 0 0 0
80 0 1000 0 0 1000 0 1000 10 19 10 19 3 7 0 0 0 0 0 0 0 0 10 19 10 19 3 7 0 0 0 0 0 0 0 0 10 19 10 19 3 7 0 0 0 0 0 0 0 0 10 19 10 19 3 7 0 0 0 0 0 0 0 0 10 19 10 19 3 7 0 0 0 0 0 0 0 0 10 19 10 19 3 7 0 0 0 0 0 0 0 0
81 0 1000 0 0 1000 0 1000 10 19 10 19 3 7 83767 1 83767 1 0 0 0 0 10 19 10 19 3 7 83767 1 83767 1 0 0 0 0 10 19 10 19 3 7 83767 1 83767 1 0 0 0 0 10 19 10 19 3 7 83767 1 83767 1 0 0 0 0 10 19 10 19 3 7 83767 1 83767 1 0 0 0 0 10 19 10 19 3 7 83767 1 83767 1 0 0 0 0
82 0 1000 0 0 1000 0 1000 11 20 11 20 3 7 107763 102 0 0 80291 1 27472 101 11 20 11 20 3 7 107763 102 0 0 80291 1 27472 101 11 20 11 20 3 7 107763 102 0 0 80291 1 27472 101 11 20 11 20 3 7 107763 102 0 0 80291 1 27472 101 11 20 11 20 3 7 107763 102 0 0 80291 1 27472 101 11 20 11 20 3 7 107763 102 0 0 80291 1 27472 101
83 0 1000 0 0 1000 0 1000 11 20 11 20 3 7 0 0 0 0 0 0 0 0 11 20 11 20 3 7 0 0 0 0 0 0 0 0 11 20 11 20 3 7 0 0 0 0 0 0 0 0 11 20 11 20 3 7 0 0 0 0 0 0 0 0 11 20 11 20 3 7 0 0 0 0 0 0 0 0 11 20 11 20 3 7 0 0 0 0 0 0 0 0
84 0 1000 0 0 1000 0 1000 11 20 11 20 3 7 0 0 0 0 0 0 0 0 11 20 11 20 3 7 0 0 0 0 0 0 0 0 11 20 11 20 3 7 0 0 0 0 0 0 0 0 11 20 11 20 3 7 0 0 0 0 0 0 0 0 11 20 11 20 3 7 0 0 0 0 0 0 0 0 11 20 11 20 3 7 0 0 0 0 0 0 0 0
85 0 1000 0 0 1000 0 1000 11 20 11 20 3 7 334683 4 334683 4 0 0 0 0 11 20 11 20 3 7 334683 4 334683 4 0 0 0 0 11 20 11 20 3 7 334683 4 334683 4 0 0 0 0 11 20 11 20 3 7 334683 4 334683 4 0 0 0 0 11 20 11 20 3 7 334683 4 334683 4 0 0 0 0 11 20 11 20 3 7 334683 4 334683 4 0 0 0 0
86 0 1000 0 0 1000 0 1000 12 21 12 21 3 7 104770 91 0 0 80290 1 24480 90 12 21 12 21 3 7 104770 91 0 0 80290 1 24480 90 12 21 12 21 3 7 104770 91 0 0 80290 1 24480 90 12 21 12 21 3 7 104770 91 0 0 80290 1 24480 90 12 21 12 21 3 7 104770 91 0 0 80290 1 24480 90 12 21 12 21 3 7 104770 91 0 0 80290 1 24480 90
87 0 1000 0 0 1000 0 1000 12 21 12 21 4 11 0 0 0 0 0 0 0 0 12 21 12 21 4 11 0 0 0 0 0 0 0 0 12 21 12 21 4 11 0 0 0 0 0 0 0 0 12 21 12 21 4 11 0 0 0 0 0 0 0 0 12 21 12 21 4 11 0 0 0 0 0 0 0 0 12 21 12 21 4 11 0 0 0 0 0 0 0 0
88 0 1000 0 0 1000 0 1000 12 21 12 21 4 11 0 0 0 0 0 0 0 0 12 21 12 21 4 11 0 0 0 0 0 0 0 0 12 21 12 21 4 11 0 0 0 0 0 0 0 0 12 21 12 21 4 11 0 0 0 0 0 0 0 0 12 21 12 21 4 11 0 0 0 0 0 0 0 0 12 21 12 21 4 11 0 0 0 0 0 0 0 0
89 0 1000 0 0 1000 0 1000 12 21 12 21 4 11 0 0 0 0 0 0 0 0 12 21 12 21 4 11 0 0 0 0 0 0 0 0 12 21 12 21 4 11 0 0 0 0 0 0 0 0 12 21 12 21 4 11 0 0 0 0 0 0 0 0 12 21 12 21 4 11 0 0 0 0 0 0 0 0 12 21 12 21 4 11 0 0 0 0 0 0 0 0
90 0 1000 0 0 1000 0 1000 12 21 12 21 4 11 27472 101 0 0 0 0 27472 101 12 21 12 21 4 11 27472 101 0 0 0 0 27472 101 12 21 12 21 4 11 27472 101 0 0 0 0 27472 101 12 21 12 21 4 11 27472 101 0 0 0 0 27472 101 12 21 12 21 4 11 27472 101 0 0 0 0 27472 101 12 21 12 21 4 11 27472 101 0 0 0 0 27472 101
91 0 1000 0 0 1000 0 1000 12 21 12 21 5 12 0 0 0 0 0 0 0 0 12 21 12 21 5 12 0 0 0 0 0 0 0 0 12 21 12 21 5 12 0 0 0 0 0 0 0 0 12 21 12 21 5 12 0 0 0 0 0 0 0 0 12 21 12 21 5 12 0 0 0 0 0 0 0 0 12 21 12 21 5 12 0 0 0 0 0 0 0 0
92 0 1000 0 0 1000 0 1000 12 21 12 21 5 12 0 0 0 0 0 0 0 0 12 21 12 21 5 12 0 0 0 0 0 0 0 0 12 21 12 21 5 12 0 0 0 0 0 0 0 0 12 21 12 21 5 12 0 0 0 0 0 0 0 0 12 21 12 21 5 12 0 0 0 0 0 0 0 0 12 21 12 21 5 12 0 0 0 0 0 0 0 0
93 0 1000 0 0 1000 0 1000 12 21 12 21 5 12 83670 1 83670 1 0 0 0 0 12 21 12 21 5 12 83670 1 83670 1 0 0 0 0 12 21 12 21 5 12 83670 1 83670 1 0 0 0 0 12 21 12 21 5 12 83670 1 83670 1 0 0 0 0 12 21 12 21 5 12 83670 1 83670 1 0 0 0 0 12 21 12 21 5 12 83670 1 83670 1 0 0 0 0
94 0 1000 0 0 1000 0 1000 13 23 13 23 5 12 110482 112 0 0 80290 1 30192 111 13 23 13 23 5 12 110482 112 0 0 80290 1 30192 111 13 23 13 23 5 12 110482 112 0 0 80290 1 30192 111 13 23 13 23 5 12 110482 112 0 0 80290 1 30192 111 13 23 13 23 5 12 110482 112 0 0 80290 1 30192 111 13 23 13 23 5 12 110482 112 0 0 80290 1 30192 111
95 0 1000 0 0 1000 0 1000 13 23 13 23 6 13 0 0 0 0 0 0 0 0 13 23 13 23 6 13 0 0 0 0 0 0 0 0 13 23 13 23 6 13 0 0 0 0 0 0 0 0 13 23 13 23 6 13 0 0 0 0 0 0 0 0 13 23 13 23 6 13 0 0 0 0 0 0 0 0 13 23 13 23 6 13 0 0 0 0 0 0 0 0
96 0 1000 0 0 1000 0 1000 13 23 13 23 6 13 0 0 0 0 0 0 0 0 13 23 13 23 6 13 0 0 0 0 0 0 0 0 13 23 13 23 6 13 0 0 0 0 0 0 0 0 13 23 13 23 6 13 0 0 0 0 0 0 0 0 13 23 13 23 6 13 0 0 0 0 0 0 0 0 13 23 13 23 6 13 0 0 0 0 0 0 0 0
97 0 1000 0 0 1000 0 1000 13 23 13 23 6 13 83991 1 83991 1 0 0 0 0 13 23 13 23 6 13 83991 1 83991 1 0 0 0 0 13 23 13 23 6 13 83991 1 83991 1 0 0 0 0 13 23 13 23 6 13 83991 1 83991 1 0 0 0 0 13 23 13 23 6 13 83991 1 83991 1 0 0 0 0 13 23 13 23 6 13 83991 1 83991 1 0 0 0 0
98 0 1000 0 0 1000 0 1000 14 24 14 24 6 13 106675 98 0 0 80291 1 26384 97 14 24 14 24 6 13 106675 98 0 0 80291 1 26384 97 14 24 14 24 6 13 106675 98 0 0 80291 1 26384 97 14 24 14 24 6 13 106675 98 0 0 80291 1 26384 97 14 24 14 24 6 13 106675 98 0 0 80291 1 26384 97 14 24 14 24 6 13 106675 98 0 0 80291 1 26384 97
99 0 1000 0 0 1000 0 1000 14 24 14 24 6 13 0 0 0 0 0 0 0 0 14 24 14 24 6 13 0 0 0 0 0 0 0 0 14 24 14 24 6 13 0 0 0 0 0 0 0 0 14 24 14 24 6 13 0 0 0 0 0 0 0 0 14 24 14 24 6 13 0 0 0 0 0 0 0 0 14 24 14 24 6 13 0 0 0 0 0 0 0 0
100 0 1000 0 0 1000 0 1000 14 24 14 24 6 13 0 0 0 0 0 0 0 0 14 24 14 24 6 13 0 0 0 0 0 0 0 0 14 24 14 24 6 13 0 0 0 0 0 0 0 0 14 24 14 24 6 13 0 0 0 0 0 0 0 0 14 24 14 24 6 13 0 0 0 0 0 0 0 0 14 24 14 24 6 13 0 0 0 0 0 0 0 0
101 0 1000 0 0 1000 0 1000 14 24 14 24 6 13 0 0 0 0 0 0 0 0 14 24 14 24 6 13 0 0 0 0 0 0 0 0 14 24 14 24 6 13 0 0 0 0 0 0 0 0 14 24 14 24 6 13 0 0 0 0 0 0 0 0 14 24 14 24 6 13 0 0 0 0 0 0 0 0 14 24 14 24 6 13 0 0 0 0 0 0 0 0
102 0 1000 0 0 1000 0 1000 14 24 14 24 6 13 32640 120 0 0 0 0 32640 120 14 24 14 24 6 13 32640 120 0 0 0 0 32640 120 14 24 14 24 6 13 32640 120 0 0 0 0 32640 120 14 24 14 24 6 13 32640 120 0 0 0 0 32640 120 14 24 14 24 6 13 32640 120 0 0 0 0 32640 120 14 24 14 24 6 13 32640 120 0 0 0 0 32640 120
103 0 1000 0 0 1000 0 1000 14 24 14 24 6 13 0 0 0 0 0 0 0 0 14 24 14 24 6 13 0 0 0 0 0 0 0 0 14 24 14 24 6 13 0 0 0 0 0 0 0 0 14 24 14 24 6 13 0 0 0 0 0 0 0 0 14 24 14 24 6 13 0 0 0 0 0 0 0 0 14 24 14 24 6 13 0 0 0 0 0 0 0 0
104 0 1000 0 0 1000 0 1000 14 24 14 24 6 13 0 0 0 0 0 0 0 0 14 24 14 24 6 13 0 0 0 0 0 0 0 0 14 24 14 24 6 13 0 0 0 0 0 0 0 0 14 24 14 24 6 13 0 0 0 0 0 0 0 0 14 24 14 24 6 13 0 0 0 0 0 0 0 0 14 24 14 24 6 13 0 0 0 0 0 0 0 0
105 0 1000 0 0 1000 0 1000 14 24 14 24 6 13 0 0 0 0 0 0 0 0 14 24 14 24 6 13 0 0 0 0 0 0 0 0 14 24 14 24 6 13 0 0 0 0 0 0 0 0 14 24 14 24 6 13 0 0 0 0 0 0 0 0 14 24 14 24 6 13 0 0 0 0 0 0 0 0 14 24 14 24 6 13 0 0 0 0 0 0 0 0
106 0 1000 0 0 1000 0 1000 14 24 14 24 6 13 26928 99 0 0 0 0 26928 99 14 24 14 24 6 13 26928 99 0 0 0 0 26928 99 14 24 14 24 6 13 26928 99 0 0 0 0 26928 99 14 24 14 24 6 13 26928 99 0 0 0 0 26928 99 14 24 14 24 6 13 26928 99 0 0 0 0 26928 99 14 24 14 24 6 13 26928 99 0 0 0 0 26928 99
107 0 1000 0 0 1000 0 1000 14 24 14 24 7 16 0 0 0 0 0 0 0 0 14 24 14 24 7 16 0 0 0 0 0 0 0 0 14 24 14 24 7 16 0 0 0 0 0 0 0 0 14 24 14 24 7 16 0 0 0 0 0 0 0 0 14 24 14 24 7 16 0 0 0 0 0 0 0 0 14 24 14 24 7 16 0 0 0 0 0 0 0 0
108 0 1000 0 0 1000 0 1000 14 24 14 24 7 16 0 0 0 0 0 0 0 0 14 24 14 24 7 16 0 0 0 0 0 0 0 0 14 24 14 24 7 16 0 0 0 0 0 0 0 0 14 24 14 24 7 16 0 0 0 0 0 0 0 0 14 24 14 24 7 16 0 0 0 0 0 0 0 0 14 24 14 24 7 16 0 0 0 0 0 0 0 0
109 0 1000 0 0 1000 0 1000 14 24 14 24 7 16 0 0 0 0 0 0 0 0 14 24 14 24 7 16 0 0 0 0 0 0 0 0 14 24 14 24 7 16 0 0 0 0 0 0 0 0 14 24 14 24 7 16 0 0 0 0 0 0 0 0 14 24 14 24 7 16 0 0 0 0 0 0 0 0 14 24 14 24 7 16 0 0 0 0 0 0 0 0
110 0 1000 0 0 1000 0 1000 14 24 14 24 7 16 29648 109 0 0 0 0 29648 109 14 24 14 24 7 16 29648 109 0 0 0 0 29648 109 14 24 14 24 7 16 29648 109 0 0 0 0 29648 109 14 24 14 24 7 16 29648 109 0 0 0 0 29648 109 14 24 14 24 7 16 29648 109 0 0 0 0 29648 109 14 24 14 24 7 16 29648 109 0 0 0 0 29648 109
111 0 1000 0 0 1000 0 1000 14 24 14 24 8 17 0 0 0 0 0 0 0 0 14 24 14 24 8 17 0 0 0 0 0 0 0 0 14 24 14 24 8 17 0 0 0 0 0 0 0 0 14 24 14 24 8 17 0 0 0 0 0 0 0 0 14 24 14 24 8 17 0 0 0 0 0 0 0 0 14 24 14 24 8 17 0 0 0 0 0 0 0 0
112 0 1000 0 0 1000 0 1000 14 24 14 24 8 17 0 0 0 0 0 0 0 0 14 24 14 24 8 17 0 0 0 0 0 0 0 0 14 24 14 24 8 17 0 0 0 0 0 0 0 0 14 24 14 24 8 17 0 0 0 0 0 0 0 0 14 24 14 24 8 17 0 0 0 0 0 0 0 0 14 24 14 24 8 17 0 0 0 0 0 0 0 0
113 0 1000 0 0 1000 0 1000 14 24 14 24 8 17 0 0 0 0 0 0 0 0 14 24 14 24 8 17 0 0 0 0 0 0 0 0 14 24 14 24 8 17 0 0 0 0 0 0 0 0 14 24 14 24 8 17 0 0 0 0 0 0 0 0 14 24 14 24 8 17 0 0 0 0 0 0 0 0 14 24 14 24 8 17 0 0 0 0 0 0 0 0
114 0 1000 0 0 1000 0 1000 14 24 14 24 8 17 27744 102 0 0 0 0 27744 102 14 24 14 24 8 17 27744 102 0 0 0 0 27744 102 14 24 14 24 8 17 27744 102 0 0 0 0 27744 102 14 24 14 24 8 17 27744 102 0 0 0 0 27744 102 14 24 14 24 8 17 27744 102 0 0 0 0 27744 102 14 24 14 24 8 17 27744 102 0 0 0 0 27744 102
115 0 1000 0 0 1000 0 1000 14 24 14 24 9 18 0 0 0 0 0 0 0 0 14 24 14 24 9 18 0 0 0 0 0 0 0 0 14 24 14 24 9 18 0 0 0 0 0 0 0 0 14 24 14 24 9 18 0 0 0 0 0 0 0 0 14 24 14 24 9 18 0 0 0 0 0 0 0 0 14 24 14 24 9 18 0 0 0 0 0 0 0 0
116 0 1000 0 0 1000 0 1000 14 24 14 24 9 18 0 0 0 0 0 0 0 0 14 24 14 24 9 18 0 0 0 0 0 0 0 0 14 24 14 24 9 18 0 0 0 0 0 0 0 0 14 24 14 24 9 18 0 0 0 0 0 0 0 0 14 24 14 24 9 18 0 0 0 0 0 0 0 0 14 24 14 24 9 18 0 0 0 0 0 0 0 0
117 0 1000 0 0 1000 0 1000 14 24 14 24 9 18 0 0 0 0 0 0 0 0 14 24 14 24 9 18 0 0 0 0 0 0 0 0 14 24 14 24 9 18 0 0 0 0 0 0 0 0 14 24 14 24 9 18 0 0 0 0 0 0 0 0 14 24 14 24 9 18 0 0 0 0 0 0 0 0 14 24 14 24 9 18 0 0 0 0 0 0 0 0
118 0 1000 0 0 1000 0 1000 14 24 14 24 9 18 27472 101 0 0 0 0 27472 101 14 24 14 24 9 18 27472 101 0 0 0 0 27472 101 14 24 14 24 9 18 27472 101 0 0 0 0 27472 101 14 24 14 24 9 18 27472 101 0 0 0 0 27472 101 14 24 14 24 9 18 27472 101 0 0 0 0 27472 101 14 24 14 24 9 18 27472 101 0 0 0 0 27472 101
119 0 1000 0 0 1000 0 1000 14 24 14 24 10 19 0 0 0 0 0 0 0 0 14 24 14 24 10 19 0 0 0 0 0 0 0 0 14 24 14 24 10 19 0 0 0 0 0 0 0 0 14 24 14 24 10 19 0 0 0 0 0 0 0 0 14 24 14 24 10 19 0 0 0 0 0 0 0 0 14 24 14 24 10 19 0 0 0 0 0 0 0 0
120 0 1000 0 0 1000 0 1000 14 24 14 24 10 19 0 0 0 0 0 0 0 0 14 24 14 24 10 19 0 0 0 0 0 0 0 0 14 24 14 24 10 19 0 0 0 0 0 0 0 0 14 24 14 24 10 19 0 0 0 0 0 0 0 0 14 24 14 24 10 19 0 0 0 0 0 0 0 0 14 24 14 24 10 19 0 0 0 0 0 0 0 0
121 0 1000 0 0 1000 0 1000 14 24 14 24 10 19 83671 1 83671 1 0 0 0 0 14 24 14 24 10 19 83671 1 83671 1 0 0 0 0 14 24 14 24 10 19 83671 1 83671 1 0 0 0 0 14 24 14 24 10 19 83671 1 83671 1 0 0 0 0 14 24 14 24 10 19 83671 1 83671 1 0 0 0 0 14 24 14 24 10 19 83671 1 83671 1 0 0 0 0
122 0 1000 0 0 1000 0 1000 15 30 15 30 10 19 111299 115 0 0 80291 1 31008 114 15 30 15 30 10 19 111299 115 0 0 80291 1 31008 114 15 30 15 30 10 19 111299 115 0 0 80291 1 31008 114 15 30 15 30 10 19 111299 115 0 0 80291 1 31008 114 15 30 15 30 10 19 111299 115 0 0 80291 1 31008 114 15 30 15 30 10 19 111299 115 0 0 80291 1 31008 114
123 0 1000 0 0 1000 0 1000 15 30 15 30 11 20 0 0 0 0 0 0 0 0 15 30 15 30 11 20 0 0 0 0 0 0 0 0 15 30 15 30 11 20 0 0 0 0 0 0 0 0 15 30 15 30 11 20 0 0 0 0 0 0 0 0 15 30 15 30 11 20 0 0 0 0 0 0 0 0 15 30 15 30 11 20 0 0 0 0 0 0 0 0
124 0 1000 0 0 1000 0 1000 15 30 15 30 11 20 0 0 0 0 0 0 0 0 15 30 15 30 11 20 0 0 0 0 0 0 0 0 15 30 15 30 11 20 0 0 0 0 0 0 0 0 15 30 15 30 11 20 0 0 0 0 0 0 0 0 15 30 15 30 11 20 0 0 0 0 0 0 0 0 15 30 15 30 11 20 0 0 0 0 0 0 0 0
125 0 1000 0 0 1000 0 1000 15 30 15 30 11 20 0 0 0 0 0 0 0 0 15 30 15 30 11 20 0 0 0 0 0 0 0 0 15 30 15 30 11 20 0 0 0 0 0 0 0 0 15 30 15 30 11 20 0 0 0 0 0 0 0 0 15 30 15 30 11 20 0 0 0 0 0 0 0 0 15 30 15 30 11 20 0 0 0 0 0 0 0 0
126 0 1000 0 0 1000 0 1000 15 30 15 30 11 20 29376 108 0 0 0 0 29376 108 15 30 15 30 11 20 29376 108 0 0 0 0 29376 108 15 30 15 30 11 20 29376 108 0 0 0 0 29376 108 15 30 15 30 11 20 29376 108 0 0 0 0 29376 108 15 30 15 30 11 20 29376 108 0 0 0 0 29376 108 15 30 15 30 11 20 29376 108 0 0 0 0 29376 108
127 0 1000 0 0 1000 0 1000 15 30 15 30 12 21 0 0 0 0 0 0 0 0 15 30 15 30 12 21 0 0 0 0 0 0 0 0 15 30 15 30 12 21 0 0 0 0 0 0 0 0 15 30 15 30 12 21 0 0 0 0 0 0 0 0 15 30 15 30 12 21 0 0 0 0 0 0 0 0 15 30 15 30 12 21 0 0 0 0 0 0 0 0
128 0 1000 0 0 1000 0 1000 15 30 15 30 12 21 0 0 0 0 0 0 0 0 15 30 15 30 12 21 0 0 0 0 0 0 0 0 15 30 15 30 12 21 0 0 0 0 0 0 0 0 15 30 15 30 12 21 0 0 0 0 0 0 0 0 15 30 15 30 12 21 0 0 0 0 0 0 0 0 15 30 15 30 12 21 0 0 0 0 0 0 0 0
129 0 1000 0 0 1000 0 1000 15 30 15 30 12 21 0 0 0 0 0 0 0 0 15 30 15 30 12 21 0 0 0 0 0 0 0 0 15 30 15 30 12 21 0 0 0 0 0 0 0 0 15 30 15 30 12 21 0 0 0 0 0 0 0 0 15 30 15 30 12 21 0 0 0 0 0 0 0 0 15 30 15 30 12 21 0 0 0 0 0 0 0 0
130 0 1000 0 0 1000 0 1000 15 30 15 30 12 21 31280 115 0 0 0 0 31280 115 15 30 15 30 12 21 31280 115 0 0 0 0 31280 115 15 30 15 30 12 21 31280 115 0 0 0 0 31280 115 15 30 15 30 12 21 31280 115 0 0 0 0 31280 115 15 30 15 30 12 21 31280 115 0 0 0 0 31280 115 15 30 15 30 12 21 31280 115 0 0 0 0 31280 115
131 0 1000 0 0 1000 0 1000 15 30 15 30 12 21 0 0 0 0 0 0 0 0 15 30 15 30 12 21 0 0 0 0 0 0 0 0 15 30 15 30 12 21 0 0 0 0 0 0 0 0 15 30 15 30 12 21 0 0 0 0 0 0 0 0 15 30 15 30 12 21 0 0 0 0 0 0 0 0 15 30 15 30 12 21 0 0 0 0 0 0 0 0
132 0 1000 0 0 1000 0 1000 15 30 15 30 12 21 0 0 0 0 0 0 0 0 15 30 15 30 12 21 0 0 0 0 0 0 0 0 15 30 15 30 12 21 0 0 0 0 0 0 0 0 15 30 15 30 12 21 0 0 0 0 0 0 0 0 15 30 15 30 12 21 0 0 0 0 0 0 0 0 15 30 15 30 12 21 0 0 0 0 0 0 0 0
133 0 1000 0 0 1000 0 1000 15 30 15 30 12 21 0 0 0 0 0 0 0 0 15 30 15 30 12 21 0 0 0 0 0 0 0 0 15 30 15 30 12 21 0 0 0 0 0 0 0 0 15 30 15 30 12 21 0 0 0 0 0 0 0 0 15 30 15 30 12 21 0 0 0 0 0 0 0 0 15 30 15 30 12 21 0 0 0 0 0 0 0 0
134 0 1000 0 0 1000 0 1000 15 30 15 30 12 21 30464 112 0 0 0 0 30464 112 15 30 15 30 12 21 30464 112 0 0 0 0 30464 112 15 30 15 30 12 21 30464 112 0 0 0 0 30464 112 15 30 15 30 12 21 30464 112 0 0 0 0 30464 112 15 30 15 30 12 21 30464 112 0 0 0 0 30464 112 15 30 15 30 12 21 30464 112 0 0 0 0 30464 112
135 0 1000 0 0 1000 0 1000 15 30 15 30 13 23 0 0 0 0 0 0 0 0 15 30 15 30 13 23 0 0 0 0 0 0 0 0 15 30 15 30 13 23 0 0 0 0 0 0 0 0 15 30 15 30 13 23 0 0 0 0 0 0 0 0 15 30 15 30 13 23 0 0 0 0 0 0 0 0 15 30 15 30 13 23 0 0 0 0 0 0 0 0
136 0 1000 0 0 1000 0 1000 15 30 15 30 13 23 0 0 0 0 0 0 0 0 15 30 15 30 13 23 0 0 0 0 0 0 0 0 15 30 15 30 13 23 0 0 0 0 0 0 0 0 15 30 15 30 13 23 0 0 0 0 0 0 0 0 15 30 15 30 13 23 0 0 0 0 0 0 0 0 15 30 15 30 13 23 0 0 0 0 0 0 0 0
137 0 1000 0 0 1000 0 1000 15 30 15 30 13 23 84023 1 84023 1 0 0 0 0 15 30 15 30 13 23 84023 1 84023 1 0 0 0 0 15 30 15 30 13 23 84023 1 84023 1 0 0 0 0 15 30 15 30 13 23 84023 1 84023 1 0 0 0 0 15 30 15 30 13 23 84023 1 84023 1 0 0 0 0 15 30 15 30 13 23 84023 1 84023 1 0 0 0 0
138 0 1000 0 0 1000 0 1000 16 34 16 34 13 23 107219 100 0 0 80291 1 26928 99 16 34 16 34 13 23 107219 100 0 0 80291 1 26928 99 16 34 16 34 13 23 107219 100 0 0 80291 1 26928 99 16 34 16 34 13 23 107219 100 0 0 80291 1 26928 99 16 34 16 34 13 23 107219 100 0 0 80291 1 26928 99 16 34 16 34 13 23 107219 100 0 0 80291 1 26928 99
139 0 1000 0 0 1000 0 1000 16 34 16 34 14 24 0 0 0 0 0 0 0 0 16 34 16 34 14 24 0 0 0 0 0 0 0 0 16 34 16 34 14 24 0 0 0 0 0 0 0 0 16 34 16 34 14 24 0 0 0 0 0 0 0 0 16 34 16 34 14 24 0 0 0 0 0 0 0 0 16 34 16 34 14 24 0 0 0 0 0 0 0 0
140 0 1000 0 0 1000 0 1000 16 34 16 34 14 24 0 0 0 0 0 0 0 0 16 34 16 34 14 24 0 0 0 0 0 0 0 0 16 34 16 34 14 24 0 0 0 0 0 0 0 0 16 34 16 34 14 24 0 0 0 0 0 0 0 0 16 34 16 34 14 24 0 0 0 0 0 0 0 0 16 34 16 34 14 24 0 0 0 0 0 0 0 0
141 0 1000 0 0 1000 0 1000 16 34 16 34 14 24 0 0 0 0 0 0 0 0 16 34 16 34 14 24 0 0 0 0 0 0 0 0 16 34 16 34 14 24 0 0 0 0 0 0 0 0 16 34 16 34 14 24 0 0 0 0 0 0 0 0 16 34 16 34 14 24 0 0 0 0 0 0 0 0 16 34 16 34 14 24 0 0 0 0 0 0 0 0
142 0 1000 0 0 1000 0 1000 16 34 16 34 14 24 25568 94 0 0 0 0 25568 94 16 34 16 34 14 24 25568 94 0 0 0 0 25568 94 16 34 16 34 14 24 25568 94 0 0 0 0 25568 94 16 34 16 34 14 24 25568 94 0 0 0 0 25568 94 16 34 16 34 14 24 25568 94 0 0 0 0 25568 94 16 34 16 34 14 24 25568 94 0 0 0 0 25568 94
143 0 1000 0 0 1000 0 1000 16 34 16 34 14 24 0 0 0 0 0 0 0 0 16 34 16 34 14 24 0 0 0 0 0 0 0 0 16 34 16 34 14 24 0 0 0 0 0 0 0 0 16 34 16 34 14 24 0 0 0 0 0 0 0 0 16 34 16 34 14 24 0 0 0 0 0 0 0 0 16 34 16 34 14 24 0 0 0 0 0 0 0 0
144 0 1000 0 0 1000 0 1000 16 34 16 34 14 24 0 0 0 0 0 0 0 0 16 34 16 34 14 24 0 0 0 0 0 0 0 0 16 34 16 34 14 24 0 0 0 0 0 0 0 0 16 34 16 34 14 24 0 0 0 0 0 0 0 0 16 34 16 34 14 24 0 0 0 0 0 0 0 0 16 34 16 34 14 24 0 0 0 0 0 0 0 0
145 0 1000 0 0 1000 0 1000 16 34 16 34 14 24 0 0 0 0 0 0 0 0 16 34 16 34 14 24 0 0 0 0 0 0 0 0 16 34 16 34 14 24 0 0 0 0 0 0 0 0 16 34 16 34 14 24 0 0 0 0 0 0 0 0 16 34 16 34 14 24 0 0 0 0 0 0 0 0 16 34 16 34 14 24 0 0 0 0 0 0 0 0
146 0 1000 0 0 1000 0 1000 16 34 16 34 14 24 25296 93 0 0 0 0 25296 93 16 34 16 34 14 24 25296 93 0 0 0 0 25296 93 16 34 16 34 14 24 25296 93 0 0 0 0 25296 93 16 34 16 34 14 24 25296 93 0 0 0 0 25296 93 16 34 16 34 14 24 25296 93 0 0 0 0 25296 93 16 34 16 34 14 24 25296 93 0 0 0 0 25296 93
147 0 1000 0 0 1000 0 1000 16 34 16 34 14 24 0 0 0 0 0 0 0 0 16 34 16 34 14 24 0 0 0 0 0 0 0 0 16 34 16 34 14 24 0 0 0 0 0 0 0 0 16 34 16 34 14 24 0 0 0 0 0 0 0 0 16 34 16 34 14 24 0 0 0 0 0 0 0 0 16 34 16 34 14 24 0 0 0 0 0 0 0 0
148 0 1000 0 0 1000 0 1000 16 34 16 34 14 24 0 0 0 0 0 0 0 0 16 34 16 34 14 24 0 0 0 0 0 0 0 0 16 34 16 34 14 24 0 0 0 0 0 0 0 0 16 34 16 34 14 24 0 0 0 0 0 0 0 0 16 34 16 34 14 24 0 0 0 0 0 0 0 0 16 34 16 34 14 24 0 0 0 0 0 0 0 0
149 0 1000 0 0 1000 0 1000 16 34 16 34 14 24 83415 1 83415 1 0 0 0 0 16 34 16 34 14 24 83415 1 83415 1 0 0 0 0 16 34 16 34 14 24 83415 1 83415 1 0 0 0 0 16 34 16 34 14 24 83415 1 83415 1 0 0 0 0 16 34 16 34 14 24 83415 1 83415 1 0 0 0 0 16 34 16 34 14 24 83415 1 83415 1 0 0 0 0
150 0 1000 0 0 1000 0 1000 17 37 17 37 14 24 105315 93 0 0 80291 1 25024 92 17 37 17 37 14 24 105315 93 0 0 80291 1 25024 92 17 37 17 37 14 24 105315 93 0 0 80291 1 25024 92 17 37 17 37 14 24 105315 93 0 0 80291 1 25024 92 17 37 17 37 14 24 105315 93 0 0 80291 1 25024 92 17 37 17 37 14 24 105315 93 0 0 80291 1 25024 92
151 0 1000 0 0 1000 0 1000 17 37 17 37 14 24 0 0 0 0 0 0 0 0 17 37 17 37 14 24 0 0 0 0 0 0 0 0 17 37 17 37 14 24 0 0 0 0 0 0 0 0 17 37 17 37 14 24 0 0 0 0 0 0 0 0 17 37 17 37 14 24 0 0 0 0 0 0 0 0 17 37 17 37 14 24 0 0 0 0 0 0 0 0
152 0 1000 0 0 1000 0 1000 17 37 17 37 14 24 0 0 0 0 0 0 0 0 17 37 17 37 14 24 0 0 0 0 0 0 0 0 17 37 17 37 14 24 0 0 0 0 0 0 0 0 17 37 17 37 14 24 0 0 0 0 0 0 0 0 17 37 17 37 14 24 0 0 0 0 0 0 0 0 17 37 17 37 14 24 0 0 0 0 0 0 0 0
153 0 1000 0 0 1000 0 1000 17 37 17 37 14 24 0 0 0 0 0 0 0 0 17 37 17 37 14 24 0 0 0 0 0 0 0 0 17 37 17 37 14 24 0 0 0 0 0 0 0 0 17 37 17 37 14 24 0 0 0 0 0 0 0 0 17 37 17 37 14 24 0 0 0 0 0 0 0 0 17 37 17 37 14 24 0 0 0 0 0 0 0 0
154 0 1000 0 0 1000 0 1000 17 37 17 37 14 24 23664 87 0 0 0 0 23664 87 17 37 17 37 14 24 23664 87 0 0 0 0 23664 87 17 37 17 37 14 24 23664 87 0 0 0 0 23664 87 17 37 17 37 14 24 23664 87 0 0 0 0 23664 87 17 37 17 37 14 24 23664 87 0 0 0 0 23664 87 17 37 17 37 14 24 23664 87 0 0 0 0 23664 87
155 0 1000 0 0 1000 0 1000 17 37 17 37 14 24 0 0 0 0 0 0 0 0 17 37 17 37 14 24 0 0 0 0 0 0 0 0 17 37 17 37 14 24 0 0 0 0 0 0 0 0 17 37 17 37 14 24 0 0 0 0 0 0 0 0 17 37 17 37 14 24 0 0 0 0 0 0 0 0 17 37 17 37 14 24 0 0 0 0 0 0 0 0
156 0 1000 0 0 1000 0 1000 17 37 17 37 14 24 0 0 0 0 0 0 0 0 17 37 17 37 14 24 0 0 0 0 0 0 0 0 17 37 17 37 14 24 0 0 0 0 0 0 0 0 17 37 17 37 14 24 0 0 0 0 0 0 0 0 17 37 17 37 14 24 0 0 0 0 0 0 0 0 17 37 17 37 14 24 0 0 0 0 0 0 0 0
157 0 1000 0 0 1000 0 1000 17 37 17 37 14 24 83223 1 83223 1 0 0 0 0 17 37 17 37 14 24 83223 1 83223 1 0 0 0 0 17 37 17 37 14 24 83223 1 83223 1 0 0 0 0 17 37 17 37 14 24 83223 1 83223 1 0 0 0 0 17 37 17 37 14 24 83223 1 83223 1 0 0 0 0 17 37 17 37 14 24 83223 1 83223 1 0 0 0 0
158 0 1000 0 0 1000 0 1000 18 39 18 39 14 24 109667 109 0 0 80291 1 29376 108 18 39 18 39 14 24 109667 109 0 0 80291 1 29376 108 18 39 18 39 14 24 109667 109 0 0 80291 1 29376 108 18 39 18 39 14 24 109667 109 0 0 80291 1 29376 108 18 39 18 39 14 24 109667 109 0 0 80291 1 29376 108 18 39 18 39 14 24 109667 109 0 0 80291 1 29376 108
159 0 1000 0 0 1000 0 1000 18 39 18 39 14 24 0 0 0 0 0 0 0 0 18 39 18 39 14 24 0 0 0 0 0 0 0 0 18 39 18 39 14 24 0 0 0 0 0 0 0 0 18 39 18 39 14 24 0 0 0 0 0 0 0 0 18 39 18 39 14 24 0 0 0 0 0 0 0 0 18 39 18 39 14 24 0 0 0 0 0 0 0 0
160 0 1000 0 0 1000 0 1000 18 39 18 39 14 24 0 0 0 0 0 0 0 0 18 39 18 39 14 24 0 0 0 0 0 0 0 0 18 39 18 39 14 24 0 0 0 0 0 0 0 0 18 39 18 39 14 24 0 0 0 0 0 0 0 0 18 39 18 39 14 24 0 0 0 0 0 0 0 0 18 39 18 39 14 24 0 0 0 0 0 0 0 0
161 0 1000 0 0 1000 0 1000 18 39 18 39 14 24 83895 1 83895 1 0 0 0 0 18 39 18 39 14 24 83895 1 83895 1 0 0 0 0 18 39 18 39 14 24 83895 1 83895 1 0 0 0 0 18 39 18 39 14 24 83895 1 83895 1 0 0 0 0 18 39 18 39 14 24 83895 1 83895 1 0 0 0 0 18 39 18 39 14 24 83895 1 83895 1 0 0 0 0
162 0 1000 0 0 1000 0 1000 19 40 19 40 14 24 104499 90 0 0 80291 1 24208 89 19 40 19 40 14 24 104499 90 0 0 80291 1 24208 89 19 40 19 40 14 24 104499 90 0 0 80291 1 24208 89 19 40 19 40 14 24 104499 90 0 0 80291 1 24208 89 19 40 19 40 14 24 104499 90 0 0 80291 1 24208 89 19 40 19 40 14 24 104499 90 0 0 80291 1 24208 89
163 0 1000 0 0 1000 0 1000 19 40 19 40 15 30 0 0 0 0 0 0 0 0 19 40 19 40 15 30 0 0 0 0 0 0 0 0 19 40 19 40 15 30 0 0 0 0 0 0 0 0 19 40 19 40 15 30 0 0 0 0 0 0 0 0 19 40 19 40 15 30 0 0 0 0 0 0 0 0 19 40 19 40 15 30 0 0 0 0 0 0 0 0
164 0 1000 0 0 1000 0 1000 19 40 19 40 15 30 0 0 0 0 0 0 0 0 19 40 19 40 15 30 0 0 0 0 0 0 0 0 19 40 19 40 15 30 0 0 0 0 0 0 0 0 19 40 19 40 15 30 0 0 0 0 0 0 0 0 19 40 19 40 15 30 0 0 0 0 0 0 0 0 19 40 19 40 15 30 0 0 0 0 0 0 0 0
165 0 1000 0 0 1000 0 1000 19 40 19 40 15 30 249861 3 249861 3 0 0 0 0 19 40 19 40 15 30 249861 3 249861 3 0 0 0 0 19 40 19 40 15 30 249861 3 249861 3 0 0 0 0 19 40 19 40 15 30 249861 3 249861 3 0 0 0 0 19 40 19 40 15 30 249861 3 249861 3 0 0 0 0 19 40 19 40 15 30 249861 3 249861 3 0 0 0 0
166 0 1000 0 0 1000 0 1000 20 41 20 41 15 30 109123 107 0 0 80291 1 28832 106 20 41 20 41 15 30 109123 107 0 0 80291 1 28832 106 20 41 20 41 15 30 109123 107 0 0 80291 1 28832 106 20 41 20 41 15 30 109123 107 0 0 80291 1 28832 106 20 41 20 41 15 30 109123 107 0 0 80291 1 28832 106 20 41 20 41 15 30 109123 107 0 0 80291 1 28832 106
167 0 1000 0 0 1000 0 1000 20 41 20 41 15 30 0 0 0 0 0 0 0 0 20 41 20 41 15 30 0 0 0 0 0 0 0 0 20 41 20 41 15 30 0 0 0 0 0 0 0 0 20 41 20 41 15 30 0 0 0 0 0 0 0 0 20 41 20 41 15 30 0 0 0 0 0 0 0 0 20 41 20 41 15 30 0 0 0 0 0 0 0 0
168 0 1000 0 0 1000 0 1000 20 41 20 41 15 30 0 0 0 0 0 0 0 0 20 41 20 41 15 30 0 0 0 0 0 0 0 0 20 41 20 41 15 30 0 0 0 0 0 0 0 0 20 41 20 41 15 30 0 0 0 0 0 0 0 0 20 41 20 41 15 30 0 0 0 0 0 0 0 0 20 41 20 41 15 30 0 0 0 0 0 0 0 0
169 0 1000 0 0 1000 0 1000 20 41 20 41 15 30 167660 2 167660 2 0 0 0 0 20 41 20 41 15 30 167660 2 167660 2 0 0 0 0 20 41 20 41 15 30 167660 2 167660 2 0 0 0 0 20 41 20 41 15 30 167660 2 167660 2 0 0 0 0 20 41 20 41 15 30 167660 2 167660 2 0 0 0 0 20 41 20 41 15 30 167660 2 167660 2 0 0 0 0
170 0 1000 0 0 1000 0 1000 21 42 21 42 15 30 106129 96 0 0 80289 1 25840 95 21 42 21 42 15 30 106129 96 0 0 80289 1 25840 95 21 42 21 42 15 30 106129 96 0 0 80289 1 25840 95 21 42 21 42 15 30 106129 96 0 0 80289 1 25840 95 21 42 21 42 15 30 106129 96 0 0 80289 1 25840 95 21 42 21 42 15 30 106129 96 0 0 80289 1 25840 95
171 0 1000 0 0 1000 0 1000 21 42 21 42 15 30 0 0 0 0 0 0 0 0 21 42 21 42 15 30 0 0 0 0 0 0 0 0 21 42 21 42 15 30 0 0 0 0 0 0 0 0 21 42 21 42 15 30 0 0 0 0 0 0 0 0 21 42 21 42 15 30 0 0 0 0 0 0 0 0 21 42 21 42 15 30 0 0 0 0 0 0 0 0
172 0 1000 0 0 1000 0 1000 21 42 21 42 15 30 0 0 0 0 0 0 0 0 21 42 21 42 15 30 0 0 0 0 0 0 0 0 21 42 21 42 15 30 0 0 0 0 0 0 0 0 21 42 21 42 15 30 0 0 0 0 0 0 0 0 21 42 21 42 15 30 0 0 0 0 0 0 0 0 21 42 21 42 15 30 0 0 0 0 0 0 0 0
173 0 1000 0 0 1000 0 1000 21 42 21 42 15 30 0 0 0 0 0 0 0 0 21 42 21 42 15 30 0 0 0 0 0 0 0 0 21 42 21 42 15 30 0 0 0 0 0 0 0 0 21 42 21 42 15 30 0 0 0 0 0 0 0 0 21 42 21 42 15 30 0 0 0 0 0 0 0 0 21 42 21 42 15 30 0 0 0 0 0 0 0 0
174 0 1000 0 0 1000 0 1000 21 42 21 42 15 30 29376 108 0 0 0 0 29376 108 21 42 21 42 15 30 29376 108 0 0 0 0 29376 108 21 42 21 42 15 30 29376 108 0 0 0 0 29376 108 21 42 21 42 15 30 29376 108 0 0 0 0 29376 108 21 42 21 42 15 30 29376 108 0 0 0 0 29376 108 21 42 21 42 15 30 29376 108 0 0 0 0 29376 108
175 0 1000 0 0 1000 0 1000 21 42 21 42 15 30 0 0 0 0 0 0 0 0 21 42 21 42 15 30 0 0 0 0 0 0 0 0 21 42 21 42 15 30 0 0 0 0 0 0 0 0 21 42 21 42 15 30 0 0 0 0 0 0 0 0 21 42 21 42 15 30 0 0 0 0 0 0 0 0 21 42 21 42 15 30 0 0 0 0 0 0 0 0
176 0 1000 0 0 1000 0 1000 21 42 21 42 15 30 0 0 0 0 0 0 0 0 21 42 21 42 15 30 0 0 0 0 0 0 0 0 21 42 21 42 15 30 0 0 0 0 0 0 0 0 21 42 21 42 15 30 0 0 0 0 0 0 0 0 21 42 21 42 15 30 0 0 0 0 0 0 0 0 21 42 21 42 15 30 0 0 0 0 0 0 0 0
177 0 1000 0 0 1000 0 1000 21 42 21 42 15 30 0 0 0 0 0 0 0 0 21 42 21 42 15 30 0 0 0 0 0 0 0 0 21 42 21 42 15 30 0 0 0 0 0 0 0 0 21 42 21 42 15 30 0 0 0 0 0 0 0 0 21 42 21 42 15 30 0 0 0 0 0 0 0 0 21 42 21 42 15 30 0 0 0 0 0 0 0 0
178 0 1000 0 0 1000 0 1000 21 42 21 42 15 30 26656 98 0 0 0 0 26656 98 21 42 21 42 15 30 26656 98 0 0 0 0 26656 98 21 42 21 42 15 30 26656 98 0 0 0 0 26656 98 21 42 21 42 15 30 26656 98 0 0 0 0 26656 98 21 42 21 42 15 30 26656 98 0 0 0 0 26656 98 21 42 21 42 15 30 26656 98 0 0 0 0 26656 98
179 0 1000 0 0 1000 0 1000 21 42 21 42 16 34 0 0 0 0 0 0 0 0 21 42 21 42 16 34 0 0 0 0 0 0 0 0 21 42 21 42 16 34 0 0 0 0 0 0 0 0 21 42 21 42 16 34 0 0 0 0 0 0 0 0 21 42 21 42 16 34 0 0 0 0 0 0 0 0 21 42 21 42 16 34 0 0 0 0 0 0 0 0
180 0 1000 0 0 1000 0 1000 21 42 21 42 16 34 0 0 0 0 0 0 0 0 21 42 21 42 16 34 0 0 0 0 0 0 0 0 21 42 21 42 16 34 0 0 0 0 0 0 0 0 21 42 21 42 16 34 0 0 0 0 0 0 0 0 21 42 21 42 16 34 0 0 0 0 0 0 0 0 21 42 21 42 16 34 0 0 0 0 0 0 0 0
181 0 1000 0 0 1000 0 1000 21 42 21 42 16 34 83575 1 83575 1 0 0 0 0 21 42 21 42 16 34 83575 1 83575 1 0 0 0 0 21 42 21 42 16 34 83575 1 83575 1 0 0 0 0 21 42 21 42 16 34 83575 1 83575 1 0 0 0 0 21 42 21 42 16 34 83575 1 83575 1 0 0 0 0 21 42 21 42 16 34 83575 1 83575 1 0 0 0 0
182 0 1000 0 0 1000 0 1000 22 45 22 45 16 34 103955 88 0 0 80291 1 23664 87 22 45 22 45 16 34 103955 88 0 0 80291 1 23664 87 22 45 22 45 16 34 103955 88 0 0 80291 1 23664 87 22 45 22 45 16 34 103955 88 0 0 80291 1 23664 87 22 45 22 45 16 34 103955 88 0 0 80291 1 23664 87 22 45 22 45 16 34 103955 88 0 0 80291 1 23664 87
183 0 1000 0 0 1000 0 1000 22 45 22 45 16 34 0 0 0 0 0 0 0 0 22 45 22 45 16 34 0 0 0 0 0 0 0 0 22 45 22 45 16 34 0 0 0 0 0 0 0 0 22 45 22 45 16 34 0 0 0 0 0 0 0 0 22 45 22 45 16 34 0 0 0 0 0 0 0 0 22 45 22 45 16 34 0 0 0 0 0 0 0 0
184 0 1000 0 0 1000 0 1000 22 45 22 45 16 34 0 0 0 0 0 0 0 0 22 45 22 45 16 34 0 0 0 0 0 0 0 0 22 45 22 45 16 34 0 0 0 0 0 0 0 0 22 45 22 45 16 34 0 0 0 0 0 0 0 0 22 45 22 45 16 34 0 0 0 0 0 0 0 0 22 45 22 45 16 34 0 0 0 0 0 0 0 0
185 0 1000 0 0 1000 0 1000 22 45 22 45 16 34 0 0 0 0 0 0 0 0 22 45 22 45 16 34 0 0 0 0 0 0 0 0 22 45 22 45 16 34 0 0 0 0 0 0 0 0 22 45 22 45 16 34 0 0 0 0 0 0 0 0 22 45 22 45 16 34 0 0 0 0 0 0 0 0 22 45 22 45 16 34 0 0 0 0 0 0 0 0
186 0 1000 0 0 1000 0 1000 22 45 22 45 16 34 31552 116 0 0 0 0 31552 116 22 45 22 45 16 34 31552 116 0 0 0 0 31552 116 22 45 22 45 16 34 31552 116 0 0 0 0 31552 116 22 45 22 45 16 34 31552 116 0 0 0 0 31552 116 22 45 22 45 16 34 31552 116 0 0 0 0 31552 116 22 45 22 45 16 34 31552 116 0 0 0 0 31552 116
187 0 1000 0 0 1000 0 1000 22 45 22 45 16 34 0 0 0 0 0 0 0 0 22 45 22 45 16 34 0 0 0 0 0 0 0 0 22 45 22 45 16 34 0 0 0 0 0 0 0 0 22 45 22 45 16 34 0 0 0 0 0 0 0 0 22 45 22 45 16 34 0 0 0 0 0 0 0 0 22 45 22 45 16 34 0 0 0 0 0 0 0 0
188 0 1000 0 0 1000 0 1000 22 45 22 45 16 34 0 0 0 0 0 0 0 0 22 45 22 45 16 34 0 0 0 0 0 0 0 0 22 45 22 45 16 34 0 0 0 0 0 0 0 0 22 45 22 45 16 34 0 0 0 0 0 0 0 0 22 45 22 45 16 34 0 0 0 0 0 0 0 0 22 45 22 45 16 34 0 0 0 0 0 0 0 0
189 0 1000 0 0 1000 0 1000 22 45 22 45 16 34 168302 2 168302 2 0 0 0 0 22 45 22 45 16 34 168302 2 168302 2 0 0 0 0 22 45 22 45 16 34 168302 2 168302 2 0 0 0 0 22 45 22 45 16 34 168302 2 168302 2 0 0 0 0 22 45 22 45 16 34 168302 2 168302 2 0 0 0 0 22 45 22 45 16 34 168302 2 168302 2 0 0 0 0
190 0 1000 0 0 1000 0 1000 23 47 23 47 16 34 109395 108 0 0 80291 1 29104 107 23 47 23 47 16 34 109395 108 0 0 80291 1 29104 107 23 47 23 47 16 34 109395 108 0 0 80291 1 29104 107 23 47 23 47 16 34 109395 108 0 0 80291 1 29104 107 23 47 23 47 16 34 109395 108 0 0 80291 1 29104 107 23 47 23 47 16 34 109395 108 0 0 80291 1 29104 107
191 0 1000 0 0 1000 0 1000 23 47 23 47 17 37 0 0 0 0 0 0 0 0 23 47 23 47 17 37 0 0 0 0 0 0 0 0 23 47 23 47 17 37 0 0 0 0 0 0 0 0 23 47 23 47 17 37 0 0 0 0 0 0 0 0 23 47 23 47 17 37 0 0 0 0 0 0 0 0 23 47 23 47 17 37 0 0 0 0 0 0 0 0
192 0 1000 0 0 1000 0 1000 23 47 23 47 17 37 0 0 0 0 0 0 0 0 23 47 23 47 17 37 0 0 0 0 0 0 0 0 23 47 23 47 17 37 0 0 0 0 0 0 0 0 23 47 23 47 17 37 0 0 0 0 0 0 0 0 23 47 23 47 17 37 0 0 0 0 0 0 0 0 23 47 23 47 17 37 0 0 0 0 0 0 0 0
193 0 1000 0 0 1000 0 1000 23 47 23 47 17 37 251588 3 251588 3 0 0 0 0 23 47 23 47 17 37 251588 3 251588 3 0 0 0 0 23 47 23 47 17 37 251588 3 251588 3 0 0 0 0 23 47 23 47 17 37 251588 3 251588 3 0 0 0 0 23 47 23 47 17 37 251588 3 251588 3 0 0 0 0 23 47 23 47 17 37 251588 3 251588 3 0 0 0 0
194 0 1000 0 0 1000 0 1000 24 48 24 48 17 37 104770 91 0 0 80290 1 24480 90 24 48 24 48 17 37 104770 91 0 0 80290 1 24480 90 24 48 24 48 17 37 104770 91 0 0 80290 1 24480 90 24 48 24 48 17 37 104770 91 0 0 80290 1 24480 90 24 48 24 48 17 37 104770 91 0 0 80290 1 24480 90 24 48 24 48 17 37 104770 91 0 0 80290 1 24480 90
195 0 1000 0 0 1000 0 1000 24 48 24 48 17 37 0 0 0 0 0 0 0 0 24 48 24 48 17 37 0 0 0 0 0 0 0 0 24 48 24 48 17 37 0 0 0 0 0 0 0 0 24 48 24 48 17 37 0 0 0 0 0 0 0 0 24 48 24 48 17 37 0 0 0 0 0 0 0 0 24 48 24 48 17 37 0 0 0 0 0 0 0 0
196 0 1000 0 0 1000 0 1000 24 48 24 48 17 37 0 0 0 0 0 0 0 0 24 48 24 48 17 37 0 0 0 0 0 0 0 0 24 48 24 48 17 37 0 0 0 0 0 0 0 0 24 48 24 48 17 37 0 0 0 0 0 0 0 0 24 48 24 48 17 37 0 0 0 0 0 0 0 0 24 48 24 48 17 37 0 0 0 0 0 0 0 0
197 0 1000 0 0 1000 0 1000 24 48 24 48 17 37 0 0 0 0 0 0 0 0 24 48 24 48 17 37 0 0 0 0 0 0 0 0 24 48 24 48 17 37 0 0 0 0 0 0 0 0 24 48 24 48 17 37 0 0 0 0 0 0 0 0 24 48 24 48 17 37 0 0 0 0 0 0 0 0 24 48 24 48 17 37 0 0 0 0 0 0 0 0
198 0 1000 0 0 1000 0 1000 24 48 24 48 17 37 27200 100 0 0 0 0 27200 100 24 48 24 48 17 37 27200 100 0 0 0 0 27200 100 24 48 24 48 17 37 27200 100 0 0 0 0 27200 100 24 48 24 48 17 37 27200 100 0 0 0 0 27200 100 24 48 24 48 17 37 27200 100 0 0 0 0 27200 100 24 48 24 48 17 37 27200 100 0 0 0 0 27200 100
199 0 1000 0 0 1000 0 1000 24 48 24 48 18 39 0 0 0 0 0 0 0 0 24 48 24 48 18 39 0 0 0 0 0 0 0 0 24 48 24 48 18 39 0 0 0 0 0 0 0 0 24 48 24 48 18 39 0 0 0 0 0 0 0 0 24 48 24 48 18 39 0 0 0 0 0 0 0 0 24 48 24 48 18 39 0 0 0 0 0 0 0 0
200 0 1000 0 0 1000 0 1000 24 48 24 48 18 39 0 0 0 0 0 0 0 0 24 48 24 48 18 39 0 0 0 0 0 0 0 0 24 48 24 48 18 39 0 0 0 0 0 0 0 0 24 48 24 48 18 39 0 0 0 0 0 0 0 0 24 48 24 48 18 39 0 0 0 0 0 0 0 0 24 48 24 48 18 39 0 0 0 0 0 0 0 0
201 0 1000 0 0 1000 0 1000 24 48 24 48 18 39 83639 1 83639 1 0 0 0 0 24 48 24 48 18 39 83639 1 83639 1 0 0 0 0 24 48 24 48 18 39 83639 1 83639 1 0 0 0 0 24 48 24 48 18 39 83639 1 83639 1 0 0 0 0 24 48 24 48 18 39 83639 1 83639 1 0 0 0 0 24 48 24 48 18 39 83639 1 83639 1 0 0 0 0
202 0 1000 0 0 1000 0 1000 25 50 25 50 18 39 106947 99 0 0 80291 1 26656 98 25 50 25 50 18 39 106947 99 0 0 80291 1 26656 98 25 50 25 50 18 39 106947 99 0 0 80291 1 26656 98 25 50 25 50 18 39 106947 99 0 0 80291 1 26656 98 25 50 25 50 18 39 106947 99 0 0 80291 1 26656 98 25 50 25 50 18 39 106947 99 0 0 80291 1 26656 98
203 0 1000 0 0 1000 0 1000 25 50 25 50 19 40 0 0 0 0 0 0 0 0 25 50 25 50 19 40 0 0 0 0 0 0 0 0 25 50 25 50 19 40 0 0 0 0 0 0 0 0 25 50 25 50 19 40 0 0 0 0 0 0 0 0 25 50 25 50 19 40 0 0 0 0 0 0 0 0 25 50 25 50 19 40 0 0 0 0 0 0 0 0
204 0 1000 0 0 1000 0 1000 25 50 25 50 19 40 0 0 0 0 0 0 0 0 25 50 25 50 19 40 0 0 0 0 0 0 0 0 25 50 25 50 19 40 0 0 0 0 0 0 0 0 25 50 25 50 19 40 0 0 0 0 0 0 0 0 25 50 25 50 19 40 0 0 0 0 0 0 0 0 25 50 25 50 19 40 0 0 0 0 0 0 0 0
205 0 1000 0 0 1000 0 1000 25 50 25 50 19 40 0 0 0 0 0 0 0 0 25 50 25 50 19 40 0 0 0 0 0 0 0 0 25 50 25 50 19 40 0 0 0 0 0 0 0 0 25 50 25 50 19 40 0 0 0 0 0 0 0 0 25 50 25 50 19 40 0 0 0 0 0 0 0 0 25 50 25 50 19 40 0 0 0 0 0 0 0 0
206 0 1000 0 0 1000 0 1000 25 50 25 50 19 40 24752 91 0 0 0 0 24752 91 25 50 25 50 19 40 24752 91 0 0 0 0 24752 91 25 50 25 50 19 40 24752 91 0 0 0 0 24752 91 25 50 25 50 19 40 24752 91 0 0 0 0 24752 91 25 50 25 50 19 40 24752 91 0 0 0 0 24752 91 25 50 25 50 19 40 24752 91 0 0 0 0 24752 91
207 0 1000 0 0 1000 0 1000 25 50 25 50 20 41 0 0 0 0 0 0 0 0 25 50 25 50 20 41 0 0 0 0 0 0 0 0 25 50 25 50 20 41 0 0 0 0 0 0 0 0 25 50 25 50 20 41 0 0 0 0 0 0 0 0 25 50 25 50 20 41 0 0 0 0 0 0 0 0 25 50 25 50 20 41 0 0 0 0 0 0 0 0
208 0 1000 0 0 1000 0 1000 25 50 25 50 20 41 0 0 0 0 0 0 0 0 25 50 25 50 20 41 0 0 0 0 0 0 0 0 25 50 25 50 20 41 0 0 0 0 0 0 0 0 25 50 25 50 20 41 0 0 0 0 0 0 0 0 25 50 25 50 20 41 0 0 0 0 0 0 0 0 25 50 25 50 20 41 0 0 0 0 0 0 0 0
209 0 1000 0 0 1000 0 1000 25 50 25 50 20 41 0 0 0 0 0 0 0 0 25 50 25 50 20 41 0 0 0 0 0 0 0 0 25 50 25 50 20 41 0 0 0 0 0 0 0 0 25 50 25 50 20 41 0 0 0 0 0 0 0 0 25 50 25 50 20 41 0 0 0 0 0 0 0 0 25 50 25 50 20 41 0 0 0 0 0 0 0 0
210 0 1000 0 0 1000 0 1000 25 50 25 50 20 41 29376 108 0 0 0 0 29376 108 25 50 25 50 20 41 29376 108 0 0 0 0 29376 108 25 50 25 50 20 41 29376 108 0 0 0 0 29376 108 25 50 25 50 20 41 29376 108 0 0 0 0 29376 108 25 50 25 50 20 41 29376 108 0 0 0 0 29376 108 25 50 25 50 20 41 29376 108 0 0 0 0 29376 108
211 0 1000 0 0 1000 0 1000 25 50 25 50 21 42 0 0 0 0 0 0 0 0 25 50 25 50 21 42 0 0 0 0 0 0 0 0 25 50 25 50 21 42 0 0 0 0 0 0 0 0 25 50 25 50 21 42 0 0 0 0 0 0 0 0 25 50 25 50 21 42 0 0 0 0 0 0 0 0 25 50 25 50 21 42 0 0 0 0 0 0 0 0
212 0 1000 0 0 1000 0 1000 25 50 25 50 21 42 0 0 0 0 0 0 0 0 25 50 25 50 21 42 0 0 0 0 0 0 0 0 25 50 25 50 21 42 0 0 0 0 0 0 0 0 25 50 25 50 21 42 0 0 0 0 0 0 0 0 25 50 25 50 21 42 0 0 0 0 0 0 0 0 25 50 25 50 21 42 0 0 0 0 0 0 0 0
213 0 1000 0 0 1000 0 1000 25 50 25 50 21 42 167790 2 167790 2 0 0 0 0 25 50 25 50 21 42 167790 2 167790 2 0 0 0 0 25 50 25 50 21 42 167790 2 167790 2 0 0 0 0 25 50 25 50 21 42 167790 2 167790 2 0 0 0 0 25 50 25 50 21 42 167790 2 167790 2 0 0 0 0 25 50 25 50 21 42 167790 2 167790 2 0 0 0 0
214 0 1000 0 0 1000 0 1000 26 53 26 53 21 42 108851 106 0 0 80291 1 28560 105 26 53 26 53 21 42 108851 106 0 0 80291 1 28560 105 26 53 26 53 21 42 108851 106 0 0 80291 1 28560 105 26 53 26 53 21 42 108851 106 0 0 80291 1 28560 105 26 53 26 53 21 42 108851 106 0 0 80291 1 28560 105 26 53 26 53 21 42 108851 106 0 0 80291 1 28560 105
215 0 1000 0 0 1000 0 1000 26 53 26 53 21 42 0 0 0 0 0 0 0 0 26 53 26 53 21 42 0 0 0 0 0 0 0 0 26 53 26 53 21 42 0 0 0 0 0 0 0 0 26 53 26 53 21 42 0 0 0 0 0 0 0 0 26 53 26 53 21 42 0 0 0 0 0 0 0 0 26 53 26 53 21 42 0 0 0 0 0 0 0 0
216 0 1000 0 0 1000 0 1000 26 53 26 53 21 42 0 0 0 0 0 0 0 0 26 53 26 53 21 42 0 0 0 0 0 0 0 0 26 53 26 53 21 42 0 0 0 0 0 0 0 0 26 53 26 53 21 42 0 0 0 0 0 0 0 0 26 53 26 53 21 42 0 0 0 0 0 0 0 0 26 53 26 53 21 42 0 0 0 0 0 0 0 0
217 0 1000 0 0 1000 0 1000 26 53 26 53 21 42 83799 1 83799 1 0 0 0 0 26 53 26 53 21 42 83799 1 83799 1 0 0 0 0 26 53 26 53 21 42 83799 1 83799 1 0 0 0 0 26 53 26 53 21 42 83799 1 83799 1 0 0 0 0 26 53 26 53 21 42 83799 1 83799 1 0 0 0 0 26 53 26 53 21 42 83799 1 83799 1 0 0 0 0
218 0 1000 0 0 1000 0 1000 27 54 27 54 21 42 106403 97 0 0 80291 1 26112 96 27 54 27 54 21 42 106403 97 0 0 80291 1 26112 96 27 54 27 54 21 42 106403 97 0 0 80291 1 26112 96 27 54 27 54 21 42 106403 97 0 0 80291 1 26112 96 27 54 27 54 21 42 106403 97 0 0 80291 1 26112 96 27 54 27 54 21 42 106403 97 0 0 80291 1 26112 96
219 0 1000 0 0 1000 0 1000 27 54 27 54 21 42 0 0 0 0 0 0 0 0 27 54 27 54 21 42 0 0 0 0 0 0 0 0 27 54 27 54 21 42 0 0 0 0 0 0 0 0 27 54 27 54 21 42 0 0 0 0 0 0 0 0 27 54 27 54 21 42 0 0 0 0 0 0 0 0 27 54 27 54 21 42 0 0 0 0 0 0 0 0
220 0 1000 0 0 1000 0 1000 27 54 27 54 21 42 0 0 0 0 0 0 0 0 27 54 27 54 21 42 0 0 0 0 0 0 0 0 27 54 27 54 21 42 0 0 0 0 0 0 0 0 27 54 27 54 21 42 0 0 0 0 0 0 0 0 27 54 27 54 21 42 0 0 0 0 0 0 0 0 27 54 27 54 21 42 0 0 0 0 0 0 0 0
221 0 1000 0 0 1000 0 1000 27 54 27 54 21 42 83510 1 83510 1 0 0 0 0 27 54 27 54 21 42 83510 1 83510 1 0 0 0 0 27 54 27 54 21 42 83510 1 83510 1 0 0 0 0 27 54 27 54 21 42 83510 1 83510 1 0 0 0 0 27 54 27 54 21 42 83510 1 83510 1 0 0 0 0 27 54 27 54 21 42 83510 1 83510 1 0 0 0 0
222 0 1000 0 0 1000 0 1000 28 55 28 55 21 42 107218 100 0 0 80290 1 26928 99 28 55 28 55 21 42 107218 100 0 0 80290 1 26928 99 28 55 28 55 21 42 107218 100 0 0 80290 1 26928 99 28 55 28 55 21 42 107218 100 0 0 80290 1 26928 99 28 55 28 55 21 42 107218 100 0 0 80290 1 26928 99 28 55 28 55 21 42 107218 100 0 0 80290 1 26928 99
223 0 1000 0 0 1000 0 1000 28 55 28 55 22 45 0 0 0 0 0 0 0 0 28 55 28 55 22 45 0 0 0 0 0 0 0 0 28 55 28 55 22 45 0 0 0 0 0 0 0 0 28 55 28 55 22 45 0 0 0 0 0 0 0 0 28 55 28 55 22 45 0 0 0 0 0 0 0 0 28 55 28 55 22 45 0 0 0 0 0 0 0 0
224 0 1000 0 0 1000 0 1000 28 55 28 55 22 45 0 0 0 0 0 0 0 0 28 55 28 55 22 45 0 0 0 0 0 0 0 0 28 55 28 55 22 45 0 0 0 0 0 0 0 0 28 55 28 55 22 45 0 0 0 0 0 0 0 0 28 55 28 55 22 45 0 0 0 0 0 0 0 0 28 55 28 55 22 45 0 0 0 0 0 0 0 0
225 0 1000 0 0 1000 0 1000 28 55 28 55 22 45 83606 1 83606 1 0 0 0 0 28 55 28 55 22 45 83606 1 83606 1 0 0 0 0 28 55 28 55 22 45 83606 1 83606 1 0 0 0 0 28 55 28 55 22 45 83606 1 83606 1 0 0 0 0 28 55 28 55 22 45 83606 1 83606 1 0 0 0 0 28 55 28 55 22 45 83606 1 83606 1 0 0 0 0
226 0 1000 0 0 1000 0 1000 29 56 29 56 22 45 105314 93 0 0 80290 1 25024 92 29 56 29 56 22 45 105314 93 0 0 80290 1 25024 92 29 56 29 56 22 45 105314 93 0 0 80290 1 25024 92 29 56 29 56 22 45 105314 93 0 0 80290 1 25024 92 29 56 29 56 22 45 105314 93 0 0 80290 1 25024 92 29 56 29 56 22 45 105314 93 0 0 80290 1 25024 92
227 0 1000 0 0 1000 0 1000 29 56 29 56 22 45 0 0 0 0 0 0 0 0 29 56 29 56 22 45 0 0 0 0 0 0 0 0 29 56 29 56 22 45 0 0 0 0 0 0 0 0 29 56 29 56 22 45 0 0 0 0 0 0 0 0 29 56 29 56 22 45 0 0 0 0 0 0 0 0 29 56 29 56 22 45 0 0 0 0 0 0 0 0
228 0 1000 0 0 1000 0 1000 29 56 29 56 22 45 0 0 0 0 0 0 0 0 29 56 29 56 22 45 0 0 0 0 0 0 0 0 29 56 29 56 22 45 0 0 0 0 0 0 0 0 29 56 29 56 22 45 0 0 0 0 0 0 0 0 29 56 29 56 22 45 0 0 0 0 0 0 0 0 29 56 29 56 22 45 0 0 0 0 0 0 0 0
229 0 1000 0 0 1000 0 1000 29 56 29 56 22 45 83383 1 83383 1 0 0 0 0 29 56 29 56 22 45 83383 1 83383 1 0 0 0 0 29 56 29 56 22 45 83383 1 83383 1 0 0 0 0 29 56 29 56 22 45 83383 1 83383 1 0 0 0 0 29 56 29 56 22 45 83383 1 83383 1 0 0 0 0 29 56 29 56 22 45 83383 1 83383 1 0 0 0 0
230 0 1000 0 0 1000 0 1000 30 57 30 57 22 45 109395 108 0 0 80291 1 29104 107 30 57 30 57 22 45 109395 108 0 0 80291 1 29104 107 30 57 30 57 22 45 109395 108 0 0 80291 1 29104 107 30 57 30 57 22 45 109395 108 0 0 80291 1 29104 107 30 57 30 57 22 45 109395 108 0 0 80291 1 29104 107 30 57 30 57 22 45 109395 108 0 0 80291 1 29104 107
231 0 1000 0 0 1000 0 1000 30 57 30 57 23 47 0 0 0 0 0 0 0 0 30 57 30 57 23 47 0 0 0 0 0 0 0 0 30 57 30 57 23 47 0 0 0 0 0 0 0 0 30 57 30 57 23 47 0 0 0 0 0 0 0 0 30 57 30 57 23 47 0 0 0 0 0 0 0 0 30 57 30 57 23 47 0 0 0 0 0 0 0 0
232 0 1000 0 0 1000 0 1000 30 57 30 57 23 47 0 0 0 0 0 0 0 0 30 57 30 57 23 47 0 0 0 0 0 0 0 0 30 57 30 57 23 47 0 0 0 0 0 0 0 0 30 57 30 57 23 47 0 0 0 0 0 0 0 0 30 57 30 57 23 47 0 0 0 0 0 0 0 0 30 57 30 57 23 47 0 0 0 0 0 0 0 0
233 0 1000 0 0 1000 0 1000 30 57 30 57 23 47 167725 2 167725 2 0 0 0 0 30 57 30 57 23 47 167725 2 167725 2 0 0 0 0 30 57 30 57 23 47 167725 2 167725 2 0 0 0 0 30 57 30 57 23 47 167725 2 167725 2 0 0 0 0 30 57 30 57 23 47 167725 2 167725 2 0 0 0 0 30 57 30 57 23 47 167725 2 167725 2 0 0 0 0
234 0 1000 0 0 1000 0 1000 31 58 31 58 23 47 108579 105 0 0 80291 1 28288 104 31 58 31 58 23 47 108579 105 0 0 80291 1 28288 104 31 58 31 58 23 47 108579 105 0 0 80291 1 28288 104 31 58 31 58 23 47 108579 105 0 0 80291 1 28288 104 31 58 31 58 23 47 108579 105 0 0 80291 1 28288 104 31 58 31 58 23 47 108579 105 0 0 80291 1 28288 104
235 0 1000 0 0 1000 0 1000 31 58 31 58 24 48 0 0 0 0 0 0 0 0 31 58 31 58 24 48 0 0 0 0 0 0 0 0 31 58 31 58 24 48 0 0 0 0 0 0 0 0 31 58 31 58 24 48 0 0 0 0 0 0 0 0 31 58 31 58 24 48 0 0 0 0 0 0 0 0 31 58 31 58 24 48 0 0 0 0 0 0 0 0
236 0 1000 0 0 1000 0 1000 31 58 31 58 24 48 0 0 0 0 0 0 0 0 31 58 31 58 24 48 0 0 0 0 0 0 0 0 31 58 31 58 24 48 0 0 0 0 0 0 0 0 31 58 31 58 24 48 0 0 0 0 0 0 0 0 31 58 31 58 24 48 0 0 0 0 0 0 0 0 31 58 31 58 24 48 0 0 0 0 0 0 0 0
237 0 1000 0 0 1000 0 1000 31 58 31 58 24 48 83767 1 83767 1 0 0 0 0 31 58 31 58 24 48 83767 1 83767 1 0 0 0 0 31 58 31 58 24 48 83767 1 83767 1 0 0 0 0 31 58 31 58 24 48 83767 1 83767 1 0 0 0 0 31 58 31 58 24 48 83767 1 83767 1 0 0 0 0 31 58 31 58 24 48 83767 1 83767 1 0 0 0 0
238 0 1000 0 0 1000 0 1000 32 59 32 59 24 48 105859 95 0 0 80291 1 25568 94 32 59 32 59 24 48 105859 95 0 0 80291 1 25568 94 32 59 32 59 24 48 105859 95 0 0 80291 1 25568 94 32 59 32 59 24 48 105859 95 0 0 80291 1 25568 94 32 59 32 59 24 48 105859 95 0 0 80291 1 25568 94 32 59 32 59 24 48 105859 95 0 0 80291 1 25568 94
239 0 1000 0 0 1000 0 1000 32 59 32 59 24 48 0 0 0 0 0 0 0 0 32 59 32 59 24 48 0 0 0 0 0 0 0 0 32 59 32 59 24 48 0 0 0 0 0 0 0 0 32 59 32 59 24 48 0 0 0 0 0 0 0 0 32 59 32 59 24 48 0 0 0 0 0 0 0 0 32 59 32 59 24 48 0 0 0 0 0 0 0 0
240 0 1000 0 0 1000 0 1000 32 59 32 59 24 48 0 0 0 0 0 0 0 0 32 59 32 59 24 48 0 0 0 0 0 0 0 0 32 59 32 59 24 48 0 0 0 0 0 0 0 0 32 59 32 59 24 48 0 0 0 0 0 0 0 0 32 59 32 59 24 48 0 0 0 0 0 0 0 0 32 59 32 59 24 48 0 0 0 0 0 0 0 0
241 0 1000 0 0 1000 0 1000 32 59 32 59 24 48 166894 2 166894 2 0 0 0 0 32 59 32 59 24 48 166894 2 166894 2 0 0 0 0 32 59 32 59 24 48 166894 2 166894 2 0 0 0 0 32 59 32 59 24 48 166894 2 166894 2 0 0 0 0 32 59 32 59 24 48 166894 2 166894 2 0 0 0 0 32 59 32 59 24 48 166894 2 166894 2 0 0 0 0
242 0 1000 0 0 1000 0 1000 33 60 33 60 24 48 105587 94 0 0 80291 1 25296 93 33 60 33 60 24 48 105587 94 0 0 80291 1 25296 93 33 60 33 60 24 48 105587 94 0 0 80291 1 25296 93 33 60 33 60 24 48 105587 94 0 0 80291 1 25296 93 33 60 33 60 24 48 105587 94 0 0 80291 1 25296 93 33 60 33 60 24 48 105587 94 0 0 80291 1 25296 93
243 0 1000 0 0 1000 0 1000 33 60 33 60 25 50 0 0 0 0 0 0 0 0 33 60 33 60 25 50 0 0 0 0 0 0 0 0 33 60 33 60 25 50 0 0 0 0 0 0 0 0 33 60 33 60 25 50 0 0 0 0 0 0 0 0 33 60 33 60 25 50 0 0 0 0 0 0 0 0 33 60 33 60 25 50 0 0 0 0 0 0 0 0
244 0 1000 0 0 1000 0 1000 33 60 33 60 25 50 0 0 0 0 0 0 0 0 33 60 33 60 25 50 0 0 0 0 0 0 0 0 33 60 33 60 25 50 0 0 0 0 0 0 0 0 33 60 33 60 25 50 0 0 0 0 0 0 0 0 33 60 33 60 25 50 0 0 0 0 0 0 0 0 33 60 33 60 25 50 0 0 0 0 0 0 0 0
245 0 1000 0 0 1000 0 1000 33 60 33 60 25 50 0 0 0 0 0 0 0 0 33 60 33 60 25 50 0 0 0 0 0 0 0 0 33 60 33 60 25 50 0 0 0 0 0 0 0 0 33 60 33 60 25 50 0 0 0 0 0 0 0 0 33 60 33 60 25 50 0 0 0 0 0 0 0 0 33 60 33 60 25 50 0 0 0 0 0 0 0 0
246 0 1000 0 0 1000 0 1000 33 60 33 60 25 50 21488 79 0 0 0 0 21488 79 33 60 33 60 25 50 21488 79 0 0 0 0 21488 79 33 60 33 60 25 50 21488 79 0 0 0 0 21488 79 33 60 33 60 25 50 21488 79 0 0 0 0 21488 79 33 60 33 60 25 50 21488 79 0 0 0 0 21488 79 33 60 33 60 25 50 21488 79 0 0 0 0 21488 79
247 0 1000 0 0 1000 0 1000 33 60 33 60 25 50 0 0 0 0 0 0 0 0 33 60 33 60 25 50 0 0 0 0 0 0 0 0 33 60 33 60 25 50 0 0 0 0 0 0 0 0 33 60 33 60 25 50 0 0 0 0 0 0 0 0 33 60 33 60 25 50 0 0 0 0 0 0 0 0 33 60 33 60 25 50 0 0 0 0 0 0 0 0
248 0 1000 0 0 1000 0 1000 33 60 33 60 25 50 0 0 0 0 0 0 0 0 33 60 33 60 25 50 0 0 0 0 0 0 0 0 33 60 33 60 25 50 0 0 0 0 0 0 0 0 33 60 33 60 25 50 0 0 0 0 0 0 0 0 33 60 33 60 25 50 0 0 0 0 0 0 0 0 33 60 33 60 25 50 0 0 0 0 0 0 0 0
249 0 1000 0 0 1000 0 1000 33 60 33 60 25 50 0 0 0 0 0 0 0 0 33 60 33 60 25 50 0 0 0 0 0 0 0 0 33 60 33 60 25 50 0 0 0 0 0 0 0 0 33 60 33 60 25 50 0 0 0 0 0 0 0 0 33 60 33 60 25 50 0 0 0 0 0 0 0 0 33 60 33 60 25 50 0 0 0 0 0 0 0 0
250 0 1000 0 0 1000 0 1000 33 60 33 60 25 50 26928 99 0 0 0 0 26928 99 33 60 33 60 25 50 26928 99 0 0 0 0 26928 99 33 60 33 60 25 50 26928 99 0 0 0 0 26928 99 33 60 33 60 25 50 26928 99 0 0 0 0 26928 99 33 60 33 60 25 50 26928 99 0 0 0 0 26928 99 33 60 33 60 25 50 26928 99 0 0 0 0 26928 99
251 0 1000 0 0 1000 0 1000 33 60 33 60 25 50 0 0 0 0 0 0 0 0 33 60 33 60 25 50 0 0 0 0 0 0 0 0 33 60 33 60 25 50 0 0 0 0 0 0 0 0 33 60 33 60 25 50 0 0 0 0 0 0 0 0 33 60 33 60 25 50 0 0 0 0 0 0 0 0 33 60 33 60 25 50 0 0 0 0 0 0 0 0
252 0 1000 0 0 1000 0 1000 33 60 33 60 25 50 0 0 0 0 0 0 0 0 33 60 33 60 25 50 0 0 0 0 0 0 0 0 33 60 33 60 25 50 0 0 0 0 0 0 0 0 33 60 33 60 25 50 0 0 0 0 0 0 0 0 33 60 33 60 25 50 0 0 0 0 0 0 0 0 33 60 33 60 25 50 0 0 0 0 0 0 0 0
253 0 1000 0 0 1000 0 1000 33 60 33 60 25 50 83606 1 83606 1 0 0 0 0 33 60 33 60 25 50 83606 1 83606 1 0 0 0 0 33 60 33 60 25 50 83606 1 83606 1 0 0 0 0 33 60 33 60 25 50 83606 1 83606 1 0 0 0 0 33 60 33 60 25 50 83606 1 83606 1 0 0 0 0 33 60 33 60 25 50 83606 1 83606 1 0 0 0 0
254 0 1000 0 0 1000 0 1000 34 63 34 63 25 50 111298 115 0 0 80290 1 31008 114 34 63 34 63 25 50 111298 115 0 0 80290 1 31008 114 34 63 34 63 25 50 111298 115 0 0 80290 1 31008 114 34 63 34 63 25 50 111298 115 0 0 80290 1 31008 114 34 63 34 63 25 50 111298 115 0 0 80290 1 31008 114 34 63 34 63 25 50 111298 115 0 0 80290 1 31008 114
255 0 1000 0 0 1000 0 1000 34 63 34 63 26 53 0 0 0 0 0 0 0 0 34 63 34 63 26 53 0 0 0 0 0 0 0 0 34 63 34 63 26 53 0 0 0 0 0 0 0 0 34 63 34 63 26 53 0 0 0 0 0 0 0 0 34 63 34 63 26 53 0 0 0 0 0 0 0 0 34 63 34 63 26 53 0 0 0 0 0 0 0 0
256 0 1000 0 0 1000 0 1000 34 63 34 63 26 53 0 0 0 0 0 0 0 0 34 63 34 63 26 53 0 0 0 0 0 0 0 0 34 63 34 63 26 53 0 0 0 0 0 0 0 0 34 63 34 63 26 53 0 0 0 0 0 0 0 0 34 63 34 63 26 53 0 0 0 0 0 0 0 0 34 63 34 63 26 53 0 0 0 0 0 0 0 0
257 0 1000 0 0 1000 0 1000 34 63 34 63 26 53 84087 1 84087 1 0 0 0 0 34 63 34 63 26 53 84087 1 84087 1 0 0 0 0 34 63 34 63 26 53 84087 1 84087 1 0 0 0 0 34 63 34 63 26 53 84087 1 84087 1 0 0 0 0 34 63 34 63 26 53 84087 1 84087 1 0 0 0 0 34 63 34 63 26 53 84087 1 84087 1 0 0 0 0
258 0 1000 0 0 1000 0 1000 35 64 35 64 26 53 111843 117 0 0 80291 1 31552 116 35 64 35 64 26 53 111843 117 0 0 80291 1 31552 116 35 64 35 64 26 53 111843 117 0 0 80291 1 31552 116 35 64 35 64 26 53 111843 117 0 0 80291 1 31552 116 35 64 35 64 26 53 111843 117 0 0 80291 1 31552 116 35 64 35 64 26 53 111843 117 0 0 80291 1 31552 116
259 0 1000 0 0 1000 0 1000 35 64 35 64 27 54 0 0 0 0 0 0 0 0 35 64 35 64 27 54 0 0 0 0 0 0 0 0 35 64 35 64 27 54 0 0 0 0 0 0 0 0 35 64 35 64 27 54 0 0 0 0 0 0 0 0 35 64 35 64 27 54 0 0 0 0 0 0 0 0 35 64 35 64 27 54 0 0 0 0 0 0 0 0
260 0 1000 0 0 1000 0 1000 35 64 35 64 27 54 0 0 0 0 0 0 0 0 35 64 35 64 27 54 0 0 0 0 0 0 0 0 35 64 35 64 27 54 0 0 0 0 0 0 0 0 35 64 35 64 27 54 0 0 0 0 0 0 0 0 35 64 35 64 27 54 0 0 0 0 0 0 0 0 35 64 35 64 27 54 0 0 0 0 0 0 0 0
261 0 1000 0 0 1000 0 1000 35 64 35 64 27 54 84151 1 84151 1 0 0 0 0 35 64 35 64 27 54 84151 1 84151 1 0 0 0 0 35 64 35 64 27 54 84151 1 84151 1 0 0 0 0 35 64 35 64 27 54 84151 1 84151 1 0 0 0 0 35 64 35 64 27 54 84151 1 84151 1 0 0 0 0 35 64 35 64 27 54 84151 1 84151 1 0 0 0 0
262 0 1000 0 0 1000 0 1000 36 65 36 65 27 54 106947 99 0 0 80291 1 26656 98 36 65 36 65 27 54 106947 99 0 0 80291 1 26656 98 36 65 36 65 27 54 106947 99 0 0 80291 1 26656 98 36 65 36 65 27 54 106947 99 0 0 80291 1 26656 98 36 65 36 65 27 54 106947 99 0 0 80291 1 26656 98 36 65 36 65 27 54 106947 99 0 0 80291 1 26656 98
263 0 1000 0 0 1000 0 1000 36 65 36 65 28 55 0 0 0 0 0 0 0 0 36 65 36 65 28 55 0 0 0 0 0 0 0 0 36 65 36 65 28 55 0 0 0 0 0 0 0 0 36 65 36 65 28 55 0 0 0 0 0 0 0 0 36 65 36 65 28 55 0 0 0 0 0 0 0 0 36 65 36 65 28 55 0 0 0 0 0 0 0 0
264 0 1000 0 0 1000 0 1000 36 65 36 65 28 55 0 0 0 0 0 0 0 0 36 65 36 65 28 55 0 0 0 0 0 0 0 0 36 65 36 65 28 55 0 0 0 0 0 0 0 0 36 65 36 65 28 55 0 0 0 0 0 0 0 0 36 65 36 65 28 55 0 0 0 0 0 0 0 0 36 65 36 65 28 55 0 0 0 0 0 0 0 0
265 0 1000 0 0 1000 0 1000 36 65 36 65 28 55 83575 1 83575 1 0 0 0 0 36 65 36 65 28 55 83575 1 83575 1 0 0 0 0 36 65 36 65 28 55 83575 1 83575 1 0 0 0 0 36 65 36 65 28 55 83575 1 83575 1 0 0 0 0 36 65 36 65 28 55 83575 1 83575 1 0 0 0 0 36 65 36 65 28 55 83575 1 83575 1 0 0 0 0
266 0 1000 0 0 1000 0 1000 37 66 37 66 28 55 107219 100 0 0 80291 1 26928 99 37 66 37 66 28 55 107219 100 0 0 80291 1 26928 99 37 66 37 66 28 55 107219 100 0 0 80291 1 26928 99 37 66 37 66 28 55 107219 100 0 0 80291 1 26928 99 37 66 37 66 28 55 107219 100 0 0 80291 1 26928 99 37 66 37 66 28 55 107219 100 0 0 80291 1 26928 99
267 0 1000 0 0 1000 0 1000 37 66 37 66 29 56 0 0 0 0 0 0 0 0 37 66 37 66 29 56 0 0 0 0 0 0 0 0 37 66 37 66 29 56 0 0 0 0 0 0 0 0 37 66 37 66 29 56 0 0 0 0 0 0 0 0 37 66 37 66 29 56 0 0 0 0 0 0 0 0 37 66 37 66 29 56 0 0 0 0 0 0 0 0
268 0 1000 0 0 1000 0 1000 37 66 37 66 29 56 0 0 0 0 0 0 0 0 37 66 37 66 29 56 0 0 0 0 0 0 0 0 37 66 37 66 29 56 0 0 0 0 0 0 0 0 37 66 37 66 29 56 0 0 0 0 0 0 0 0 37 66 37 66 29 56 0 0 0 0 0 0 0 0 37 66 37 66 29 56 0 0 0 0 0 0 0 0
269 0 1000 0 0 1000 0 1000 37 66 37 66 29 56 167214 2 167214 2 0 0 0 0 37 66 37 66 29 56 167214 2 167214 2 0 0 0 0 37 66 37 66 29 56 167214 2 167214 2 0 0 0 0 37 66 37 66 29 56 167214 2 167214 2 0 0 0 0 37 66 37 66 29 56 167214 2 167214 2 0 0 0 0 37 66 37 66 29 56 167214 2 167214 2 0 0 0 0
270 0 1000 0 0 1000 0 1000 38 67 38 67 29 56 110211 111 0 0 80291 1 29920 110 38 67 38 67 29 56 110211 111 0 0 80291 1 29920 110 38 67 38 67 29 56 110211 111 0 0 80291 1 29920 110 38 67 38 67 29 56 110211 111 0 0 80291 1 29920 110 38 67 38 67 29 56 110211 111 0 0 80291 1 29920 110 38 67 38 67 29 56 110211 111 0 0 80291 1 29920 110
271 0 1000 0 0 1000 0 1000 38 67 38 67 30 57 0 0 0 0 0 0 0 0 38 67 38 67 30 57 0 0 0 0 0 0 0 0 38 67 38 67 30 57 0 0 0 0 0 0 0 0 38 67 38 67 30 57 0 0 0 0 0 0 0 0 38 67 38 67 30 57 0 0 0 0 0 0 0 0 38 67 38 67 30 57 0 0 0 0 0 0 0 0
272 0 1000 0 0 1000 0 1000 38 67 38 67 30 57 0 0 0 0 0 0 0 0 38 67 38 67 30 57 0 0 0 0 0 0 0 0 38 67 38 67 30 57 0 0 0 0 0 0 0 0 38 67 38 67 30 57 0 0 0 0 0 0 0 0 38 67 38 67 30 57 0 0 0 0 0 0 0 0 38 67 38 67 30 57 0 0 0 0 0 0 0 0
273 0 1000 0 0 1000 0 1000 38 67 38 67 30 57 83959 1 83959 1 0 0 0 0 38 67 38 67 30 57 83959 1 83959 1 0 0 0 0 38 67 38 67 30 57 83959 1 83959 1 0 0 0 0 38 67 38 67 30 57 83959 1 83959 1 0 0 0 0 38 67 38 67 30 57 83959 1 83959 1 0 0 0 0 38 67 38 67 30 57 83959 1 83959 1 0 0 0 0
274 0 1000 0 0 1000 0 1000 39 68 39 68 30 57 107763 102 0 0 80291 1 27472 101 39 68 39 68 30 57 107763 102 0 0 80291 1 27472 101 39 68 39 68 30 57 107763 102 0 0 80291 1 27472 101 39 68 39 68 30 57 107763 102 0 0 80291 1 27472 101 39 68 39 68 30 57 107763 102 0 0 80291 1 27472 101 39 68 39 68 30 57 107763 102 0 0 80291 1 27472 101
275 0 1000 0 0 1000 0 1000 39 68 39 68 31 58 0 0 0 0 0 0 0 0 39 68 39 68 31 58 0 0 0 0 0 0 0 0 39 68 39 68 31 58 0 0 0 0 0 0 0 0 39 68 39 68 31 58 0 0 0 0 0 0 0 0 39 68 39 68 31 58 0 0 0 0 0 0 0 0 39 68 39 68 31 58 0 0 0 0 0 0 0 0
276 0 1000 0 0 1000 0 1000 39 68 39 68 31 58 0 0 0 0 0 0 0 0 39 68 39 68 31 58 0 0 0 0 0 0 0 0 39 68 39 68 31 58 0 0 0 0 0 0 0 0 39 68 39 68 31 58 0 0 0 0 0 0 0 0 39 68 39 68 31 58 0 0 0 0 0 0 0 0 39 68 39 68 31 58 0 0 0 0 0 0 0 0
277 0 1000 0 0 1000 0 1000 39 68 39 68 31 58 0 0 0 0 0 0 0 0 39 68 39 68 31 58 0 0 0 0 0 0 0 0 39 68 39 68 31 58 0 0 0 0 0 0 0 0 39 68 39 68 31 58 0 0 0 0 0 0 0 0 39 68 39 68 31 58 0 0 0 0 0 0 0 0 39 68 39 68 31 58 0 0 0 0 0 0 0 0
278 0 1000 0 0 1000 0 1000 39 68 39 68 31 58 26656 98 0 0 0 0 26656 98 39 68 39 68 31 58 26656 98 0 0 0 0 26656 98 39 68 39 68 31 58 26656 98 0 0 0 0 26656 98 39 68 39 68 31 58 26656 98 0 0 0 0 26656 98 39 68 39 68 31 58 26656 98 0 0 0 0 26656 98 39 68 39 68 31 58 26656 98 0 0 0 0 26656 98
279 0 1000 0 0 1000 0 1000 39 68 39 68 32 59 0 0 0 0 0 0 0 0 39 68 39 68 32 59 0 0 0 0 0 0 0 0 39 68 39 68 32 59 0 0 0 0 0 0 0 0 39 68 39 68 32 59 0 0 0 0 0 0 0 0 39 68 39 68 32 59 0 0 0 0 0 0 0 0 39 68 39 68 32 59 0 0 0 0 0 0 0 0
280 0 1000 0 0 1000 0 1000 39 68 39 68 32 59 0 0 0 0 0 0 0 0 39 68 39 68 32 59 0 0 0 0 0 0 0 0 39 68 39 68 32 59 0 0 0 0 0 0 0 0 39 68 39 68 32 59 0 0 0 0 0 0 0 0 39 68 39 68 32 59 0 0 0 0 0 0 0 0 39 68 39 68 32 59 0 0 0 0 0 0 0 0
281 0 1000 0 0 1000 0 1000 39 68 39 68 32 59 0 0 0 0 0 0 0 0 39 68 39 68 32 59 0 0 0 0 0 0 0 0 39 68 39 68 32 59 0 0 0 0 0 0 0 0 39 68 39 68 32 59 0 0 0 0 0 0 0 0 39 68 39 68 32 59 0 0 0 0 0 0 0 0 39 68 39 68 32 59 0 0 0 0 0 0 0 0
282 0 1000 0 0 1000 0 1000 39 68 39 68 32 59 23664 87 0 0 0 0 23664 87 39 68 39 68 32 59 23664 87 0 0 0 0 23664 87 39 68 39 68 32 59 23664 87 0 0 0 0 23664 87 39 68 39 68 32 59 23664 87 0 0 0 0 23664 87 39 68 39 68 32 59 23664 87 0 0 0 0 23664 87 39 68 39 68 32 59 23664 87 0 0 0 0 23664 87
283 0 1000 0 0 1000 0 1000 39 68 39 68 33 60 0 0 0 0 0 0 0 0 39 68 39 68 33 60 0 0 0 0 0 0 0 0 39 68 39 68 33 60 0 0 0 0 0 0 0 0 39 68 39 68 33 60 0 0 0 0 0 0 0 0 39 68 39 68 33 60 0 0 0 0 0 0 0 0 39 68 39 68 33 60 0 0 0 0 0 0 0 0
284 0 1000 0 0 1000 0 1000 39 68 39 68 33 60 0 0 0 0 0 0 0 0 39 68 39 68 33 60 0 0 0 0 0 0 0 0 39 68 39 68 33 60 0 0 0 0 0 0 0 0 39 68 39 68 33 60 0 0 0 0 0 0 0 0 39 68 39 68 33 60 0 0 0 0 0 0 0 0 39 68 39 68 33 60 0 0 0 0 0 0 0 0
285 0 1000 0 0 1000 0 1000 39 68 39 68 33 60 166446 2 166446 2 0 0 0 0 39 68 39 68 33 60 166446 2 166446 2 0 0 0 0 39 68 39 68 33 60 166446 2 166446 2 0 0 0 0 39 68 39 68 33 60 166446 2 166446 2 0 0 0 0 39 68 39 68 33 60 166446 2 166446 2 0 0 0 0 39 68 39 68 33 60 166446 2 166446 2 0 0 0 0
286 0 1000 0 0 1000 0 1000 40 71 40 71 33 60 104771 91 0 0 80291 1 24480 90 40 71 40 71 33 60 104771 91 0 0 80291 1 24480 90 40 71 40 71 33 60 104771 91 0 0 80291 1 24480 90 40 71 40 71 33 60 104771 91 0 0 80291 1 24480 90 40 71 40 71 33 60 104771 91 0 0 80291 1 24480 90 40 71 40 71 33 60 104771 91 0 0 80291 1 24480 90
287 0 1000 0 0 1000 0 1000 40 71 40 71 33 60 0 0 0 0 0 0 0 0 40 71 40 71 33 60 0 0 0 0 0 0 0 0 40 71 40 71 33 60 0 0 0 0 0 0 0 0 40 71 40 71 33 60 0 0 0 0 0 0 0 0 40 71 40 71 33 60 0 0 0 0 0 0 0 0 40 71 40 71 33 60 0 0 0 0 0 0 0 0
288 0 1000 0 0 1000 0 1000 40 71 40 71 33 60 0 0 0 0 0 0 0 0 40 71 40 71 33 60 0 0 0 0 0 0 0 0 40 71 40 71 33 60 0 0 0 0 0 0 0 0 40 71 40 71 33 60 0 0 0 0 0 0 0 0 40 71 40 71 33 60 0 0 0 0 0 0 0 0 40 71 40 71 33 60 0 0 0 0 0 0 0 0
289 0 1000 0 0 1000 0 1000 40 71 40 71 33 60 166638 2 166638 2 0 0 0 0 40 71 40 71 33 60 166638 2 166638 2 0 0 0 0 40 71 40 71 33 60 166638 2 166638 2 0 0 0 0 40 71 40 71 33 60 166638 2 166638 2 0 0 0 0 40 71 40 71 33 60 166638 2 166638 2 0 0 0 0 40 71 40 71 33 60 166638 2 166638 2 0 0 0 0
290 0 1000 0 0 1000 0 1000 41 72 41 72 33 60 106675 98 0 0 80291 1 26384 97 41 72 41 72 33 60 106675 98 0 0 80291 1 26384 97 41 72 41 72 33 60 106675 98 0 0 80291 1 26384 97 41 72 41 72 33 60 106675 98 0 0 80291 1 26384 97 41 72 41 72 33 60 106675 98 0 0 80291 1 26384 97 41 72 41 72 33 60 106675 98 0 0 80291 1 26384 97
291 0 1000 0 0 1000 0 1000 41 72 41 72 33 60 0 0 0 0 0 0 0 0 41 72 41 72 33 60 0 0 0 0 0 0 0 0 41 72 41 72 33 60 0 0 0 0 0 0 0 0 41 72 41 72 33 60 0 0 0 0 0 0 0 0 41 72 41 72 33 60 0 0 0 0 0 0 0 0 41 72 41 72 33 60 0 0 0 0 0 0 0 0
292 0 1000 0 0 1000 0 1000 41 72 41 72 33 60 0 0 0 0 0 0 0 0 41 72 41 72 33 60 0 0 0 0 0 0 0 0 41 72 41 72 33 60 0 0 0 0 0 0 0 0 41 72 41 72 33 60 0 0 0 0 0 0 0 0 41 72 41 72 33 60 0 0 0 0 0 0 0 0 41 72 41 72 33 60 0 0 0 0 0 0 0 0
293 0 1000 0 0 1000 0 1000 41 72 41 72 33 60 167086 2 167086 2 0 0 0 0 41 72 41 72 33 60 167086 2 167086 2 0 0 0 0 41 72 41 72 33 60 167086 2 167086 2 0 0 0 0 41 72 41 72 33 60 167086 2 167086 2 0 0 0 0 41 72 41 72 33 60 167086 2 167086 2 0 0 0 0 41 72 41 72 33 60 167086 2 167086 2 0 0 0 0
294 0 1000 0 0 1000 0 1000 42 73 42 73 33 60 105315 93 0 0 80291 1 25024 92 42 73 42 73 33 60 105315 93 0 0 80291 1 25024 92 42 73 42 73 33 60 105315 93 0 0 80291 1 25024 92 42 73 42 73 33 60 105315 93 0 0 80291 1 25024 92 42 73 42 73 33 60 105315 93 0 0 80291 1 25024 92 42 73 42 73 33 60 105315 93 0 0 80291 1 25024 92
295 0 1000 0 0 1000 0 1000 42 73 42 73 34 63 0 0 0 0 0 0 0 0 42 73 42 73 34 63 0 0 0 0 0 0 0 0 42 73 42 73 34 63 0 0 0 0 0 0 0 0 42 73 42 73 34 63 0 0 0 0 0 0 0 0 42 73 42 73 34 63 0 0 0 0 0 0 0 0 42 73 42 73 34 63 0 0 0 0 0 0 0 0
296 0 1000 0 0 1000 0 1000 42 73 42 73 34 63 0 0 0 0 0 0 0 0 42 73 42 73 34 63 0 0 0 0 0 0 0 0 42 73 42 73 34 63 0 0 0 0 0 0 0 0 42 73 42 73 34 63 0 0 0 0 0 0 0 0 42 73 42 73 34 63 0 0 0 0 0 0 0 0 42 73 42 73 34 63 0 0 0 0 0 0 0 0
297 0 1000 0 0 1000 0 1000 42 73 42 73 34 63 166766 2 166766 2 0 0 0 0 42 73 42 73 34 63 166766 2 166766 2 0 0 0 0 42 73 42 73 34 63 166766 2 166766 2 0 0 0 0 42 73 42 73 34 63 166766 2 166766 2 0 0 0 0 42 73 42 73 34 63 166766 2 166766 2 0 0 0 0 42 73 42 73 34 63 166766 2 166766 2 0 0 0 0
298 0 1000 0 0 1000 0 1000 43 74 43 74 34 63 109395 108 0 0 80291 1 29104 107 43 74 43 74 34 63 109395 108 0 0 80291 1 29104 107 43 74 43 74 34 63 109395 108 0 0 80291 1 29104 107 43 74 43 74 34 63 109395 108 0 0 80291 1 29104 107 43 74 43 74 34 63 109395 108 0 0 80291 1 29104 107 43 74 43 74 34 63 109395 108 0 0 80291 1 29104 107
299 0 1000 0 0 1000 0 1000 43 74 43 74 35 64 0 0 0 0 0 0 0 0 43 74 43 74 35 64 0 0 0 0 0 0 0 0 43 74 43 74 35 64 0 0 0 0 0 0 0 0 43 74 43 74 35 64 0 0 0 0 0 0 0 0 43 74 43 74 35 64 0 0 0 0 0 0 0 0 43 74 43 74 35 64 0 0 0 0 0 0 0 0
300 0 1000 0 0 1000 0 1000 43 74 43 74 35 64 0 0 0 0 0 0 0 0 43 74 43 74 35 64 0 0 0 0 0 0 0 0 43 74 43 74 35 64 0 0 0 0 0 0 0 0 43 74 43 74 35 64 0 0 0 0 0 0 0 0 43 74 43 74 35 64 0 0 0 0 0 0 0 0 43 74 43 74 35 64 0 0 0 0 0 0 0 0
301 0 1000 0 0 1000 0 1000 43 74 43 74 35 64 0 0 0 0 0 0 0 0 43 74 43 74 35 64 0 0 0 0 0 0 0 0 43 74 43 74 35 64 0 0 0 0 0 0 0 0 43 74 43 74 35 64 0 0 0 0 0 0 0 0 43 74 43 74 35 64 0 0 0 0 0 0 0 0 43 74 43 74 35 64 0 0 0 0 0 0 0 0
302 0 1000 0 0 1000 0 1000 43 74 43 74 35 64 28016 103 0 0 0 0 28016 103 43 74 43 74 35 64 28016 103 0 0 0 0 28016 103 43 74 43 74 35 64 28016 103 0 0 0 0 28016 103 43 74 43 74 35 64 28016 103 0 0 0 0 28016 103 43 74 43 74 35 64 28016 103 0 0 0 0 28016 103 43 74 43 74 35 64 28016 103 0 0 0 0 28016 103
303 0 1000 0 0 1000 0 1000 43 74 43 74 36 65 0 0 0 0 0 0 0 0 43 74 43 74 36 65 0 0 0 0 0 0 0 0 43 74 43 74 36 65 0 0 0 0 0 0 0 0 43 74 43 74 36 65 0 0 0 0 0 0 0 0 43 74 43 74 36 65 0 0 0 0 0 0 0 0 43 74 43 74 36 65 0 0 0 0 0 0 0 0
