r n_asleep n_awake n_honest_asleep n_honest_dreamy n_honest_awake n_adversary n_all party0_ledger_best_length party0_ledger_best_age party0_ledger_fast_length party0_ledger_fast_age party0_ledger_slow_length party0_ledger_slow_age party0_comms_all_size party0_comms_all_count party0_comms_proposal_size party0_comms_proposal_count party0_comms_piece_block_size party0_comms_piece_block_count party0_comms_piece_vote_size party0_comms_piece_vote_count party1_ledger_best_length party1_ledger_best_age party1_ledger_fast_length party1_ledger_fast_age party1_ledger_slow_length party1_ledger_slow_age party1_comms_all_size party1_comms_all_count party1_comms_proposal_size party1_comms_proposal_count party1_comms_piece_block_size party1_comms_piece_block_count party1_comms_piece_vote_size party1_comms_piece_vote_count party2_ledger_best_length party2_ledger_best_age party2_ledger_fast_length party2_ledger_fast_age party2_ledger_slow_length party2_ledger_slow_age party2_comms_all_size party2_comms_all_count party2_comms_proposal_size party2_comms_proposal_count party2_comms_piece_block_size party2_comms_piece_block_count party2_comms_piece_vote_size party2_comms_piece_vote_count party3_ledger_best_length party3_ledger_best_age party3_ledger_fast_length party3_ledger_fast_age party3_ledger_slow_length party3_ledger_slow_age party3_comms_all_size party3_comms_all_count party3_comms_proposal_size party3_comms_proposal_count party3_comms_piece_block_size party3_comms_piece_block_count party3_comms_piece_vote_size party3_comms_piece_vote_count party4_ledger_best_length party4_ledger_best_age party4_ledger_fast_length party4_ledger_fast_age party4_ledger_slow_length party4_ledger_slow_age party4_comms_all_size party4_comms_all_count party4_comms_proposal_size party4_comms_proposal_count party4_comms_piece_block_size party4_comms_piece_block_count party4_comms_piece_vote_size party4_comms_piece_vote_count partyALWAYSAWAKE_ledger_best_length partyALWAYSAWAKE_ledger_best_age partyALWAYSAWAKE_ledger_fast_length partyALWAYSAWAKE_ledger_fast_age partyALWAYSAWAKE_ledger_slow_length partyALWAYSAWAKE_ledger_slow_age partyALWAYSAWAKE_comms_all_size partyALWAYSAWAKE_comms_all_count partyALWAYSAWAKE_comms_proposal_size partyALWAYSAWAKE_comms_proposal_count partyALWAYSAWAKE_comms_piece_block_size partyALWAYSAWAKE_comms_piece_block_count partyALWAYSAWAKE_comms_piece_vote_size partyALWAYSAWAKE_comms_piece_vote_count
4 0 1000 0 0 1000 0 1000 0 0 0 0 0 0 0 0 0 0 0 0 0 0 0 0 0 0 0 0 0 0 0 0 0 0 0 0 0 0 0 0 0 0 0 0 0 0 0 0 0 0 0 0 0 0 0 0 0 0 0 0 0 0 0 0 0 0 0 0 0 0 0 0 0 0 0 0 0 0 0 0 0 0 0 0 0 0 0 0 0 0 0 0
5 0 1000 0 0 1000 0 1000 0 0 0 0 0 0 402190 5 402190 5 0 0 0 0 0 0 0 0 0 0 402190 5 402190 5 0 0 0 0 0 0 0 0 0 0 402190 5 402190 5 0 0 0 0 0 0 0 0 0 0 402190 5 402190 5 0 0 0 0 0 0 0 0 0 0 402190 5 402190 5 0 0 0 0 0 0 0 0 0 0 402190 5 402190 5 0 0 0 0
6 0 1000 0 0 1000 0 1000 1 1 1 1 0 0 104226 89 0 0 80290 1 23936 88 1 1 1 1 0 0 104226 89 0 0 80290 1 23936 88 1 1 1 1 0 0 104226 89 0 0 80290 1 23936 88 1 1 1 1 0 0 104226 89 0 0 80290 1 23936 88 1 1 1 1 0 0 104226 89 0 0 80290 1 23936 88 1 1 1 1 0 0 104226 89 0 0 80290 1 23936 88
7 0 1000 0 0 1000 0 1000 1 1 1 1 0 0 0 0 0 0 0 0 0 0 1 1 1 1 0 0 0 0 0 0 0 0 0 0 1 1 1 1 0 0 0 0 0 0 0 0 0 0 1 1 1 1 0 0 0 0 0 0 0 0 0 0 1 1 1 1 0 0 0 0 0 0 0 0 0 0 1 1 1 1 0 0 0 0 0 0 0 0 0 0
8 0 1000 0 0 1000 0 1000 1 1 1 1 0 0 0 0 0 0 0 0 0 0 1 1 1 1 0 0 0 0 0 0 0 0 0 0 1 1 1 1 0 0 0 0 0 0 0 0 0 0 1 1 1 1 0 0 0 0 0 0 0 0 0 0 1 1 1 1 0 0 0 0 0 0 0 0 0 0 1 1 1 1 0 0 0 0 0 0 0 0 0 0
9 0 1000 0 0 1000 0 1000 1 1 1 1 0 0 249762 3 249762 3 0 0 0 0 1 1 1 1 0 0 249762 3 249762 3 0 0 0 0 1 1 1 1 0 0 249762 3 249762 3 0 0 0 0 1 1 1 1 0 0 249762 3 249762 3 0 0 0 0 1 1 1 1 0 0 249762 3 249762 3 0 0 0 0 1 1 1 1 0 0 249762 3 249762 3 0 0 0 0
10 0 1000 0 0 1000 0 1000 2 2 2 2 0 0 111026 114 0 0 80290 1 30736 113 2 2 2 2 0 0 111026 114 0 0 80290 1 30736 113 2 2 2 2 0 0 111026 114 0 0 80290 1 30736 113 2 2 2 2 0 0 111026 114 0 0 80290 1 30736 113 2 2 2 2 0 0 111026 114 0 0 80290 1 30736 113 2 2 2 2 0 0 111026 114 0 0 80290 1 30736 113
11 0 1000 0 0 1000 0 1000 2 2 2 2 0 0 0 0 0 0 0 0 0 0 2 2 2 2 0 0 0 0 0 0 0 0 0 0 2 2 2 2 0 0 0 0 0 0 0 0 0 0 2 2 2 2 0 0 0 0 0 0 0 0 0 0 2 2 2 2 0 0 0 0 0 0 0 0 0 0 2 2 2 2 0 0 0 0 0 0 0 0 0 0
12 0 1000 0 0 1000 0 1000 2 2 2 2 0 0 0 0 0 0 0 0 0 0 2 2 2 2 0 0 0 0 0 0 0 0 0 0 2 2 2 2 0 0 0 0 0 0 0 0 0 0 2 2 2 2 0 0 0 0 0 0 0 0 0 0 2 2 2 2 0 0 0 0 0 0 0 0 0 0 2 2 2 2 0 0 0 0 0 0 0 0 0 0
13 0 1000 0 0 1000 0 1000 2 2 2 2 0 0 336216 4 336216 4 0 0 0 0 2 2 2 2 0 0 336216 4 336216 4 0 0 0 0 2 2 2 2 0 0 336216 4 336216 4 0 0 0 0 2 2 2 2 0 0 336216 4 336216 4 0 0 0 0 2 2 2 2 0 0 336216 4 336216 4 0 0 0 0 2 2 2 2 0 0 336216 4 336216 4 0 0 0 0
14 0 1000 0 0 1000 0 1000 3 3 3 3 0 0 112114 118 0 0 80290 1 31824 117 3 3 3 3 0 0 112114 118 0 0 80290 1 31824 117 3 3 3 3 0 0 112114 118 0 0 80290 1 31824 117 3 3 3 3 0 0 112114 118 0 0 80290 1 31824 117 3 3 3 3 0 0 112114 118 0 0 80290 1 31824 117 3 3 3 3 0 0 112114 118 0 0 80290 1 31824 117
15 0 1000 0 0 1000 0 1000 3 3 3 3 0 0 0 0 0 0 0 0 0 0 3 3 3 3 0 0 0 0 0 0 0 0 0 0 3 3 3 3 0 0 0 0 0 0 0 0 0 0 3 3 3 3 0 0 0 0 0 0 0 0 0 0 3 3 3 3 0 0 0 0 0 0 0 0 0 0 3 3 3 3 0 0 0 0 0 0 0 0 0 0
16 0 1000 0 0 1000 0 1000 3 3 3 3 0 0 0 0 0 0 0 0 0 0 3 3 3 3 0 0 0 0 0 0 0 0 0 0 3 3 3 3 0 0 0 0 0 0 0 0 0 0 3 3 3 3 0 0 0 0 0 0 0 0 0 0 3 3 3 3 0 0 0 0 0 0 0 0 0 0 3 3 3 3 0 0 0 0 0 0 0 0 0 0
17 0 1000 0 0 1000 0 1000 3 3 3 3 0 0 252546 3 252546 3 0 0 0 0 3 3 3 3 0 0 252546 3 252546 3 0 0 0 0 3 3 3 3 0 0 252546 3 252546 3 0 0 0 0 3 3 3 3 0 0 252546 3 252546 3 0 0 0 0 3 3 3 3 0 0 252546 3 252546 3 0 0 0 0 3 3 3 3 0 0 252546 3 252546 3 0 0 0 0
18 0 1000 0 0 1000 0 1000 4 4 4 4 0 0 106130 96 0 0 80290 1 25840 95 4 4 4 4 0 0 106130 96 0 0 80290 1 25840 95 4 4 4 4 0 0 106130 96 0 0 80290 1 25840 95 4 4 4 4 0 0 106130 96 0 0 80290 1 25840 95 4 4 4 4 0 0 106130 96 0 0 80290 1 25840 95 4 4 4 4 0 0 106130 96 0 0 80290 1 25840 95
19 0 1000 0 0 1000 0 1000 4 4 4 4 0 0 0 0 0 0 0 0 0 0 4 4 4 4 0 0 0 0 0 0 0 0 0 0 4 4 4 4 0 0 0 0 0 0 0 0 0 0 4 4 4 4 0 0 0 0 0 0 0 0 0 0 4 4 4 4 0 0 0 0 0 0 0 0 0 0 4 4 4 4 0 0 0 0 0 0 0 0 0 0
20 0 1000 0 0 1000 0 1000 4 4 4 4 0 0 0 0 0 0 0 0 0 0 4 4 4 4 0 0 0 0 0 0 0 0 0 0 4 4 4 4 0 0 0 0 0 0 0 0 0 0 4 4 4 4 0 0 0 0 0 0 0 0 0 0 4 4 4 4 0 0 0 0 0 0 0 0 0 0 4 4 4 4 0 0 0 0 0 0 0 0 0 0
21 0 1000 0 0 1000 0 1000 4 4 4 4 0 0 417390 5 417390 5 0 0 0 0 4 4 4 4 0 0 417390 5 417390 5 0 0 0 0 4 4 4 4 0 0 417390 5 417390 5 0 0 0 0 4 4 4 4 0 0 417390 5 417390 5 0 0 0 0 4 4 4 4 0 0 417390 5 417390 5 0 0 0 0 4 4 4 4 0 0 417390 5 417390 5 0 0 0 0
22 0 1000 0 0 1000 0 1000 5 5 5 5 0 0 106674 98 0 0 80290 1 26384 97 5 5 5 5 0 0 106674 98 0 0 80290 1 26384 97 5 5 5 5 0 0 106674 98 0 0 80290 1 26384 97 5 5 5 5 0 0 106674 98 0 0 80290 1 26384 97 5 5 5 5 0 0 106674 98 0 0 80290 1 26384 97 5 5 5 5 0 0 106674 98 0 0 80290 1 26384 97
23 0 1000 0 0 1000 0 1000 5 5 5 5 0 0 0 0 0 0 0 0 0 0 5 5 5 5 0 0 0 0 0 0 0 0 0 0 5 5 5 5 0 0 0 0 0 0 0 0 0 0 5 5 5 5 0 0 0 0 0 0 0 0 0 0 5 5 5 5 0 0 0 0 0 0 0 0 0 0 5 5 5 5 0 0 0 0 0 0 0 0 0 0
24 0 1000 0 0 1000 0 1000 5 5 5 5 0 0 0 0 0 0 0 0 0 0 5 5 5 5 0 0 0 0 0 0 0 0 0 0 5 5 5 5 0 0 0 0 0 0 0 0 0 0 5 5 5 5 0 0 0 0 0 0 0 0 0 0 5 5 5 5 0 0 0 0 0 0 0 0 0 0 5 5 5 5 0 0 0 0 0 0 0 0 0 0
25 0 1000 0 0 1000 0 1000 5 5 5 5 0 0 668336 8 668336 8 0 0 0 0 5 5 5 5 0 0 668336 8 668336 8 0 0 0 0 5 5 5 5 0 0 668336 8 668336 8 0 0 0 0 5 5 5 5 0 0 668336 8 668336 8 0 0 0 0 5 5 5 5 0 0 668336 8 668336 8 0 0 0 0 5 5 5 5 0 0 668336 8 668336 8 0 0 0 0
26 0 1000 0 0 1000 0 1000 6 6 6 6 0 0 111298 115 0 0 80290 1 31008 114 6 6 6 6 0 0 111298 115 0 0 80290 1 31008 114 6 6 6 6 0 0 111298 115 0 0 80290 1 31008 114 6 6 6 6 0 0 111298 115 0 0 80290 1 31008 114 6 6 6 6 0 0 111298 115 0 0 80290 1 31008 114 6 6 6 6 0 0 111298 115 0 0 80290 1 31008 114
27 0 1000 0 0 1000 0 1000 6 6 6 6 0 0 0 0 0 0 0 0 0 0 6 6 6 6 0 0 0 0 0 0 0 0 0 0 6 6 6 6 0 0 0 0 0 0 0 0 0 0 6 6 6 6 0 0 0 0 0 0 0 0 0 0 6 6 6 6 0 0 0 0 0 0 0 0 0 0 6 6 6 6 0 0 0 0 0 0 0 0 0 0
28 0 1000 0 0 1000 0 1000 6 6 6 6 0 0 0 0 0 0 0 0 0 0 6 6 6 6 0 0 0 0 0 0 0 0 0 0 6 6 6 6 0 0 0 0 0 0 0 0 0 0 6 6 6 6 0 0 0 0 0 0 0 0 0 0 6 6 6 6 0 0 0 0 0 0 0 0 0 0 6 6 6 6 0 0 0 0 0 0 0 0 0 0
29 0 1000 0 0 1000 0 1000 6 6 6 6 0 0 336344 4 336344 4 0 0 0 0 6 6 6 6 0 0 336344 4 336344 4 0 0 0 0 6 6 6 6 0 0 336344 4 336344 4 0 0 0 0 6 6 6 6 0 0 336344 4 336344 4 0 0 0 0 6 6 6 6 0 0 336344 4 336344 4 0 0 0 0 6 6 6 6 0 0 336344 4 336344 4 0 0 0 0
30 0 1000 0 0 1000 0 1000 7 7 7 7 0 0 107218 100 0 0 80290 1 26928 99 7 7 7 7 0 0 107218 100 0 0 80290 1 26928 99 7 7 7 7 0 0 107218 100 0 0 80290 1 26928 99 7 7 7 7 0 0 107218 100 0 0 80290 1 26928 99 7 7 7 7 0 0 107218 100 0 0 80290 1 26928 99 7 7 7 7 0 0 107218 100 0 0 80290 1 26928 99
31 0 1000 0 0 1000 0 1000 7 7 7 7 0 0 0 0 0 0 0 0 0 0 7 7 7 7 0 0 0 0 0 0 0 0 0 0 7 7 7 7 0 0 0 0 0 0 0 0 0 0 7 7 7 7 0 0 0 0 0 0 0 0 0 0 7 7 7 7 0 0 0 0 0 0 0 0 0 0 7 7 7 7 0 0 0 0 0 0 0 0 0 0
32 0 1000 0 0 1000 0 1000 7 7 7 7 0 0 0 0 0 0 0 0 0 0 7 7 7 7 0 0 0 0 0 0 0 0 0 0 7 7 7 7 0 0 0 0 0 0 0 0 0 0 7 7 7 7 0 0 0 0 0 0 0 0 0 0 7 7 7 7 0 0 0 0 0 0 0 0 0 0 7 7 7 7 0 0 0 0 0 0 0 0 0 0
33 0 1000 0 0 1000 0 1000 7 7 7 7 0 0 334424 4 334424 4 0 0 0 0 7 7 7 7 0 0 334424 4 334424 4 0 0 0 0 7 7 7 7 0 0 334424 4 334424 4 0 0 0 0 7 7 7 7 0 0 334424 4 334424 4 0 0 0 0 7 7 7 7 0 0 334424 4 334424 4 0 0 0 0 7 7 7 7 0 0 334424 4 334424 4 0 0 0 0
34 0 1000 0 0 1000 0 1000 8 8 8 8 0 0 105858 95 0 0 80290 1 25568 94 8 8 8 8 0 0 105858 95 0 0 80290 1 25568 94 8 8 8 8 0 0 105858 95 0 0 80290 1 25568 94 8 8 8 8 0 0 105858 95 0 0 80290 1 25568 94 8 8 8 8 0 0 105858 95 0 0 80290 1 25568 94 8 8 8 8 0 0 105858 95 0 0 80290 1 25568 94
35 0 1000 0 0 1000 0 1000 8 8 8 8 0 0 0 0 0 0 0 0 0 0 8 8 8 8 0 0 0 0 0 0 0 0 0 0 8 8 8 8 0 0 0 0 0 0 0 0 0 0 8 8 8 8 0 0 0 0 0 0 0 0 0 0 8 8 8 8 0 0 0 0 0 0 0 0 0 0 8 8 8 8 0 0 0 0 0 0 0 0 0 0
36 0 1000 0 0 1000 0 1000 8 8 8 8 0 0 0 0 0 0 0 0 0 0 8 8 8 8 0 0 0 0 0 0 0 0 0 0 8 8 8 8 0 0 0 0 0 0 0 0 0 0 8 8 8 8 0 0 0 0 0 0 0 0 0 0 8 8 8 8 0 0 0 0 0 0 0 0 0 0 8 8 8 8 0 0 0 0 0 0 0 0 0 0
37 0 1000 0 0 1000 0 1000 8 8 8 8 0 0 834458 10 834458 10 0 0 0 0 8 8 8 8 0 0 834458 10 834458 10 0 0 0 0 8 8 8 8 0 0 834458 10 834458 10 0 0 0 0 8 8 8 8 0 0 834458 10 834458 10 0 0 0 0 8 8 8 8 0 0 834458 10 834458 10 0 0 0 0 8 8 8 8 0 0 834458 10 834458 10 0 0 0 0
38 0 1000 0 0 1000 0 1000 9 9 9 9 0 0 108305 104 0 0 80289 1 28016 103 9 9 9 9 0 0 108305 104 0 0 80289 1 28016 103 9 9 9 9 0 0 108305 104 0 0 80289 1 28016 103 9 9 9 9 0 0 108305 104 0 0 80289 1 28016 103 9 9 9 9 0 0 108305 104 0 0 80289 1 28016 103 9 9 9 9 0 0 108305 104 0 0 80289 1 28016 103
39 0 1000 0 0 1000 0 1000 9 9 9 9 0 0 0 0 0 0 0 0 0 0 9 9 9 9 0 0 0 0 0 0 0 0 0 0 9 9 9 9 0 0 0 0 0 0 0 0 0 0 9 9 9 9 0 0 0 0 0 0 0 0 0 0 9 9 9 9 0 0 0 0 0 0 0 0 0 0 9 9 9 9 0 0 0 0 0 0 0 0 0 0
40 0 1000 0 0 1000 0 1000 9 9 9 9 0 0 0 0 0 0 0 0 0 0 9 9 9 9 0 0 0 0 0 0 0 0 0 0 9 9 9 9 0 0 0 0 0 0 0 0 0 0 9 9 9 9 0 0 0 0 0 0 0 0 0 0 9 9 9 9 0 0 0 0 0 0 0 0 0 0 9 9 9 9 0 0 0 0 0 0 0 0 0 0
41 0 1000 0 0 1000 0 1000 9 9 9 9 0 0 418675 5 418675 5 0 0 0 0 9 9 9 9 0 0 418675 5 418675 5 0 0 0 0 9 9 9 9 0 0 418675 5 418675 5 0 0 0 0 9 9 9 9 0 0 418675 5 418675 5 0 0 0 0 9 9 9 9 0 0 418675 5 418675 5 0 0 0 0 9 9 9 9 0 0 418675 5 418675 5 0 0 0 0
42 0 1000 0 0 1000 0 1000 10 10 10 10 0 0 108579 105 0 0 80291 1 28288 104 10 10 10 10 0 0 108579 105 0 0 80291 1 28288 104 10 10 10 10 0 0 108579 105 0 0 80291 1 28288 104 10 10 10 10 0 0 108579 105 0 0 80291 1 28288 104 10 10 10 10 0 0 108579 105 0 0 80291 1 28288 104 10 10 10 10 0 0 108579 105 0 0 80291 1 28288 104
43 0 1000 0 0 1000 0 1000 10 10 10 10 0 0 0 0 0 0 0 0 0 0 10 10 10 10 0 0 0 0 0 0 0 0 0 0 10 10 10 10 0 0 0 0 0 0 0 0 0 0 10 10 10 10 0 0 0 0 0 0 0 0 0 0 10 10 10 10 0 0 0 0 0 0 0 0 0 0 10 10 10 10 0 0 0 0 0 0 0 0 0 0
44 0 1000 0 0 1000 0 1000 10 10 10 10 0 0 0 0 0 0 0 0 0 0 10 10 10 10 0 0 0 0 0 0 0 0 0 0 10 10 10 10 0 0 0 0 0 0 0 0 0 0 10 10 10 10 0 0 0 0 0 0 0 0 0 0 10 10 10 10 0 0 0 0 0 0 0 0 0 0 10 10 10 10 0 0 0 0 0 0 0 0 0 0
45 0 1000 0 0 1000 0 1000 10 10 10 10 0 0 586369 7 586369 7 0 0 0 0 10 10 10 10 0 0 586369 7 586369 7 0 0 0 0 10 10 10 10 0 0 586369 7 586369 7 0 0 0 0 10 10 10 10 0 0 586369 7 586369 7 0 0 0 0 10 10 10 10 0 0 586369 7 586369 7 0 0 0 0 10 10 10 10 0 0 586369 7 586369 7 0 0 0 0
46 0 1000 0 0 1000 0 1000 11 11 11 11 0 0 104771 91 0 0 80291 1 24480 90 11 11 11 11 0 0 104771 91 0 0 80291 1 24480 90 11 11 11 11 0 0 104771 91 0 0 80291 1 24480 90 11 11 11 11 0 0 104771 91 0 0 80291 1 24480 90 11 11 11 11 0 0 104771 91 0 0 80291 1 24480 90 11 11 11 11 0 0 104771 91 0 0 80291 1 24480 90
47 0 1000 0 0 1000 0 1000 11 11 11 11 1 1 0 0 0 0 0 0 0 0 11 11 11 11 1 1 0 0 0 0 0 0 0 0 11 11 11 11 1 1 0 0 0 0 0 0 0 0 11 11 11 11 1 1 0 0 0 0 0 0 0 0 11 11 11 11 1 1 0 0 0 0 0 0 0 0 11 11 11 11 1 1 0 0 0 0 0 0 0 0
48 0 1000 0 0 1000 0 1000 11 11 11 11 1 1 0 0 0 0 0 0 0 0 11 11 11 11 1 1 0 0 0 0 0 0 0 0 11 11 11 11 1 1 0 0 0 0 0 0 0 0 11 11 11 11 1 1 0 0 0 0 0 0 0 0 11 11 11 11 1 1 0 0 0 0 0 0 0 0 11 11 11 11 1 1 0 0 0 0 0 0 0 0
49 0 1000 0 0 1000 0 1000 11 11 11 11 1 1 333276 4 333276 4 0 0 0 0 11 11 11 11 1 1 333276 4 333276 4 0 0 0 0 11 11 11 11 1 1 333276 4 333276 4 0 0 0 0 11 11 11 11 1 1 333276 4 333276 4 0 0 0 0 11 11 11 11 1 1 333276 4 333276 4 0 0 0 0 11 11 11 11 1 1 333276 4 333276 4 0 0 0 0
50 0 1000 0 0 1000 0 1000 12 12 12 12 1 1 108035 103 0 0 80291 1 27744 102 12 12 12 12 1 1 108035 103 0 0 80291 1 27744 102 12 12 12 12 1 1 108035 103 0 0 80291 1 27744 102 12 12 12 12 1 1 108035 103 0 0 80291 1 27744 102 12 12 12 12 1 1 108035 103 0 0 80291 1 27744 102 12 12 12 12 1 1 108035 103 0 0 80291 1 27744 102
51 0 1000 0 0 1000 0 1000 12 12 12 12 2 2 0 0 0 0 0 0 0 0 12 12 12 12 2 2 0 0 0 0 0 0 0 0 12 12 12 12 2 2 0 0 0 0 0 0 0 0 12 12 12 12 2 2 0 0 0 0 0 0 0 0 12 12 12 12 2 2 0 0 0 0 0 0 0 0 12 12 12 12 2 2 0 0 0 0 0 0 0 0
52 0 1000 0 0 1000 0 1000 12 12 12 12 2 2 0 0 0 0 0 0 0 0 12 12 12 12 2 2 0 0 0 0 0 0 0 0 12 12 12 12 2 2 0 0 0 0 0 0 0 0 12 12 12 12 2 2 0 0 0 0 0 0 0 0 12 12 12 12 2 2 0 0 0 0 0 0 0 0 12 12 12 12 2 2 0 0 0 0 0 0 0 0
53 0 1000 0 0 1000 0 1000 12 12 12 12 2 2 669623 8 669623 8 0 0 0 0 12 12 12 12 2 2 669623 8 669623 8 0 0 0 0 12 12 12 12 2 2 669623 8 669623 8 0 0 0 0 12 12 12 12 2 2 669623 8 669623 8 0 0 0 0 12 12 12 12 2 2 669623 8 669623 8 0 0 0 0 12 12 12 12 2 2 669623 8 669623 8 0 0 0 0
54 0 1000 0 0 1000 0 1000 13 13 13 13 2 2 108035 103 0 0 80291 1 27744 102 13 13 13 13 2 2 108035 103 0 0 80291 1 27744 102 13 13 13 13 2 2 108035 103 0 0 80291 1 27744 102 13 13 13 13 2 2 108035 103 0 0 80291 1 27744 102 13 13 13 13 2 2 108035 103 0 0 80291 1 27744 102 13 13 13 13 2 2 108035 103 0 0 80291 1 27744 102
55 0 1000 0 0 1000 0 1000 13 13 13 13 3 3 0 0 0 0 0 0 0 0 13 13 13 13 3 3 0 0 0 0 0 0 0 0 13 13 13 13 3 3 0 0 0 0 0 0 0 0 13 13 13 13 3 3 0 0 0 0 0 0 0 0 13 13 13 13 3 3 0 0 0 0 0 0 0 0 13 13 13 13 3 3 0 0 0 0 0 0 0 0
56 0 1000 0 0 1000 0 1000 13 13 13 13 3 3 0 0 0 0 0 0 0 0 13 13 13 13 3 3 0 0 0 0 0 0 0 0 13 13 13 13 3 3 0 0 0 0 0 0 0 0 13 13 13 13 3 3 0 0 0 0 0 0 0 0 13 13 13 13 3 3 0 0 0 0 0 0 0 0 13 13 13 13 3 3 0 0 0 0 0 0 0 0
57 0 1000 0 0 1000 0 1000 13 13 13 13 3 3 251109 3 251109 3 0 0 0 0 13 13 13 13 3 3 251109 3 251109 3 0 0 0 0 13 13 13 13 3 3 251109 3 251109 3 0 0 0 0 13 13 13 13 3 3 251109 3 251109 3 0 0 0 0 13 13 13 13 3 3 251109 3 251109 3 0 0 0 0 13 13 13 13 3 3 251109 3 251109 3 0 0 0 0
58 0 1000 0 0 1000 0 1000 14 14 14 14 3 3 108851 106 0 0 80291 1 28560 105 14 14 14 14 3 3 108851 106 0 0 80291 1 28560 105 14 14 14 14 3 3 108851 106 0 0 80291 1 28560 105 14 14 14 14 3 3 108851 106 0 0 80291 1 28560 105 14 14 14 14 3 3 108851 106 0 0 80291 1 28560 105 14 14 14 14 3 3 108851 106 0 0 80291 1 28560 105
59 0 1000 0 0 1000 0 1000 14 14 14 14 4 4 0 0 0 0 0 0 0 0 14 14 14 14 4 4 0 0 0 0 0 0 0 0 14 14 14 14 4 4 0 0 0 0 0 0 0 0 14 14 14 14 4 4 0 0 0 0 0 0 0 0 14 14 14 14 4 4 0 0 0 0 0 0 0 0 14 14 14 14 4 4 0 0 0 0 0 0 0 0
60 0 1000 0 0 1000 0 1000 14 14 14 14 4 4 0 0 0 0 0 0 0 0 14 14 14 14 4 4 0 0 0 0 0 0 0 0 14 14 14 14 4 4 0 0 0 0 0 0 0 0 14 14 14 14 4 4 0 0 0 0 0 0 0 0 14 14 14 14 4 4 0 0 0 0 0 0 0 0 14 14 14 14 4 4 0 0 0 0 0 0 0 0
61 0 1000 0 0 1000 0 1000 14 14 14 14 4 4 251397 3 251397 3 0 0 0 0 14 14 14 14 4 4 251397 3 251397 3 0 0 0 0 14 14 14 14 4 4 251397 3 251397 3 0 0 0 0 14 14 14 14 4 4 251397 3 251397 3 0 0 0 0 14 14 14 14 4 4 251397 3 251397 3 0 0 0 0 14 14 14 14 4 4 251397 3 251397 3 0 0 0 0
62 0 1000 0 0 1000 0 1000 15 15 15 15 4 4 109395 108 0 0 80291 1 29104 107 15 15 15 15 4 4 109395 108 0 0 80291 1 29104 107 15 15 15 15 4 4 109395 108 0 0 80291 1 29104 107 15 15 15 15 4 4 109395 108 0 0 80291 1 29104 107 15 15 15 15 4 4 109395 108 0 0 80291 1 29104 107 15 15 15 15 4 4 109395 108 0 0 80291 1 29104 107
63 0 1000 0 0 1000 0 1000 15 15 15 15 5 5 0 0 0 0 0 0 0 0 15 15 15 15 5 5 0 0 0 0 0 0 0 0 15 15 15 15 5 5 0 0 0 0 0 0 0 0 15 15 15 15 5 5 0 0 0 0 0 0 0 0 15 15 15 15 5 5 0 0 0 0 0 0 0 0 15 15 15 15 5 5 0 0 0 0 0 0 0 0
64 0 1000 0 0 1000 0 1000 15 15 15 15 5 5 0 0 0 0 0 0 0 0 15 15 15 15 5 5 0 0 0 0 0 0 0 0 15 15 15 15 5 5 0 0 0 0 0 0 0 0 15 15 15 15 5 5 0 0 0 0 0 0 0 0 15 15 15 15 5 5 0 0 0 0 0 0 0 0 15 15 15 15 5 5 0 0 0 0 0 0 0 0
65 0 1000 0 0 1000 0 1000 15 15 15 15 5 5 251588 3 251588 3 0 0 0 0 15 15 15 15 5 5 251588 3 251588 3 0 0 0 0 15 15 15 15 5 5 251588 3 251588 3 0 0 0 0 15 15 15 15 5 5 251588 3 251588 3 0 0 0 0 15 15 15 15 5 5 251588 3 251588 3 0 0 0 0 15 15 15 15 5 5 251588 3 251588 3 0 0 0 0
66 0 1000 0 0 1000 0 1000 16 16 16 16 5 5 106403 97 0 0 80291 1 26112 96 16 16 16 16 5 5 106403 97 0 0 80291 1 26112 96 16 16 16 16 5 5 106403 97 0 0 80291 1 26112 96 16 16 16 16 5 5 106403 97 0 0 80291 1 26112 96 16 16 16 16 5 5 106403 97 0 0 80291 1 26112 96 16 16 16 16 5 5 106403 97 0 0 80291 1 26112 96
67 0 1000 0 0 1000 0 1000 16 16 16 16 6 6 0 0 0 0 0 0 0 0 16 16 16 16 6 6 0 0 0 0 0 0 0 0 16 16 16 16 6 6 0 0 0 0 0 0 0 0 16 16 16 16 6 6 0 0 0 0 0 0 0 0 16 16 16 16 6 6 0 0 0 0 0 0 0 0 16 16 16 16 6 6 0 0 0 0 0 0 0 0
68 0 1000 0 0 1000 0 1000 16 16 16 16 6 6 0 0 0 0 0 0 0 0 16 16 16 16 6 6 0 0 0 0 0 0 0 0 16 16 16 16 6 6 0 0 0 0 0 0 0 0 16 16 16 16 6 6 0 0 0 0 0 0 0 0 16 16 16 16 6 6 0 0 0 0 0 0 0 0 16 16 16 16 6 6 0 0 0 0 0 0 0 0
69 0 1000 0 0 1000 0 1000 16 16 16 16 6 6 584577 7 584577 7 0 0 0 0 16 16 16 16 6 6 584577 7 584577 7 0 0 0 0 16 16 16 16 6 6 584577 7 584577 7 0 0 0 0 16 16 16 16 6 6 584577 7 584577 7 0 0 0 0 16 16 16 16 6 6 584577 7 584577 7 0 0 0 0 16 16 16 16 6 6 584577 7 584577 7 0 0 0 0
70 0 1000 0 0 1000 0 1000 17 17 17 17 6 6 110755 113 0 0 80291 1 30464 112 17 17 17 17 6 6 110755 113 0 0 80291 1 30464 112 17 17 17 17 6 6 110755 113 0 0 80291 1 30464 112 17 17 17 17 6 6 110755 113 0 0 80291 1 30464 112 17 17 17 17 6 6 110755 113 0 0 80291 1 30464 112 17 17 17 17 6 6 110755 113 0 0 80291 1 30464 112
71 0 1000 0 0 1000 0 1000 17 17 17 17 7 7 0 0 0 0 0 0 0 0 17 17 17 17 7 7 0 0 0 0 0 0 0 0 17 17 17 17 7 7 0 0 0 0 0 0 0 0 17 17 17 17 7 7 0 0 0 0 0 0 0 0 17 17 17 17 7 7 0 0 0 0 0 0 0 0 17 17 17 17 7 7 0 0 0 0 0 0 0 0
72 0 1000 0 0 1000 0 1000 17 17 17 17 7 7 0 0 0 0 0 0 0 0 17 17 17 17 7 7 0 0 0 0 0 0 0 0 17 17 17 17 7 7 0 0 0 0 0 0 0 0 17 17 17 17 7 7 0 0 0 0 0 0 0 0 17 17 17 17 7 7 0 0 0 0 0 0 0 0 17 17 17 17 7 7 0 0 0 0 0 0 0 0
73 0 1000 0 0 1000 0 1000 17 17 17 17 7 7 252069 3 252069 3 0 0 0 0 17 17 17 17 7 7 252069 3 252069 3 0 0 0 0 17 17 17 17 7 7 252069 3 252069 3 0 0 0 0 17 17 17 17 7 7 252069 3 252069 3 0 0 0 0 17 17 17 17 7 7 252069 3 252069 3 0 0 0 0 17 17 17 17 7 7 252069 3 252069 3 0 0 0 0
74 0 1000 0 0 1000 0 1000 18 18 18 18 7 7 106403 97 0 0 80291 1 26112 96 18 18 18 18 7 7 106403 97 0 0 80291 1 26112 96 18 18 18 18 7 7 106403 97 0 0 80291 1 26112 96 18 18 18 18 7 7 106403 97 0 0 80291 1 26112 96 18 18 18 18 7 7 106403 97 0 0 80291 1 26112 96 18 18 18 18 7 7 106403 97 0 0 80291 1 26112 96
75 0 1000 0 0 1000 0 1000 18 18 18 18 8 8 0 0 0 0 0 0 0 0 18 18 18 18 8 8 0 0 0 0 0 0 0 0 18 18 18 18 8 8 0 0 0 0 0 0 0 0 18 18 18 18 8 8 0 0 0 0 0 0 0 0 18 18 18 18 8 8 0 0 0 0 0 0 0 0 18 18 18 18 8 8 0 0 0 0 0 0 0 0
76 0 1000 0 0 1000 0 1000 18 18 18 18 8 8 0 0 0 0 0 0 0 0 18 18 18 18 8 8 0 0 0 0 0 0 0 0 18 18 18 18 8 8 0 0 0 0 0 0 0 0 18 18 18 18 8 8 0 0 0 0 0 0 0 0 18 18 18 18 8 8 0 0 0 0 0 0 0 0 18 18 18 18 8 8 0 0 0 0 0 0 0 0
77 0 1000 0 0 1000 0 1000 18 18 18 18 8 8 417555 5 417555 5 0 0 0 0 18 18 18 18 8 8 417555 5 417555 5 0 0 0 0 18 18 18 18 8 8 417555 5 417555 5 0 0 0 0 18 18 18 18 8 8 417555 5 417555 5 0 0 0 0 18 18 18 18 8 8 417555 5 417555 5 0 0 0 0 18 18 18 18 8 8 417555 5 417555 5 0 0 0 0
78 0 1000 0 0 1000 0 1000 19 19 19 19 8 8 112659 120 0 0 80291 1 32368 119 19 19 19 19 8 8 112659 120 0 0 80291 1 32368 119 19 19 19 19 8 8 112659 120 0 0 80291 1 32368 119 19 19 19 19 8 8 112659 120 0 0 80291 1 32368 119 19 19 19 19 8 8 112659 120 0 0 80291 1 32368 119 19 19 19 19 8 8 112659 120 0 0 80291 1 32368 119
79 0 1000 0 0 1000 0 1000 19 19 19 19 9 9 0 0 0 0 0 0 0 0 19 19 19 19 9 9 0 0 0 0 0 0 0 0 19 19 19 19 9 9 0 0 0 0 0 0 0 0 19 19 19 19 9 9 0 0 0 0 0 0 0 0 19 19 19 19 9 9 0 0 0 0 0 0 0 0 19 19 19 19 9 9 0 0 0 0 0 0 0 0
80 0 1000 0 0 1000 0 1000 19 19 19 19 9 9 0 0 0 0 0 0 0 0 19 19 19 19 9 9 0 0 0 0 0 0 0 0 19 19 19 19 9 9 0 0 0 0 0 0 0 0 19 19 19 19 9 9 0 0 0 0 0 0 0 0 19 19 19 19 9 9 0 0 0 0 0 0 0 0 19 19 19 19 9 9 0 0 0 0 0 0 0 0
81 0 1000 0 0 1000 0 1000 19 19 19 19 9 9 842469 10 842469 10 0 0 0 0 19 19 19 19 9 9 842469 10 842469 10 0 0 0 0 19 19 19 19 9 9 842469 10 842469 10 0 0 0 0 19 19 19 19 9 9 842469 10 842469 10 0 0 0 0 19 19 19 19 9 9 842469 10 842469 10 0 0 0 0 19 19 19 19 9 9 842469 10 842469 10 0 0 0 0
82 0 1000 0 0 1000 0 1000 20 20 20 20 9 9 107491 101 0 0 80291 1 27200 100 20 20 20 20 9 9 107491 101 0 0 80291 1 27200 100 20 20 20 20 9 9 107491 101 0 0 80291 1 27200 100 20 20 20 20 9 9 107491 101 0 0 80291 1 27200 100 20 20 20 20 9 9 107491 101 0 0 80291 1 27200 100 20 20 20 20 9 9 107491 101 0 0 80291 1 27200 100
83 0 1000 0 0 1000 0 1000 20 20 20 20 10 10 0 0 0 0 0 0 0 0 20 20 20 20 10 10 0 0 0 0 0 0 0 0 20 20 20 20 10 10 0 0 0 0 0 0 0 0 20 20 20 20 10 10 0 0 0 0 0 0 0 0 20 20 20 20 10 10 0 0 0 0 0 0 0 0 20 20 20 20 10 10 0 0 0 0 0 0 0 0
84 0 1000 0 0 1000 0 1000 20 20 20 20 10 10 0 0 0 0 0 0 0 0 20 20 20 20 10 10 0 0 0 0 0 0 0 0 20 20 20 20 10 10 0 0 0 0 0 0 0 0 20 20 20 20 10 10 0 0 0 0 0 0 0 0 20 20 20 20 10 10 0 0 0 0 0 0 0 0 20 20 20 20 10 10 0 0 0 0 0 0 0 0
85 0 1000 0 0 1000 0 1000 20 20 20 20 10 10 250917 3 250917 3 0 0 0 0 20 20 20 20 10 10 250917 3 250917 3 0 0 0 0 20 20 20 20 10 10 250917 3 250917 3 0 0 0 0 20 20 20 20 10 10 250917 3 250917 3 0 0 0 0 20 20 20 20 10 10 250917 3 250917 3 0 0 0 0 20 20 20 20 10 10 250917 3 250917 3 0 0 0 0
86 0 1000 0 0 1000 0 1000 21 21 21 21 10 10 105315 93 0 0 80291 1 25024 92 21 21 21 21 10 10 105315 93 0 0 80291 1 25024 92 21 21 21 21 10 10 105315 93 0 0 80291 1 25024 92 21 21 21 21 10 10 105315 93 0 0 80291 1 25024 92 21 21 21 21 10 10 105315 93 0 0 80291 1 25024 92 21 21 21 21 10 10 105315 93 0 0 80291 1 25024 92
87 0 1000 0 0 1000 0 1000 21 21 21 21 11 11 0 0 0 0 0 0 0 0 21 21 21 21 11 11 0 0 0 0 0 0 0 0 21 21 21 21 11 11 0 0 0 0 0 0 0 0 21 21 21 21 11 11 0 0 0 0 0 0 0 0 21 21 21 21 11 11 0 0 0 0 0 0 0 0 21 21 21 21 11 11 0 0 0 0 0 0 0 0
88 0 1000 0 0 1000 0 1000 21 21 21 21 11 11 0 0 0 0 0 0 0 0 21 21 21 21 11 11 0 0 0 0 0 0 0 0 21 21 21 21 11 11 0 0 0 0 0 0 0 0 21 21 21 21 11 11 0 0 0 0 0 0 0 0 21 21 21 21 11 11 0 0 0 0 0 0 0 0 21 21 21 21 11 11 0 0 0 0 0 0 0 0
89 0 1000 0 0 1000 0 1000 21 21 21 21 11 11 416914 5 416914 5 0 0 0 0 21 21 21 21 11 11 416914 5 416914 5 0 0 0 0 21 21 21 21 11 11 416914 5 416914 5 0 0 0 0 21 21 21 21 11 11 416914 5 416914 5 0 0 0 0 21 21 21 21 11 11 416914 5 416914 5 0 0 0 0 21 21 21 21 11 11 416914 5 416914 5 0 0 0 0
90 0 1000 0 0 1000 0 1000 22 22 22 22 11 11 110210 111 0 0 80290 1 29920 110 22 22 22 22 11 11 110210 111 0 0 80290 1 29920 110 22 22 22 22 11 11 110210 111 0 0 80290 1 29920 110 22 22 22 22 11 11 110210 111 0 0 80290 1 29920 110 22 22 22 22 11 11 110210 111 0 0 80290 1 29920 110 22 22 22 22 11 11 110210 111 0 0 80290 1 29920 110
91 0 1000 0 0 1000 0 1000 22 22 22 22 12 12 0 0 0 0 0 0 0 0 22 22 22 22 12 12 0 0 0 0 0 0 0 0 22 22 22 22 12 12 0 0 0 0 0 0 0 0 22 22 22 22 12 12 0 0 0 0 0 0 0 0 22 22 22 22 12 12 0 0 0 0 0 0 0 0 22 22 22 22 12 12 0 0 0 0 0 0 0 0
92 0 1000 0 0 1000 0 1000 22 22 22 22 12 12 0 0 0 0 0 0 0 0 22 22 22 22 12 12 0 0 0 0 0 0 0 0 22 22 22 22 12 12 0 0 0 0 0 0 0 0 22 22 22 22 12 12 0 0 0 0 0 0 0 0 22 22 22 22 12 12 0 0 0 0 0 0 0 0 22 22 22 22 12 12 0 0 0 0 0 0 0 0
93 0 1000 0 0 1000 0 1000 22 22 22 22 12 12 503754 6 503754 6 0 0 0 0 22 22 22 22 12 12 503754 6 503754 6 0 0 0 0 22 22 22 22 12 12 503754 6 503754 6 0 0 0 0 22 22 22 22 12 12 503754 6 503754 6 0 0 0 0 22 22 22 22 12 12 503754 6 503754 6 0 0 0 0 22 22 22 22 12 12 503754 6 503754 6 0 0 0 0
94 0 1000 0 0 1000 0 1000 23 23 23 23 12 12 107763 102 0 0 80291 1 27472 101 23 23 23 23 12 12 107763 102 0 0 80291 1 27472 101 23 23 23 23 12 12 107763 102 0 0 80291 1 27472 101 23 23 23 23 12 12 107763 102 0 0 80291 1 27472 101 23 23 23 23 12 12 107763 102 0 0 80291 1 27472 101 23 23 23 23 12 12 107763 102 0 0 80291 1 27472 101
95 0 1000 0 0 1000 0 1000 23 23 23 23 13 13 0 0 0 0 0 0 0 0 23 23 23 23 13 13 0 0 0 0 0 0 0 0 23 23 23 23 13 13 0 0 0 0 0 0 0 0 23 23 23 23 13 13 0 0 0 0 0 0 0 0 23 23 23 23 13 13 0 0 0 0 0 0 0 0 23 23 23 23 13 13 0 0 0 0 0 0 0 0
96 0 1000 0 0 1000 0 1000 23 23 23 23 13 13 0 0 0 0 0 0 0 0 23 23 23 23 13 13 0 0 0 0 0 0 0 0 23 23 23 23 13 13 0 0 0 0 0 0 0 0 23 23 23 23 13 13 0 0 0 0 0 0 0 0 23 23 23 23 13 13 0 0 0 0 0 0 0 0 23 23 23 23 13 13 0 0 0 0 0 0 0 0
97 0 1000 0 0 1000 0 1000 23 23 23 23 13 13 167342 2 167342 2 0 0 0 0 23 23 23 23 13 13 167342 2 167342 2 0 0 0 0 23 23 23 23 13 13 167342 2 167342 2 0 0 0 0 23 23 23 23 13 13 167342 2 167342 2 0 0 0 0 23 23 23 23 13 13 167342 2 167342 2 0 0 0 0 23 23 23 23 13 13 167342 2 167342 2 0 0 0 0
98 0 1000 0 0 1000 0 1000 24 24 24 24 13 13 103139 85 0 0 80291 1 22848 84 24 24 24 24 13 13 103139 85 0 0 80291 1 22848 84 24 24 24 24 13 13 103139 85 0 0 80291 1 22848 84 24 24 24 24 13 13 103139 85 0 0 80291 1 22848 84 24 24 24 24 13 13 103139 85 0 0 80291 1 22848 84 24 24 24 24 13 13 103139 85 0 0 80291 1 22848 84
99 0 1000 0 0 1000 0 1000 24 24 24 24 14 14 0 0 0 0 0 0 0 0 24 24 24 24 14 14 0 0 0 0 0 0 0 0 24 24 24 24 14 14 0 0 0 0 0 0 0 0 24 24 24 24 14 14 0 0 0 0 0 0 0 0 24 24 24 24 14 14 0 0 0 0 0 0 0 0 24 24 24 24 14 14 0 0 0 0 0 0 0 0
100 0 1000 0 0 1000 0 1000 24 24 24 24 14 14 0 0 0 0 0 0 0 0 24 24 24 24 14 14 0 0 0 0 0 0 0 0 24 24 24 24 14 14 0 0 0 0 0 0 0 0 24 24 24 24 14 14 0 0 0 0 0 0 0 0 24 24 24 24 14 14 0 0 0 0 0 0 0 0 24 24 24 24 14 14 0 0 0 0 0 0 0 0
101 0 1000 0 0 1000 0 1000 24 24 24 24 14 14 498761 6 498761 6 0 0 0 0 24 24 24 24 14 14 498761 6 498761 6 0 0 0 0 24 24 24 24 14 14 498761 6 498761 6 0 0 0 0 24 24 24 24 14 14 498761 6 498761 6 0 0 0 0 24 24 24 24 14 14 498761 6 498761 6 0 0 0 0 24 24 24 24 14 14 498761 6 498761 6 0 0 0 0
102 0 1000 0 0 1000 0 1000 25 25 25 25 14 14 106131 96 0 0 80291 1 25840 95 25 25 25 25 14 14 106131 96 0 0 80291 1 25840 95 25 25 25 25 14 14 106131 96 0 0 80291 1 25840 95 25 25 25 25 14 14 106131 96 0 0 80291 1 25840 95 25 25 25 25 14 14 106131 96 0 0 80291 1 25840 95 25 25 25 25 14 14 106131 96 0 0 80291 1 25840 95
103 0 1000 0 0 1000 0 1000 25 25 25 25 15 15 0 0 0 0 0 0 0 0 25 25 25 25 15 15 0 0 0 0 0 0 0 0 25 25 25 25 15 15 0 0 0 0 0 0 0 0 25 25 25 25 15 15 0 0 0 0 0 0 0 0 25 25 25 25 15 15 0 0 0 0 0 0 0 0 25 25 25 25 15 15 0 0 0 0 0 0 0 0
104 0 1000 0 0 1000 0 1000 25 25 25 25 15 15 0 0 0 0 0 0 0 0 25 25 25 25 15 15 0 0 0 0 0 0 0 0 25 25 25 25 15 15 0 0 0 0 0 0 0 0 25 25 25 25 15 15 0 0 0 0 0 0 0 0 25 25 25 25 15 15 0 0 0 0 0 0 0 0 25 25 25 25 15 15 0 0 0 0 0 0 0 0
105 0 1000 0 0 1000 0 1000 25 25 25 25 15 15 500873 6 500873 6 0 0 0 0 25 25 25 25 15 15 500873 6 500873 6 0 0 0 0 25 25 25 25 15 15 500873 6 500873 6 0 0 0 0 25 25 25 25 15 15 500873 6 500873 6 0 0 0 0 25 25 25 25 15 15 500873 6 500873 6 0 0 0 0 25 25 25 25 15 15 500873 6 500873 6 0 0 0 0
106 0 1000 0 0 1000 0 1000 26 26 26 26 15 15 108579 105 0 0 80291 1 28288 104 26 26 26 26 15 15 108579 105 0 0 80291 1 28288 104 26 26 26 26 15 15 108579 105 0 0 80291 1 28288 104 26 26 26 26 15 15 108579 105 0 0 80291 1 28288 104 26 26 26 26 15 15 108579 105 0 0 80291 1 28288 104 26 26 26 26 15 15 108579 105 0 0 80291 1 28288 104
107 0 1000 0 0 1000 0 1000 26 26 26 26 16 16 0 0 0 0 0 0 0 0 26 26 26 26 16 16 0 0 0 0 0 0 0 0 26 26 26 26 16 16 0 0 0 0 0 0 0 0 26 26 26 26 16 16 0 0 0 0 0 0 0 0 26 26 26 26 16 16 0 0 0 0 0 0 0 0 26 26 26 26 16 16 0 0 0 0 0 0 0 0
108 0 1000 0 0 1000 0 1000 26 26 26 26 16 16 0 0 0 0 0 0 0 0 26 26 26 26 16 16 0 0 0 0 0 0 0 0 26 26 26 26 16 16 0 0 0 0 0 0 0 0 26 26 26 26 16 16 0 0 0 0 0 0 0 0 26 26 26 26 16 16 0 0 0 0 0 0 0 0 26 26 26 26 16 16 0 0 0 0 0 0 0 0
109 0 1000 0 0 1000 0 1000 26 26 26 26 16 16 753902 9 753902 9 0 0 0 0 26 26 26 26 16 16 753902 9 753902 9 0 0 0 0 26 26 26 26 16 16 753902 9 753902 9 0 0 0 0 26 26 26 26 16 16 753902 9 753902 9 0 0 0 0 26 26 26 26 16 16 753902 9 753902 9 0 0 0 0 26 26 26 26 16 16 753902 9 753902 9 0 0 0 0
110 0 1000 0 0 1000 0 1000 27 27 27 27 16 16 108035 103 0 0 80291 1 27744 102 27 27 27 27 16 16 108035 103 0 0 80291 1 27744 102 27 27 27 27 16 16 108035 103 0 0 80291 1 27744 102 27 27 27 27 16 16 108035 103 0 0 80291 1 27744 102 27 27 27 27 16 16 108035 103 0 0 80291 1 27744 102 27 27 27 27 16 16 108035 103 0 0 80291 1 27744 102
111 0 1000 0 0 1000 0 1000 27 27 27 27 17 17 0 0 0 0 0 0 0 0 27 27 27 27 17 17 0 0 0 0 0 0 0 0 27 27 27 27 17 17 0 0 0 0 0 0 0 0 27 27 27 27 17 17 0 0 0 0 0 0 0 0 27 27 27 27 17 17 0 0 0 0 0 0 0 0 27 27 27 27 17 17 0 0 0 0 0 0 0 0
112 0 1000 0 0 1000 0 1000 27 27 27 27 17 17 0 0 0 0 0 0 0 0 27 27 27 27 17 17 0 0 0 0 0 0 0 0 27 27 27 27 17 17 0 0 0 0 0 0 0 0 27 27 27 27 17 17 0 0 0 0 0 0 0 0 27 27 27 27 17 17 0 0 0 0 0 0 0 0 27 27 27 27 17 17 0 0 0 0 0 0 0 0
113 0 1000 0 0 1000 0 1000 27 27 27 27 17 17 167406 2 167406 2 0 0 0 0 27 27 27 27 17 17 167406 2 167406 2 0 0 0 0 27 27 27 27 17 17 167406 2 167406 2 0 0 0 0 27 27 27 27 17 17 167406 2 167406 2 0 0 0 0 27 27 27 27 17 17 167406 2 167406 2 0 0 0 0 27 27 27 27 17 17 167406 2 167406 2 0 0 0 0
114 0 1000 0 0 1000 0 1000 28 28 28 28 17 17 109667 109 0 0 80291 1 29376 108 28 28 28 28 17 17 109667 109 0 0 80291 1 29376 108 28 28 28 28 17 17 109667 109 0 0 80291 1 29376 108 28 28 28 28 17 17 109667 109 0 0 80291 1 29376 108 28 28 28 28 17 17 109667 109 0 0 80291 1 29376 108 28 28 28 28 17 17 109667 109 0 0 80291 1 29376 108
115 0 1000 0 0 1000 0 1000 28 28 28 28 18 18 0 0 0 0 0 0 0 0 28 28 28 28 18 18 0 0 0 0 0 0 0 0 28 28 28 28 18 18 0 0 0 0 0 0 0 0 28 28 28 28 18 18 0 0 0 0 0 0 0 0 28 28 28 28 18 18 0 0 0 0 0 0 0 0 28 28 28 28 18 18 0 0 0 0 0 0 0 0
116 0 1000 0 0 1000 0 1000 28 28 28 28 18 18 0 0 0 0 0 0 0 0 28 28 28 28 18 18 0 0 0 0 0 0 0 0 28 28 28 28 18 18 0 0 0 0 0 0 0 0 28 28 28 28 18 18 0 0 0 0 0 0 0 0 28 28 28 28 18 18 0 0 0 0 0 0 0 0 28 28 28 28 18 18 0 0 0 0 0 0 0 0
117 0 1000 0 0 1000 0 1000 28 28 28 28 18 18 419474 5 419474 5 0 0 0 0 28 28 28 28 18 18 419474 5 419474 5 0 0 0 0 28 28 28 28 18 18 419474 5 419474 5 0 0 0 0 28 28 28 28 18 18 419474 5 419474 5 0 0 0 0 28 28 28 28 18 18 419474 5 419474 5 0 0 0 0 28 28 28 28 18 18 419474 5 419474 5 0 0 0 0
118 0 1000 0 0 1000 0 1000 29 29 29 29 18 18 108850 106 0 0 80290 1 28560 105 29 29 29 29 18 18 108850 106 0 0 80290 1 28560 105 29 29 29 29 18 18 108850 106 0 0 80290 1 28560 105 29 29 29 29 18 18 108850 106 0 0 80290 1 28560 105 29 29 29 29 18 18 108850 106 0 0 80290 1 28560 105 29 29 29 29 18 18 108850 106 0 0 80290 1 28560 105
119 0 1000 0 0 1000 0 1000 29 29 29 29 19 19 0 0 0 0 0 0 0 0 29 29 29 29 19 19 0 0 0 0 0 0 0 0 29 29 29 29 19 19 0 0 0 0 0 0 0 0 29 29 29 29 19 19 0 0 0 0 0 0 0 0 29 29 29 29 19 19 0 0 0 0 0 0 0 0 29 29 29 29 19 19 0 0 0 0 0 0 0 0
120 0 1000 0 0 1000 0 1000 29 29 29 29 19 19 0 0 0 0 0 0 0 0 29 29 29 29 19 19 0 0 0 0 0 0 0 0 29 29 29 29 19 19 0 0 0 0 0 0 0 0 29 29 29 29 19 19 0 0 0 0 0 0 0 0 29 29 29 29 19 19 0 0 0 0 0 0 0 0 29 29 29 29 19 19 0 0 0 0 0 0 0 0
121 0 1000 0 0 1000 0 1000 29 29 29 29 19 19 502794 6 502794 6 0 0 0 0 29 29 29 29 19 19 502794 6 502794 6 0 0 0 0 29 29 29 29 19 19 502794 6 502794 6 0 0 0 0 29 29 29 29 19 19 502794 6 502794 6 0 0 0 0 29 29 29 29 19 19 502794 6 502794 6 0 0 0 0 29 29 29 29 19 19 502794 6 502794 6 0 0 0 0
122 0 1000 0 0 1000 0 1000 30 30 30 30 19 19 106403 97 0 0 80291 1 26112 96 30 30 30 30 19 19 106403 97 0 0 80291 1 26112 96 30 30 30 30 19 19 106403 97 0 0 80291 1 26112 96 30 30 30 30 19 19 106403 97 0 0 80291 1 26112 96 30 30 30 30 19 19 106403 97 0 0 80291 1 26112 96 30 30 30 30 19 19 106403 97 0 0 80291 1 26112 96
123 0 1000 0 0 1000 0 1000 30 30 30 30 20 20 0 0 0 0 0 0 0 0 30 30 30 30 20 20 0 0 0 0 0 0 0 0 30 30 30 30 20 20 0 0 0 0 0 0 0 0 30 30 30 30 20 20 0 0 0 0 0 0 0 0 30 30 30 30 20 20 0 0 0 0 0 0 0 0 30 30 30 30 20 20 0 0 0 0 0 0 0 0
124 0 1000 0 0 1000 0 1000 30 30 30 30 20 20 0 0 0 0 0 0 0 0 30 30 30 30 20 20 0 0 0 0 0 0 0 0 30 30 30 30 20 20 0 0 0 0 0 0 0 0 30 30 30 30 20 20 0 0 0 0 0 0 0 0 30 30 30 30 20 20 0 0 0 0 0 0 0 0 30 30 30 30 20 20 0 0 0 0 0 0 0 0
125 0 1000 0 0 1000 0 1000 30 30 30 30 20 20 501066 6 501066 6 0 0 0 0 30 30 30 30 20 20 501066 6 501066 6 0 0 0 0 30 30 30 30 20 20 501066 6 501066 6 0 0 0 0 30 30 30 30 20 20 501066 6 501066 6 0 0 0 0 30 30 30 30 20 20 501066 6 501066 6 0 0 0 0 30 30 30 30 20 20 501066 6 501066 6 0 0 0 0
126 0 1000 0 0 1000 0 1000 31 31 31 31 20 20 109395 108 0 0 80291 1 29104 107 31 31 31 31 20 20 109395 108 0 0 80291 1 29104 107 31 31 31 31 20 20 109395 108 0 0 80291 1 29104 107 31 31 31 31 20 20 109395 108 0 0 80291 1 29104 107 31 31 31 31 20 20 109395 108 0 0 80291 1 29104 107 31 31 31 31 20 20 109395 108 0 0 80291 1 29104 107
127 0 1000 0 0 1000 0 1000 31 31 31 31 21 21 0 0 0 0 0 0 0 0 31 31 31 31 21 21 0 0 0 0 0 0 0 0 31 31 31 31 21 21 0 0 0 0 0 0 0 0 31 31 31 31 21 21 0 0 0 0 0 0 0 0 31 31 31 31 21 21 0 0 0 0 0 0 0 0 31 31 31 31 21 21 0 0 0 0 0 0 0 0
128 0 1000 0 0 1000 0 1000 31 31 31 31 21 21 0 0 0 0 0 0 0 0 31 31 31 31 21 21 0 0 0 0 0 0 0 0 31 31 31 31 21 21 0 0 0 0 0 0 0 0 31 31 31 31 21 21 0 0 0 0 0 0 0 0 31 31 31 31 21 21 0 0 0 0 0 0 0 0 31 31 31 31 21 21 0 0 0 0 0 0 0 0
129 0 1000 0 0 1000 0 1000 31 31 31 31 21 21 251589 3 251589 3 0 0 0 0 31 31 31 31 21 21 251589 3 251589 3 0 0 0 0 31 31 31 31 21 21 251589 3 251589 3 0 0 0 0 31 31 31 31 21 21 251589 3 251589 3 0 0 0 0 31 31 31 31 21 21 251589 3 251589 3 0 0 0 0 31 31 31 31 21 21 251589 3 251589 3 0 0 0 0
130 0 1000 0 0 1000 0 1000 32 32 32 32 21 21 111027 114 0 0 80291 1 30736 113 32 32 32 32 21 21 111027 114 0 0 80291 1 30736 113 32 32 32 32 21 21 111027 114 0 0 80291 1 30736 113 32 32 32 32 21 21 111027 114 0 0 80291 1 30736 113 32 32 32 32 21 21 111027 114 0 0 80291 1 30736 113 32 32 32 32 21 21 111027 114 0 0 80291 1 30736 113
131 0 1000 0 0 1000 0 1000 32 32 32 32 22 22 0 0 0 0 0 0 0 0 32 32 32 32 22 22 0 0 0 0 0 0 0 0 32 32 32 32 22 22 0 0 0 0 0 0 0 0 32 32 32 32 22 22 0 0 0 0 0 0 0 0 32 32 32 32 22 22 0 0 0 0 0 0 0 0 32 32 32 32 22 22 0 0 0 0 0 0 0 0
132 0 1000 0 0 1000 0 1000 32 32 32 32 22 22 0 0 0 0 0 0 0 0 32 32 32 32 22 22 0 0 0 0 0 0 0 0 32 32 32 32 22 22 0 0 0 0 0 0 0 0 32 32 32 32 22 22 0 0 0 0 0 0 0 0 32 32 32 32 22 22 0 0 0 0 0 0 0 0 32 32 32 32 22 22 0 0 0 0 0 0 0 0
133 0 1000 0 0 1000 0 1000 32 32 32 32 22 22 420275 5 420275 5 0 0 0 0 32 32 32 32 22 22 420275 5 420275 5 0 0 0 0 32 32 32 32 22 22 420275 5 420275 5 0 0 0 0 32 32 32 32 22 22 420275 5 420275 5 0 0 0 0 32 32 32 32 22 22 420275 5 420275 5 0 0 0 0 32 32 32 32 22 22 420275 5 420275 5 0 0 0 0
134 0 1000 0 0 1000 0 1000 33 33 33 33 22 22 112115 118 0 0 80291 1 31824 117 33 33 33 33 22 22 112115 118 0 0 80291 1 31824 117 33 33 33 33 22 22 112115 118 0 0 80291 1 31824 117 33 33 33 33 22 22 112115 118 0 0 80291 1 31824 117 33 33 33 33 22 22 112115 118 0 0 80291 1 31824 117 33 33 33 33 22 22 112115 118 0 0 80291 1 31824 117
135 0 1000 0 0 1000 0 1000 33 33 33 33 23 23 0 0 0 0 0 0 0 0 33 33 33 33 23 23 0 0 0 0 0 0 0 0 33 33 33 33 23 23 0 0 0 0 0 0 0 0 33 33 33 33 23 23 0 0 0 0 0 0 0 0 33 33 33 33 23 23 0 0 0 0 0 0 0 0 33 33 33 33 23 23 0 0 0 0 0 0 0 0
136 0 1000 0 0 1000 0 1000 33 33 33 33 23 23 0 0 0 0 0 0 0 0 33 33 33 33 23 23 0 0 0 0 0 0 0 0 33 33 33 33 23 23 0 0 0 0 0 0 0 0 33 33 33 33 23 23 0 0 0 0 0 0 0 0 33 33 33 33 23 23 0 0 0 0 0 0 0 0 33 33 33 33 23 23 0 0 0 0 0 0 0 0
137 0 1000 0 0 1000 0 1000 33 33 33 33 23 23 420915 5 420915 5 0 0 0 0 33 33 33 33 23 23 420915 5 420915 5 0 0 0 0 33 33 33 33 23 23 420915 5 420915 5 0 0 0 0 33 33 33 33 23 23 420915 5 420915 5 0 0 0 0 33 33 33 33 23 23 420915 5 420915 5 0 0 0 0 33 33 33 33 23 23 420915 5 420915 5 0 0 0 0
138 0 1000 0 0 1000 0 1000 34 34 34 34 23 23 107491 101 0 0 80291 1 27200 100 34 34 34 34 23 23 107491 101 0 0 80291 1 27200 100 34 34 34 34 23 23 107491 101 0 0 80291 1 27200 100 34 34 34 34 23 23 107491 101 0 0 80291 1 27200 100 34 34 34 34 23 23 107491 101 0 0 80291 1 27200 100 34 34 34 34 23 23 107491 101 0 0 80291 1 27200 100
139 0 1000 0 0 1000 0 1000 34 34 34 34 24 24 0 0 0 0 0 0 0 0 34 34 34 34 24 24 0 0 0 0 0 0 0 0 34 34 34 34 24 24 0 0 0 0 0 0 0 0 34 34 34 34 24 24 0 0 0 0 0 0 0 0 34 34 34 34 24 24 0 0 0 0 0 0 0 0 34 34 34 34 24 24 0 0 0 0 0 0 0 0
140 0 1000 0 0 1000 0 1000 34 34 34 34 24 24 0 0 0 0 0 0 0 0 34 34 34 34 24 24 0 0 0 0 0 0 0 0 34 34 34 34 24 24 0 0 0 0 0 0 0 0 34 34 34 34 24 24 0 0 0 0 0 0 0 0 34 34 34 34 24 24 0 0 0 0 0 0 0 0 34 34 34 34 24 24 0 0 0 0 0 0 0 0
141 0 1000 0 0 1000 0 1000 34 34 34 34 24 24 334556 4 334556 4 0 0 0 0 34 34 34 34 24 24 334556 4 334556 4 0 0 0 0 34 34 34 34 24 24 334556 4 334556 4 0 0 0 0 34 34 34 34 24 24 334556 4 334556 4 0 0 0 0 34 34 34 34 24 24 334556 4 334556 4 0 0 0 0 34 34 34 34 24 24 334556 4 334556 4 0 0 0 0
142 0 1000 0 0 1000 0 1000 35 35 35 35 24 24 105315 93 0 0 80291 1 25024 92 35 35 35 35 24 24 105315 93 0 0 80291 1 25024 92 35 35 35 35 24 24 105315 93 0 0 80291 1 25024 92 35 35 35 35 24 24 105315 93 0 0 80291 1 25024 92 35 35 35 35 24 24 105315 93 0 0 80291 1 25024 92 35 35 35 35 24 24 105315 93 0 0 80291 1 25024 92
143 0 1000 0 0 1000 0 1000 35 35 35 35 25 25 0 0 0 0 0 0 0 0 35 35 35 35 25 25 0 0 0 0 0 0 0 0 35 35 35 35 25 25 0 0 0 0 0 0 0 0 35 35 35 35 25 25 0 0 0 0 0 0 0 0 35 35 35 35 25 25 0 0 0 0 0 0 0 0 35 35 35 35 25 25 0 0 0 0 0 0 0 0
144 0 1000 0 0 1000 0 1000 35 35 35 35 25 25 0 0 0 0 0 0 0 0 35 35 35 35 25 25 0 0 0 0 0 0 0 0 35 35 35 35 25 25 0 0 0 0 0 0 0 0 35 35 35 35 25 25 0 0 0 0 0 0 0 0 35 35 35 35 25 25 0 0 0 0 0 0 0 0 35 35 35 35 25 25 0 0 0 0 0 0 0 0
145 0 1000 0 0 1000 0 1000 35 35 35 35 25 25 333530 4 333530 4 0 0 0 0 35 35 35 35 25 25 333530 4 333530 4 0 0 0 0 35 35 35 35 25 25 333530 4 333530 4 0 0 0 0 35 35 35 35 25 25 333530 4 333530 4 0 0 0 0 35 35 35 35 25 25 333530 4 333530 4 0 0 0 0 35 35 35 35 25 25 333530 4 333530 4 0 0 0 0
146 0 1000 0 0 1000 0 1000 36 36 36 36 25 25 109395 108 0 0 80291 1 29104 107 36 36 36 36 25 25 109395 108 0 0 80291 1 29104 107 36 36 36 36 25 25 109395 108 0 0 80291 1 29104 107 36 36 36 36 25 25 109395 108 0 0 80291 1 29104 107 36 36 36 36 25 25 109395 108 0 0 80291 1 29104 107 36 36 36 36 25 25 109395 108 0 0 80291 1 29104 107
147 0 1000 0 0 1000 0 1000 36 36 36 36 26 26 0 0 0 0 0 0 0 0 36 36 36 36 26 26 0 0 0 0 0 0 0 0 36 36 36 36 26 26 0 0 0 0 0 0 0 0 36 36 36 36 26 26 0 0 0 0 0 0 0 0 36 36 36 36 26 26 0 0 0 0 0 0 0 0 36 36 36 36 26 26 0 0 0 0 0 0 0 0
148 0 1000 0 0 1000 0 1000 36 36 36 36 26 26 0 0 0 0 0 0 0 0 36 36 36 36 26 26 0 0 0 0 0 0 0 0 36 36 36 36 26 26 0 0 0 0 0 0 0 0 36 36 36 36 26 26 0 0 0 0 0 0 0 0 36 36 36 36 26 26 0 0 0 0 0 0 0 0 36 36 36 36 26 26 0 0 0 0 0 0 0 0
149 0 1000 0 0 1000 0 1000 36 36 36 36 26 26 419315 5 419315 5 0 0 0 0 36 36 36 36 26 26 419315 5 419315 5 0 0 0 0 36 36 36 36 26 26 419315 5 419315 5 0 0 0 0 36 36 36 36 26 26 419315 5 419315 5 0 0 0 0 36 36 36 36 26 26 419315 5 419315 5 0 0 0 0 36 36 36 36 26 26 419315 5 419315 5 0 0 0 0
150 0 1000 0 0 1000 0 1000 37 37 37 37 26 26 106675 98 0 0 80291 1 26384 97 37 37 37 37 26 26 106675 98 0 0 80291 1 26384 97 37 37 37 37 26 26 106675 98 0 0 80291 1 26384 97 37 37 37 37 26 26 106675 98 0 0 80291 1 26384 97 37 37 37 37 26 26 106675 98 0 0 80291 1 26384 97 37 37 37 37 26 26 106675 98 0 0 80291 1 26384 97
151 0 1000 0 0 1000 0 1000 37 37 37 37 27 27 0 0 0 0 0 0 0 0 37 37 37 37 27 27 0 0 0 0 0 0 0 0 37 37 37 37 27 27 0 0 0 0 0 0 0 0 37 37 37 37 27 27 0 0 0 0 0 0 0 0 37 37 37 37 27 27 0 0 0 0 0 0 0 0 37 37 37 37 27 27 0 0 0 0 0 0 0 0
152 0 1000 0 0 1000 0 1000 37 37 37 37 27 27 0 0 0 0 0 0 0 0 37 37 37 37 27 27 0 0 0 0 0 0 0 0 37 37 37 37 27 27 0 0 0 0 0 0 0 0 37 37 37 37 27 27 0 0 0 0 0 0 0 0 37 37 37 37 27 27 0 0 0 0 0 0 0 0 37 37 37 37 27 27 0 0 0 0 0 0 0 0
153 0 1000 0 0 1000 0 1000 37 37 37 37 27 27 83543 1 83543 1 0 0 0 0 37 37 37 37 27 27 83543 1 83543 1 0 0 0 0 37 37 37 37 27 27 83543 1 83543 1 0 0 0 0 37 37 37 37 27 27 83543 1 83543 1 0 0 0 0 37 37 37 37 27 27 83543 1 83543 1 0 0 0 0 37 37 37 37 27 27 83543 1 83543 1 0 0 0 0
154 0 1000 0 0 1000 0 1000 38 38 38 38 27 27 111027 114 0 0 80291 1 30736 113 38 38 38 38 27 27 111027 114 0 0 80291 1 30736 113 38 38 38 38 27 27 111027 114 0 0 80291 1 30736 113 38 38 38 38 27 27 111027 114 0 0 80291 1 30736 113 38 38 38 38 27 27 111027 114 0 0 80291 1 30736 113 38 38 38 38 27 27 111027 114 0 0 80291 1 30736 113
155 0 1000 0 0 1000 0 1000 38 38 38 38 28 28 0 0 0 0 0 0 0 0 38 38 38 38 28 28 0 0 0 0 0 0 0 0 38 38 38 38 28 28 0 0 0 0 0 0 0 0 38 38 38 38 28 28 0 0 0 0 0 0 0 0 38 38 38 38 28 28 0 0 0 0 0 0 0 0 38 38 38 38 28 28 0 0 0 0 0 0 0 0
156 0 1000 0 0 1000 0 1000 38 38 38 38 28 28 0 0 0 0 0 0 0 0 38 38 38 38 28 28 0 0 0 0 0 0 0 0 38 38 38 38 28 28 0 0 0 0 0 0 0 0 38 38 38 38 28 28 0 0 0 0 0 0 0 0 38 38 38 38 28 28 0 0 0 0 0 0 0 0 38 38 38 38 28 28 0 0 0 0 0 0 0 0
157 0 1000 0 0 1000 0 1000 38 38 38 38 28 28 336220 4 336220 4 0 0 0 0 38 38 38 38 28 28 336220 4 336220 4 0 0 0 0 38 38 38 38 28 28 336220 4 336220 4 0 0 0 0 38 38 38 38 28 28 336220 4 336220 4 0 0 0 0 38 38 38 38 28 28 336220 4 336220 4 0 0 0 0 38 38 38 38 28 28 336220 4 336220 4 0 0 0 0
158 0 1000 0 0 1000 0 1000 39 39 39 39 28 28 106675 98 0 0 80291 1 26384 97 39 39 39 39 28 28 106675 98 0 0 80291 1 26384 97 39 39 39 39 28 28 106675 98 0 0 80291 1 26384 97 39 39 39 39 28 28 106675 98 0 0 80291 1 26384 97 39 39 39 39 28 28 106675 98 0 0 80291 1 26384 97 39 39 39 39 28 28 106675 98 0 0 80291 1 26384 97
159 0 1000 0 0 1000 0 1000 39 39 39 39 29 29 0 0 0 0 0 0 0 0 39 39 39 39 29 29 0 0 0 0 0 0 0 0 39 39 39 39 29 29 0 0 0 0 0 0 0 0 39 39 39 39 29 29 0 0 0 0 0 0 0 0 39 39 39 39 29 29 0 0 0 0 0 0 0 0 39 39 39 39 29 29 0 0 0 0 0 0 0 0
160 0 1000 0 0 1000 0 1000 39 39 39 39 29 29 0 0 0 0 0 0 0 0 39 39 39 39 29 29 0 0 0 0 0 0 0 0 39 39 39 39 29 29 0 0 0 0 0 0 0 0 39 39 39 39 29 29 0 0 0 0 0 0 0 0 39 39 39 39 29 29 0 0 0 0 0 0 0 0 39 39 39 39 29 29 0 0 0 0 0 0 0 0
161 0 1000 0 0 1000 0 1000 39 39 39 39 29 29 417715 5 417715 5 0 0 0 0 39 39 39 39 29 29 417715 5 417715 5 0 0 0 0 39 39 39 39 29 29 417715 5 417715 5 0 0 0 0 39 39 39 39 29 29 417715 5 417715 5 0 0 0 0 39 39 39 39 29 29 417715 5 417715 5 0 0 0 0 39 39 39 39 29 29 417715 5 417715 5 0 0 0 0
162 0 1000 0 0 1000 0 1000 40 40 40 40 29 29 109667 109 0 0 80291 1 29376 108 40 40 40 40 29 29 109667 109 0 0 80291 1 29376 108 40 40 40 40 29 29 109667 109 0 0 80291 1 29376 108 40 40 40 40 29 29 109667 109 0 0 80291 1 29376 108 40 40 40 40 29 29 109667 109 0 0 80291 1 29376 108 40 40 40 40 29 29 109667 109 0 0 80291 1 29376 108
163 0 1000 0 0 1000 0 1000 40 40 40 40 30 30 0 0 0 0 0 0 0 0 40 40 40 40 30 30 0 0 0 0 0 0 0 0 40 40 40 40 30 30 0 0 0 0 0 0 0 0 40 40 40 40 30 30 0 0 0 0 0 0 0 0 40 40 40 40 30 30 0 0 0 0 0 0 0 0 40 40 40 40 30 30 0 0 0 0 0 0 0 0
164 0 1000 0 0 1000 0 1000 40 40 40 40 30 30 0 0 0 0 0 0 0 0 40 40 40 40 30 30 0 0 0 0 0 0 0 0 40 40 40 40 30 30 0 0 0 0 0 0 0 0 40 40 40 40 30 30 0 0 0 0 0 0 0 0 40 40 40 40 30 30 0 0 0 0 0 0 0 0 40 40 40 40 30 30 0 0 0 0 0 0 0 0
165 0 1000 0 0 1000 0 1000 40 40 40 40 30 30 671160 8 671160 8 0 0 0 0 40 40 40 40 30 30 671160 8 671160 8 0 0 0 0 40 40 40 40 30 30 671160 8 671160 8 0 0 0 0 40 40 40 40 30 30 671160 8 671160 8 0 0 0 0 40 40 40 40 30 30 671160 8 671160 8 0 0 0 0 40 40 40 40 30 30 671160 8 671160 8 0 0 0 0
166 0 1000 0 0 1000 0 1000 41 41 41 41 30 30 109395 108 0 0 80291 1 29104 107 41 41 41 41 30 30 109395 108 0 0 80291 1 29104 107 41 41 41 41 30 30 109395 108 0 0 80291 1 29104 107 41 41 41 41 30 30 109395 108 0 0 80291 1 29104 107 41 41 41 41 30 30 109395 108 0 0 80291 1 29104 107 41 41 41 41 30 30 109395 108 0 0 80291 1 29104 107
167 0 1000 0 0 1000 0 1000 41 41 41 41 31 31 0 0 0 0 0 0 0 0 41 41 41 41 31 31 0 0 0 0 0 0 0 0 41 41 41 41 31 31 0 0 0 0 0 0 0 0 41 41 41 41 31 31 0 0 0 0 0 0 0 0 41 41 41 41 31 31 0 0 0 0 0 0 0 0 41 41 41 41 31 31 0 0 0 0 0 0 0 0
168 0 1000 0 0 1000 0 1000 41 41 41 41 31 31 0 0 0 0 0 0 0 0 41 41 41 41 31 31 0 0 0 0 0 0 0 0 41 41 41 41 31 31 0 0 0 0 0 0 0 0 41 41 41 41 31 31 0 0 0 0 0 0 0 0 41 41 41 41 31 31 0 0 0 0 0 0 0 0 41 41 41 41 31 31 0 0 0 0 0 0 0 0
169 0 1000 0 0 1000 0 1000 41 41 41 41 31 31 419315 5 419315 5 0 0 0 0 41 41 41 41 31 31 419315 5 419315 5 0 0 0 0 41 41 41 41 31 31 419315 5 419315 5 0 0 0 0 41 41 41 41 31 31 419315 5 419315 5 0 0 0 0 41 41 41 41 31 31 419315 5 419315 5 0 0 0 0 41 41 41 41 31 31 419315 5 419315 5 0 0 0 0
170 0 1000 0 0 1000 0 1000 42 42 42 42 31 31 104227 89 0 0 80291 1 23936 88 42 42 42 42 31 31 104227 89 0 0 80291 1 23936 88 42 42 42 42 31 31 104227 89 0 0 80291 1 23936 88 42 42 42 42 31 31 104227 89 0 0 80291 1 23936 88 42 42 42 42 31 31 104227 89 0 0 80291 1 23936 88 42 42 42 42 31 31 104227 89 0 0 80291 1 23936 88
171 0 1000 0 0 1000 0 1000 42 42 42 42 32 32 0 0 0 0 0 0 0 0 42 42 42 42 32 32 0 0 0 0 0 0 0 0 42 42 42 42 32 32 0 0 0 0 0 0 0 0 42 42 42 42 32 32 0 0 0 0 0 0 0 0 42 42 42 42 32 32 0 0 0 0 0 0 0 0 42 42 42 42 32 32 0 0 0 0 0 0 0 0
172 0 1000 0 0 1000 0 1000 42 42 42 42 32 32 0 0 0 0 0 0 0 0 42 42 42 42 32 32 0 0 0 0 0 0 0 0 42 42 42 42 32 32 0 0 0 0 0 0 0 0 42 42 42 42 32 32 0 0 0 0 0 0 0 0 42 42 42 42 32 32 0 0 0 0 0 0 0 0 42 42 42 42 32 32 0 0 0 0 0 0 0 0
173 0 1000 0 0 1000 0 1000 42 42 42 42 32 32 416275 5 416275 5 0 0 0 0 42 42 42 42 32 32 416275 5 416275 5 0 0 0 0 42 42 42 42 32 32 416275 5 416275 5 0 0 0 0 42 42 42 42 32 32 416275 5 416275 5 0 0 0 0 42 42 42 42 32 32 416275 5 416275 5 0 0 0 0 42 42 42 42 32 32 416275 5 416275 5 0 0 0 0
174 0 1000 0 0 1000 0 1000 43 43 43 43 32 32 111843 117 0 0 80291 1 31552 116 43 43 43 43 32 32 111843 117 0 0 80291 1 31552 116 43 43 43 43 32 32 111843 117 0 0 80291 1 31552 116 43 43 43 43 32 32 111843 117 0 0 80291 1 31552 116 43 43 43 43 32 32 111843 117 0 0 80291 1 31552 116 43 43 43 43 32 32 111843 117 0 0 80291 1 31552 116
175 0 1000 0 0 1000 0 1000 43 43 43 43 33 33 0 0 0 0 0 0 0 0 43 43 43 43 33 33 0 0 0 0 0 0 0 0 43 43 43 43 33 33 0 0 0 0 0 0 0 0 43 43 43 43 33 33 0 0 0 0 0 0 0 0 43 43 43 43 33 33 0 0 0 0 0 0 0 0 43 43 43 43 33 33 0 0 0 0 0 0 0 0
176 0 1000 0 0 1000 0 1000 43 43 43 43 33 33 0 0 0 0 0 0 0 0 43 43 43 43 33 33 0 0 0 0 0 0 0 0 43 43 43 43 33 33 0 0 0 0 0 0 0 0 43 43 43 43 33 33 0 0 0 0 0 0 0 0 43 43 43 43 33 33 0 0 0 0 0 0 0 0 43 43 43 43 33 33 0 0 0 0 0 0 0 0
177 0 1000 0 0 1000 0 1000 43 43 43 43 33 33 336604 4 336604 4 0 0 0 0 43 43 43 43 33 33 336604 4 336604 4 0 0 0 0 43 43 43 43 33 33 336604 4 336604 4 0 0 0 0 43 43 43 43 33 33 336604 4 336604 4 0 0 0 0 43 43 43 43 33 33 336604 4 336604 4 0 0 0 0 43 43 43 43 33 33 336604 4 336604 4 0 0 0 0
178 0 1000 0 0 1000 0 1000 44 44 44 44 33 33 105043 92 0 0 80291 1 24752 91 44 44 44 44 33 33 105043 92 0 0 80291 1 24752 91 44 44 44 44 33 33 105043 92 0 0 80291 1 24752 91 44 44 44 44 33 33 105043 92 0 0 80291 1 24752 91 44 44 44 44 33 33 105043 92 0 0 80291 1 24752 91 44 44 44 44 33 33 105043 92 0 0 80291 1 24752 91
179 0 1000 0 0 1000 0 1000 44 44 44 44 34 34 0 0 0 0 0 0 0 0 44 44 44 44 34 34 0 0 0 0 0 0 0 0 44 44 44 44 34 34 0 0 0 0 0 0 0 0 44 44 44 44 34 34 0 0 0 0 0 0 0 0 44 44 44 44 34 34 0 0 0 0 0 0 0 0 44 44 44 44 34 34 0 0 0 0 0 0 0 0
180 0 1000 0 0 1000 0 1000 44 44 44 44 34 34 0 0 0 0 0 0 0 0 44 44 44 44 34 34 0 0 0 0 0 0 0 0 44 44 44 44 34 34 0 0 0 0 0 0 0 0 44 44 44 44 34 34 0 0 0 0 0 0 0 0 44 44 44 44 34 34 0 0 0 0 0 0 0 0 44 44 44 44 34 34 0 0 0 0 0 0 0 0
181 0 1000 0 0 1000 0 1000 44 44 44 44 34 34 250052 3 250052 3 0 0 0 0 44 44 44 44 34 34 250052 3 250052 3 0 0 0 0 44 44 44 44 34 34 250052 3 250052 3 0 0 0 0 44 44 44 44 34 34 250052 3 250052 3 0 0 0 0 44 44 44 44 34 34 250052 3 250052 3 0 0 0 0 44 44 44 44 34 34 250052 3 250052 3 0 0 0 0
182 0 1000 0 0 1000 0 1000 45 45 45 45 34 34 106403 97 0 0 80291 1 26112 96 45 45 45 45 34 34 106403 97 0 0 80291 1 26112 96 45 45 45 45 34 34 106403 97 0 0 80291 1 26112 96 45 45 45 45 34 34 106403 97 0 0 80291 1 26112 96 45 45 45 45 34 34 106403 97 0 0 80291 1 26112 96 45 45 45 45 34 34 106403 97 0 0 80291 1 26112 96
183 0 1000 0 0 1000 0 1000 45 45 45 45 35 35 0 0 0 0 0 0 0 0 45 45 45 45 35 35 0 0 0 0 0 0 0 0 45 45 45 45 35 35 0 0 0 0 0 0 0 0 45 45 45 45 35 35 0 0 0 0 0 0 0 0 45 45 45 45 35 35 0 0 0 0 0 0 0 0 45 45 45 45 35 35 0 0 0 0 0 0 0 0
184 0 1000 0 0 1000 0 1000 45 45 45 45 35 35 0 0 0 0 0 0 0 0 45 45 45 45 35 35 0 0 0 0 0 0 0 0 45 45 45 45 35 35 0 0 0 0 0 0 0 0 45 45 45 45 35 35 0 0 0 0 0 0 0 0 45 45 45 45 35 35 0 0 0 0 0 0 0 0 45 45 45 45 35 35 0 0 0 0 0 0 0 0
185 0 1000 0 0 1000 0 1000 45 45 45 45 35 35 751599 9 751599 9 0 0 0 0 45 45 45 45 35 35 751599 9 751599 9 0 0 0 0 45 45 45 45 35 35 751599 9 751599 9 0 0 0 0 45 45 45 45 35 35 751599 9 751599 9 0 0 0 0 45 45 45 45 35 35 751599 9 751599 9 0 0 0 0 45 45 45 45 35 35 751599 9 751599 9 0 0 0 0
186 0 1000 0 0 1000 0 1000 46 46 46 46 35 35 108035 103 0 0 80291 1 27744 102 46 46 46 46 35 35 108035 103 0 0 80291 1 27744 102 46 46 46 46 35 35 108035 103 0 0 80291 1 27744 102 46 46 46 46 35 35 108035 103 0 0 80291 1 27744 102 46 46 46 46 35 35 108035 103 0 0 80291 1 27744 102 46 46 46 46 35 35 108035 103 0 0 80291 1 27744 102
187 0 1000 0 0 1000 0 1000 46 46 46 46 36 36 0 0 0 0 0 0 0 0 46 46 46 46 36 36 0 0 0 0 0 0 0 0 46 46 46 46 36 36 0 0 0 0 0 0 0 0 46 46 46 46 36 36 0 0 0 0 0 0 0 0 46 46 46 46 36 36 0 0 0 0 0 0 0 0 46 46 46 46 36 36 0 0 0 0 0 0 0 0
188 0 1000 0 0 1000 0 1000 46 46 46 46 36 36 0 0 0 0 0 0 0 0 46 46 46 46 36 36 0 0 0 0 0 0 0 0 46 46 46 46 36 36 0 0 0 0 0 0 0 0 46 46 46 46 36 36 0 0 0 0 0 0 0 0 46 46 46 46 36 36 0 0 0 0 0 0 0 0 46 46 46 46 36 36 0 0 0 0 0 0 0 0
189 0 1000 0 0 1000 0 1000 46 46 46 46 36 36 418515 5 418515 5 0 0 0 0 46 46 46 46 36 36 418515 5 418515 5 0 0 0 0 46 46 46 46 36 36 418515 5 418515 5 0 0 0 0 46 46 46 46 36 36 418515 5 418515 5 0 0 0 0 46 46 46 46 36 36 418515 5 418515 5 0 0 0 0 46 46 46 46 36 36 418515 5 418515 5 0 0 0 0
190 0 1000 0 0 1000 0 1000 47 47 47 47 36 36 106947 99 0 0 80291 1 26656 98 47 47 47 47 36 36 106947 99 0 0 80291 1 26656 98 47 47 47 47 36 36 106947 99 0 0 80291 1 26656 98 47 47 47 47 36 36 106947 99 0 0 80291 1 26656 98 47 47 47 47 36 36 106947 99 0 0 80291 1 26656 98 47 47 47 47 36 36 106947 99 0 0 80291 1 26656 98
191 0 1000 0 0 1000 0 1000 47 47 47 47 37 37 0 0 0 0 0 0 0 0 47 47 47 47 37 37 0 0 0 0 0 0 0 0 47 47 47 47 37 37 0 0 0 0 0 0 0 0 47 47 47 47 37 37 0 0 0 0 0 0 0 0 47 47 47 47 37 37 0 0 0 0 0 0 0 0 47 47 47 47 37 37 0 0 0 0 0 0 0 0
192 0 1000 0 0 1000 0 1000 47 47 47 47 37 37 0 0 0 0 0 0 0 0 47 47 47 47 37 37 0 0 0 0 0 0 0 0 47 47 47 47 37 37 0 0 0 0 0 0 0 0 47 47 47 47 37 37 0 0 0 0 0 0 0 0 47 47 47 47 37 37 0 0 0 0 0 0 0 0 47 47 47 47 37 37 0 0 0 0 0 0 0 0
193 0 1000 0 0 1000 0 1000 47 47 47 47 37 37 334299 4 334299 4 0 0 0 0 47 47 47 47 37 37 334299 4 334299 4 0 0 0 0 47 47 47 47 37 37 334299 4 334299 4 0 0 0 0 47 47 47 47 37 37 334299 4 334299 4 0 0 0 0 47 47 47 47 37 37 334299 4 334299 4 0 0 0 0 47 47 47 47 37 37 334299 4 334299 4 0 0 0 0
194 0 1000 0 0 1000 0 1000 48 48 48 48 37 37 106675 98 0 0 80291 1 26384 97 48 48 48 48 37 37 106675 98 0 0 80291 1 26384 97 48 48 48 48 37 37 106675 98 0 0 80291 1 26384 97 48 48 48 48 37 37 106675 98 0 0 80291 1 26384 97 48 48 48 48 37 37 106675 98 0 0 80291 1 26384 97 48 48 48 48 37 37 106675 98 0 0 80291 1 26384 97
195 0 1000 0 0 1000 0 1000 48 48 48 48 38 38 0 0 0 0 0 0 0 0 48 48 48 48 38 38 0 0 0 0 0 0 0 0 48 48 48 48 38 38 0 0 0 0 0 0 0 0 48 48 48 48 38 38 0 0 0 0 0 0 0 0 48 48 48 48 38 38 0 0 0 0 0 0 0 0 48 48 48 48 38 38 0 0 0 0 0 0 0 0
196 0 1000 0 0 1000 0 1000 48 48 48 48 38 38 0 0 0 0 0 0 0 0 48 48 48 48 38 38 0 0 0 0 0 0 0 0 48 48 48 48 38 38 0 0 0 0 0 0 0 0 48 48 48 48 38 38 0 0 0 0 0 0 0 0 48 48 48 48 38 38 0 0 0 0 0 0 0 0 48 48 48 48 38 38 0 0 0 0 0 0 0 0
197 0 1000 0 0 1000 0 1000 48 48 48 48 38 38 501256 6 501256 6 0 0 0 0 48 48 48 48 38 38 501256 6 501256 6 0 0 0 0 48 48 48 48 38 38 501256 6 501256 6 0 0 0 0 48 48 48 48 38 38 501256 6 501256 6 0 0 0 0 48 48 48 48 38 38 501256 6 501256 6 0 0 0 0 48 48 48 48 38 38 501256 6 501256 6 0 0 0 0
198 0 1000 0 0 1000 0 1000 49 49 49 49 38 38 110483 112 0 0 80291 1 30192 111 49 49 49 49 38 38 110483 112 0 0 80291 1 30192 111 49 49 49 49 38 38 110483 112 0 0 80291 1 30192 111 49 49 49 49 38 38 110483 112 0 0 80291 1 30192 111 49 49 49 49 38 38 110483 112 0 0 80291 1 30192 111 49 49 49 49 38 38 110483 112 0 0 80291 1 30192 111
199 0 1000 0 0 1000 0 1000 49 49 49 49 39 39 0 0 0 0 0 0 0 0 49 49 49 49 39 39 0 0 0 0 0 0 0 0 49 49 49 49 39 39 0 0 0 0 0 0 0 0 49 49 49 49 39 39 0 0 0 0 0 0 0 0 49 49 49 49 39 39 0 0 0 0 0 0 0 0 49 49 49 49 39 39 0 0 0 0 0 0 0 0
200 0 1000 0 0 1000 0 1000 49 49 49 49 39 39 0 0 0 0 0 0 0 0 49 49 49 49 39 39 0 0 0 0 0 0 0 0 49 49 49 49 39 39 0 0 0 0 0 0 0 0 49 49 49 49 39 39 0 0 0 0 0 0 0 0 49 49 49 49 39 39 0 0 0 0 0 0 0 0 49 49 49 49 39 39 0 0 0 0 0 0 0 0
201 0 1000 0 0 1000 0 1000 49 49 49 49 39 39 755919 9 755919 9 0 0 0 0 49 49 49 49 39 39 755919 9 755919 9 0 0 0 0 49 49 49 49 39 39 755919 9 755919 9 0 0 0 0 49 49 49 49 39 39 755919 9 755919 9 0 0 0 0 49 49 49 49 39 39 755919 9 755919 9 0 0 0 0 49 49 49 49 39 39 755919 9 755919 9 0 0 0 0
202 0 1000 0 0 1000 0 1000 50 50 50 50 39 39 110211 111 0 0 80291 1 29920 110 50 50 50 50 39 39 110211 111 0 0 80291 1 29920 110 50 50 50 50 39 39 110211 111 0 0 80291 1 29920 110 50 50 50 50 39 39 110211 111 0 0 80291 1 29920 110 50 50 50 50 39 39 110211 111 0 0 80291 1 29920 110 50 50 50 50 39 39 110211 111 0 0 80291 1 29920 110
203 0 1000 0 0 1000 0 1000 50 50 50 50 40 40 0 0 0 0 0 0 0 0 50 50 50 50 40 40 0 0 0 0 0 0 0 0 50 50 50 50 40 40 0 0 0 0 0 0 0 0 50 50 50 50 40 40 0 0 0 0 0 0 0 0 50 50 50 50 40 40 0 0 0 0 0 0 0 0 50 50 50 50 40 40 0 0 0 0 0 0 0 0
204 0 1000 0 0 1000 0 1000 50 50 50 50 40 40 0 0 0 0 0 0 0 0 50 50 50 50 40 40 0 0 0 0 0 0 0 0 50 50 50 50 40 40 0 0 0 0 0 0 0 0 50 50 50 50 40 40 0 0 0 0 0 0 0 0 50 50 50 50 40 40 0 0 0 0 0 0 0 0 50 50 50 50 40 40 0 0 0 0 0 0 0 0
205 0 1000 0 0 1000 0 1000 50 50 50 50 40 40 587713 7 587713 7 0 0 0 0 50 50 50 50 40 40 587713 7 587713 7 0 0 0 0 50 50 50 50 40 40 587713 7 587713 7 0 0 0 0 50 50 50 50 40 40 587713 7 587713 7 0 0 0 0 50 50 50 50 40 40 587713 7 587713 7 0 0 0 0 50 50 50 50 40 40 587713 7 587713 7 0 0 0 0
206 0 1000 0 0 1000 0 1000 51 51 51 51 40 40 104499 90 0 0 80291 1 24208 89 51 51 51 51 40 40 104499 90 0 0 80291 1 24208 89 51 51 51 51 40 40 104499 90 0 0 80291 1 24208 89 51 51 51 51 40 40 104499 90 0 0 80291 1 24208 89 51 51 51 51 40 40 104499 90 0 0 80291 1 24208 89 51 51 51 51 40 40 104499 90 0 0 80291 1 24208 89
207 0 1000 0 0 1000 0 1000 51 51 51 51 41 41 0 0 0 0 0 0 0 0 51 51 51 51 41 41 0 0 0 0 0 0 0 0 51 51 51 51 41 41 0 0 0 0 0 0 0 0 51 51 51 51 41 41 0 0 0 0 0 0 0 0 51 51 51 51 41 41 0 0 0 0 0 0 0 0 51 51 51 51 41 41 0 0 0 0 0 0 0 0
208 0 1000 0 0 1000 0 1000 51 51 51 51 41 41 0 0 0 0 0 0 0 0 51 51 51 51 41 41 0 0 0 0 0 0 0 0 51 51 51 51 41 41 0 0 0 0 0 0 0 0 51 51 51 51 41 41 0 0 0 0 0 0 0 0 51 51 51 51 41 41 0 0 0 0 0 0 0 0 51 51 51 51 41 41 0 0 0 0 0 0 0 0
209 0 1000 0 0 1000 0 1000 51 51 51 51 41 41 499721 6 499721 6 0 0 0 0 51 51 51 51 41 41 499721 6 499721 6 0 0 0 0 51 51 51 51 41 41 499721 6 499721 6 0 0 0 0 51 51 51 51 41 41 499721 6 499721 6 0 0 0 0 51 51 51 51 41 41 499721 6 499721 6 0 0 0 0 51 51 51 51 41 41 499721 6 499721 6 0 0 0 0
210 0 1000 0 0 1000 0 1000 52 52 52 52 41 41 111299 115 0 0 80291 1 31008 114 52 52 52 52 41 41 111299 115 0 0 80291 1 31008 114 52 52 52 52 41 41 111299 115 0 0 80291 1 31008 114 52 52 52 52 41 41 111299 115 0 0 80291 1 31008 114 52 52 52 52 41 41 111299 115 0 0 80291 1 31008 114 52 52 52 52 41 41 111299 115 0 0 80291 1 31008 114
211 0 1000 0 0 1000 0 1000 52 52 52 52 42 42 0 0 0 0 0 0 0 0 52 52 52 52 42 42 0 0 0 0 0 0 0 0 52 52 52 52 42 42 0 0 0 0 0 0 0 0 52 52 52 52 42 42 0 0 0 0 0 0 0 0 52 52 52 52 42 42 0 0 0 0 0 0 0 0 52 52 52 52 42 42 0 0 0 0 0 0 0 0
212 0 1000 0 0 1000 0 1000 52 52 52 52 42 42 0 0 0 0 0 0 0 0 52 52 52 52 42 42 0 0 0 0 0 0 0 0 52 52 52 52 42 42 0 0 0 0 0 0 0 0 52 52 52 52 42 42 0 0 0 0 0 0 0 0 52 52 52 52 42 42 0 0 0 0 0 0 0 0 52 52 52 52 42 42 0 0 0 0 0 0 0 0
213 0 1000 0 0 1000 0 1000 52 52 52 52 42 42 420434 5 420434 5 0 0 0 0 52 52 52 52 42 42 420434 5 420434 5 0 0 0 0 52 52 52 52 42 42 420434 5 420434 5 0 0 0 0 52 52 52 52 42 42 420434 5 420434 5 0 0 0 0 52 52 52 52 42 42 420434 5 420434 5 0 0 0 0 52 52 52 52 42 42 420434 5 420434 5 0 0 0 0
214 0 1000 0 0 1000 0 1000 53 53 53 53 42 42 102323 82 0 0 80291 1 22032 81 53 53 53 53 42 42 102323 82 0 0 80291 1 22032 81 53 53 53 53 42 42 102323 82 0 0 80291 1 22032 81 53 53 53 53 42 42 102323 82 0 0 80291 1 22032 81 53 53 53 53 42 42 102323 82 0 0 80291 1 22032 81 53 53 53 53 42 42 102323 82 0 0 80291 1 22032 81
215 0 1000 0 0 1000 0 1000 53 53 53 53 43 43 0 0 0 0 0 0 0 0 53 53 53 53 43 43 0 0 0 0 0 0 0 0 53 53 53 53 43 43 0 0 0 0 0 0 0 0 53 53 53 53 43 43 0 0 0 0 0 0 0 0 53 53 53 53 43 43 0 0 0 0 0 0 0 0 53 53 53 53 43 43 0 0 0 0 0 0 0 0
216 0 1000 0 0 1000 0 1000 53 53 53 53 43 43 0 0 0 0 0 0 0 0 53 53 53 53 43 43 0 0 0 0 0 0 0 0 53 53 53 53 43 43 0 0 0 0 0 0 0 0 53 53 53 53 43 43 0 0 0 0 0 0 0 0 53 53 53 53 43 43 0 0 0 0 0 0 0 0 53 53 53 53 43 43 0 0 0 0 0 0 0 0
217 0 1000 0 0 1000 0 1000 53 53 53 53 43 43 249093 3 249093 3 0 0 0 0 53 53 53 53 43 43 249093 3 249093 3 0 0 0 0 53 53 53 53 43 43 249093 3 249093 3 0 0 0 0 53 53 53 53 43 43 249093 3 249093 3 0 0 0 0 53 53 53 53 43 43 249093 3 249093 3 0 0 0 0 53 53 53 53 43 43 249093 3 249093 3 0 0 0 0
218 0 1000 0 0 1000 0 1000 54 54 54 54 43 43 111843 117 0 0 80291 1 31552 116 54 54 54 54 43 43 111843 117 0 0 80291 1 31552 116 54 54 54 54 43 43 111843 117 0 0 80291 1 31552 116 54 54 54 54 43 43 111843 117 0 0 80291 1 31552 116 54 54 54 54 43 43 111843 117 0 0 80291 1 31552 116 54 54 54 54 43 43 111843 117 0 0 80291 1 31552 116
219 0 1000 0 0 1000 0 1000 54 54 54 54 44 44 0 0 0 0 0 0 0 0 54 54 54 54 44 44 0 0 0 0 0 0 0 0 54 54 54 54 44 44 0 0 0 0 0 0 0 0 54 54 54 54 44 44 0 0 0 0 0 0 0 0 54 54 54 54 44 44 0 0 0 0 0 0 0 0 54 54 54 54 44 44 0 0 0 0 0 0 0 0
220 0 1000 0 0 1000 0 1000 54 54 54 54 44 44 0 0 0 0 0 0 0 0 54 54 54 54 44 44 0 0 0 0 0 0 0 0 54 54 54 54 44 44 0 0 0 0 0 0 0 0 54 54 54 54 44 44 0 0 0 0 0 0 0 0 54 54 54 54 44 44 0 0 0 0 0 0 0 0 54 54 54 54 44 44 0 0 0 0 0 0 0 0
221 0 1000 0 0 1000 0 1000 54 54 54 54 44 44 757357 9 757357 9 0 0 0 0 54 54 54 54 44 44 757357 9 757357 9 0 0 0 0 54 54 54 54 44 44 757357 9 757357 9 0 0 0 0 54 54 54 54 44 44 757357 9 757357 9 0 0 0 0 54 54 54 54 44 44 757357 9 757357 9 0 0 0 0 54 54 54 54 44 44 757357 9 757357 9 0 0 0 0
222 0 1000 0 0 1000 0 1000 55 55 55 55 44 44 109667 109 0 0 80291 1 29376 108 55 55 55 55 44 44 109667 109 0 0 80291 1 29376 108 55 55 55 55 44 44 109667 109 0 0 80291 1 29376 108 55 55 55 55 44 44 109667 109 0 0 80291 1 29376 108 55 55 55 55 44 44 109667 109 0 0 80291 1 29376 108 55 55 55 55 44 44 109667 109 0 0 80291 1 29376 108
223 0 1000 0 0 1000 0 1000 55 55 55 55 45 45 0 0 0 0 0 0 0 0 55 55 55 55 45 45 0 0 0 0 0 0 0 0 55 55 55 55 45 45 0 0 0 0 0 0 0 0 55 55 55 55 45 45 0 0 0 0 0 0 0 0 55 55 55 55 45 45 0 0 0 0 0 0 0 0 55 55 55 55 45 45 0 0 0 0 0 0 0 0
224 0 1000 0 0 1000 0 1000 55 55 55 55 45 45 0 0 0 0 0 0 0 0 55 55 55 55 45 45 0 0 0 0 0 0 0 0 55 55 55 55 45 45 0 0 0 0 0 0 0 0 55 55 55 55 45 45 0 0 0 0 0 0 0 0 55 55 55 55 45 45 0 0 0 0 0 0 0 0 55 55 55 55 45 45 0 0 0 0 0 0 0 0
225 0 1000 0 0 1000 0 1000 55 55 55 55 45 45 671160 8 671160 8 0 0 0 0 55 55 55 55 45 45 671160 8 671160 8 0 0 0 0 55 55 55 55 45 45 671160 8 671160 8 0 0 0 0 55 55 55 55 45 45 671160 8 671160 8 0 0 0 0 55 55 55 55 45 45 671160 8 671160 8 0 0 0 0 55 55 55 55 45 45 671160 8 671160 8 0 0 0 0
226 0 1000 0 0 1000 0 1000 56 56 56 56 45 45 105587 94 0 0 80291 1 25296 93 56 56 56 56 45 45 105587 94 0 0 80291 1 25296 93 56 56 56 56 45 45 105587 94 0 0 80291 1 25296 93 56 56 56 56 45 45 105587 94 0 0 80291 1 25296 93 56 56 56 56 45 45 105587 94 0 0 80291 1 25296 93 56 56 56 56 45 45 105587 94 0 0 80291 1 25296 93
227 0 1000 0 0 1000 0 1000 56 56 56 56 46 46 0 0 0 0 0 0 0 0 56 56 56 56 46 46 0 0 0 0 0 0 0 0 56 56 56 56 46 46 0 0 0 0 0 0 0 0 56 56 56 56 46 46 0 0 0 0 0 0 0 0 56 56 56 56 46 46 0 0 0 0 0 0 0 0 56 56 56 56 46 46 0 0 0 0 0 0 0 0
228 0 1000 0 0 1000 0 1000 56 56 56 56 46 46 0 0 0 0 0 0 0 0 56 56 56 56 46 46 0 0 0 0 0 0 0 0 56 56 56 56 46 46 0 0 0 0 0 0 0 0 56 56 56 56 46 46 0 0 0 0 0 0 0 0 56 56 56 56 46 46 0 0 0 0 0 0 0 0 56 56 56 56 46 46 0 0 0 0 0 0 0 0
229 0 1000 0 0 1000 0 1000 56 56 56 56 46 46 500489 6 500489 6 0 0 0 0 56 56 56 56 46 46 500489 6 500489 6 0 0 0 0 56 56 56 56 46 46 500489 6 500489 6 0 0 0 0 56 56 56 56 46 46 500489 6 500489 6 0 0 0 0 56 56 56 56 46 46 500489 6 500489 6 0 0 0 0 56 56 56 56 46 46 500489 6 500489 6 0 0 0 0
230 0 1000 0 0 1000 0 1000 57 57 57 57 46 46 105042 92 0 0 80290 1 24752 91 57 57 57 57 46 46 105042 92 0 0 80290 1 24752 91 57 57 57 57 46 46 105042 92 0 0 80290 1 24752 91 57 57 57 57 46 46 105042 92 0 0 80290 1 24752 91 57 57 57 57 46 46 105042 92 0 0 80290 1 24752 91 57 57 57 57 46 46 105042 92 0 0 80290 1 24752 91
231 0 1000 0 0 1000 0 1000 57 57 57 57 47 47 0 0 0 0 0 0 0 0 57 57 57 57 47 47 0 0 0 0 0 0 0 0 57 57 57 57 47 47 0 0 0 0 0 0 0 0 57 57 57 57 47 47 0 0 0 0 0 0 0 0 57 57 57 57 47 47 0 0 0 0 0 0 0 0 57 57 57 57 47 47 0 0 0 0 0 0 0 0
232 0 1000 0 0 1000 0 1000 57 57 57 57 47 47 0 0 0 0 0 0 0 0 57 57 57 57 47 47 0 0 0 0 0 0 0 0 57 57 57 57 47 47 0 0 0 0 0 0 0 0 57 57 57 57 47 47 0 0 0 0 0 0 0 0 57 57 57 57 47 47 0 0 0 0 0 0 0 0 57 57 57 57 47 47 0 0 0 0 0 0 0 0
233 0 1000 0 0 1000 0 1000 57 57 57 57 47 47 500105 6 500105 6 0 0 0 0 57 57 57 57 47 47 500105 6 500105 6 0 0 0 0 57 57 57 57 47 47 500105 6 500105 6 0 0 0 0 57 57 57 57 47 47 500105 6 500105 6 0 0 0 0 57 57 57 57 47 47 500105 6 500105 6 0 0 0 0 57 57 57 57 47 47 500105 6 500105 6 0 0 0 0
234 0 1000 0 0 1000 0 1000 58 58 58 58 47 47 103139 85 0 0 80291 1 22848 84 58 58 58 58 47 47 103139 85 0 0 80291 1 22848 84 58 58 58 58 47 47 103139 85 0 0 80291 1 22848 84 58 58 58 58 47 47 103139 85 0 0 80291 1 22848 84 58 58 58 58 47 47 103139 85 0 0 80291 1 22848 84 58 58 58 58 47 47 103139 85 0 0 80291 1 22848 84
235 0 1000 0 0 1000 0 1000 58 58 58 58 48 48 0 0 0 0 0 0 0 0 58 58 58 58 48 48 0 0 0 0 0 0 0 0 58 58 58 58 48 48 0 0 0 0 0 0 0 0 58 58 58 58 48 48 0 0 0 0 0 0 0 0 58 58 58 58 48 48 0 0 0 0 0 0 0 0 58 58 58 58 48 48 0 0 0 0 0 0 0 0
236 0 1000 0 0 1000 0 1000 58 58 58 58 48 48 0 0 0 0 0 0 0 0 58 58 58 58 48 48 0 0 0 0 0 0 0 0 58 58 58 58 48 48 0 0 0 0 0 0 0 0 58 58 58 58 48 48 0 0 0 0 0 0 0 0 58 58 58 58 48 48 0 0 0 0 0 0 0 0 58 58 58 58 48 48 0 0 0 0 0 0 0 0
237 0 1000 0 0 1000 0 1000 58 58 58 58 48 48 498762 6 498762 6 0 0 0 0 58 58 58 58 48 48 498762 6 498762 6 0 0 0 0 58 58 58 58 48 48 498762 6 498762 6 0 0 0 0 58 58 58 58 48 48 498762 6 498762 6 0 0 0 0 58 58 58 58 48 48 498762 6 498762 6 0 0 0 0 58 58 58 58 48 48 498762 6 498762 6 0 0 0 0
238 0 1000 0 0 1000 0 1000 59 59 59 59 48 48 106947 99 0 0 80291 1 26656 98 59 59 59 59 48 48 106947 99 0 0 80291 1 26656 98 59 59 59 59 48 48 106947 99 0 0 80291 1 26656 98 59 59 59 59 48 48 106947 99 0 0 80291 1 26656 98 59 59 59 59 48 48 106947 99 0 0 80291 1 26656 98 59 59 59 59 48 48 106947 99 0 0 80291 1 26656 98
239 0 1000 0 0 1000 0 1000 59 59 59 59 49 49 0 0 0 0 0 0 0 0 59 59 59 59 49 49 0 0 0 0 0 0 0 0 59 59 59 59 49 49 0 0 0 0 0 0 0 0 59 59 59 59 49 49 0 0 0 0 0 0 0 0 59 59 59 59 49 49 0 0 0 0 0 0 0 0 59 59 59 59 49 49 0 0 0 0 0 0 0 0
240 0 1000 0 0 1000 0 1000 59 59 59 59 49 49 0 0 0 0 0 0 0 0 59 59 59 59 49 49 0 0 0 0 0 0 0 0 59 59 59 59 49 49 0 0 0 0 0 0 0 0 59 59 59 59 49 49 0 0 0 0 0 0 0 0 59 59 59 59 49 49 0 0 0 0 0 0 0 0 59 59 59 59 49 49 0 0 0 0 0 0 0 0
241 0 1000 0 0 1000 0 1000 59 59 59 59 49 49 417875 5 417875 5 0 0 0 0 59 59 59 59 49 49 417875 5 417875 5 0 0 0 0 59 59 59 59 49 49 417875 5 417875 5 0 0 0 0 59 59 59 59 49 49 417875 5 417875 5 0 0 0 0 59 59 59 59 49 49 417875 5 417875 5 0 0 0 0 59 59 59 59 49 49 417875 5 417875 5 0 0 0 0
242 0 1000 0 0 1000 0 1000 60 60 60 60 49 49 106131 96 0 0 80291 1 25840 95 60 60 60 60 49 49 106131 96 0 0 80291 1 25840 95 60 60 60 60 49 49 106131 96 0 0 80291 1 25840 95 60 60 60 60 49 49 106131 96 0 0 80291 1 25840 95 60 60 60 60 49 49 106131 96 0 0 80291 1 25840 95 60 60 60 60 49 49 106131 96 0 0 80291 1 25840 95
243 0 1000 0 0 1000 0 1000 60 60 60 60 50 50 0 0 0 0 0 0 0 0 60 60 60 60 50 50 0 0 0 0 0 0 0 0 60 60 60 60 50 50 0 0 0 0 0 0 0 0 60 60 60 60 50 50 0 0 0 0 0 0 0 0 60 60 60 60 50 50 0 0 0 0 0 0 0 0 60 60 60 60 50 50 0 0 0 0 0 0 0 0
244 0 1000 0 0 1000 0 1000 60 60 60 60 50 50 0 0 0 0 0 0 0 0 60 60 60 60 50 50 0 0 0 0 0 0 0 0 60 60 60 60 50 50 0 0 0 0 0 0 0 0 60 60 60 60 50 50 0 0 0 0 0 0 0 0 60 60 60 60 50 50 0 0 0 0 0 0 0 0 60 60 60 60 50 50 0 0 0 0 0 0 0 0
245 0 1000 0 0 1000 0 1000 60 60 60 60 50 50 417394 5 417394 5 0 0 0 0 60 60 60 60 50 50 417394 5 417394 5 0 0 0 0 60 60 60 60 50 50 417394 5 417394 5 0 0 0 0 60 60 60 60 50 50 417394 5 417394 5 0 0 0 0 60 60 60 60 50 50 417394 5 417394 5 0 0 0 0 60 60 60 60 50 50 417394 5 417394 5 0 0 0 0
246 0 1000 0 0 1000 0 1000 61 61 61 61 50 50 109667 109 0 0 80291 1 29376 108 61 61 61 61 50 50 109667 109 0 0 80291 1 29376 108 61 61 61 61 50 50 109667 109 0 0 80291 1 29376 108 61 61 61 61 50 50 109667 109 0 0 80291 1 29376 108 61 61 61 61 50 50 109667 109 0 0 80291 1 29376 108 61 61 61 61 50 50 109667 109 0 0 80291 1 29376 108
247 0 1000 0 0 1000 0 1000 61 61 61 61 51 51 0 0 0 0 0 0 0 0 61 61 61 61 51 51 0 0 0 0 0 0 0 0 61 61 61 61 51 51 0 0 0 0 0 0 0 0 61 61 61 61 51 51 0 0 0 0 0 0 0 0 61 61 61 61 51 51 0 0 0 0 0 0 0 0 61 61 61 61 51 51 0 0 0 0 0 0 0 0
248 0 1000 0 0 1000 0 1000 61 61 61 61 51 51 0 0 0 0 0 0 0 0 61 61 61 61 51 51 0 0 0 0 0 0 0 0 61 61 61 61 51 51 0 0 0 0 0 0 0 0 61 61 61 61 51 51 0 0 0 0 0 0 0 0 61 61 61 61 51 51 0 0 0 0 0 0 0 0 61 61 61 61 51 51 0 0 0 0 0 0 0 0
249 0 1000 0 0 1000 0 1000 61 61 61 61 51 51 587264 7 587264 7 0 0 0 0 61 61 61 61 51 51 587264 7 587264 7 0 0 0 0 61 61 61 61 51 51 587264 7 587264 7 0 0 0 0 61 61 61 61 51 51 587264 7 587264 7 0 0 0 0 61 61 61 61 51 51 587264 7 587264 7 0 0 0 0 61 61 61 61 51 51 587264 7 587264 7 0 0 0 0
250 0 1000 0 0 1000 0 1000 62 62 62 62 51 51 109938 110 0 0 80290 1 29648 109 62 62 62 62 51 51 109938 110 0 0 80290 1 29648 109 62 62 62 62 51 51 109938 110 0 0 80290 1 29648 109 62 62 62 62 51 51 109938 110 0 0 80290 1 29648 109 62 62 62 62 51 51 109938 110 0 0 80290 1 29648 109 62 62 62 62 51 51 109938 110 0 0 80290 1 29648 109
251 0 1000 0 0 1000 0 1000 62 62 62 62 52 52 0 0 0 0 0 0 0 0 62 62 62 62 52 52 0 0 0 0 0 0 0 0 62 62 62 62 52 52 0 0 0 0 0 0 0 0 62 62 62 62 52 52 0 0 0 0 0 0 0 0 62 62 62 62 52 52 0 0 0 0 0 0 0 0 62 62 62 62 52 52 0 0 0 0 0 0 0 0
252 0 1000 0 0 1000 0 1000 62 62 62 62 52 52 0 0 0 0 0 0 0 0 62 62 62 62 52 52 0 0 0 0 0 0 0 0 62 62 62 62 52 52 0 0 0 0 0 0 0 0 62 62 62 62 52 52 0 0 0 0 0 0 0 0 62 62 62 62 52 52 0 0 0 0 0 0 0 0 62 62 62 62 52 52 0 0 0 0 0 0 0 0
253 0 1000 0 0 1000 0 1000 62 62 62 62 52 52 419635 5 419635 5 0 0 0 0 62 62 62 62 52 52 419635 5 419635 5 0 0 0 0 62 62 62 62 52 52 419635 5 419635 5 0 0 0 0 62 62 62 62 52 52 419635 5 419635 5 0 0 0 0 62 62 62 62 52 52 419635 5 419635 5 0 0 0 0 62 62 62 62 52 52 419635 5 419635 5 0 0 0 0
254 0 1000 0 0 1000 0 1000 63 63 63 63 52 52 103139 85 0 0 80291 1 22848 84 63 63 63 63 52 52 103139 85 0 0 80291 1 22848 84 63 63 63 63 52 52 103139 85 0 0 80291 1 22848 84 63 63 63 63 52 52 103139 85 0 0 80291 1 22848 84 63 63 63 63 52 52 103139 85 0 0 80291 1 22848 84 63 63 63 63 52 52 103139 85 0 0 80291 1 22848 84
255 0 1000 0 0 1000 0 1000 63 63 63 63 53 53 0 0 0 0 0 0 0 0 63 63 63 63 53 53 0 0 0 0 0 0 0 0 63 63 63 63 53 53 0 0 0 0 0 0 0 0 63 63 63 63 53 53 0 0 0 0 0 0 0 0 63 63 63 63 53 53 0 0 0 0 0 0 0 0 63 63 63 63 53 53 0 0 0 0 0 0 0 0
256 0 1000 0 0 1000 0 1000 63 63 63 63 53 53 0 0 0 0 0 0 0 0 63 63 63 63 53 53 0 0 0 0 0 0 0 0 63 63 63 63 53 53 0 0 0 0 0 0 0 0 63 63 63 63 53 53 0 0 0 0 0 0 0 0 63 63 63 63 53 53 0 0 0 0 0 0 0 0 63 63 63 63 53 53 0 0 0 0 0 0 0 0
257 0 1000 0 0 1000 0 1000 63 63 63 63 53 53 581889 7 581889 7 0 0 0 0 63 63 63 63 53 53 581889 7 581889 7 0 0 0 0 63 63 63 63 53 53 581889 7 581889 7 0 0 0 0 63 63 63 63 53 53 581889 7 581889 7 0 0 0 0 63 63 63 63 53 53 581889 7 581889 7 0 0 0 0 63 63 63 63 53 53 581889 7 581889 7 0 0 0 0
258 0 1000 0 0 1000 0 1000 64 64 64 64 53 53 106675 98 0 0 80291 1 26384 97 64 64 64 64 53 53 106675 98 0 0 80291 1 26384 97 64 64 64 64 53 53 106675 98 0 0 80291 1 26384 97 64 64 64 64 53 53 106675 98 0 0 80291 1 26384 97 64 64 64 64 53 53 106675 98 0 0 80291 1 26384 97 64 64 64 64 53 53 106675 98 0 0 80291 1 26384 97
259 0 1000 0 0 1000 0 1000 64 64 64 64 54 54 0 0 0 0 0 0 0 0 64 64 64 64 54 54 0 0 0 0 0 0 0 0 64 64 64 64 54 54 0 0 0 0 0 0 0 0 64 64 64 64 54 54 0 0 0 0 0 0 0 0 64 64 64 64 54 54 0 0 0 0 0 0 0 0 64 64 64 64 54 54 0 0 0 0 0 0 0 0
260 0 1000 0 0 1000 0 1000 64 64 64 64 54 54 0 0 0 0 0 0 0 0 64 64 64 64 54 54 0 0 0 0 0 0 0 0 64 64 64 64 54 54 0 0 0 0 0 0 0 0 64 64 64 64 54 54 0 0 0 0 0 0 0 0 64 64 64 64 54 54 0 0 0 0 0 0 0 0 64 64 64 64 54 54 0 0 0 0 0 0 0 0
261 0 1000 0 0 1000 0 1000 64 64 64 64 54 54 501258 6 501258 6 0 0 0 0 64 64 64 64 54 54 501258 6 501258 6 0 0 0 0 64 64 64 64 54 54 501258 6 501258 6 0 0 0 0 64 64 64 64 54 54 501258 6 501258 6 0 0 0 0 64 64 64 64 54 54 501258 6 501258 6 0 0 0 0 64 64 64 64 54 54 501258 6 501258 6 0 0 0 0
262 0 1000 0 0 1000 0 1000 65 65 65 65 54 54 108579 105 0 0 80291 1 28288 104 65 65 65 65 54 54 108579 105 0 0 80291 1 28288 104 65 65 65 65 54 54 108579 105 0 0 80291 1 28288 104 65 65 65 65 54 54 108579 105 0 0 80291 1 28288 104 65 65 65 65 54 54 108579 105 0 0 80291 1 28288 104 65 65 65 65 54 54 108579 105 0 0 80291 1 28288 104
263 0 1000 0 0 1000 0 1000 65 65 65 65 55 55 0 0 0 0 0 0 0 0 65 65 65 65 55 55 0 0 0 0 0 0 0 0 65 65 65 65 55 55 0 0 0 0 0 0 0 0 65 65 65 65 55 55 0 0 0 0 0 0 0 0 65 65 65 65 55 55 0 0 0 0 0 0 0 0 65 65 65 65 55 55 0 0 0 0 0 0 0 0
264 0 1000 0 0 1000 0 1000 65 65 65 65 55 55 0 0 0 0 0 0 0 0 65 65 65 65 55 55 0 0 0 0 0 0 0 0 65 65 65 65 55 55 0 0 0 0 0 0 0 0 65 65 65 65 55 55 0 0 0 0 0 0 0 0 65 65 65 65 55 55 0 0 0 0 0 0 0 0 65 65 65 65 55 55 0 0 0 0 0 0 0 0
265 0 1000 0 0 1000 0 1000 65 65 65 65 55 55 335067 4 335067 4 0 0 0 0 65 65 65 65 55 55 335067 4 335067 4 0 0 0 0 65 65 65 65 55 55 335067 4 335067 4 0 0 0 0 65 65 65 65 55 55 335067 4 335067 4 0 0 0 0 65 65 65 65 55 55 335067 4 335067 4 0 0 0 0 65 65 65 65 55 55 335067 4 335067 4 0 0 0 0
266 0 1000 0 0 1000 0 1000 66 66 66 66 55 55 108851 106 0 0 80291 1 28560 105 66 66 66 66 55 55 108851 106 0 0 80291 1 28560 105 66 66 66 66 55 55 108851 106 0 0 80291 1 28560 105 66 66 66 66 55 55 108851 106 0 0 80291 1 28560 105 66 66 66 66 55 55 108851 106 0 0 80291 1 28560 105 66 66 66 66 55 55 108851 106 0 0 80291 1 28560 105
267 0 1000 0 0 1000 0 1000 66 66 66 66 56 56 0 0 0 0 0 0 0 0 66 66 66 66 56 56 0 0 0 0 0 0 0 0 66 66 66 66 56 56 0 0 0 0 0 0 0 0 66 66 66 66 56 56 0 0 0 0 0 0 0 0 66 66 66 66 56 56 0 0 0 0 0 0 0 0 66 66 66 66 56 56 0 0 0 0 0 0 0 0
268 0 1000 0 0 1000 0 1000 66 66 66 66 56 56 0 0 0 0 0 0 0 0 66 66 66 66 56 56 0 0 0 0 0 0 0 0 66 66 66 66 56 56 0 0 0 0 0 0 0 0 66 66 66 66 56 56 0 0 0 0 0 0 0 0 66 66 66 66 56 56 0 0 0 0 0 0 0 0 66 66 66 66 56 56 0 0 0 0 0 0 0 0
269 0 1000 0 0 1000 0 1000 66 66 66 66 56 56 418993 5 418993 5 0 0 0 0 66 66 66 66 56 56 418993 5 418993 5 0 0 0 0 66 66 66 66 56 56 418993 5 418993 5 0 0 0 0 66 66 66 66 56 56 418993 5 418993 5 0 0 0 0 66 66 66 66 56 56 418993 5 418993 5 0 0 0 0 66 66 66 66 56 56 418993 5 418993 5 0 0 0 0
270 0 1000 0 0 1000 0 1000 67 67 67 67 56 56 108307 104 0 0 80291 1 28016 103 67 67 67 67 56 56 108307 104 0 0 80291 1 28016 103 67 67 67 67 56 56 108307 104 0 0 80291 1 28016 103 67 67 67 67 56 56 108307 104 0 0 80291 1 28016 103 67 67 67 67 56 56 108307 104 0 0 80291 1 28016 103 67 67 67 67 56 56 108307 104 0 0 80291 1 28016 103
271 0 1000 0 0 1000 0 1000 67 67 67 67 57 57 0 0 0 0 0 0 0 0 67 67 67 67 57 57 0 0 0 0 0 0 0 0 67 67 67 67 57 57 0 0 0 0 0 0 0 0 67 67 67 67 57 57 0 0 0 0 0 0 0 0 67 67 67 67 57 57 0 0 0 0 0 0 0 0 67 67 67 67 57 57 0 0 0 0 0 0 0 0
272 0 1000 0 0 1000 0 1000 67 67 67 67 57 57 0 0 0 0 0 0 0 0 67 67 67 67 57 57 0 0 0 0 0 0 0 0 67 67 67 67 57 57 0 0 0 0 0 0 0 0 67 67 67 67 57 57 0 0 0 0 0 0 0 0 67 67 67 67 57 57 0 0 0 0 0 0 0 0 67 67 67 67 57 57 0 0 0 0 0 0 0 0
273 0 1000 0 0 1000 0 1000 67 67 67 67 57 57 418675 5 418675 5 0 0 0 0 67 67 67 67 57 57 418675 5 418675 5 0 0 0 0 67 67 67 67 57 57 418675 5 418675 5 0 0 0 0 67 67 67 67 57 57 418675 5 418675 5 0 0 0 0 67 67 67 67 57 57 418675 5 418675 5 0 0 0 0 67 67 67 67 57 57 418675 5 418675 5 0 0 0 0
274 0 1000 0 0 1000 0 1000 68 68 68 68 57 57 106947 99 0 0 80291 1 26656 98 68 68 68 68 57 57 106947 99 0 0 80291 1 26656 98 68 68 68 68 57 57 106947 99 0 0 80291 1 26656 98 68 68 68 68 57 57 106947 99 0 0 80291 1 26656 98 68 68 68 68 57 57 106947 99 0 0 80291 1 26656 98 68 68 68 68 57 57 106947 99 0 0 80291 1 26656 98
275 0 1000 0 0 1000 0 1000 68 68 68 68 58 58 0 0 0 0 0 0 0 0 68 68 68 68 58 58 0 0 0 0 0 0 0 0 68 68 68 68 58 58 0 0 0 0 0 0 0 0 68 68 68 68 58 58 0 0 0 0 0 0 0 0 68 68 68 68 58 58 0 0 0 0 0 0 0 0 68 68 68 68 58 58 0 0 0 0 0 0 0 0
276 0 1000 0 0 1000 0 1000 68 68 68 68 58 58 0 0 0 0 0 0 0 0 68 68 68 68 58 58 0 0 0 0 0 0 0 0 68 68 68 68 58 58 0 0 0 0 0 0 0 0 68 68 68 68 58 58 0 0 0 0 0 0 0 0 68 68 68 68 58 58 0 0 0 0 0 0 0 0 68 68 68 68 58 58 0 0 0 0 0 0 0 0
277 0 1000 0 0 1000 0 1000 68 68 68 68 58 58 585024 7 585024 7 0 0 0 0 68 68 68 68 58 58 585024 7 585024 7 0 0 0 0 68 68 68 68 58 58 585024 7 585024 7 0 0 0 0 68 68 68 68 58 58 585024 7 585024 7 0 0 0 0 68 68 68 68 58 58 585024 7 585024 7 0 0 0 0 68 68 68 68 58 58 585024 7 585024 7 0 0 0 0
278 0 1000 0 0 1000 0 1000 69 69 69 69 58 58 104227 89 0 0 80291 1 23936 88 69 69 69 69 58 58 104227 89 0 0 80291 1 23936 88 69 69 69 69 58 58 104227 89 0 0 80291 1 23936 88 69 69 69 69 58 58 104227 89 0 0 80291 1 23936 88 69 69 69 69 58 58 104227 89 0 0 80291 1 23936 88 69 69 69 69 58 58 104227 89 0 0 80291 1 23936 88
279 0 1000 0 0 1000 0 1000 69 69 69 69 59 59 0 0 0 0 0 0 0 0 69 69 69 69 59 59 0 0 0 0 0 0 0 0 69 69 69 69 59 59 0 0 0 0 0 0 0 0 69 69 69 69 59 59 0 0 0 0 0 0 0 0 69 69 69 69 59 59 0 0 0 0 0 0 0 0 69 69 69 69 59 59 0 0 0 0 0 0 0 0
280 0 1000 0 0 1000 0 1000 69 69 69 69 59 59 0 0 0 0 0 0 0 0 69 69 69 69 59 59 0 0 0 0 0 0 0 0 69 69 69 69 59 59 0 0 0 0 0 0 0 0 69 69 69 69 59 59 0 0 0 0 0 0 0 0 69 69 69 69 59 59 0 0 0 0 0 0 0 0 69 69 69 69 59 59 0 0 0 0 0 0 0 0
281 0 1000 0 0 1000 0 1000 69 69 69 69 59 59 749295 9 749295 9 0 0 0 0 69 69 69 69 59 59 749295 9 749295 9 0 0 0 0 69 69 69 69 59 59 749295 9 749295 9 0 0 0 0 69 69 69 69 59 59 749295 9 749295 9 0 0 0 0 69 69 69 69 59 59 749295 9 749295 9 0 0 0 0 69 69 69 69 59 59 749295 9 749295 9 0 0 0 0
282 0 1000 0 0 1000 0 1000 70 70 70 70 59 59 107763 102 0 0 80291 1 27472 101 70 70 70 70 59 59 107763 102 0 0 80291 1 27472 101 70 70 70 70 59 59 107763 102 0 0 80291 1 27472 101 70 70 70 70 59 59 107763 102 0 0 80291 1 27472 101 70 70 70 70 59 59 107763 102 0 0 80291 1 27472 101 70 70 70 70 59 59 107763 102 0 0 80291 1 27472 101
283 0 1000 0 0 1000 0 1000 70 70 70 70 60 60 0 0 0 0 0 0 0 0 70 70 70 70 60 60 0 0 0 0 0 0 0 0 70 70 70 70 60 60 0 0 0 0 0 0 0 0 70 70 70 70 60 60 0 0 0 0 0 0 0 0 70 70 70 70 60 60 0 0 0 0 0 0 0 0 70 70 70 70 60 60 0 0 0 0 0 0 0 0
284 0 1000 0 0 1000 0 1000 70 70 70 70 60 60 0 0 0 0 0 0 0 0 70 70 70 70 60 60 0 0 0 0 0 0 0 0 70 70 70 70 60 60 0 0 0 0 0 0 0 0 70 70 70 70 60 60 0 0 0 0 0 0 0 0 70 70 70 70 60 60 0 0 0 0 0 0 0 0 70 70 70 70 60 60 0 0 0 0 0 0 0 0
285 0 1000 0 0 1000 0 1000 70 70 70 70 60 60 251013 3 251013 3 0 0 0 0 70 70 70 70 60 60 251013 3 251013 3 0 0 0 0 70 70 70 70 60 60 251013 3 251013 3 0 0 0 0 70 70 70 70 60 60 251013 3 251013 3 0 0 0 0 70 70 70 70 60 60 251013 3 251013 3 0 0 0 0 70 70 70 70 60 60 251013 3 251013 3 0 0 0 0
286 0 1000 0 0 1000 0 1000 71 71 71 71 60 60 106403 97 0 0 80291 1 26112 96 71 71 71 71 60 60 106403 97 0 0 80291 1 26112 96 71 71 71 71 60 60 106403 97 0 0 80291 1 26112 96 71 71 71 71 60 60 106403 97 0 0 80291 1 26112 96 71 71 71 71 60 60 106403 97 0 0 80291 1 26112 96 71 71 71 71 60 60 106403 97 0 0 80291 1 26112 96
287 0 1000 0 0 1000 0 1000 71 71 71 71 61 61 0 0 0 0 0 0 0 0 71 71 71 71 61 61 0 0 0 0 0 0 0 0 71 71 71 71 61 61 0 0 0 0 0 0 0 0 71 71 71 71 61 61 0 0 0 0 0 0 0 0 71 71 71 71 61 61 0 0 0 0 0 0 0 0 71 71 71 71 61 61 0 0 0 0 0 0 0 0
288 0 1000 0 0 1000 0 1000 71 71 71 71 61 61 0 0 0 0 0 0 0 0 71 71 71 71 61 61 0 0 0 0 0 0 0 0 71 71 71 71 61 61 0 0 0 0 0 0 0 0 71 71 71 71 61 61 0 0 0 0 0 0 0 0 71 71 71 71 61 61 0 0 0 0 0 0 0 0 71 71 71 71 61 61 0 0 0 0 0 0 0 0
289 0 1000 0 0 1000 0 1000 71 71 71 71 61 61 334042 4 334042 4 0 0 0 0 71 71 71 71 61 61 334042 4 334042 4 0 0 0 0 71 71 71 71 61 61 334042 4 334042 4 0 0 0 0 71 71 71 71 61 61 334042 4 334042 4 0 0 0 0 71 71 71 71 61 61 334042 4 334042 4 0 0 0 0 71 71 71 71 61 61 334042 4 334042 4 0 0 0 0
290 0 1000 0 0 1000 0 1000 72 72 72 72 61 61 109666 109 0 0 80290 1 29376 108 72 72 72 72 61 61 109666 109 0 0 80290 1 29376 108 72 72 72 72 61 61 109666 109 0 0 80290 1 29376 108 72 72 72 72 61 61 109666 109 0 0 80290 1 29376 108 72 72 72 72 61 61 109666 109 0 0 80290 1 29376 108 72 72 72 72 61 61 109666 109 0 0 80290 1 29376 108
291 0 1000 0 0 1000 0 1000 72 72 72 72 62 62 0 0 0 0 0 0 0 0 72 72 72 72 62 62 0 0 0 0 0 0 0 0 72 72 72 72 62 62 0 0 0 0 0 0 0 0 72 72 72 72 62 62 0 0 0 0 0 0 0 0 72 72 72 72 62 62 0 0 0 0 0 0 0 0 72 72 72 72 62 62 0 0 0 0 0 0 0 0
292 0 1000 0 0 1000 0 1000 72 72 72 72 62 62 0 0 0 0 0 0 0 0 72 72 72 72 62 62 0 0 0 0 0 0 0 0 72 72 72 72 62 62 0 0 0 0 0 0 0 0 72 72 72 72 62 62 0 0 0 0 0 0 0 0 72 72 72 72 62 62 0 0 0 0 0 0 0 0 72 72 72 72 62 62 0 0 0 0 0 0 0 0
293 0 1000 0 0 1000 0 1000 72 72 72 72 62 62 419475 5 419475 5 0 0 0 0 72 72 72 72 62 62 419475 5 419475 5 0 0 0 0 72 72 72 72 62 62 419475 5 419475 5 0 0 0 0 72 72 72 72 62 62 419475 5 419475 5 0 0 0 0 72 72 72 72 62 62 419475 5 419475 5 0 0 0 0 72 72 72 72 62 62 419475 5 419475 5 0 0 0 0
294 0 1000 0 0 1000 0 1000 73 73 73 73 62 62 105859 95 0 0 80291 1 25568 94 73 73 73 73 62 62 105859 95 0 0 80291 1 25568 94 73 73 73 73 62 62 105859 95 0 0 80291 1 25568 94 73 73 73 73 62 62 105859 95 0 0 80291 1 25568 94 73 73 73 73 62 62 105859 95 0 0 80291 1 25568 94 73 73 73 73 62 62 105859 95 0 0 80291 1 25568 94
295 0 1000 0 0 1000 0 1000 73 73 73 73 63 63 0 0 0 0 0 0 0 0 73 73 73 73 63 63 0 0 0 0 0 0 0 0 73 73 73 73 63 63 0 0 0 0 0 0 0 0 73 73 73 73 63 63 0 0 0 0 0 0 0 0 73 73 73 73 63 63 0 0 0 0 0 0 0 0 73 73 73 73 63 63 0 0 0 0 0 0 0 0
296 0 1000 0 0 1000 0 1000 73 73 73 73 63 63 0 0 0 0 0 0 0 0 73 73 73 73 63 63 0 0 0 0 0 0 0 0 73 73 73 73 63 63 0 0 0 0 0 0 0 0 73 73 73 73 63 63 0 0 0 0 0 0 0 0 73 73 73 73 63 63 0 0 0 0 0 0 0 0 73 73 73 73 63 63 0 0 0 0 0 0 0 0
297 0 1000 0 0 1000 0 1000 73 73 73 73 63 63 751021 9 751021 9 0 0 0 0 73 73 73 73 63 63 751021 9 751021 9 0 0 0 0 73 73 73 73 63 63 751021 9 751021 9 0 0 0 0 73 73 73 73 63 63 751021 9 751021 9 0 0 0 0 73 73 73 73 63 63 751021 9 751021 9 0 0 0 0 73 73 73 73 63 63 751021 9 751021 9 0 0 0 0
298 0 1000 0 0 1000 0 1000 74 74 74 74 63 63 107763 102 0 0 80291 1 27472 101 74 74 74 74 63 63 107763 102 0 0 80291 1 27472 101 74 74 74 74 63 63 107763 102 0 0 80291 1 27472 101 74 74 74 74 63 63 107763 102 0 0 80291 1 27472 101 74 74 74 74 63 63 107763 102 0 0 80291 1 27472 101 74 74 74 74 63 63 107763 102 0 0 80291 1 27472 101
299 0 1000 0 0 1000 0 1000 74 74 74 74 64 64 0 0 0 0 0 0 0 0 74 74 74 74 64 64 0 0 0 0 0 0 0 0 74 74 74 74 64 64 0 0 0 0 0 0 0 0 74 74 74 74 64 64 0 0 0 0 0 0 0 0 74 74 74 74 64 64 0 0 0 0 0 0 0 0 74 74 74 74 64 64 0 0 0 0 0 0 0 0
300 0 1000 0 0 1000 0 1000 74 74 74 74 64 64 0 0 0 0 0 0 0 0 74 74 74 74 64 64 0 0 0 0 0 0 0 0 74 74 74 74 64 64 0 0 0 0 0 0 0 0 74 74 74 74 64 64 0 0 0 0 0 0 0 0 74 74 74 74 64 64 0 0 0 0 0 0 0 0 74 74 74 74 64 64 0 0 0 0 0 0 0 0
301 0 1000 0 0 1000 0 1000 74 74 74 74 64 64 585697 7 585697 7 0 0 0 0 74 74 74 74 64 64 585697 7 585697 7 0 0 0 0 74 74 74 74 64 64 585697 7 585697 7 0 0 0 0 74 74 74 74 64 64 585697 7 585697 7 0 0 0 0 74 74 74 74 64 64 585697 7 585697 7 0 0 0 0 74 74 74 74 64 64 585697 7 585697 7 0 0 0 0
302 0 1000 0 0 1000 0 1000 75 75 75 75 64 64 110483 112 0 0 80291 1 30192 111 75 75 75 75 64 64 110483 112 0 0 80291 1 30192 111 75 75 75 75 64 64 110483 112 0 0 80291 1 30192 111 75 75 75 75 64 64 110483 112 0 0 80291 1 30192 111 75 75 75 75 64 64 110483 112 0 0 80291 1 30192 111 75 75 75 75 64 64 110483 112 0 0 80291 1 30192 111
303 0 1000 0 0 1000 0 1000 75 75 75 75 65 65 0 0 0 0 0 0 0 0 75 75 75 75 65 65 0 0 0 0 0 0 0 0 75 75 75 75 65 65 0 0 0 0 0 0 0 0 75 75 75 75 65 65 0 0 0 0 0 0 0 0 75 75 75 75 65 65 0 0 0 0 0 0 0 0 75 75 75 75 65 65 0 0 0 0 0 0 0 0
