r n_asleep n_awake n_honest_asleep n_honest_dreamy n_honest_awake n_adversary n_all party0_ledger_best_length party0_ledger_best_age party0_ledger_fast_length party0_ledger_fast_age party0_ledger_slow_length party0_ledger_slow_age party0_comms_all_size party0_comms_all_count party0_comms_proposal_size party0_comms_proposal_count party0_comms_piece_block_size party0_comms_piece_block_count party0_comms_piece_vote_size party0_comms_piece_vote_count party1_ledger_best_length party1_ledger_best_age party1_ledger_fast_length party1_ledger_fast_age party1_ledger_slow_length party1_ledger_slow_age party1_comms_all_size party1_comms_all_count party1_comms_proposal_size party1_comms_proposal_count party1_comms_piece_block_size party1_comms_piece_block_count party1_comms_piece_vote_size party1_comms_piece_vote_count party2_ledger_best_length party2_ledger_best_age party2_ledger_fast_length party2_ledger_fast_age party2_ledger_slow_length party2_ledger_slow_age party2_comms_all_size party2_comms_all_count party2_comms_proposal_size party2_comms_proposal_count party2_comms_piece_block_size party2_comms_piece_block_count party2_comms_piece_vote_size party2_comms_piece_vote_count party3_ledger_best_length party3_ledger_best_age party3_ledger_fast_length party3_ledger_fast_age party3_ledger_slow_length party3_ledger_slow_age party3_comms_all_size party3_comms_all_count party3_comms_proposal_size party3_comms_proposal_count party3_comms_piece_block_size party3_comms_piece_block_count party3_comms_piece_vote_size party3_comms_piece_vote_count party4_ledger_best_length party4_ledger_best_age party4_ledger_fast_length party4_ledger_fast_age party4_ledger_slow_length party4_ledger_slow_age party4_comms_all_size party4_comms_all_count party4_comms_proposal_size party4_comms_proposal_count party4_comms_piece_block_size party4_comms_piece_block_count party4_comms_piece_vote_size party4_comms_piece_vote_count partyALWAYSAWAKE_ledger_best_length partyALWAYSAWAKE_ledger_best_age partyALWAYSAWAKE_ledger_fast_length partyALWAYSAWAKE_ledger_fast_age partyALWAYSAWAKE_ledger_slow_length partyALWAYSAWAKE_ledger_slow_age partyALWAYSAWAKE_comms_all_size partyALWAYSAWAKE_comms_all_count partyALWAYSAWAKE_comms_proposal_size partyALWAYSAWAKE_comms_proposal_count partyALWAYSAWAKE_comms_piece_block_size partyALWAYSAWAKE_comms_piece_block_count partyALWAYSAWAKE_comms_piece_vote_size partyALWAYSAWAKE_comms_piece_vote_count
4 0 1000 0 0 1000 0 1000 0 0 0 0 0 0 0 0 0 0 0 0 0 0 0 0 0 0 0 0 0 0 0 0 0 0 0 0 0 0 0 0 0 0 0 0 0 0 0 0 0 0 0 0 0 0 0 0 0 0 0 0 0 0 0 0 0 0 0 0 0 0 0 0 0 0 0 0 0 0 0 0 0 0 0 0 0 0 0 0 0 0 0 0
5 0 1000 0 0 1000 0 1000 0 0 0 0 0 0 965252 12 965252 12 0 0 0 0 0 0 0 0 0 0 965252 12 965252 12 0 0 0 0 0 0 0 0 0 0 965252 12 965252 12 0 0 0 0 0 0 0 0 0 0 965252 12 965252 12 0 0 0 0 0 0 0 0 0 0 965252 12 965252 12 0 0 0 0 0 0 0 0 0 0 965252 12 965252 12 0 0 0 0
6 0 1000 0 0 1000 0 1000 1 1 1 1 0 0 108849 106 0 0 80289 1 28560 105 1 1 1 1 0 0 108849 106 0 0 80289 1 28560 105 1 1 1 1 0 0 108849 106 0 0 80289 1 28560 105 1 1 1 1 0 0 108849 106 0 0 80289 1 28560 105 1 1 1 1 0 0 108849 106 0 0 80289 1 28560 105 1 1 1 1 0 0 108849 106 0 0 80289 1 28560 105
7 0 1000 0 0 1000 0 1000 1 1 1 1 0 0 0 0 0 0 0 0 0 0 1 1 1 1 0 0 0 0 0 0 0 0 0 0 1 1 1 1 0 0 0 0 0 0 0 0 0 0 1 1 1 1 0 0 0 0 0 0 0 0 0 0 1 1 1 1 0 0 0 0 0 0 0 0 0 0 1 1 1 1 0 0 0 0 0 0 0 0 0 0
8 0 1000 0 0 1000 0 1000 1 1 1 1 0 0 0 0 0 0 0 0 0 0 1 1 1 1 0 0 0 0 0 0 0 0 0 0 1 1 1 1 0 0 0 0 0 0 0 0 0 0 1 1 1 1 0 0 0 0 0 0 0 0 0 0 1 1 1 1 0 0 0 0 0 0 0 0 0 0 1 1 1 1 0 0 0 0 0 0 0 0 0 0
9 0 1000 0 0 1000 0 1000 1 1 1 1 0 0 502787 6 502787 6 0 0 0 0 1 1 1 1 0 0 502787 6 502787 6 0 0 0 0 1 1 1 1 0 0 502787 6 502787 6 0 0 0 0 1 1 1 1 0 0 502787 6 502787 6 0 0 0 0 1 1 1 1 0 0 502787 6 502787 6 0 0 0 0 1 1 1 1 0 0 502787 6 502787 6 0 0 0 0
10 0 1000 0 0 1000 0 1000 2 2 2 2 0 0 109394 108 0 0 80290 1 29104 107 2 2 2 2 0 0 109394 108 0 0 80290 1 29104 107 2 2 2 2 0 0 109394 108 0 0 80290 1 29104 107 2 2 2 2 0 0 109394 108 0 0 80290 1 29104 107 2 2 2 2 0 0 109394 108 0 0 80290 1 29104 107 2 2 2 2 0 0 109394 108 0 0 80290 1 29104 107
11 0 1000 0 0 1000 0 1000 2 2 2 2 0 0 0 0 0 0 0 0 0 0 2 2 2 2 0 0 0 0 0 0 0 0 0 0 2 2 2 2 0 0 0 0 0 0 0 0 0 0 2 2 2 2 0 0 0 0 0 0 0 0 0 0 2 2 2 2 0 0 0 0 0 0 0 0 0 0 2 2 2 2 0 0 0 0 0 0 0 0 0 0
12 0 1000 0 0 1000 0 1000 2 2 2 2 0 0 0 0 0 0 0 0 0 0 2 2 2 2 0 0 0 0 0 0 0 0 0 0 2 2 2 2 0 0 0 0 0 0 0 0 0 0 2 2 2 2 0 0 0 0 0 0 0 0 0 0 2 2 2 2 0 0 0 0 0 0 0 0 0 0 2 2 2 2 0 0 0 0 0 0 0 0 0 0
13 0 1000 0 0 1000 0 1000 2 2 2 2 0 0 1425651 17 1425651 17 0 0 0 0 2 2 2 2 0 0 1425651 17 1425651 17 0 0 0 0 2 2 2 2 0 0 1425651 17 1425651 17 0 0 0 0 2 2 2 2 0 0 1425651 17 1425651 17 0 0 0 0 2 2 2 2 0 0 1425651 17 1425651 17 0 0 0 0 2 2 2 2 0 0 1425651 17 1425651 17 0 0 0 0
14 0 1000 0 0 1000 0 1000 3 3 3 3 0 0 101778 80 0 0 80290 1 21488 79 3 3 3 3 0 0 101778 80 0 0 80290 1 21488 79 3 3 3 3 0 0 101778 80 0 0 80290 1 21488 79 3 3 3 3 0 0 101778 80 0 0 80290 1 21488 79 3 3 3 3 0 0 101778 80 0 0 80290 1 21488 79 3 3 3 3 0 0 101778 80 0 0 80290 1 21488 79
15 0 1000 0 0 1000 0 1000 3 3 3 3 0 0 0 0 0 0 0 0 0 0 3 3 3 3 0 0 0 0 0 0 0 0 0 0 3 3 3 3 0 0 0 0 0 0 0 0 0 0 3 3 3 3 0 0 0 0 0 0 0 0 0 0 3 3 3 3 0 0 0 0 0 0 0 0 0 0 3 3 3 3 0 0 0 0 0 0 0 0 0 0
16 0 1000 0 0 1000 0 1000 3 3 3 3 0 0 0 0 0 0 0 0 0 0 3 3 3 3 0 0 0 0 0 0 0 0 0 0 3 3 3 3 0 0 0 0 0 0 0 0 0 0 3 3 3 3 0 0 0 0 0 0 0 0 0 0 3 3 3 3 0 0 0 0 0 0 0 0 0 0 3 3 3 3 0 0 0 0 0 0 0 0 0 0
17 0 1000 0 0 1000 0 1000 3 3 3 3 0 0 580762 7 580762 7 0 0 0 0 3 3 3 3 0 0 580762 7 580762 7 0 0 0 0 3 3 3 3 0 0 580762 7 580762 7 0 0 0 0 3 3 3 3 0 0 580762 7 580762 7 0 0 0 0 3 3 3 3 0 0 580762 7 580762 7 0 0 0 0 3 3 3 3 0 0 580762 7 580762 7 0 0 0 0
18 0 1000 0 0 1000 0 1000 4 4 4 4 0 0 104770 91 0 0 80290 1 24480 90 4 4 4 4 0 0 104770 91 0 0 80290 1 24480 90 4 4 4 4 0 0 104770 91 0 0 80290 1 24480 90 4 4 4 4 0 0 104770 91 0 0 80290 1 24480 90 4 4 4 4 0 0 104770 91 0 0 80290 1 24480 90 4 4 4 4 0 0 104770 91 0 0 80290 1 24480 90
19 0 1000 0 0 1000 0 1000 4 4 4 4 0 0 0 0 0 0 0 0 0 0 4 4 4 4 0 0 0 0 0 0 0 0 0 0 4 4 4 4 0 0 0 0 0 0 0 0 0 0 4 4 4 4 0 0 0 0 0 0 0 0 0 0 4 4 4 4 0 0 0 0 0 0 0 0 0 0 4 4 4 4 0 0 0 0 0 0 0 0 0 0
20 0 1000 0 0 1000 0 1000 4 4 4 4 0 0 0 0 0 0 0 0 0 0 4 4 4 4 0 0 0 0 0 0 0 0 0 0 4 4 4 4 0 0 0 0 0 0 0 0 0 0 4 4 4 4 0 0 0 0 0 0 0 0 0 0 4 4 4 4 0 0 0 0 0 0 0 0 0 0 4 4 4 4 0 0 0 0 0 0 0 0 0 0
21 0 1000 0 0 1000 0 1000 4 4 4 4 0 0 1249767 15 1249767 15 0 0 0 0 4 4 4 4 0 0 1249767 15 1249767 15 0 0 0 0 4 4 4 4 0 0 1249767 15 1249767 15 0 0 0 0 4 4 4 4 0 0 1249767 15 1249767 15 0 0 0 0 4 4 4 4 0 0 1249767 15 1249767 15 0 0 0 0 4 4 4 4 0 0 1249767 15 1249767 15 0 0 0 0
22 0 1000 0 0 1000 0 1000 5 5 5 5 0 0 108306 104 0 0 80290 1 28016 103 5 5 5 5 0 0 108306 104 0 0 80290 1 28016 103 5 5 5 5 0 0 108306 104 0 0 80290 1 28016 103 5 5 5 5 0 0 108306 104 0 0 80290 1 28016 103 5 5 5 5 0 0 108306 104 0 0 80290 1 28016 103 5 5 5 5 0 0 108306 104 0 0 80290 1 28016 103
23 0 1000 0 0 1000 0 1000 5 5 5 5 0 0 0 0 0 0 0 0 0 0 5 5 5 5 0 0 0 0 0 0 0 0 0 0 5 5 5 5 0 0 0 0 0 0 0 0 0 0 5 5 5 5 0 0 0 0 0 0 0 0 0 0 5 5 5 5 0 0 0 0 0 0 0 0 0 0 5 5 5 5 0 0 0 0 0 0 0 0 0 0
24 0 1000 0 0 1000 0 1000 5 5 5 5 0 0 0 0 0 0 0 0 0 0 5 5 5 5 0 0 0 0 0 0 0 0 0 0 5 5 5 5 0 0 0 0 0 0 0 0 0 0 5 5 5 5 0 0 0 0 0 0 0 0 0 0 5 5 5 5 0 0 0 0 0 0 0 0 0 0 5 5 5 5 0 0 0 0 0 0 0 0 0 0
25 0 1000 0 0 1000 0 1000 5 5 5 5 0 0 1256010 15 1256010 15 0 0 0 0 5 5 5 5 0 0 1256010 15 1256010 15 0 0 0 0 5 5 5 5 0 0 1256010 15 1256010 15 0 0 0 0 5 5 5 5 0 0 1256010 15 1256010 15 0 0 0 0 5 5 5 5 0 0 1256010 15 1256010 15 0 0 0 0 5 5 5 5 0 0 1256010 15 1256010 15 0 0 0 0
26 0 1000 0 0 1000 0 1000 6 6 6 6 0 0 106946 99 0 0 80290 1 26656 98 6 6 6 6 0 0 106946 99 0 0 80290 1 26656 98 6 6 6 6 0 0 106946 99 0 0 80290 1 26656 98 6 6 6 6 0 0 106946 99 0 0 80290 1 26656 98 6 6 6 6 0 0 106946 99 0 0 80290 1 26656 98 6 6 6 6 0 0 106946 99 0 0 80290 1 26656 98
27 0 1000 0 0 1000 0 1000 6 6 6 6 0 0 0 0 0 0 0 0 0 0 6 6 6 6 0 0 0 0 0 0 0 0 0 0 6 6 6 6 0 0 0 0 0 0 0 0 0 0 6 6 6 6 0 0 0 0 0 0 0 0 0 0 6 6 6 6 0 0 0 0 0 0 0 0 0 0 6 6 6 6 0 0 0 0 0 0 0 0 0 0
28 0 1000 0 0 1000 0 1000 6 6 6 6 0 0 0 0 0 0 0 0 0 0 6 6 6 6 0 0 0 0 0 0 0 0 0 0 6 6 6 6 0 0 0 0 0 0 0 0 0 0 6 6 6 6 0 0 0 0 0 0 0 0 0 0 6 6 6 6 0 0 0 0 0 0 0 0 0 0 6 6 6 6 0 0 0 0 0 0 0 0 0 0
29 0 1000 0 0 1000 0 1000 6 6 6 6 0 0 1002887 12 1002887 12 0 0 0 0 6 6 6 6 0 0 1002887 12 1002887 12 0 0 0 0 6 6 6 6 0 0 1002887 12 1002887 12 0 0 0 0 6 6 6 6 0 0 1002887 12 1002887 12 0 0 0 0 6 6 6 6 0 0 1002887 12 1002887 12 0 0 0 0 6 6 6 6 0 0 1002887 12 1002887 12 0 0 0 0
30 0 1000 0 0 1000 0 1000 7 7 7 7 0 0 111298 115 0 0 80290 1 31008 114 7 7 7 7 0 0 111298 115 0 0 80290 1 31008 114 7 7 7 7 0 0 111298 115 0 0 80290 1 31008 114 7 7 7 7 0 0 111298 115 0 0 80290 1 31008 114 7 7 7 7 0 0 111298 115 0 0 80290 1 31008 114 7 7 7 7 0 0 111298 115 0 0 80290 1 31008 114
31 0 1000 0 0 1000 0 1000 7 7 7 7 0 0 0 0 0 0 0 0 0 0 7 7 7 7 0 0 0 0 0 0 0 0 0 0 7 7 7 7 0 0 0 0 0 0 0 0 0 0 7 7 7 7 0 0 0 0 0 0 0 0 0 0 7 7 7 7 0 0 0 0 0 0 0 0 0 0 7 7 7 7 0 0 0 0 0 0 0 0 0 0
32 0 1000 0 0 1000 0 1000 7 7 7 7 0 0 0 0 0 0 0 0 0 0 7 7 7 7 0 0 0 0 0 0 0 0 0 0 7 7 7 7 0 0 0 0 0 0 0 0 0 0 7 7 7 7 0 0 0 0 0 0 0 0 0 0 7 7 7 7 0 0 0 0 0 0 0 0 0 0 7 7 7 7 0 0 0 0 0 0 0 0 0 0
33 0 1000 0 0 1000 0 1000 7 7 7 7 0 0 1093116 13 1093116 13 0 0 0 0 7 7 7 7 0 0 1093116 13 1093116 13 0 0 0 0 7 7 7 7 0 0 1093116 13 1093116 13 0 0 0 0 7 7 7 7 0 0 1093116 13 1093116 13 0 0 0 0 7 7 7 7 0 0 1093116 13 1093116 13 0 0 0 0 7 7 7 7 0 0 1093116 13 1093116 13 0 0 0 0
34 0 1000 0 0 1000 0 1000 8 8 8 8 0 0 107490 101 0 0 80290 1 27200 100 8 8 8 8 0 0 107490 101 0 0 80290 1 27200 100 8 8 8 8 0 0 107490 101 0 0 80290 1 27200 100 8 8 8 8 0 0 107490 101 0 0 80290 1 27200 100 8 8 8 8 0 0 107490 101 0 0 80290 1 27200 100 8 8 8 8 0 0 107490 101 0 0 80290 1 27200 100
35 0 1000 0 0 1000 0 1000 8 8 8 8 0 0 0 0 0 0 0 0 0 0 8 8 8 8 0 0 0 0 0 0 0 0 0 0 8 8 8 8 0 0 0 0 0 0 0 0 0 0 8 8 8 8 0 0 0 0 0 0 0 0 0 0 8 8 8 8 0 0 0 0 0 0 0 0 0 0 8 8 8 8 0 0 0 0 0 0 0 0 0 0
36 0 1000 0 0 1000 0 1000 8 8 8 8 0 0 0 0 0 0 0 0 0 0 8 8 8 8 0 0 0 0 0 0 0 0 0 0 8 8 8 8 0 0 0 0 0 0 0 0 0 0 8 8 8 8 0 0 0 0 0 0 0 0 0 0 8 8 8 8 0 0 0 0 0 0 0 0 0 0 8 8 8 8 0 0 0 0 0 0 0 0 0 0
37 0 1000 0 0 1000 0 1000 8 8 8 8 0 0 585466 7 585466 7 0 0 0 0 8 8 8 8 0 0 585466 7 585466 7 0 0 0 0 8 8 8 8 0 0 585466 7 585466 7 0 0 0 0 8 8 8 8 0 0 585466 7 585466 7 0 0 0 0 8 8 8 8 0 0 585466 7 585466 7 0 0 0 0 8 8 8 8 0 0 585466 7 585466 7 0 0 0 0
38 0 1000 0 0 1000 0 1000 9 9 9 9 0 0 108034 103 0 0 80290 1 27744 102 9 9 9 9 0 0 108034 103 0 0 80290 1 27744 102 9 9 9 9 0 0 108034 103 0 0 80290 1 27744 102 9 9 9 9 0 0 108034 103 0 0 80290 1 27744 102 9 9 9 9 0 0 108034 103 0 0 80290 1 27744 102 9 9 9 9 0 0 108034 103 0 0 80290 1 27744 102
39 0 1000 0 0 1000 0 1000 9 9 9 9 0 0 0 0 0 0 0 0 0 0 9 9 9 9 0 0 0 0 0 0 0 0 0 0 9 9 9 9 0 0 0 0 0 0 0 0 0 0 9 9 9 9 0 0 0 0 0 0 0 0 0 0 9 9 9 9 0 0 0 0 0 0 0 0 0 0 9 9 9 9 0 0 0 0 0 0 0 0 0 0
40 0 1000 0 0 1000 0 1000 9 9 9 9 0 0 0 0 0 0 0 0 0 0 9 9 9 9 0 0 0 0 0 0 0 0 0 0 9 9 9 9 0 0 0 0 0 0 0 0 0 0 9 9 9 9 0 0 0 0 0 0 0 0 0 0 9 9 9 9 0 0 0 0 0 0 0 0 0 0 9 9 9 9 0 0 0 0 0 0 0 0 0 0
41 0 1000 0 0 1000 0 1000 9 9 9 9 0 0 920730 11 920730 11 0 0 0 0 9 9 9 9 0 0 920730 11 920730 11 0 0 0 0 9 9 9 9 0 0 920730 11 920730 11 0 0 0 0 9 9 9 9 0 0 920730 11 920730 11 0 0 0 0 9 9 9 9 0 0 920730 11 920730 11 0 0 0 0 9 9 9 9 0 0 920730 11 920730 11 0 0 0 0
42 0 1000 0 0 1000 0 1000 10 10 10 10 0 0 105587 94 0 0 80291 1 25296 93 10 10 10 10 0 0 105587 94 0 0 80291 1 25296 93 10 10 10 10 0 0 105587 94 0 0 80291 1 25296 93 10 10 10 10 0 0 105587 94 0 0 80291 1 25296 93 10 10 10 10 0 0 105587 94 0 0 80291 1 25296 93 10 10 10 10 0 0 105587 94 0 0 80291 1 25296 93
43 0 1000 0 0 1000 0 1000 10 10 10 10 0 0 0 0 0 0 0 0 0 0 10 10 10 10 0 0 0 0 0 0 0 0 0 0 10 10 10 10 0 0 0 0 0 0 0 0 0 0 10 10 10 10 0 0 0 0 0 0 0 0 0 0 10 10 10 10 0 0 0 0 0 0 0 0 0 0 10 10 10 10 0 0 0 0 0 0 0 0 0 0
44 0 1000 0 0 1000 0 1000 10 10 10 10 0 0 0 0 0 0 0 0 0 0 10 10 10 10 0 0 0 0 0 0 0 0 0 0 10 10 10 10 0 0 0 0 0 0 0 0 0 0 10 10 10 10 0 0 0 0 0 0 0 0 0 0 10 10 10 10 0 0 0 0 0 0 0 0 0 0 10 10 10 10 0 0 0 0 0 0 0 0 0 0
45 0 1000 0 0 1000 0 1000 10 10 10 10 0 0 1084395 13 1084395 13 0 0 0 0 10 10 10 10 0 0 1084395 13 1084395 13 0 0 0 0 10 10 10 10 0 0 1084395 13 1084395 13 0 0 0 0 10 10 10 10 0 0 1084395 13 1084395 13 0 0 0 0 10 10 10 10 0 0 1084395 13 1084395 13 0 0 0 0 10 10 10 10 0 0 1084395 13 1084395 13 0 0 0 0
46 0 1000 0 0 1000 0 1000 11 11 11 11 0 0 108307 104 0 0 80291 1 28016 103 11 11 11 11 0 0 108307 104 0 0 80291 1 28016 103 11 11 11 11 0 0 108307 104 0 0 80291 1 28016 103 11 11 11 11 0 0 108307 104 0 0 80291 1 28016 103 11 11 11 11 0 0 108307 104 0 0 80291 1 28016 103 11 11 11 11 0 0 108307 104 0 0 80291 1 28016 103
47 0 1000 0 0 1000 0 1000 11 11 11 11 1 1 0 0 0 0 0 0 0 0 11 11 11 11 1 1 0 0 0 0 0 0 0 0 11 11 11 11 1 1 0 0 0 0 0 0 0 0 11 11 11 11 1 1 0 0 0 0 0 0 0 0 11 11 11 11 1 1 0 0 0 0 0 0 0 0 11 11 11 11 1 1 0 0 0 0 0 0 0 0
48 0 1000 0 0 1000 0 1000 11 11 11 11 1 1 0 0 0 0 0 0 0 0 11 11 11 11 1 1 0 0 0 0 0 0 0 0 11 11 11 11 1 1 0 0 0 0 0 0 0 0 11 11 11 11 1 1 0 0 0 0 0 0 0 0 11 11 11 11 1 1 0 0 0 0 0 0 0 0 11 11 11 11 1 1 0 0 0 0 0 0 0 0
49 0 1000 0 0 1000 0 1000 11 11 11 11 1 1 1088554 13 1088554 13 0 0 0 0 11 11 11 11 1 1 1088554 13 1088554 13 0 0 0 0 11 11 11 11 1 1 1088554 13 1088554 13 0 0 0 0 11 11 11 11 1 1 1088554 13 1088554 13 0 0 0 0 11 11 11 11 1 1 1088554 13 1088554 13 0 0 0 0 11 11 11 11 1 1 1088554 13 1088554 13 0 0 0 0
50 0 1000 0 0 1000 0 1000 12 12 12 12 1 1 110755 113 0 0 80291 1 30464 112 12 12 12 12 1 1 110755 113 0 0 80291 1 30464 112 12 12 12 12 1 1 110755 113 0 0 80291 1 30464 112 12 12 12 12 1 1 110755 113 0 0 80291 1 30464 112 12 12 12 12 1 1 110755 113 0 0 80291 1 30464 112 12 12 12 12 1 1 110755 113 0 0 80291 1 30464 112
51 0 1000 0 0 1000 0 1000 12 12 12 12 2 2 0 0 0 0 0 0 0 0 12 12 12 12 2 2 0 0 0 0 0 0 0 0 12 12 12 12 2 2 0 0 0 0 0 0 0 0 12 12 12 12 2 2 0 0 0 0 0 0 0 0 12 12 12 12 2 2 0 0 0 0 0 0 0 0 12 12 12 12 2 2 0 0 0 0 0 0 0 0
52 0 1000 0 0 1000 0 1000 12 12 12 12 2 2 0 0 0 0 0 0 0 0 12 12 12 12 2 2 0 0 0 0 0 0 0 0 12 12 12 12 2 2 0 0 0 0 0 0 0 0 12 12 12 12 2 2 0 0 0 0 0 0 0 0 12 12 12 12 2 2 0 0 0 0 0 0 0 0 12 12 12 12 2 2 0 0 0 0 0 0 0 0
53 0 1000 0 0 1000 0 1000 12 12 12 12 2 2 336092 4 336092 4 0 0 0 0 12 12 12 12 2 2 336092 4 336092 4 0 0 0 0 12 12 12 12 2 2 336092 4 336092 4 0 0 0 0 12 12 12 12 2 2 336092 4 336092 4 0 0 0 0 12 12 12 12 2 2 336092 4 336092 4 0 0 0 0 12 12 12 12 2 2 336092 4 336092 4 0 0 0 0
54 0 1000 0 0 1000 0 1000 13 13 13 13 2 2 109667 109 0 0 80291 1 29376 108 13 13 13 13 2 2 109667 109 0 0 80291 1 29376 108 13 13 13 13 2 2 109667 109 0 0 80291 1 29376 108 13 13 13 13 2 2 109667 109 0 0 80291 1 29376 108 13 13 13 13 2 2 109667 109 0 0 80291 1 29376 108 13 13 13 13 2 2 109667 109 0 0 80291 1 29376 108
55 0 1000 0 0 1000 0 1000 13 13 13 13 3 3 0 0 0 0 0 0 0 0 13 13 13 13 3 3 0 0 0 0 0 0 0 0 13 13 13 13 3 3 0 0 0 0 0 0 0 0 13 13 13 13 3 3 0 0 0 0 0 0 0 0 13 13 13 13 3 3 0 0 0 0 0 0 0 0 13 13 13 13 3 3 0 0 0 0 0 0 0 0
56 0 1000 0 0 1000 0 1000 13 13 13 13 3 3 0 0 0 0 0 0 0 0 13 13 13 13 3 3 0 0 0 0 0 0 0 0 13 13 13 13 3 3 0 0 0 0 0 0 0 0 13 13 13 13 3 3 0 0 0 0 0 0 0 0 13 13 13 13 3 3 0 0 0 0 0 0 0 0 13 13 13 13 3 3 0 0 0 0 0 0 0 0
57 0 1000 0 0 1000 0 1000 13 13 13 13 3 3 922844 11 922844 11 0 0 0 0 13 13 13 13 3 3 922844 11 922844 11 0 0 0 0 13 13 13 13 3 3 922844 11 922844 11 0 0 0 0 13 13 13 13 3 3 922844 11 922844 11 0 0 0 0 13 13 13 13 3 3 922844 11 922844 11 0 0 0 0 13 13 13 13 3 3 922844 11 922844 11 0 0 0 0
58 0 1000 0 0 1000 0 1000 14 14 14 14 3 3 106947 99 0 0 80291 1 26656 98 14 14 14 14 3 3 106947 99 0 0 80291 1 26656 98 14 14 14 14 3 3 106947 99 0 0 80291 1 26656 98 14 14 14 14 3 3 106947 99 0 0 80291 1 26656 98 14 14 14 14 3 3 106947 99 0 0 80291 1 26656 98 14 14 14 14 3 3 106947 99 0 0 80291 1 26656 98
59 0 1000 0 0 1000 0 1000 14 14 14 14 4 4 0 0 0 0 0 0 0 0 14 14 14 14 4 4 0 0 0 0 0 0 0 0 14 14 14 14 4 4 0 0 0 0 0 0 0 0 14 14 14 14 4 4 0 0 0 0 0 0 0 0 14 14 14 14 4 4 0 0 0 0 0 0 0 0 14 14 14 14 4 4 0 0 0 0 0 0 0 0
60 0 1000 0 0 1000 0 1000 14 14 14 14 4 4 0 0 0 0 0 0 0 0 14 14 14 14 4 4 0 0 0 0 0 0 0 0 14 14 14 14 4 4 0 0 0 0 0 0 0 0 14 14 14 14 4 4 0 0 0 0 0 0 0 0 14 14 14 14 4 4 0 0 0 0 0 0 0 0 14 14 14 14 4 4 0 0 0 0 0 0 0 0
61 0 1000 0 0 1000 0 1000 14 14 14 14 4 4 668600 8 668600 8 0 0 0 0 14 14 14 14 4 4 668600 8 668600 8 0 0 0 0 14 14 14 14 4 4 668600 8 668600 8 0 0 0 0 14 14 14 14 4 4 668600 8 668600 8 0 0 0 0 14 14 14 14 4 4 668600 8 668600 8 0 0 0 0 14 14 14 14 4 4 668600 8 668600 8 0 0 0 0
62 0 1000 0 0 1000 0 1000 15 15 15 15 4 4 104499 90 0 0 80291 1 24208 89 15 15 15 15 4 4 104499 90 0 0 80291 1 24208 89 15 15 15 15 4 4 104499 90 0 0 80291 1 24208 89 15 15 15 15 4 4 104499 90 0 0 80291 1 24208 89 15 15 15 15 4 4 104499 90 0 0 80291 1 24208 89 15 15 15 15 4 4 104499 90 0 0 80291 1 24208 89
63 0 1000 0 0 1000 0 1000 15 15 15 15 5 5 0 0 0 0 0 0 0 0 15 15 15 15 5 5 0 0 0 0 0 0 0 0 15 15 15 15 5 5 0 0 0 0 0 0 0 0 15 15 15 15 5 5 0 0 0 0 0 0 0 0 15 15 15 15 5 5 0 0 0 0 0 0 0 0 15 15 15 15 5 5 0 0 0 0 0 0 0 0
64 0 1000 0 0 1000 0 1000 15 15 15 15 5 5 0 0 0 0 0 0 0 0 15 15 15 15 5 5 0 0 0 0 0 0 0 0 15 15 15 15 5 5 0 0 0 0 0 0 0 0 15 15 15 15 5 5 0 0 0 0 0 0 0 0 15 15 15 15 5 5 0 0 0 0 0 0 0 0 15 15 15 15 5 5 0 0 0 0 0 0 0 0
65 0 1000 0 0 1000 0 1000 15 15 15 15 5 5 1166018 14 1166018 14 0 0 0 0 15 15 15 15 5 5 1166018 14 1166018 14 0 0 0 0 15 15 15 15 5 5 1166018 14 1166018 14 0 0 0 0 15 15 15 15 5 5 1166018 14 1166018 14 0 0 0 0 15 15 15 15 5 5 1166018 14 1166018 14 0 0 0 0 15 15 15 15 5 5 1166018 14 1166018 14 0 0 0 0
66 0 1000 0 0 1000 0 1000 16 16 16 16 5 5 106947 99 0 0 80291 1 26656 98 16 16 16 16 5 5 106947 99 0 0 80291 1 26656 98 16 16 16 16 5 5 106947 99 0 0 80291 1 26656 98 16 16 16 16 5 5 106947 99 0 0 80291 1 26656 98 16 16 16 16 5 5 106947 99 0 0 80291 1 26656 98 16 16 16 16 5 5 106947 99 0 0 80291 1 26656 98
67 0 1000 0 0 1000 0 1000 16 16 16 16 6 6 0 0 0 0 0 0 0 0 16 16 16 16 6 6 0 0 0 0 0 0 0 0 16 16 16 16 6 6 0 0 0 0 0 0 0 0 16 16 16 16 6 6 0 0 0 0 0 0 0 0 16 16 16 16 6 6 0 0 0 0 0 0 0 0 16 16 16 16 6 6 0 0 0 0 0 0 0 0
68 0 1000 0 0 1000 0 1000 16 16 16 16 6 6 0 0 0 0 0 0 0 0 16 16 16 16 6 6 0 0 0 0 0 0 0 0 16 16 16 16 6 6 0 0 0 0 0 0 0 0 16 16 16 16 6 6 0 0 0 0 0 0 0 0 16 16 16 16 6 6 0 0 0 0 0 0 0 0 16 16 16 16 6 6 0 0 0 0 0 0 0 0
69 0 1000 0 0 1000 0 1000 16 16 16 16 6 6 585025 7 585025 7 0 0 0 0 16 16 16 16 6 6 585025 7 585025 7 0 0 0 0 16 16 16 16 6 6 585025 7 585025 7 0 0 0 0 16 16 16 16 6 6 585025 7 585025 7 0 0 0 0 16 16 16 16 6 6 585025 7 585025 7 0 0 0 0 16 16 16 16 6 6 585025 7 585025 7 0 0 0 0
70 0 1000 0 0 1000 0 1000 17 17 17 17 6 6 109939 110 0 0 80291 1 29648 109 17 17 17 17 6 6 109939 110 0 0 80291 1 29648 109 17 17 17 17 6 6 109939 110 0 0 80291 1 29648 109 17 17 17 17 6 6 109939 110 0 0 80291 1 29648 109 17 17 17 17 6 6 109939 110 0 0 80291 1 29648 109 17 17 17 17 6 6 109939 110 0 0 80291 1 29648 109
71 0 1000 0 0 1000 0 1000 17 17 17 17 7 7 0 0 0 0 0 0 0 0 17 17 17 17 7 7 0 0 0 0 0 0 0 0 17 17 17 17 7 7 0 0 0 0 0 0 0 0 17 17 17 17 7 7 0 0 0 0 0 0 0 0 17 17 17 17 7 7 0 0 0 0 0 0 0 0 17 17 17 17 7 7 0 0 0 0 0 0 0 0
72 0 1000 0 0 1000 0 1000 17 17 17 17 7 7 0 0 0 0 0 0 0 0 17 17 17 17 7 7 0 0 0 0 0 0 0 0 17 17 17 17 7 7 0 0 0 0 0 0 0 0 17 17 17 17 7 7 0 0 0 0 0 0 0 0 17 17 17 17 7 7 0 0 0 0 0 0 0 0 17 17 17 17 7 7 0 0 0 0 0 0 0 0
73 0 1000 0 0 1000 0 1000 17 17 17 17 7 7 755343 9 755343 9 0 0 0 0 17 17 17 17 7 7 755343 9 755343 9 0 0 0 0 17 17 17 17 7 7 755343 9 755343 9 0 0 0 0 17 17 17 17 7 7 755343 9 755343 9 0 0 0 0 17 17 17 17 7 7 755343 9 755343 9 0 0 0 0 17 17 17 17 7 7 755343 9 755343 9 0 0 0 0
74 0 1000 0 0 1000 0 1000 18 18 18 18 7 7 100963 77 0 0 80291 1 20672 76 18 18 18 18 7 7 100963 77 0 0 80291 1 20672 76 18 18 18 18 7 7 100963 77 0 0 80291 1 20672 76 18 18 18 18 7 7 100963 77 0 0 80291 1 20672 76 18 18 18 18 7 7 100963 77 0 0 80291 1 20672 76 18 18 18 18 7 7 100963 77 0 0 80291 1 20672 76
75 0 1000 0 0 1000 0 1000 18 18 18 18 8 8 0 0 0 0 0 0 0 0 18 18 18 18 8 8 0 0 0 0 0 0 0 0 18 18 18 18 8 8 0 0 0 0 0 0 0 0 18 18 18 18 8 8 0 0 0 0 0 0 0 0 18 18 18 18 8 8 0 0 0 0 0 0 0 0 18 18 18 18 8 8 0 0 0 0 0 0 0 0
76 0 1000 0 0 1000 0 1000 18 18 18 18 8 8 0 0 0 0 0 0 0 0 18 18 18 18 8 8 0 0 0 0 0 0 0 0 18 18 18 18 8 8 0 0 0 0 0 0 0 0 18 18 18 18 8 8 0 0 0 0 0 0 0 0 18 18 18 18 8 8 0 0 0 0 0 0 0 0 18 18 18 18 8 8 0 0 0 0 0 0 0 0
77 0 1000 0 0 1000 0 1000 18 18 18 18 8 8 745837 9 745837 9 0 0 0 0 18 18 18 18 8 8 745837 9 745837 9 0 0 0 0 18 18 18 18 8 8 745837 9 745837 9 0 0 0 0 18 18 18 18 8 8 745837 9 745837 9 0 0 0 0 18 18 18 18 8 8 745837 9 745837 9 0 0 0 0 18 18 18 18 8 8 745837 9 745837 9 0 0 0 0
78 0 1000 0 0 1000 0 1000 19 19 19 19 8 8 107219 100 0 0 80291 1 26928 99 19 19 19 19 8 8 107219 100 0 0 80291 1 26928 99 19 19 19 19 8 8 107219 100 0 0 80291 1 26928 99 19 19 19 19 8 8 107219 100 0 0 80291 1 26928 99 19 19 19 19 8 8 107219 100 0 0 80291 1 26928 99 19 19 19 19 8 8 107219 100 0 0 80291 1 26928 99
79 0 1000 0 0 1000 0 1000 19 19 19 19 9 9 0 0 0 0 0 0 0 0 19 19 19 19 9 9 0 0 0 0 0 0 0 0 19 19 19 19 9 9 0 0 0 0 0 0 0 0 19 19 19 19 9 9 0 0 0 0 0 0 0 0 19 19 19 19 9 9 0 0 0 0 0 0 0 0 19 19 19 19 9 9 0 0 0 0 0 0 0 0
80 0 1000 0 0 1000 0 1000 19 19 19 19 9 9 0 0 0 0 0 0 0 0 19 19 19 19 9 9 0 0 0 0 0 0 0 0 19 19 19 19 9 9 0 0 0 0 0 0 0 0 19 19 19 19 9 9 0 0 0 0 0 0 0 0 19 19 19 19 9 9 0 0 0 0 0 0 0 0 19 19 19 19 9 9 0 0 0 0 0 0 0 0
81 0 1000 0 0 1000 0 1000 19 19 19 19 9 9 1003283 12 1003283 12 0 0 0 0 19 19 19 19 9 9 1003283 12 1003283 12 0 0 0 0 19 19 19 19 9 9 1003283 12 1003283 12 0 0 0 0 19 19 19 19 9 9 1003283 12 1003283 12 0 0 0 0 19 19 19 19 9 9 1003283 12 1003283 12 0 0 0 0 19 19 19 19 9 9 1003283 12 1003283 12 0 0 0 0
82 0 1000 0 0 1000 0 1000 20 20 20 20 9 9 107763 102 0 0 80291 1 27472 101 20 20 20 20 9 9 107763 102 0 0 80291 1 27472 101 20 20 20 20 9 9 107763 102 0 0 80291 1 27472 101 20 20 20 20 9 9 107763 102 0 0 80291 1 27472 101 20 20 20 20 9 9 107763 102 0 0 80291 1 27472 101 20 20 20 20 9 9 107763 102 0 0 80291 1 27472 101
83 0 1000 0 0 1000 0 1000 20 20 20 20 10 10 0 0 0 0 0 0 0 0 20 20 20 20 10 10 0 0 0 0 0 0 0 0 20 20 20 20 10 10 0 0 0 0 0 0 0 0 20 20 20 20 10 10 0 0 0 0 0 0 0 0 20 20 20 20 10 10 0 0 0 0 0 0 0 0 20 20 20 20 10 10 0 0 0 0 0 0 0 0
84 0 1000 0 0 1000 0 1000 20 20 20 20 10 10 0 0 0 0 0 0 0 0 20 20 20 20 10 10 0 0 0 0 0 0 0 0 20 20 20 20 10 10 0 0 0 0 0 0 0 0 20 20 20 20 10 10 0 0 0 0 0 0 0 0 20 20 20 20 10 10 0 0 0 0 0 0 0 0 20 20 20 20 10 10 0 0 0 0 0 0 0 0
85 0 1000 0 0 1000 0 1000 20 20 20 20 10 10 585697 7 585697 7 0 0 0 0 20 20 20 20 10 10 585697 7 585697 7 0 0 0 0 20 20 20 20 10 10 585697 7 585697 7 0 0 0 0 20 20 20 20 10 10 585697 7 585697 7 0 0 0 0 20 20 20 20 10 10 585697 7 585697 7 0 0 0 0 20 20 20 20 10 10 585697 7 585697 7 0 0 0 0
86 0 1000 0 0 1000 0 1000 21 21 21 21 10 10 105043 92 0 0 80291 1 24752 91 21 21 21 21 10 10 105043 92 0 0 80291 1 24752 91 21 21 21 21 10 10 105043 92 0 0 80291 1 24752 91 21 21 21 21 10 10 105043 92 0 0 80291 1 24752 91 21 21 21 21 10 10 105043 92 0 0 80291 1 24752 91 21 21 21 21 10 10 105043 92 0 0 80291 1 24752 91
87 0 1000 0 0 1000 0 1000 21 21 21 21 11 11 0 0 0 0 0 0 0 0 21 21 21 21 11 11 0 0 0 0 0 0 0 0 21 21 21 21 11 11 0 0 0 0 0 0 0 0 21 21 21 21 11 11 0 0 0 0 0 0 0 0 21 21 21 21 11 11 0 0 0 0 0 0 0 0 21 21 21 21 11 11 0 0 0 0 0 0 0 0
88 0 1000 0 0 1000 0 1000 21 21 21 21 11 11 0 0 0 0 0 0 0 0 21 21 21 21 11 11 0 0 0 0 0 0 0 0 21 21 21 21 11 11 0 0 0 0 0 0 0 0 21 21 21 21 11 11 0 0 0 0 0 0 0 0 21 21 21 21 11 11 0 0 0 0 0 0 0 0 21 21 21 21 11 11 0 0 0 0 0 0 0 0
89 0 1000 0 0 1000 0 1000 21 21 21 21 11 11 500104 6 500104 6 0 0 0 0 21 21 21 21 11 11 500104 6 500104 6 0 0 0 0 21 21 21 21 11 11 500104 6 500104 6 0 0 0 0 21 21 21 21 11 11 500104 6 500104 6 0 0 0 0 21 21 21 21 11 11 500104 6 500104 6 0 0 0 0 21 21 21 21 11 11 500104 6 500104 6 0 0 0 0
90 0 1000 0 0 1000 0 1000 22 22 22 22 11 11 106131 96 0 0 80291 1 25840 95 22 22 22 22 11 11 106131 96 0 0 80291 1 25840 95 22 22 22 22 11 11 106131 96 0 0 80291 1 25840 95 22 22 22 22 11 11 106131 96 0 0 80291 1 25840 95 22 22 22 22 11 11 106131 96 0 0 80291 1 25840 95 22 22 22 22 11 11 106131 96 0 0 80291 1 25840 95
91 0 1000 0 0 1000 0 1000 22 22 22 22 12 12 0 0 0 0 0 0 0 0 22 22 22 22 12 12 0 0 0 0 0 0 0 0 22 22 22 22 12 12 0 0 0 0 0 0 0 0 22 22 22 22 12 12 0 0 0 0 0 0 0 0 22 22 22 22 12 12 0 0 0 0 0 0 0 0 22 22 22 22 12 12 0 0 0 0 0 0 0 0
92 0 1000 0 0 1000 0 1000 22 22 22 22 12 12 0 0 0 0 0 0 0 0 22 22 22 22 12 12 0 0 0 0 0 0 0 0 22 22 22 22 12 12 0 0 0 0 0 0 0 0 22 22 22 22 12 12 0 0 0 0 0 0 0 0 22 22 22 22 12 12 0 0 0 0 0 0 0 0 22 22 22 22 12 12 0 0 0 0 0 0 0 0
93 0 1000 0 0 1000 0 1000 22 22 22 22 12 12 751308 9 751308 9 0 0 0 0 22 22 22 22 12 12 751308 9 751308 9 0 0 0 0 22 22 22 22 12 12 751308 9 751308 9 0 0 0 0 22 22 22 22 12 12 751308 9 751308 9 0 0 0 0 22 22 22 22 12 12 751308 9 751308 9 0 0 0 0 22 22 22 22 12 12 751308 9 751308 9 0 0 0 0
94 0 1000 0 0 1000 0 1000 23 23 23 23 12 12 104499 90 0 0 80291 1 24208 89 23 23 23 23 12 12 104499 90 0 0 80291 1 24208 89 23 23 23 23 12 12 104499 90 0 0 80291 1 24208 89 23 23 23 23 12 12 104499 90 0 0 80291 1 24208 89 23 23 23 23 12 12 104499 90 0 0 80291 1 24208 89 23 23 23 23 12 12 104499 90 0 0 80291 1 24208 89
95 0 1000 0 0 1000 0 1000 23 23 23 23 13 13 0 0 0 0 0 0 0 0 23 23 23 23 13 13 0 0 0 0 0 0 0 0 23 23 23 23 13 13 0 0 0 0 0 0 0 0 23 23 23 23 13 13 0 0 0 0 0 0 0 0 23 23 23 23 13 13 0 0 0 0 0 0 0 0 23 23 23 23 13 13 0 0 0 0 0 0 0 0
96 0 1000 0 0 1000 0 1000 23 23 23 23 13 13 0 0 0 0 0 0 0 0 23 23 23 23 13 13 0 0 0 0 0 0 0 0 23 23 23 23 13 13 0 0 0 0 0 0 0 0 23 23 23 23 13 13 0 0 0 0 0 0 0 0 23 23 23 23 13 13 0 0 0 0 0 0 0 0 23 23 23 23 13 13 0 0 0 0 0 0 0 0
97 0 1000 0 0 1000 0 1000 23 23 23 23 13 13 916157 11 916157 11 0 0 0 0 23 23 23 23 13 13 916157 11 916157 11 0 0 0 0 23 23 23 23 13 13 916157 11 916157 11 0 0 0 0 23 23 23 23 13 13 916157 11 916157 11 0 0 0 0 23 23 23 23 13 13 916157 11 916157 11 0 0 0 0 23 23 23 23 13 13 916157 11 916157 11 0 0 0 0
98 0 1000 0 0 1000 0 1000 24 24 24 24 13 13 105859 95 0 0 80291 1 25568 94 24 24 24 24 13 13 105859 95 0 0 80291 1 25568 94 24 24 24 24 13 13 105859 95 0 0 80291 1 25568 94 24 24 24 24 13 13 105859 95 0 0 80291 1 25568 94 24 24 24 24 13 13 105859 95 0 0 80291 1 25568 94 24 24 24 24 13 13 105859 95 0 0 80291 1 25568 94
99 0 1000 0 0 1000 0 1000 24 24 24 24 14 14 0 0 0 0 0 0 0 0 24 24 24 24 14 14 0 0 0 0 0 0 0 0 24 24 24 24 14 14 0 0 0 0 0 0 0 0 24 24 24 24 14 14 0 0 0 0 0 0 0 0 24 24 24 24 14 14 0 0 0 0 0 0 0 0 24 24 24 24 14 14 0 0 0 0 0 0 0 0
100 0 1000 0 0 1000 0 1000 24 24 24 24 14 14 0 0 0 0 0 0 0 0 24 24 24 24 14 14 0 0 0 0 0 0 0 0 24 24 24 24 14 14 0 0 0 0 0 0 0 0 24 24 24 24 14 14 0 0 0 0 0 0 0 0 24 24 24 24 14 14 0 0 0 0 0 0 0 0 24 24 24 24 14 14 0 0 0 0 0 0 0 0
101 0 1000 0 0 1000 0 1000 24 24 24 24 14 14 1168253 14 1168253 14 0 0 0 0 24 24 24 24 14 14 1168253 14 1168253 14 0 0 0 0 24 24 24 24 14 14 1168253 14 1168253 14 0 0 0 0 24 24 24 24 14 14 1168253 14 1168253 14 0 0 0 0 24 24 24 24 14 14 1168253 14 1168253 14 0 0 0 0 24 24 24 24 14 14 1168253 14 1168253 14 0 0 0 0
102 0 1000 0 0 1000 0 1000 25 25 25 25 14 14 108850 106 0 0 80290 1 28560 105 25 25 25 25 14 14 108850 106 0 0 80290 1 28560 105 25 25 25 25 14 14 108850 106 0 0 80290 1 28560 105 25 25 25 25 14 14 108850 106 0 0 80290 1 28560 105 25 25 25 25 14 14 108850 106 0 0 80290 1 28560 105 25 25 25 25 14 14 108850 106 0 0 80290 1 28560 105
103 0 1000 0 0 1000 0 1000 25 25 25 25 15 15 0 0 0 0 0 0 0 0 25 25 25 25 15 15 0 0 0 0 0 0 0 0 25 25 25 25 15 15 0 0 0 0 0 0 0 0 25 25 25 25 15 15 0 0 0 0 0 0 0 0 25 25 25 25 15 15 0 0 0 0 0 0 0 0 25 25 25 25 15 15 0 0 0 0 0 0 0 0
104 0 1000 0 0 1000 0 1000 25 25 25 25 15 15 0 0 0 0 0 0 0 0 25 25 25 25 15 15 0 0 0 0 0 0 0 0 25 25 25 25 15 15 0 0 0 0 0 0 0 0 25 25 25 25 15 15 0 0 0 0 0 0 0 0 25 25 25 25 15 15 0 0 0 0 0 0 0 0 25 25 25 25 15 15 0 0 0 0 0 0 0 0
105 0 1000 0 0 1000 0 1000 25 25 25 25 15 15 1173185 14 1173185 14 0 0 0 0 25 25 25 25 15 15 1173185 14 1173185 14 0 0 0 0 25 25 25 25 15 15 1173185 14 1173185 14 0 0 0 0 25 25 25 25 15 15 1173185 14 1173185 14 0 0 0 0 25 25 25 25 15 15 1173185 14 1173185 14 0 0 0 0 25 25 25 25 15 15 1173185 14 1173185 14 0 0 0 0
106 0 1000 0 0 1000 0 1000 26 26 26 26 15 15 104499 90 0 0 80291 1 24208 89 26 26 26 26 15 15 104499 90 0 0 80291 1 24208 89 26 26 26 26 15 15 104499 90 0 0 80291 1 24208 89 26 26 26 26 15 15 104499 90 0 0 80291 1 24208 89 26 26 26 26 15 15 104499 90 0 0 80291 1 24208 89 26 26 26 26 15 15 104499 90 0 0 80291 1 24208 89
107 0 1000 0 0 1000 0 1000 26 26 26 26 16 16 0 0 0 0 0 0 0 0 26 26 26 26 16 16 0 0 0 0 0 0 0 0 26 26 26 26 16 16 0 0 0 0 0 0 0 0 26 26 26 26 16 16 0 0 0 0 0 0 0 0 26 26 26 26 16 16 0 0 0 0 0 0 0 0 26 26 26 26 16 16 0 0 0 0 0 0 0 0
108 0 1000 0 0 1000 0 1000 26 26 26 26 16 16 0 0 0 0 0 0 0 0 26 26 26 26 16 16 0 0 0 0 0 0 0 0 26 26 26 26 16 16 0 0 0 0 0 0 0 0 26 26 26 26 16 16 0 0 0 0 0 0 0 0 26 26 26 26 16 16 0 0 0 0 0 0 0 0 26 26 26 26 16 16 0 0 0 0 0 0 0 0
109 0 1000 0 0 1000 0 1000 26 26 26 26 16 16 1415876 17 1415876 17 0 0 0 0 26 26 26 26 16 16 1415876 17 1415876 17 0 0 0 0 26 26 26 26 16 16 1415876 17 1415876 17 0 0 0 0 26 26 26 26 16 16 1415876 17 1415876 17 0 0 0 0 26 26 26 26 16 16 1415876 17 1415876 17 0 0 0 0 26 26 26 26 16 16 1415876 17 1415876 17 0 0 0 0
110 0 1000 0 0 1000 0 1000 27 27 27 27 16 16 109123 107 0 0 80291 1 28832 106 27 27 27 27 16 16 109123 107 0 0 80291 1 28832 106 27 27 27 27 16 16 109123 107 0 0 80291 1 28832 106 27 27 27 27 16 16 109123 107 0 0 80291 1 28832 106 27 27 27 27 16 16 109123 107 0 0 80291 1 28832 106 27 27 27 27 16 16 109123 107 0 0 80291 1 28832 106
111 0 1000 0 0 1000 0 1000 27 27 27 27 17 17 0 0 0 0 0 0 0 0 27 27 27 27 17 17 0 0 0 0 0 0 0 0 27 27 27 27 17 17 0 0 0 0 0 0 0 0 27 27 27 27 17 17 0 0 0 0 0 0 0 0 27 27 27 27 17 17 0 0 0 0 0 0 0 0 27 27 27 27 17 17 0 0 0 0 0 0 0 0
112 0 1000 0 0 1000 0 1000 27 27 27 27 17 17 0 0 0 0 0 0 0 0 27 27 27 27 17 17 0 0 0 0 0 0 0 0 27 27 27 27 17 17 0 0 0 0 0 0 0 0 27 27 27 27 17 17 0 0 0 0 0 0 0 0 27 27 27 27 17 17 0 0 0 0 0 0 0 0 27 27 27 27 17 17 0 0 0 0 0 0 0 0
113 0 1000 0 0 1000 0 1000 27 27 27 27 17 17 1257465 15 1257465 15 0 0 0 0 27 27 27 27 17 17 1257465 15 1257465 15 0 0 0 0 27 27 27 27 17 17 1257465 15 1257465 15 0 0 0 0 27 27 27 27 17 17 1257465 15 1257465 15 0 0 0 0 27 27 27 27 17 17 1257465 15 1257465 15 0 0 0 0 27 27 27 27 17 17 1257465 15 1257465 15 0 0 0 0
114 0 1000 0 0 1000 0 1000 28 28 28 28 17 17 106675 98 0 0 80291 1 26384 97 28 28 28 28 17 17 106675 98 0 0 80291 1 26384 97 28 28 28 28 17 17 106675 98 0 0 80291 1 26384 97 28 28 28 28 17 17 106675 98 0 0 80291 1 26384 97 28 28 28 28 17 17 106675 98 0 0 80291 1 26384 97 28 28 28 28 17 17 106675 98 0 0 80291 1 26384 97
115 0 1000 0 0 1000 0 1000 28 28 28 28 18 18 0 0 0 0 0 0 0 0 28 28 28 28 18 18 0 0 0 0 0 0 0 0 28 28 28 28 18 18 0 0 0 0 0 0 0 0 28 28 28 28 18 18 0 0 0 0 0 0 0 0 28 28 28 28 18 18 0 0 0 0 0 0 0 0 28 28 28 28 18 18 0 0 0 0 0 0 0 0
116 0 1000 0 0 1000 0 1000 28 28 28 28 18 18 0 0 0 0 0 0 0 0 28 28 28 28 18 18 0 0 0 0 0 0 0 0 28 28 28 28 18 18 0 0 0 0 0 0 0 0 28 28 28 28 18 18 0 0 0 0 0 0 0 0 28 28 28 28 18 18 0 0 0 0 0 0 0 0 28 28 28 28 18 18 0 0 0 0 0 0 0 0
117 0 1000 0 0 1000 0 1000 28 28 28 28 18 18 918972 11 918972 11 0 0 0 0 28 28 28 28 18 18 918972 11 918972 11 0 0 0 0 28 28 28 28 18 18 918972 11 918972 11 0 0 0 0 28 28 28 28 18 18 918972 11 918972 11 0 0 0 0 28 28 28 28 18 18 918972 11 918972 11 0 0 0 0 28 28 28 28 18 18 918972 11 918972 11 0 0 0 0
118 0 1000 0 0 1000 0 1000 29 29 29 29 18 18 103410 86 0 0 80290 1 23120 85 29 29 29 29 18 18 103410 86 0 0 80290 1 23120 85 29 29 29 29 18 18 103410 86 0 0 80290 1 23120 85 29 29 29 29 18 18 103410 86 0 0 80290 1 23120 85 29 29 29 29 18 18 103410 86 0 0 80290 1 23120 85 29 29 29 29 18 18 103410 86 0 0 80290 1 23120 85
119 0 1000 0 0 1000 0 1000 29 29 29 29 19 19 0 0 0 0 0 0 0 0 29 29 29 29 19 19 0 0 0 0 0 0 0 0 29 29 29 29 19 19 0 0 0 0 0 0 0 0 29 29 29 29 19 19 0 0 0 0 0 0 0 0 29 29 29 29 19 19 0 0 0 0 0 0 0 0 29 29 29 29 19 19 0 0 0 0 0 0 0 0
120 0 1000 0 0 1000 0 1000 29 29 29 29 19 19 0 0 0 0 0 0 0 0 29 29 29 29 19 19 0 0 0 0 0 0 0 0 29 29 29 29 19 19 0 0 0 0 0 0 0 0 29 29 29 29 19 19 0 0 0 0 0 0 0 0 29 29 29 29 19 19 0 0 0 0 0 0 0 0 29 29 29 29 19 19 0 0 0 0 0 0 0 0
121 0 1000 0 0 1000 0 1000 29 29 29 29 19 19 997906 12 997906 12 0 0 0 0 29 29 29 29 19 19 997906 12 997906 12 0 0 0 0 29 29 29 29 19 19 997906 12 997906 12 0 0 0 0 29 29 29 29 19 19 997906 12 997906 12 0 0 0 0 29 29 29 29 19 19 997906 12 997906 12 0 0 0 0 29 29 29 29 19 19 997906 12 997906 12 0 0 0 0
122 0 1000 0 0 1000 0 1000 30 30 30 30 19 19 110211 111 0 0 80291 1 29920 110 30 30 30 30 19 19 110211 111 0 0 80291 1 29920 110 30 30 30 30 19 19 110211 111 0 0 80291 1 29920 110 30 30 30 30 19 19 110211 111 0 0 80291 1 29920 110 30 30 30 30 19 19 110211 111 0 0 80291 1 29920 110 30 30 30 30 19 19 110211 111 0 0 80291 1 29920 110
123 0 1000 0 0 1000 0 1000 30 30 30 30 20 20 0 0 0 0 0 0 0 0 30 30 30 30 20 20 0 0 0 0 0 0 0 0 30 30 30 30 20 20 0 0 0 0 0 0 0 0 30 30 30 30 20 20 0 0 0 0 0 0 0 0 30 30 30 30 20 20 0 0 0 0 0 0 0 0 30 30 30 30 20 20 0 0 0 0 0 0 0 0
124 0 1000 0 0 1000 0 1000 30 30 30 30 20 20 0 0 0 0 0 0 0 0 30 30 30 30 20 20 0 0 0 0 0 0 0 0 30 30 30 30 20 20 0 0 0 0 0 0 0 0 30 30 30 30 20 20 0 0 0 0 0 0 0 0 30 30 30 30 20 20 0 0 0 0 0 0 0 0 30 30 30 30 20 20 0 0 0 0 0 0 0 0
125 0 1000 0 0 1000 0 1000 30 30 30 30 20 20 587713 7 587713 7 0 0 0 0 30 30 30 30 20 20 587713 7 587713 7 0 0 0 0 30 30 30 30 20 20 587713 7 587713 7 0 0 0 0 30 30 30 30 20 20 587713 7 587713 7 0 0 0 0 30 30 30 30 20 20 587713 7 587713 7 0 0 0 0 30 30 30 30 20 20 587713 7 587713 7 0 0 0 0
126 0 1000 0 0 1000 0 1000 31 31 31 31 20 20 109123 107 0 0 80291 1 28832 106 31 31 31 31 20 20 109123 107 0 0 80291 1 28832 106 31 31 31 31 20 20 109123 107 0 0 80291 1 28832 106 31 31 31 31 20 20 109123 107 0 0 80291 1 28832 106 31 31 31 31 20 20 109123 107 0 0 80291 1 28832 106 31 31 31 31 20 20 109123 107 0 0 80291 1 28832 106
127 0 1000 0 0 1000 0 1000 31 31 31 31 21 21 0 0 0 0 0 0 0 0 31 31 31 31 21 21 0 0 0 0 0 0 0 0 31 31 31 31 21 21 0 0 0 0 0 0 0 0 31 31 31 31 21 21 0 0 0 0 0 0 0 0 31 31 31 31 21 21 0 0 0 0 0 0 0 0 31 31 31 31 21 21 0 0 0 0 0 0 0 0
128 0 1000 0 0 1000 0 1000 31 31 31 31 21 21 0 0 0 0 0 0 0 0 31 31 31 31 21 21 0 0 0 0 0 0 0 0 31 31 31 31 21 21 0 0 0 0 0 0 0 0 31 31 31 31 21 21 0 0 0 0 0 0 0 0 31 31 31 31 21 21 0 0 0 0 0 0 0 0 31 31 31 31 21 21 0 0 0 0 0 0 0 0
129 0 1000 0 0 1000 0 1000 31 31 31 31 21 21 754478 9 754478 9 0 0 0 0 31 31 31 31 21 21 754478 9 754478 9 0 0 0 0 31 31 31 31 21 21 754478 9 754478 9 0 0 0 0 31 31 31 31 21 21 754478 9 754478 9 0 0 0 0 31 31 31 31 21 21 754478 9 754478 9 0 0 0 0 31 31 31 31 21 21 754478 9 754478 9 0 0 0 0
130 0 1000 0 0 1000 0 1000 32 32 32 32 21 21 104499 90 0 0 80291 1 24208 89 32 32 32 32 21 21 104499 90 0 0 80291 1 24208 89 32 32 32 32 21 21 104499 90 0 0 80291 1 24208 89 32 32 32 32 21 21 104499 90 0 0 80291 1 24208 89 32 32 32 32 21 21 104499 90 0 0 80291 1 24208 89 32 32 32 32 21 21 104499 90 0 0 80291 1 24208 89
131 0 1000 0 0 1000 0 1000 32 32 32 32 22 22 0 0 0 0 0 0 0 0 32 32 32 32 22 22 0 0 0 0 0 0 0 0 32 32 32 32 22 22 0 0 0 0 0 0 0 0 32 32 32 32 22 22 0 0 0 0 0 0 0 0 32 32 32 32 22 22 0 0 0 0 0 0 0 0 32 32 32 32 22 22 0 0 0 0 0 0 0 0
132 0 1000 0 0 1000 0 1000 32 32 32 32 22 22 0 0 0 0 0 0 0 0 32 32 32 32 22 22 0 0 0 0 0 0 0 0 32 32 32 32 22 22 0 0 0 0 0 0 0 0 32 32 32 32 22 22 0 0 0 0 0 0 0 0 32 32 32 32 22 22 0 0 0 0 0 0 0 0 32 32 32 32 22 22 0 0 0 0 0 0 0 0
133 0 1000 0 0 1000 0 1000 32 32 32 32 22 22 999442 12 999442 12 0 0 0 0 32 32 32 32 22 22 999442 12 999442 12 0 0 0 0 32 32 32 32 22 22 999442 12 999442 12 0 0 0 0 32 32 32 32 22 22 999442 12 999442 12 0 0 0 0 32 32 32 32 22 22 999442 12 999442 12 0 0 0 0 32 32 32 32 22 22 999442 12 999442 12 0 0 0 0
134 0 1000 0 0 1000 0 1000 33 33 33 33 22 22 109395 108 0 0 80291 1 29104 107 33 33 33 33 22 22 109395 108 0 0 80291 1 29104 107 33 33 33 33 22 22 109395 108 0 0 80291 1 29104 107 33 33 33 33 22 22 109395 108 0 0 80291 1 29104 107 33 33 33 33 22 22 109395 108 0 0 80291 1 29104 107 33 33 33 33 22 22 109395 108 0 0 80291 1 29104 107
135 0 1000 0 0 1000 0 1000 33 33 33 33 23 23 0 0 0 0 0 0 0 0 33 33 33 33 23 23 0 0 0 0 0 0 0 0 33 33 33 33 23 23 0 0 0 0 0 0 0 0 33 33 33 33 23 23 0 0 0 0 0 0 0 0 33 33 33 33 23 23 0 0 0 0 0 0 0 0 33 33 33 33 23 23 0 0 0 0 0 0 0 0
136 0 1000 0 0 1000 0 1000 33 33 33 33 23 23 0 0 0 0 0 0 0 0 33 33 33 33 23 23 0 0 0 0 0 0 0 0 33 33 33 33 23 23 0 0 0 0 0 0 0 0 33 33 33 33 23 23 0 0 0 0 0 0 0 0 33 33 33 33 23 23 0 0 0 0 0 0 0 0 33 33 33 33 23 23 0 0 0 0 0 0 0 0
137 0 1000 0 0 1000 0 1000 33 33 33 33 23 23 670903 8 670903 8 0 0 0 0 33 33 33 33 23 23 670903 8 670903 8 0 0 0 0 33 33 33 33 23 23 670903 8 670903 8 0 0 0 0 33 33 33 33 23 23 670903 8 670903 8 0 0 0 0 33 33 33 33 23 23 670903 8 670903 8 0 0 0 0 33 33 33 33 23 23 670903 8 670903 8 0 0 0 0
138 0 1000 0 0 1000 0 1000 34 34 34 34 23 23 110483 112 0 0 80291 1 30192 111 34 34 34 34 23 23 110483 112 0 0 80291 1 30192 111 34 34 34 34 23 23 110483 112 0 0 80291 1 30192 111 34 34 34 34 23 23 110483 112 0 0 80291 1 30192 111 34 34 34 34 23 23 110483 112 0 0 80291 1 30192 111 34 34 34 34 23 23 110483 112 0 0 80291 1 30192 111
139 0 1000 0 0 1000 0 1000 34 34 34 34 24 24 0 0 0 0 0 0 0 0 34 34 34 34 24 24 0 0 0 0 0 0 0 0 34 34 34 34 24 24 0 0 0 0 0 0 0 0 34 34 34 34 24 24 0 0 0 0 0 0 0 0 34 34 34 34 24 24 0 0 0 0 0 0 0 0 34 34 34 34 24 24 0 0 0 0 0 0 0 0
140 0 1000 0 0 1000 0 1000 34 34 34 34 24 24 0 0 0 0 0 0 0 0 34 34 34 34 24 24 0 0 0 0 0 0 0 0 34 34 34 34 24 24 0 0 0 0 0 0 0 0 34 34 34 34 24 24 0 0 0 0 0 0 0 0 34 34 34 34 24 24 0 0 0 0 0 0 0 0 34 34 34 34 24 24 0 0 0 0 0 0 0 0
141 0 1000 0 0 1000 0 1000 34 34 34 34 24 24 251973 3 251973 3 0 0 0 0 34 34 34 34 24 24 251973 3 251973 3 0 0 0 0 34 34 34 34 24 24 251973 3 251973 3 0 0 0 0 34 34 34 34 24 24 251973 3 251973 3 0 0 0 0 34 34 34 34 24 24 251973 3 251973 3 0 0 0 0 34 34 34 34 24 24 251973 3 251973 3 0 0 0 0
142 0 1000 0 0 1000 0 1000 35 35 35 35 24 24 108035 103 0 0 80291 1 27744 102 35 35 35 35 24 24 108035 103 0 0 80291 1 27744 102 35 35 35 35 24 24 108035 103 0 0 80291 1 27744 102 35 35 35 35 24 24 108035 103 0 0 80291 1 27744 102 35 35 35 35 24 24 108035 103 0 0 80291 1 27744 102 35 35 35 35 24 24 108035 103 0 0 80291 1 27744 102
143 0 1000 0 0 1000 0 1000 35 35 35 35 25 25 0 0 0 0 0 0 0 0 35 35 35 35 25 25 0 0 0 0 0 0 0 0 35 35 35 35 25 25 0 0 0 0 0 0 0 0 35 35 35 35 25 25 0 0 0 0 0 0 0 0 35 35 35 35 25 25 0 0 0 0 0 0 0 0 35 35 35 35 25 25 0 0 0 0 0 0 0 0
144 0 1000 0 0 1000 0 1000 35 35 35 35 25 25 0 0 0 0 0 0 0 0 35 35 35 35 25 25 0 0 0 0 0 0 0 0 35 35 35 35 25 25 0 0 0 0 0 0 0 0 35 35 35 35 25 25 0 0 0 0 0 0 0 0 35 35 35 35 25 25 0 0 0 0 0 0 0 0 35 35 35 35 25 25 0 0 0 0 0 0 0 0
145 0 1000 0 0 1000 0 1000 35 35 35 35 25 25 1255544 15 1255544 15 0 0 0 0 35 35 35 35 25 25 1255544 15 1255544 15 0 0 0 0 35 35 35 35 25 25 1255544 15 1255544 15 0 0 0 0 35 35 35 35 25 25 1255544 15 1255544 15 0 0 0 0 35 35 35 35 25 25 1255544 15 1255544 15 0 0 0 0 35 35 35 35 25 25 1255544 15 1255544 15 0 0 0 0
146 0 1000 0 0 1000 0 1000 36 36 36 36 25 25 106947 99 0 0 80291 1 26656 98 36 36 36 36 25 25 106947 99 0 0 80291 1 26656 98 36 36 36 36 25 25 106947 99 0 0 80291 1 26656 98 36 36 36 36 25 25 106947 99 0 0 80291 1 26656 98 36 36 36 36 25 25 106947 99 0 0 80291 1 26656 98 36 36 36 36 25 25 106947 99 0 0 80291 1 26656 98
147 0 1000 0 0 1000 0 1000 36 36 36 36 26 26 0 0 0 0 0 0 0 0 36 36 36 36 26 26 0 0 0 0 0 0 0 0 36 36 36 36 26 26 0 0 0 0 0 0 0 0 36 36 36 36 26 26 0 0 0 0 0 0 0 0 36 36 36 36 26 26 0 0 0 0 0 0 0 0 36 36 36 36 26 26 0 0 0 0 0 0 0 0
148 0 1000 0 0 1000 0 1000 36 36 36 36 26 26 0 0 0 0 0 0 0 0 36 36 36 36 26 26 0 0 0 0 0 0 0 0 36 36 36 36 26 26 0 0 0 0 0 0 0 0 36 36 36 36 26 26 0 0 0 0 0 0 0 0 36 36 36 36 26 26 0 0 0 0 0 0 0 0 36 36 36 36 26 26 0 0 0 0 0 0 0 0
149 0 1000 0 0 1000 0 1000 36 36 36 36 26 26 919323 11 919323 11 0 0 0 0 36 36 36 36 26 26 919323 11 919323 11 0 0 0 0 36 36 36 36 26 26 919323 11 919323 11 0 0 0 0 36 36 36 36 26 26 919323 11 919323 11 0 0 0 0 36 36 36 36 26 26 919323 11 919323 11 0 0 0 0 36 36 36 36 26 26 919323 11 919323 11 0 0 0 0
150 0 1000 0 0 1000 0 1000 37 37 37 37 26 26 103410 86 0 0 80290 1 23120 85 37 37 37 37 26 26 103410 86 0 0 80290 1 23120 85 37 37 37 37 26 26 103410 86 0 0 80290 1 23120 85 37 37 37 37 26 26 103410 86 0 0 80290 1 23120 85 37 37 37 37 26 26 103410 86 0 0 80290 1 23120 85 37 37 37 37 26 26 103410 86 0 0 80290 1 23120 85
151 0 1000 0 0 1000 0 1000 37 37 37 37 27 27 0 0 0 0 0 0 0 0 37 37 37 37 27 27 0 0 0 0 0 0 0 0 37 37 37 37 27 27 0 0 0 0 0 0 0 0 37 37 37 37 27 27 0 0 0 0 0 0 0 0 37 37 37 37 27 27 0 0 0 0 0 0 0 0 37 37 37 37 27 27 0 0 0 0 0 0 0 0
152 0 1000 0 0 1000 0 1000 37 37 37 37 27 27 0 0 0 0 0 0 0 0 37 37 37 37 27 27 0 0 0 0 0 0 0 0 37 37 37 37 27 27 0 0 0 0 0 0 0 0 37 37 37 37 27 27 0 0 0 0 0 0 0 0 37 37 37 37 27 27 0 0 0 0 0 0 0 0 37 37 37 37 27 27 0 0 0 0 0 0 0 0
153 0 1000 0 0 1000 0 1000 37 37 37 37 27 27 582111 7 582111 7 0 0 0 0 37 37 37 37 27 27 582111 7 582111 7 0 0 0 0 37 37 37 37 27 27 582111 7 582111 7 0 0 0 0 37 37 37 37 27 27 582111 7 582111 7 0 0 0 0 37 37 37 37 27 27 582111 7 582111 7 0 0 0 0 37 37 37 37 27 27 582111 7 582111 7 0 0 0 0
154 0 1000 0 0 1000 0 1000 38 38 38 38 27 27 105586 94 0 0 80290 1 25296 93 38 38 38 38 27 27 105586 94 0 0 80290 1 25296 93 38 38 38 38 27 27 105586 94 0 0 80290 1 25296 93 38 38 38 38 27 27 105586 94 0 0 80290 1 25296 93 38 38 38 38 27 27 105586 94 0 0 80290 1 25296 93 38 38 38 38 27 27 105586 94 0 0 80290 1 25296 93
155 0 1000 0 0 1000 0 1000 38 38 38 38 28 28 0 0 0 0 0 0 0 0 38 38 38 38 28 28 0 0 0 0 0 0 0 0 38 38 38 38 28 28 0 0 0 0 0 0 0 0 38 38 38 38 28 28 0 0 0 0 0 0 0 0 38 38 38 38 28 28 0 0 0 0 0 0 0 0 38 38 38 38 28 28 0 0 0 0 0 0 0 0
156 0 1000 0 0 1000 0 1000 38 38 38 38 28 28 0 0 0 0 0 0 0 0 38 38 38 38 28 28 0 0 0 0 0 0 0 0 38 38 38 38 28 28 0 0 0 0 0 0 0 0 38 38 38 38 28 28 0 0 0 0 0 0 0 0 38 38 38 38 28 28 0 0 0 0 0 0 0 0 38 38 38 38 28 28 0 0 0 0 0 0 0 0
157 0 1000 0 0 1000 0 1000 38 38 38 38 28 28 1000978 12 1000978 12 0 0 0 0 38 38 38 38 28 28 1000978 12 1000978 12 0 0 0 0 38 38 38 38 28 28 1000978 12 1000978 12 0 0 0 0 38 38 38 38 28 28 1000978 12 1000978 12 0 0 0 0 38 38 38 38 28 28 1000978 12 1000978 12 0 0 0 0 38 38 38 38 28 28 1000978 12 1000978 12 0 0 0 0
158 0 1000 0 0 1000 0 1000 39 39 39 39 28 28 106674 98 0 0 80290 1 26384 97 39 39 39 39 28 28 106674 98 0 0 80290 1 26384 97 39 39 39 39 28 28 106674 98 0 0 80290 1 26384 97 39 39 39 39 28 28 106674 98 0 0 80290 1 26384 97 39 39 39 39 28 28 106674 98 0 0 80290 1 26384 97 39 39 39 39 28 28 106674 98 0 0 80290 1 26384 97
159 0 1000 0 0 1000 0 1000 39 39 39 39 29 29 0 0 0 0 0 0 0 0 39 39 39 39 29 29 0 0 0 0 0 0 0 0 39 39 39 39 29 29 0 0 0 0 0 0 0 0 39 39 39 39 29 29 0 0 0 0 0 0 0 0 39 39 39 39 29 29 0 0 0 0 0 0 0 0 39 39 39 39 29 29 0 0 0 0 0 0 0 0
160 0 1000 0 0 1000 0 1000 39 39 39 39 29 29 0 0 0 0 0 0 0 0 39 39 39 39 29 29 0 0 0 0 0 0 0 0 39 39 39 39 29 29 0 0 0 0 0 0 0 0 39 39 39 39 29 29 0 0 0 0 0 0 0 0 39 39 39 39 29 29 0 0 0 0 0 0 0 0 39 39 39 39 29 29 0 0 0 0 0 0 0 0
161 0 1000 0 0 1000 0 1000 39 39 39 39 29 29 584801 7 584801 7 0 0 0 0 39 39 39 39 29 29 584801 7 584801 7 0 0 0 0 39 39 39 39 29 29 584801 7 584801 7 0 0 0 0 39 39 39 39 29 29 584801 7 584801 7 0 0 0 0 39 39 39 39 29 29 584801 7 584801 7 0 0 0 0 39 39 39 39 29 29 584801 7 584801 7 0 0 0 0
162 0 1000 0 0 1000 0 1000 40 40 40 40 29 29 110211 111 0 0 80291 1 29920 110 40 40 40 40 29 29 110211 111 0 0 80291 1 29920 110 40 40 40 40 29 29 110211 111 0 0 80291 1 29920 110 40 40 40 40 29 29 110211 111 0 0 80291 1 29920 110 40 40 40 40 29 29 110211 111 0 0 80291 1 29920 110 40 40 40 40 29 29 110211 111 0 0 80291 1 29920 110
163 0 1000 0 0 1000 0 1000 40 40 40 40 30 30 0 0 0 0 0 0 0 0 40 40 40 40 30 30 0 0 0 0 0 0 0 0 40 40 40 40 30 30 0 0 0 0 0 0 0 0 40 40 40 40 30 30 0 0 0 0 0 0 0 0 40 40 40 40 30 30 0 0 0 0 0 0 0 0 40 40 40 40 30 30 0 0 0 0 0 0 0 0
164 0 1000 0 0 1000 0 1000 40 40 40 40 30 30 0 0 0 0 0 0 0 0 40 40 40 40 30 30 0 0 0 0 0 0 0 0 40 40 40 40 30 30 0 0 0 0 0 0 0 0 40 40 40 40 30 30 0 0 0 0 0 0 0 0 40 40 40 40 30 30 0 0 0 0 0 0 0 0 40 40 40 40 30 30 0 0 0 0 0 0 0 0
165 0 1000 0 0 1000 0 1000 40 40 40 40 30 30 335835 4 335835 4 0 0 0 0 40 40 40 40 30 30 335835 4 335835 4 0 0 0 0 40 40 40 40 30 30 335835 4 335835 4 0 0 0 0 40 40 40 40 30 30 335835 4 335835 4 0 0 0 0 40 40 40 40 30 30 335835 4 335835 4 0 0 0 0 40 40 40 40 30 30 335835 4 335835 4 0 0 0 0
166 0 1000 0 0 1000 0 1000 41 41 41 41 30 30 109939 110 0 0 80291 1 29648 109 41 41 41 41 30 30 109939 110 0 0 80291 1 29648 109 41 41 41 41 30 30 109939 110 0 0 80291 1 29648 109 41 41 41 41 30 30 109939 110 0 0 80291 1 29648 109 41 41 41 41 30 30 109939 110 0 0 80291 1 29648 109 41 41 41 41 30 30 109939 110 0 0 80291 1 29648 109
167 0 1000 0 0 1000 0 1000 41 41 41 41 31 31 0 0 0 0 0 0 0 0 41 41 41 41 31 31 0 0 0 0 0 0 0 0 41 41 41 41 31 31 0 0 0 0 0 0 0 0 41 41 41 41 31 31 0 0 0 0 0 0 0 0 41 41 41 41 31 31 0 0 0 0 0 0 0 0 41 41 41 41 31 31 0 0 0 0 0 0 0 0
168 0 1000 0 0 1000 0 1000 41 41 41 41 31 31 0 0 0 0 0 0 0 0 41 41 41 41 31 31 0 0 0 0 0 0 0 0 41 41 41 41 31 31 0 0 0 0 0 0 0 0 41 41 41 41 31 31 0 0 0 0 0 0 0 0 41 41 41 41 31 31 0 0 0 0 0 0 0 0 41 41 41 41 31 31 0 0 0 0 0 0 0 0
169 0 1000 0 0 1000 0 1000 41 41 41 41 31 31 1007123 12 1007123 12 0 0 0 0 41 41 41 41 31 31 1007123 12 1007123 12 0 0 0 0 41 41 41 41 31 31 1007123 12 1007123 12 0 0 0 0 41 41 41 41 31 31 1007123 12 1007123 12 0 0 0 0 41 41 41 41 31 31 1007123 12 1007123 12 0 0 0 0 41 41 41 41 31 31 1007123 12 1007123 12 0 0 0 0
170 0 1000 0 0 1000 0 1000 42 42 42 42 31 31 110483 112 0 0 80291 1 30192 111 42 42 42 42 31 31 110483 112 0 0 80291 1 30192 111 42 42 42 42 31 31 110483 112 0 0 80291 1 30192 111 42 42 42 42 31 31 110483 112 0 0 80291 1 30192 111 42 42 42 42 31 31 110483 112 0 0 80291 1 30192 111 42 42 42 42 31 31 110483 112 0 0 80291 1 30192 111
171 0 1000 0 0 1000 0 1000 42 42 42 42 32 32 0 0 0 0 0 0 0 0 42 42 42 42 32 32 0 0 0 0 0 0 0 0 42 42 42 42 32 32 0 0 0 0 0 0 0 0 42 42 42 42 32 32 0 0 0 0 0 0 0 0 42 42 42 42 32 32 0 0 0 0 0 0 0 0 42 42 42 42 32 32 0 0 0 0 0 0 0 0
172 0 1000 0 0 1000 0 1000 42 42 42 42 32 32 0 0 0 0 0 0 0 0 42 42 42 42 32 32 0 0 0 0 0 0 0 0 42 42 42 42 32 32 0 0 0 0 0 0 0 0 42 42 42 42 32 32 0 0 0 0 0 0 0 0 42 42 42 42 32 32 0 0 0 0 0 0 0 0 42 42 42 42 32 32 0 0 0 0 0 0 0 0
173 0 1000 0 0 1000 0 1000 42 42 42 42 32 32 755918 9 755918 9 0 0 0 0 42 42 42 42 32 32 755918 9 755918 9 0 0 0 0 42 42 42 42 32 32 755918 9 755918 9 0 0 0 0 42 42 42 42 32 32 755918 9 755918 9 0 0 0 0 42 42 42 42 32 32 755918 9 755918 9 0 0 0 0 42 42 42 42 32 32 755918 9 755918 9 0 0 0 0
174 0 1000 0 0 1000 0 1000 43 43 43 43 32 32 104771 91 0 0 80291 1 24480 90 43 43 43 43 32 32 104771 91 0 0 80291 1 24480 90 43 43 43 43 32 32 104771 91 0 0 80291 1 24480 90 43 43 43 43 32 32 104771 91 0 0 80291 1 24480 90 43 43 43 43 32 32 104771 91 0 0 80291 1 24480 90 43 43 43 43 32 32 104771 91 0 0 80291 1 24480 90
175 0 1000 0 0 1000 0 1000 43 43 43 43 33 33 0 0 0 0 0 0 0 0 43 43 43 43 33 33 0 0 0 0 0 0 0 0 43 43 43 43 33 33 0 0 0 0 0 0 0 0 43 43 43 43 33 33 0 0 0 0 0 0 0 0 43 43 43 43 33 33 0 0 0 0 0 0 0 0 43 43 43 43 33 33 0 0 0 0 0 0 0 0
176 0 1000 0 0 1000 0 1000 43 43 43 43 33 33 0 0 0 0 0 0 0 0 43 43 43 43 33 33 0 0 0 0 0 0 0 0 43 43 43 43 33 33 0 0 0 0 0 0 0 0 43 43 43 43 33 33 0 0 0 0 0 0 0 0 43 43 43 43 33 33 0 0 0 0 0 0 0 0 43 43 43 43 33 33 0 0 0 0 0 0 0 0
177 0 1000 0 0 1000 0 1000 43 43 43 43 33 33 1083146 13 1083146 13 0 0 0 0 43 43 43 43 33 33 1083146 13 1083146 13 0 0 0 0 43 43 43 43 33 33 1083146 13 1083146 13 0 0 0 0 43 43 43 43 33 33 1083146 13 1083146 13 0 0 0 0 43 43 43 43 33 33 1083146 13 1083146 13 0 0 0 0 43 43 43 43 33 33 1083146 13 1083146 13 0 0 0 0
178 0 1000 0 0 1000 0 1000 44 44 44 44 33 33 107490 101 0 0 80290 1 27200 100 44 44 44 44 33 33 107490 101 0 0 80290 1 27200 100 44 44 44 44 33 33 107490 101 0 0 80290 1 27200 100 44 44 44 44 33 33 107490 101 0 0 80290 1 27200 100 44 44 44 44 33 33 107490 101 0 0 80290 1 27200 100 44 44 44 44 33 33 107490 101 0 0 80290 1 27200 100
179 0 1000 0 0 1000 0 1000 44 44 44 44 34 34 0 0 0 0 0 0 0 0 44 44 44 44 34 34 0 0 0 0 0 0 0 0 44 44 44 44 34 34 0 0 0 0 0 0 0 0 44 44 44 44 34 34 0 0 0 0 0 0 0 0 44 44 44 44 34 34 0 0 0 0 0 0 0 0 44 44 44 44 34 34 0 0 0 0 0 0 0 0
180 0 1000 0 0 1000 0 1000 44 44 44 44 34 34 0 0 0 0 0 0 0 0 44 44 44 44 34 34 0 0 0 0 0 0 0 0 44 44 44 44 34 34 0 0 0 0 0 0 0 0 44 44 44 44 34 34 0 0 0 0 0 0 0 0 44 44 44 44 34 34 0 0 0 0 0 0 0 0 44 44 44 44 34 34 0 0 0 0 0 0 0 0
181 0 1000 0 0 1000 0 1000 44 44 44 44 34 34 1003668 12 1003668 12 0 0 0 0 44 44 44 44 34 34 1003668 12 1003668 12 0 0 0 0 44 44 44 44 34 34 1003668 12 1003668 12 0 0 0 0 44 44 44 44 34 34 1003668 12 1003668 12 0 0 0 0 44 44 44 44 34 34 1003668 12 1003668 12 0 0 0 0 44 44 44 44 34 34 1003668 12 1003668 12 0 0 0 0
182 0 1000 0 0 1000 0 1000 45 45 45 45 34 34 106947 99 0 0 80291 1 26656 98 45 45 45 45 34 34 106947 99 0 0 80291 1 26656 98 45 45 45 45 34 34 106947 99 0 0 80291 1 26656 98 45 45 45 45 34 34 106947 99 0 0 80291 1 26656 98 45 45 45 45 34 34 106947 99 0 0 80291 1 26656 98 45 45 45 45 34 34 106947 99 0 0 80291 1 26656 98
183 0 1000 0 0 1000 0 1000 45 45 45 45 35 35 0 0 0 0 0 0 0 0 45 45 45 45 35 35 0 0 0 0 0 0 0 0 45 45 45 45 35 35 0 0 0 0 0 0 0 0 45 45 45 45 35 35 0 0 0 0 0 0 0 0 45 45 45 45 35 35 0 0 0 0 0 0 0 0 45 45 45 45 35 35 0 0 0 0 0 0 0 0
184 0 1000 0 0 1000 0 1000 45 45 45 45 35 35 0 0 0 0 0 0 0 0 45 45 45 45 35 35 0 0 0 0 0 0 0 0 45 45 45 45 35 35 0 0 0 0 0 0 0 0 45 45 45 45 35 35 0 0 0 0 0 0 0 0 45 45 45 45 35 35 0 0 0 0 0 0 0 0 45 45 45 45 35 35 0 0 0 0 0 0 0 0
185 0 1000 0 0 1000 0 1000 45 45 45 45 35 35 835749 10 835749 10 0 0 0 0 45 45 45 45 35 35 835749 10 835749 10 0 0 0 0 45 45 45 45 35 35 835749 10 835749 10 0 0 0 0 45 45 45 45 35 35 835749 10 835749 10 0 0 0 0 45 45 45 45 35 35 835749 10 835749 10 0 0 0 0 45 45 45 45 35 35 835749 10 835749 10 0 0 0 0
186 0 1000 0 0 1000 0 1000 46 46 46 46 35 35 112387 119 0 0 80291 1 32096 118 46 46 46 46 35 35 112387 119 0 0 80291 1 32096 118 46 46 46 46 35 35 112387 119 0 0 80291 1 32096 118 46 46 46 46 35 35 112387 119 0 0 80291 1 32096 118 46 46 46 46 35 35 112387 119 0 0 80291 1 32096 118 46 46 46 46 35 35 112387 119 0 0 80291 1 32096 118
187 0 1000 0 0 1000 0 1000 46 46 46 46 36 36 0 0 0 0 0 0 0 0 46 46 46 46 36 36 0 0 0 0 0 0 0 0 46 46 46 46 36 36 0 0 0 0 0 0 0 0 46 46 46 46 36 36 0 0 0 0 0 0 0 0 46 46 46 46 36 36 0 0 0 0 0 0 0 0 46 46 46 46 36 36 0 0 0 0 0 0 0 0
188 0 1000 0 0 1000 0 1000 46 46 46 46 36 36 0 0 0 0 0 0 0 0 46 46 46 46 36 36 0 0 0 0 0 0 0 0 46 46 46 46 36 36 0 0 0 0 0 0 0 0 46 46 46 46 36 36 0 0 0 0 0 0 0 0 46 46 46 46 36 36 0 0 0 0 0 0 0 0 46 46 46 46 36 36 0 0 0 0 0 0 0 0
189 0 1000 0 0 1000 0 1000 46 46 46 46 36 36 842149 10 842149 10 0 0 0 0 46 46 46 46 36 36 842149 10 842149 10 0 0 0 0 46 46 46 46 36 36 842149 10 842149 10 0 0 0 0 46 46 46 46 36 36 842149 10 842149 10 0 0 0 0 46 46 46 46 36 36 842149 10 842149 10 0 0 0 0 46 46 46 46 36 36 842149 10 842149 10 0 0 0 0
190 0 1000 0 0 1000 0 1000 47 47 47 47 36 36 105859 95 0 0 80291 1 25568 94 47 47 47 47 36 36 105859 95 0 0 80291 1 25568 94 47 47 47 47 36 36 105859 95 0 0 80291 1 25568 94 47 47 47 47 36 36 105859 95 0 0 80291 1 25568 94 47 47 47 47 36 36 105859 95 0 0 80291 1 25568 94 47 47 47 47 36 36 105859 95 0 0 80291 1 25568 94
191 0 1000 0 0 1000 0 1000 47 47 47 47 37 37 0 0 0 0 0 0 0 0 47 47 47 47 37 37 0 0 0 0 0 0 0 0 47 47 47 47 37 37 0 0 0 0 0 0 0 0 47 47 47 47 37 37 0 0 0 0 0 0 0 0 47 47 47 47 37 37 0 0 0 0 0 0 0 0 47 47 47 47 37 37 0 0 0 0 0 0 0 0
192 0 1000 0 0 1000 0 1000 47 47 47 47 37 37 0 0 0 0 0 0 0 0 47 47 47 47 37 37 0 0 0 0 0 0 0 0 47 47 47 47 37 37 0 0 0 0 0 0 0 0 47 47 47 47 37 37 0 0 0 0 0 0 0 0 47 47 47 47 37 37 0 0 0 0 0 0 0 0 47 47 47 47 37 37 0 0 0 0 0 0 0 0
193 0 1000 0 0 1000 0 1000 47 47 47 47 37 37 417233 5 417233 5 0 0 0 0 47 47 47 47 37 37 417233 5 417233 5 0 0 0 0 47 47 47 47 37 37 417233 5 417233 5 0 0 0 0 47 47 47 47 37 37 417233 5 417233 5 0 0 0 0 47 47 47 47 37 37 417233 5 417233 5 0 0 0 0 47 47 47 47 37 37 417233 5 417233 5 0 0 0 0
194 0 1000 0 0 1000 0 1000 48 48 48 48 37 37 109395 108 0 0 80291 1 29104 107 48 48 48 48 37 37 109395 108 0 0 80291 1 29104 107 48 48 48 48 37 37 109395 108 0 0 80291 1 29104 107 48 48 48 48 37 37 109395 108 0 0 80291 1 29104 107 48 48 48 48 37 37 109395 108 0 0 80291 1 29104 107 48 48 48 48 37 37 109395 108 0 0 80291 1 29104 107
195 0 1000 0 0 1000 0 1000 48 48 48 48 38 38 0 0 0 0 0 0 0 0 48 48 48 48 38 38 0 0 0 0 0 0 0 0 48 48 48 48 38 38 0 0 0 0 0 0 0 0 48 48 48 48 38 38 0 0 0 0 0 0 0 0 48 48 48 48 38 38 0 0 0 0 0 0 0 0 48 48 48 48 38 38 0 0 0 0 0 0 0 0
196 0 1000 0 0 1000 0 1000 48 48 48 48 38 38 0 0 0 0 0 0 0 0 48 48 48 48 38 38 0 0 0 0 0 0 0 0 48 48 48 48 38 38 0 0 0 0 0 0 0 0 48 48 48 48 38 38 0 0 0 0 0 0 0 0 48 48 48 48 38 38 0 0 0 0 0 0 0 0 48 48 48 48 38 38 0 0 0 0 0 0 0 0
197 0 1000 0 0 1000 0 1000 48 48 48 48 38 38 503178 6 503178 6 0 0 0 0 48 48 48 48 38 38 503178 6 503178 6 0 0 0 0 48 48 48 48 38 38 503178 6 503178 6 0 0 0 0 48 48 48 48 38 38 503178 6 503178 6 0 0 0 0 48 48 48 48 38 38 503178 6 503178 6 0 0 0 0 48 48 48 48 38 38 503178 6 503178 6 0 0 0 0
198 0 1000 0 0 1000 0 1000 49 49 49 49 38 38 111571 116 0 0 80291 1 31280 115 49 49 49 49 38 38 111571 116 0 0 80291 1 31280 115 49 49 49 49 38 38 111571 116 0 0 80291 1 31280 115 49 49 49 49 38 38 111571 116 0 0 80291 1 31280 115 49 49 49 49 38 38 111571 116 0 0 80291 1 31280 115 49 49 49 49 38 38 111571 116 0 0 80291 1 31280 115
199 0 1000 0 0 1000 0 1000 49 49 49 49 39 39 0 0 0 0 0 0 0 0 49 49 49 49 39 39 0 0 0 0 0 0 0 0 49 49 49 49 39 39 0 0 0 0 0 0 0 0 49 49 49 49 39 39 0 0 0 0 0 0 0 0 49 49 49 49 39 39 0 0 0 0 0 0 0 0 49 49 49 49 39 39 0 0 0 0 0 0 0 0
200 0 1000 0 0 1000 0 1000 49 49 49 49 39 39 0 0 0 0 0 0 0 0 49 49 49 49 39 39 0 0 0 0 0 0 0 0 49 49 49 49 39 39 0 0 0 0 0 0 0 0 49 49 49 49 39 39 0 0 0 0 0 0 0 0 49 49 49 49 39 39 0 0 0 0 0 0 0 0 49 49 49 49 39 39 0 0 0 0 0 0 0 0
201 0 1000 0 0 1000 0 1000 49 49 49 49 39 39 420595 5 420595 5 0 0 0 0 49 49 49 49 39 39 420595 5 420595 5 0 0 0 0 49 49 49 49 39 39 420595 5 420595 5 0 0 0 0 49 49 49 49 39 39 420595 5 420595 5 0 0 0 0 49 49 49 49 39 39 420595 5 420595 5 0 0 0 0 49 49 49 49 39 39 420595 5 420595 5 0 0 0 0
202 0 1000 0 0 1000 0 1000 50 50 50 50 39 39 107491 101 0 0 80291 1 27200 100 50 50 50 50 39 39 107491 101 0 0 80291 1 27200 100 50 50 50 50 39 39 107491 101 0 0 80291 1 27200 100 50 50 50 50 39 39 107491 101 0 0 80291 1 27200 100 50 50 50 50 39 39 107491 101 0 0 80291 1 27200 100 50 50 50 50 39 39 107491 101 0 0 80291 1 27200 100
203 0 1000 0 0 1000 0 1000 50 50 50 50 40 40 0 0 0 0 0 0 0 0 50 50 50 50 40 40 0 0 0 0 0 0 0 0 50 50 50 50 40 40 0 0 0 0 0 0 0 0 50 50 50 50 40 40 0 0 0 0 0 0 0 0 50 50 50 50 40 40 0 0 0 0 0 0 0 0 50 50 50 50 40 40 0 0 0 0 0 0 0 0
204 0 1000 0 0 1000 0 1000 50 50 50 50 40 40 0 0 0 0 0 0 0 0 50 50 50 50 40 40 0 0 0 0 0 0 0 0 50 50 50 50 40 40 0 0 0 0 0 0 0 0 50 50 50 50 40 40 0 0 0 0 0 0 0 0 50 50 50 50 40 40 0 0 0 0 0 0 0 0 50 50 50 50 40 40 0 0 0 0 0 0 0 0
205 0 1000 0 0 1000 0 1000 50 50 50 50 40 40 418195 5 418195 5 0 0 0 0 50 50 50 50 40 40 418195 5 418195 5 0 0 0 0 50 50 50 50 40 40 418195 5 418195 5 0 0 0 0 50 50 50 50 40 40 418195 5 418195 5 0 0 0 0 50 50 50 50 40 40 418195 5 418195 5 0 0 0 0 50 50 50 50 40 40 418195 5 418195 5 0 0 0 0
206 0 1000 0 0 1000 0 1000 51 51 51 51 40 40 106675 98 0 0 80291 1 26384 97 51 51 51 51 40 40 106675 98 0 0 80291 1 26384 97 51 51 51 51 40 40 106675 98 0 0 80291 1 26384 97 51 51 51 51 40 40 106675 98 0 0 80291 1 26384 97 51 51 51 51 40 40 106675 98 0 0 80291 1 26384 97 51 51 51 51 40 40 106675 98 0 0 80291 1 26384 97
207 0 1000 0 0 1000 0 1000 51 51 51 51 41 41 0 0 0 0 0 0 0 0 51 51 51 51 41 41 0 0 0 0 0 0 0 0 51 51 51 51 41 41 0 0 0 0 0 0 0 0 51 51 51 51 41 41 0 0 0 0 0 0 0 0 51 51 51 51 41 41 0 0 0 0 0 0 0 0 51 51 51 51 41 41 0 0 0 0 0 0 0 0
208 0 1000 0 0 1000 0 1000 51 51 51 51 41 41 0 0 0 0 0 0 0 0 51 51 51 51 41 41 0 0 0 0 0 0 0 0 51 51 51 51 41 41 0 0 0 0 0 0 0 0 51 51 51 51 41 41 0 0 0 0 0 0 0 0 51 51 51 51 41 41 0 0 0 0 0 0 0 0 51 51 51 51 41 41 0 0 0 0 0 0 0 0
209 0 1000 0 0 1000 0 1000 51 51 51 51 41 41 584801 7 584801 7 0 0 0 0 51 51 51 51 41 41 584801 7 584801 7 0 0 0 0 51 51 51 51 41 41 584801 7 584801 7 0 0 0 0 51 51 51 51 41 41 584801 7 584801 7 0 0 0 0 51 51 51 51 41 41 584801 7 584801 7 0 0 0 0 51 51 51 51 41 41 584801 7 584801 7 0 0 0 0
210 0 1000 0 0 1000 0 1000 52 52 52 52 41 41 107491 101 0 0 80291 1 27200 100 52 52 52 52 41 41 107491 101 0 0 80291 1 27200 100 52 52 52 52 41 41 107491 101 0 0 80291 1 27200 100 52 52 52 52 41 41 107491 101 0 0 80291 1 27200 100 52 52 52 52 41 41 107491 101 0 0 80291 1 27200 100 52 52 52 52 41 41 107491 101 0 0 80291 1 27200 100
211 0 1000 0 0 1000 0 1000 52 52 52 52 42 42 0 0 0 0 0 0 0 0 52 52 52 52 42 42 0 0 0 0 0 0 0 0 52 52 52 52 42 42 0 0 0 0 0 0 0 0 52 52 52 52 42 42 0 0 0 0 0 0 0 0 52 52 52 52 42 42 0 0 0 0 0 0 0 0 52 52 52 52 42 42 0 0 0 0 0 0 0 0
212 0 1000 0 0 1000 0 1000 52 52 52 52 42 42 0 0 0 0 0 0 0 0 52 52 52 52 42 42 0 0 0 0 0 0 0 0 52 52 52 52 42 42 0 0 0 0 0 0 0 0 52 52 52 52 42 42 0 0 0 0 0 0 0 0 52 52 52 52 42 42 0 0 0 0 0 0 0 0 52 52 52 52 42 42 0 0 0 0 0 0 0 0
213 0 1000 0 0 1000 0 1000 52 52 52 52 42 42 920028 11 920028 11 0 0 0 0 52 52 52 52 42 42 920028 11 920028 11 0 0 0 0 52 52 52 52 42 42 920028 11 920028 11 0 0 0 0 52 52 52 52 42 42 920028 11 920028 11 0 0 0 0 52 52 52 52 42 42 920028 11 920028 11 0 0 0 0 52 52 52 52 42 42 920028 11 920028 11 0 0 0 0
214 0 1000 0 0 1000 0 1000 53 53 53 53 42 42 110211 111 0 0 80291 1 29920 110 53 53 53 53 42 42 110211 111 0 0 80291 1 29920 110 53 53 53 53 42 42 110211 111 0 0 80291 1 29920 110 53 53 53 53 42 42 110211 111 0 0 80291 1 29920 110 53 53 53 53 42 42 110211 111 0 0 80291 1 29920 110 53 53 53 53 42 42 110211 111 0 0 80291 1 29920 110
215 0 1000 0 0 1000 0 1000 53 53 53 53 43 43 0 0 0 0 0 0 0 0 53 53 53 53 43 43 0 0 0 0 0 0 0 0 53 53 53 53 43 43 0 0 0 0 0 0 0 0 53 53 53 53 43 43 0 0 0 0 0 0 0 0 53 53 53 53 43 43 0 0 0 0 0 0 0 0 53 53 53 53 43 43 0 0 0 0 0 0 0 0
216 0 1000 0 0 1000 0 1000 53 53 53 53 43 43 0 0 0 0 0 0 0 0 53 53 53 53 43 43 0 0 0 0 0 0 0 0 53 53 53 53 43 43 0 0 0 0 0 0 0 0 53 53 53 53 43 43 0 0 0 0 0 0 0 0 53 53 53 53 43 43 0 0 0 0 0 0 0 0 53 53 53 53 43 43 0 0 0 0 0 0 0 0
217 0 1000 0 0 1000 0 1000 53 53 53 53 43 43 923548 11 923548 11 0 0 0 0 53 53 53 53 43 43 923548 11 923548 11 0 0 0 0 53 53 53 53 43 43 923548 11 923548 11 0 0 0 0 53 53 53 53 43 43 923548 11 923548 11 0 0 0 0 53 53 53 53 43 43 923548 11 923548 11 0 0 0 0 53 53 53 53 43 43 923548 11 923548 11 0 0 0 0
218 0 1000 0 0 1000 0 1000 54 54 54 54 43 43 103138 85 0 0 80290 1 22848 84 54 54 54 54 43 43 103138 85 0 0 80290 1 22848 84 54 54 54 54 43 43 103138 85 0 0 80290 1 22848 84 54 54 54 54 43 43 103138 85 0 0 80290 1 22848 84 54 54 54 54 43 43 103138 85 0 0 80290 1 22848 84 54 54 54 54 43 43 103138 85 0 0 80290 1 22848 84
219 0 1000 0 0 1000 0 1000 54 54 54 54 44 44 0 0 0 0 0 0 0 0 54 54 54 54 44 44 0 0 0 0 0 0 0 0 54 54 54 54 44 44 0 0 0 0 0 0 0 0 54 54 54 54 44 44 0 0 0 0 0 0 0 0 54 54 54 54 44 44 0 0 0 0 0 0 0 0 54 54 54 54 44 44 0 0 0 0 0 0 0 0
220 0 1000 0 0 1000 0 1000 54 54 54 54 44 44 0 0 0 0 0 0 0 0 54 54 54 54 44 44 0 0 0 0 0 0 0 0 54 54 54 54 44 44 0 0 0 0 0 0 0 0 54 54 54 54 44 44 0 0 0 0 0 0 0 0 54 54 54 54 44 44 0 0 0 0 0 0 0 0 54 54 54 54 44 44 0 0 0 0 0 0 0 0
221 0 1000 0 0 1000 0 1000 54 54 54 54 44 44 1246903 15 1246903 15 0 0 0 0 54 54 54 54 44 44 1246903 15 1246903 15 0 0 0 0 54 54 54 54 44 44 1246903 15 1246903 15 0 0 0 0 54 54 54 54 44 44 1246903 15 1246903 15 0 0 0 0 54 54 54 54 44 44 1246903 15 1246903 15 0 0 0 0 54 54 54 54 44 44 1246903 15 1246903 15 0 0 0 0
222 0 1000 0 0 1000 0 1000 55 55 55 55 44 44 107219 100 0 0 80291 1 26928 99 55 55 55 55 44 44 107219 100 0 0 80291 1 26928 99 55 55 55 55 44 44 107219 100 0 0 80291 1 26928 99 55 55 55 55 44 44 107219 100 0 0 80291 1 26928 99 55 55 55 55 44 44 107219 100 0 0 80291 1 26928 99 55 55 55 55 44 44 107219 100 0 0 80291 1 26928 99
223 0 1000 0 0 1000 0 1000 55 55 55 55 45 45 0 0 0 0 0 0 0 0 55 55 55 55 45 45 0 0 0 0 0 0 0 0 55 55 55 55 45 45 0 0 0 0 0 0 0 0 55 55 55 55 45 45 0 0 0 0 0 0 0 0 55 55 55 55 45 45 0 0 0 0 0 0 0 0 55 55 55 55 45 45 0 0 0 0 0 0 0 0
224 0 1000 0 0 1000 0 1000 55 55 55 55 45 45 0 0 0 0 0 0 0 0 55 55 55 55 45 45 0 0 0 0 0 0 0 0 55 55 55 55 45 45 0 0 0 0 0 0 0 0 55 55 55 55 45 45 0 0 0 0 0 0 0 0 55 55 55 55 45 45 0 0 0 0 0 0 0 0 55 55 55 55 45 45 0 0 0 0 0 0 0 0
225 0 1000 0 0 1000 0 1000 55 55 55 55 45 45 836070 10 836070 10 0 0 0 0 55 55 55 55 45 45 836070 10 836070 10 0 0 0 0 55 55 55 55 45 45 836070 10 836070 10 0 0 0 0 55 55 55 55 45 45 836070 10 836070 10 0 0 0 0 55 55 55 55 45 45 836070 10 836070 10 0 0 0 0 55 55 55 55 45 45 836070 10 836070 10 0 0 0 0
226 0 1000 0 0 1000 0 1000 56 56 56 56 45 45 112659 120 0 0 80291 1 32368 119 56 56 56 56 45 45 112659 120 0 0 80291 1 32368 119 56 56 56 56 45 45 112659 120 0 0 80291 1 32368 119 56 56 56 56 45 45 112659 120 0 0 80291 1 32368 119 56 56 56 56 45 45 112659 120 0 0 80291 1 32368 119 56 56 56 56 45 45 112659 120 0 0 80291 1 32368 119
227 0 1000 0 0 1000 0 1000 56 56 56 56 46 46 0 0 0 0 0 0 0 0 56 56 56 56 46 46 0 0 0 0 0 0 0 0 56 56 56 56 46 46 0 0 0 0 0 0 0 0 56 56 56 56 46 46 0 0 0 0 0 0 0 0 56 56 56 56 46 46 0 0 0 0 0 0 0 0 56 56 56 56 46 46 0 0 0 0 0 0 0 0
228 0 1000 0 0 1000 0 1000 56 56 56 56 46 46 0 0 0 0 0 0 0 0 56 56 56 56 46 46 0 0 0 0 0 0 0 0 56 56 56 56 46 46 0 0 0 0 0 0 0 0 56 56 56 56 46 46 0 0 0 0 0 0 0 0 56 56 56 56 46 46 0 0 0 0 0 0 0 0 56 56 56 56 46 46 0 0 0 0 0 0 0 0
229 0 1000 0 0 1000 0 1000 56 56 56 56 46 46 758223 9 758223 9 0 0 0 0 56 56 56 56 46 46 758223 9 758223 9 0 0 0 0 56 56 56 56 46 46 758223 9 758223 9 0 0 0 0 56 56 56 56 46 46 758223 9 758223 9 0 0 0 0 56 56 56 56 46 46 758223 9 758223 9 0 0 0 0 56 56 56 56 46 46 758223 9 758223 9 0 0 0 0
230 0 1000 0 0 1000 0 1000 57 57 57 57 46 46 108035 103 0 0 80291 1 27744 102 57 57 57 57 46 46 108035 103 0 0 80291 1 27744 102 57 57 57 57 46 46 108035 103 0 0 80291 1 27744 102 57 57 57 57 46 46 108035 103 0 0 80291 1 27744 102 57 57 57 57 46 46 108035 103 0 0 80291 1 27744 102 57 57 57 57 46 46 108035 103 0 0 80291 1 27744 102
231 0 1000 0 0 1000 0 1000 57 57 57 57 47 47 0 0 0 0 0 0 0 0 57 57 57 57 47 47 0 0 0 0 0 0 0 0 57 57 57 57 47 47 0 0 0 0 0 0 0 0 57 57 57 57 47 47 0 0 0 0 0 0 0 0 57 57 57 57 47 47 0 0 0 0 0 0 0 0 57 57 57 57 47 47 0 0 0 0 0 0 0 0
232 0 1000 0 0 1000 0 1000 57 57 57 57 47 47 0 0 0 0 0 0 0 0 57 57 57 57 47 47 0 0 0 0 0 0 0 0 57 57 57 57 47 47 0 0 0 0 0 0 0 0 57 57 57 57 47 47 0 0 0 0 0 0 0 0 57 57 57 57 47 47 0 0 0 0 0 0 0 0 57 57 57 57 47 47 0 0 0 0 0 0 0 0
233 0 1000 0 0 1000 0 1000 57 57 57 57 47 47 753326 9 753326 9 0 0 0 0 57 57 57 57 47 47 753326 9 753326 9 0 0 0 0 57 57 57 57 47 47 753326 9 753326 9 0 0 0 0 57 57 57 57 47 47 753326 9 753326 9 0 0 0 0 57 57 57 57 47 47 753326 9 753326 9 0 0 0 0 57 57 57 57 47 47 753326 9 753326 9 0 0 0 0
234 0 1000 0 0 1000 0 1000 58 58 58 58 47 47 106675 98 0 0 80291 1 26384 97 58 58 58 58 47 47 106675 98 0 0 80291 1 26384 97 58 58 58 58 47 47 106675 98 0 0 80291 1 26384 97 58 58 58 58 47 47 106675 98 0 0 80291 1 26384 97 58 58 58 58 47 47 106675 98 0 0 80291 1 26384 97 58 58 58 58 47 47 106675 98 0 0 80291 1 26384 97
235 0 1000 0 0 1000 0 1000 58 58 58 58 48 48 0 0 0 0 0 0 0 0 58 58 58 58 48 48 0 0 0 0 0 0 0 0 58 58 58 58 48 48 0 0 0 0 0 0 0 0 58 58 58 58 48 48 0 0 0 0 0 0 0 0 58 58 58 58 48 48 0 0 0 0 0 0 0 0 58 58 58 58 48 48 0 0 0 0 0 0 0 0
236 0 1000 0 0 1000 0 1000 58 58 58 58 48 48 0 0 0 0 0 0 0 0 58 58 58 58 48 48 0 0 0 0 0 0 0 0 58 58 58 58 48 48 0 0 0 0 0 0 0 0 58 58 58 58 48 48 0 0 0 0 0 0 0 0 58 58 58 58 48 48 0 0 0 0 0 0 0 0 58 58 58 58 48 48 0 0 0 0 0 0 0 0
237 0 1000 0 0 1000 0 1000 58 58 58 58 48 48 751886 9 751886 9 0 0 0 0 58 58 58 58 48 48 751886 9 751886 9 0 0 0 0 58 58 58 58 48 48 751886 9 751886 9 0 0 0 0 58 58 58 58 48 48 751886 9 751886 9 0 0 0 0 58 58 58 58 48 48 751886 9 751886 9 0 0 0 0 58 58 58 58 48 48 751886 9 751886 9 0 0 0 0
238 0 1000 0 0 1000 0 1000 59 59 59 59 48 48 108035 103 0 0 80291 1 27744 102 59 59 59 59 48 48 108035 103 0 0 80291 1 27744 102 59 59 59 59 48 48 108035 103 0 0 80291 1 27744 102 59 59 59 59 48 48 108035 103 0 0 80291 1 27744 102 59 59 59 59 48 48 108035 103 0 0 80291 1 27744 102 59 59 59 59 48 48 108035 103 0 0 80291 1 27744 102
239 0 1000 0 0 1000 0 1000 59 59 59 59 49 49 0 0 0 0 0 0 0 0 59 59 59 59 49 49 0 0 0 0 0 0 0 0 59 59 59 59 49 49 0 0 0 0 0 0 0 0 59 59 59 59 49 49 0 0 0 0 0 0 0 0 59 59 59 59 49 49 0 0 0 0 0 0 0 0 59 59 59 59 49 49 0 0 0 0 0 0 0 0
240 0 1000 0 0 1000 0 1000 59 59 59 59 49 49 0 0 0 0 0 0 0 0 59 59 59 59 49 49 0 0 0 0 0 0 0 0 59 59 59 59 49 49 0 0 0 0 0 0 0 0 59 59 59 59 49 49 0 0 0 0 0 0 0 0 59 59 59 59 49 49 0 0 0 0 0 0 0 0 59 59 59 59 49 49 0 0 0 0 0 0 0 0
241 0 1000 0 0 1000 0 1000 59 59 59 59 49 49 1004436 12 1004436 12 0 0 0 0 59 59 59 59 49 49 1004436 12 1004436 12 0 0 0 0 59 59 59 59 49 49 1004436 12 1004436 12 0 0 0 0 59 59 59 59 49 49 1004436 12 1004436 12 0 0 0 0 59 59 59 59 49 49 1004436 12 1004436 12 0 0 0 0 59 59 59 59 49 49 1004436 12 1004436 12 0 0 0 0
242 0 1000 0 0 1000 0 1000 60 60 60 60 49 49 105587 94 0 0 80291 1 25296 93 60 60 60 60 49 49 105587 94 0 0 80291 1 25296 93 60 60 60 60 49 49 105587 94 0 0 80291 1 25296 93 60 60 60 60 49 49 105587 94 0 0 80291 1 25296 93 60 60 60 60 49 49 105587 94 0 0 80291 1 25296 93 60 60 60 60 49 49 105587 94 0 0 80291 1 25296 93
243 0 1000 0 0 1000 0 1000 60 60 60 60 50 50 0 0 0 0 0 0 0 0 60 60 60 60 50 50 0 0 0 0 0 0 0 0 60 60 60 60 50 50 0 0 0 0 0 0 0 0 60 60 60 60 50 50 0 0 0 0 0 0 0 0 60 60 60 60 50 50 0 0 0 0 0 0 0 0 60 60 60 60 50 50 0 0 0 0 0 0 0 0
244 0 1000 0 0 1000 0 1000 60 60 60 60 50 50 0 0 0 0 0 0 0 0 60 60 60 60 50 50 0 0 0 0 0 0 0 0 60 60 60 60 50 50 0 0 0 0 0 0 0 0 60 60 60 60 50 50 0 0 0 0 0 0 0 0 60 60 60 60 50 50 0 0 0 0 0 0 0 0 60 60 60 60 50 50 0 0 0 0 0 0 0 0
245 0 1000 0 0 1000 0 1000 60 60 60 60 50 50 834149 10 834149 10 0 0 0 0 60 60 60 60 50 50 834149 10 834149 10 0 0 0 0 60 60 60 60 50 50 834149 10 834149 10 0 0 0 0 60 60 60 60 50 50 834149 10 834149 10 0 0 0 0 60 60 60 60 50 50 834149 10 834149 10 0 0 0 0 60 60 60 60 50 50 834149 10 834149 10 0 0 0 0
246 0 1000 0 0 1000 0 1000 61 61 61 61 50 50 110211 111 0 0 80291 1 29920 110 61 61 61 61 50 50 110211 111 0 0 80291 1 29920 110 61 61 61 61 50 50 110211 111 0 0 80291 1 29920 110 61 61 61 61 50 50 110211 111 0 0 80291 1 29920 110 61 61 61 61 50 50 110211 111 0 0 80291 1 29920 110 61 61 61 61 50 50 110211 111 0 0 80291 1 29920 110
247 0 1000 0 0 1000 0 1000 61 61 61 61 51 51 0 0 0 0 0 0 0 0 61 61 61 61 51 51 0 0 0 0 0 0 0 0 61 61 61 61 51 51 0 0 0 0 0 0 0 0 61 61 61 61 51 51 0 0 0 0 0 0 0 0 61 61 61 61 51 51 0 0 0 0 0 0 0 0 61 61 61 61 51 51 0 0 0 0 0 0 0 0
248 0 1000 0 0 1000 0 1000 61 61 61 61 51 51 0 0 0 0 0 0 0 0 61 61 61 61 51 51 0 0 0 0 0 0 0 0 61 61 61 61 51 51 0 0 0 0 0 0 0 0 61 61 61 61 51 51 0 0 0 0 0 0 0 0 61 61 61 61 51 51 0 0 0 0 0 0 0 0 61 61 61 61 51 51 0 0 0 0 0 0 0 0
249 0 1000 0 0 1000 0 1000 61 61 61 61 51 51 587709 7 587709 7 0 0 0 0 61 61 61 61 51 51 587709 7 587709 7 0 0 0 0 61 61 61 61 51 51 587709 7 587709 7 0 0 0 0 61 61 61 61 51 51 587709 7 587709 7 0 0 0 0 61 61 61 61 51 51 587709 7 587709 7 0 0 0 0 61 61 61 61 51 51 587709 7 587709 7 0 0 0 0
250 0 1000 0 0 1000 0 1000 62 62 62 62 51 51 104497 90 0 0 80289 1 24208 89 62 62 62 62 51 51 104497 90 0 0 80289 1 24208 89 62 62 62 62 51 51 104497 90 0 0 80289 1 24208 89 62 62 62 62 51 51 104497 90 0 0 80289 1 24208 89 62 62 62 62 51 51 104497 90 0 0 80289 1 24208 89 62 62 62 62 51 51 104497 90 0 0 80289 1 24208 89
251 0 1000 0 0 1000 0 1000 62 62 62 62 52 52 0 0 0 0 0 0 0 0 62 62 62 62 52 52 0 0 0 0 0 0 0 0 62 62 62 62 52 52 0 0 0 0 0 0 0 0 62 62 62 62 52 52 0 0 0 0 0 0 0 0 62 62 62 62 52 52 0 0 0 0 0 0 0 0 62 62 62 62 52 52 0 0 0 0 0 0 0 0
252 0 1000 0 0 1000 0 1000 62 62 62 62 52 52 0 0 0 0 0 0 0 0 62 62 62 62 52 52 0 0 0 0 0 0 0 0 62 62 62 62 52 52 0 0 0 0 0 0 0 0 62 62 62 62 52 52 0 0 0 0 0 0 0 0 62 62 62 62 52 52 0 0 0 0 0 0 0 0 62 62 62 62 52 52 0 0 0 0 0 0 0 0
253 0 1000 0 0 1000 0 1000 62 62 62 62 52 52 916155 11 916155 11 0 0 0 0 62 62 62 62 52 52 916155 11 916155 11 0 0 0 0 62 62 62 62 52 52 916155 11 916155 11 0 0 0 0 62 62 62 62 52 52 916155 11 916155 11 0 0 0 0 62 62 62 62 52 52 916155 11 916155 11 0 0 0 0 62 62 62 62 52 52 916155 11 916155 11 0 0 0 0
254 0 1000 0 0 1000 0 1000 63 63 63 63 52 52 104227 89 0 0 80291 1 23936 88 63 63 63 63 52 52 104227 89 0 0 80291 1 23936 88 63 63 63 63 52 52 104227 89 0 0 80291 1 23936 88 63 63 63 63 52 52 104227 89 0 0 80291 1 23936 88 63 63 63 63 52 52 104227 89 0 0 80291 1 23936 88 63 63 63 63 52 52 104227 89 0 0 80291 1 23936 88
255 0 1000 0 0 1000 0 1000 63 63 63 63 53 53 0 0 0 0 0 0 0 0 63 63 63 63 53 53 0 0 0 0 0 0 0 0 63 63 63 63 53 53 0 0 0 0 0 0 0 0 63 63 63 63 53 53 0 0 0 0 0 0 0 0 63 63 63 63 53 53 0 0 0 0 0 0 0 0 63 63 63 63 53 53 0 0 0 0 0 0 0 0
256 0 1000 0 0 1000 0 1000 63 63 63 63 53 53 0 0 0 0 0 0 0 0 63 63 63 63 53 53 0 0 0 0 0 0 0 0 63 63 63 63 53 53 0 0 0 0 0 0 0 0 63 63 63 63 53 53 0 0 0 0 0 0 0 0 63 63 63 63 53 53 0 0 0 0 0 0 0 0 63 63 63 63 53 53 0 0 0 0 0 0 0 0
257 0 1000 0 0 1000 0 1000 63 63 63 63 53 53 1332080 16 1332080 16 0 0 0 0 63 63 63 63 53 53 1332080 16 1332080 16 0 0 0 0 63 63 63 63 53 53 1332080 16 1332080 16 0 0 0 0 63 63 63 63 53 53 1332080 16 1332080 16 0 0 0 0 63 63 63 63 53 53 1332080 16 1332080 16 0 0 0 0 63 63 63 63 53 53 1332080 16 1332080 16 0 0 0 0
258 0 1000 0 0 1000 0 1000 64 64 64 64 53 53 103411 86 0 0 80291 1 23120 85 64 64 64 64 53 53 103411 86 0 0 80291 1 23120 85 64 64 64 64 53 53 103411 86 0 0 80291 1 23120 85 64 64 64 64 53 53 103411 86 0 0 80291 1 23120 85 64 64 64 64 53 53 103411 86 0 0 80291 1 23120 85 64 64 64 64 53 53 103411 86 0 0 80291 1 23120 85
259 0 1000 0 0 1000 0 1000 64 64 64 64 54 54 0 0 0 0 0 0 0 0 64 64 64 64 54 54 0 0 0 0 0 0 0 0 64 64 64 64 54 54 0 0 0 0 0 0 0 0 64 64 64 64 54 54 0 0 0 0 0 0 0 0 64 64 64 64 54 54 0 0 0 0 0 0 0 0 64 64 64 64 54 54 0 0 0 0 0 0 0 0
260 0 1000 0 0 1000 0 1000 64 64 64 64 54 54 0 0 0 0 0 0 0 0 64 64 64 64 54 54 0 0 0 0 0 0 0 0 64 64 64 64 54 54 0 0 0 0 0 0 0 0 64 64 64 64 54 54 0 0 0 0 0 0 0 0 64 64 64 64 54 54 0 0 0 0 0 0 0 0 64 64 64 64 54 54 0 0 0 0 0 0 0 0
261 0 1000 0 0 1000 0 1000 64 64 64 64 54 54 665271 8 665271 8 0 0 0 0 64 64 64 64 54 54 665271 8 665271 8 0 0 0 0 64 64 64 64 54 54 665271 8 665271 8 0 0 0 0 64 64 64 64 54 54 665271 8 665271 8 0 0 0 0 64 64 64 64 54 54 665271 8 665271 8 0 0 0 0 64 64 64 64 54 54 665271 8 665271 8 0 0 0 0
262 0 1000 0 0 1000 0 1000 65 65 65 65 54 54 111027 114 0 0 80291 1 30736 113 65 65 65 65 54 54 111027 114 0 0 80291 1 30736 113 65 65 65 65 54 54 111027 114 0 0 80291 1 30736 113 65 65 65 65 54 54 111027 114 0 0 80291 1 30736 113 65 65 65 65 54 54 111027 114 0 0 80291 1 30736 113 65 65 65 65 54 54 111027 114 0 0 80291 1 30736 113
263 0 1000 0 0 1000 0 1000 65 65 65 65 55 55 0 0 0 0 0 0 0 0 65 65 65 65 55 55 0 0 0 0 0 0 0 0 65 65 65 65 55 55 0 0 0 0 0 0 0 0 65 65 65 65 55 55 0 0 0 0 0 0 0 0 65 65 65 65 55 55 0 0 0 0 0 0 0 0 65 65 65 65 55 55 0 0 0 0 0 0 0 0
264 0 1000 0 0 1000 0 1000 65 65 65 65 55 55 0 0 0 0 0 0 0 0 65 65 65 65 55 55 0 0 0 0 0 0 0 0 65 65 65 65 55 55 0 0 0 0 0 0 0 0 65 65 65 65 55 55 0 0 0 0 0 0 0 0 65 65 65 65 55 55 0 0 0 0 0 0 0 0 65 65 65 65 55 55 0 0 0 0 0 0 0 0
265 0 1000 0 0 1000 0 1000 65 65 65 65 55 55 588382 7 588382 7 0 0 0 0 65 65 65 65 55 55 588382 7 588382 7 0 0 0 0 65 65 65 65 55 55 588382 7 588382 7 0 0 0 0 65 65 65 65 55 55 588382 7 588382 7 0 0 0 0 65 65 65 65 55 55 588382 7 588382 7 0 0 0 0 65 65 65 65 55 55 588382 7 588382 7 0 0 0 0
266 0 1000 0 0 1000 0 1000 66 66 66 66 55 55 106675 98 0 0 80291 1 26384 97 66 66 66 66 55 55 106675 98 0 0 80291 1 26384 97 66 66 66 66 55 55 106675 98 0 0 80291 1 26384 97 66 66 66 66 55 55 106675 98 0 0 80291 1 26384 97 66 66 66 66 55 55 106675 98 0 0 80291 1 26384 97 66 66 66 66 55 55 106675 98 0 0 80291 1 26384 97
267 0 1000 0 0 1000 0 1000 66 66 66 66 56 56 0 0 0 0 0 0 0 0 66 66 66 66 56 56 0 0 0 0 0 0 0 0 66 66 66 66 56 56 0 0 0 0 0 0 0 0 66 66 66 66 56 56 0 0 0 0 0 0 0 0 66 66 66 66 56 56 0 0 0 0 0 0 0 0 66 66 66 66 56 56 0 0 0 0 0 0 0 0
268 0 1000 0 0 1000 0 1000 66 66 66 66 56 56 0 0 0 0 0 0 0 0 66 66 66 66 56 56 0 0 0 0 0 0 0 0 66 66 66 66 56 56 0 0 0 0 0 0 0 0 66 66 66 66 56 56 0 0 0 0 0 0 0 0 66 66 66 66 56 56 0 0 0 0 0 0 0 0 66 66 66 66 56 56 0 0 0 0 0 0 0 0
269 0 1000 0 0 1000 0 1000 66 66 66 66 56 56 918972 11 918972 11 0 0 0 0 66 66 66 66 56 56 918972 11 918972 11 0 0 0 0 66 66 66 66 56 56 918972 11 918972 11 0 0 0 0 66 66 66 66 56 56 918972 11 918972 11 0 0 0 0 66 66 66 66 56 56 918972 11 918972 11 0 0 0 0 66 66 66 66 56 56 918972 11 918972 11 0 0 0 0
270 0 1000 0 0 1000 0 1000 67 67 67 67 56 56 108579 105 0 0 80291 1 28288 104 67 67 67 67 56 56 108579 105 0 0 80291 1 28288 104 67 67 67 67 56 56 108579 105 0 0 80291 1 28288 104 67 67 67 67 56 56 108579 105 0 0 80291 1 28288 104 67 67 67 67 56 56 108579 105 0 0 80291 1 28288 104 67 67 67 67 56 56 108579 105 0 0 80291 1 28288 104
271 0 1000 0 0 1000 0 1000 67 67 67 67 57 57 0 0 0 0 0 0 0 0 67 67 67 67 57 57 0 0 0 0 0 0 0 0 67 67 67 67 57 57 0 0 0 0 0 0 0 0 67 67 67 67 57 57 0 0 0 0 0 0 0 0 67 67 67 67 57 57 0 0 0 0 0 0 0 0 67 67 67 67 57 57 0 0 0 0 0 0 0 0
272 0 1000 0 0 1000 0 1000 67 67 67 67 57 57 0 0 0 0 0 0 0 0 67 67 67 67 57 57 0 0 0 0 0 0 0 0 67 67 67 67 57 57 0 0 0 0 0 0 0 0 67 67 67 67 57 57 0 0 0 0 0 0 0 0 67 67 67 67 57 57 0 0 0 0 0 0 0 0 67 67 67 67 57 57 0 0 0 0 0 0 0 0
273 0 1000 0 0 1000 0 1000 67 67 67 67 57 57 502601 6 502601 6 0 0 0 0 67 67 67 67 57 57 502601 6 502601 6 0 0 0 0 67 67 67 67 57 57 502601 6 502601 6 0 0 0 0 67 67 67 67 57 57 502601 6 502601 6 0 0 0 0 67 67 67 67 57 57 502601 6 502601 6 0 0 0 0 67 67 67 67 57 57 502601 6 502601 6 0 0 0 0
274 0 1000 0 0 1000 0 1000 68 68 68 68 57 57 104498 90 0 0 80290 1 24208 89 68 68 68 68 57 57 104498 90 0 0 80290 1 24208 89 68 68 68 68 57 57 104498 90 0 0 80290 1 24208 89 68 68 68 68 57 57 104498 90 0 0 80290 1 24208 89 68 68 68 68 57 57 104498 90 0 0 80290 1 24208 89 68 68 68 68 57 57 104498 90 0 0 80290 1 24208 89
275 0 1000 0 0 1000 0 1000 68 68 68 68 58 58 0 0 0 0 0 0 0 0 68 68 68 68 58 58 0 0 0 0 0 0 0 0 68 68 68 68 58 58 0 0 0 0 0 0 0 0 68 68 68 68 58 58 0 0 0 0 0 0 0 0 68 68 68 68 58 58 0 0 0 0 0 0 0 0 68 68 68 68 58 58 0 0 0 0 0 0 0 0
276 0 1000 0 0 1000 0 1000 68 68 68 68 58 58 0 0 0 0 0 0 0 0 68 68 68 68 58 58 0 0 0 0 0 0 0 0 68 68 68 68 58 58 0 0 0 0 0 0 0 0 68 68 68 68 58 58 0 0 0 0 0 0 0 0 68 68 68 68 58 58 0 0 0 0 0 0 0 0 68 68 68 68 58 58 0 0 0 0 0 0 0 0
277 0 1000 0 0 1000 0 1000 68 68 68 68 58 58 832869 10 832869 10 0 0 0 0 68 68 68 68 58 58 832869 10 832869 10 0 0 0 0 68 68 68 68 58 58 832869 10 832869 10 0 0 0 0 68 68 68 68 58 58 832869 10 832869 10 0 0 0 0 68 68 68 68 58 58 832869 10 832869 10 0 0 0 0 68 68 68 68 58 58 832869 10 832869 10 0 0 0 0
278 0 1000 0 0 1000 0 1000 69 69 69 69 58 58 107219 100 0 0 80291 1 26928 99 69 69 69 69 58 58 107219 100 0 0 80291 1 26928 99 69 69 69 69 58 58 107219 100 0 0 80291 1 26928 99 69 69 69 69 58 58 107219 100 0 0 80291 1 26928 99 69 69 69 69 58 58 107219 100 0 0 80291 1 26928 99 69 69 69 69 58 58 107219 100 0 0 80291 1 26928 99
279 0 1000 0 0 1000 0 1000 69 69 69 69 59 59 0 0 0 0 0 0 0 0 69 69 69 69 59 59 0 0 0 0 0 0 0 0 69 69 69 69 59 59 0 0 0 0 0 0 0 0 69 69 69 69 59 59 0 0 0 0 0 0 0 0 69 69 69 69 59 59 0 0 0 0 0 0 0 0 69 69 69 69 59 59 0 0 0 0 0 0 0 0
280 0 1000 0 0 1000 0 1000 69 69 69 69 59 59 0 0 0 0 0 0 0 0 69 69 69 69 59 59 0 0 0 0 0 0 0 0 69 69 69 69 59 59 0 0 0 0 0 0 0 0 69 69 69 69 59 59 0 0 0 0 0 0 0 0 69 69 69 69 59 59 0 0 0 0 0 0 0 0 69 69 69 69 59 59 0 0 0 0 0 0 0 0
281 0 1000 0 0 1000 0 1000 69 69 69 69 59 59 1170497 14 1170497 14 0 0 0 0 69 69 69 69 59 59 1170497 14 1170497 14 0 0 0 0 69 69 69 69 59 59 1170497 14 1170497 14 0 0 0 0 69 69 69 69 59 59 1170497 14 1170497 14 0 0 0 0 69 69 69 69 59 59 1170497 14 1170497 14 0 0 0 0 69 69 69 69 59 59 1170497 14 1170497 14 0 0 0 0
282 0 1000 0 0 1000 0 1000 70 70 70 70 59 59 108035 103 0 0 80291 1 27744 102 70 70 70 70 59 59 108035 103 0 0 80291 1 27744 102 70 70 70 70 59 59 108035 103 0 0 80291 1 27744 102 70 70 70 70 59 59 108035 103 0 0 80291 1 27744 102 70 70 70 70 59 59 108035 103 0 0 80291 1 27744 102 70 70 70 70 59 59 108035 103 0 0 80291 1 27744 102
283 0 1000 0 0 1000 0 1000 70 70 70 70 60 60 0 0 0 0 0 0 0 0 70 70 70 70 60 60 0 0 0 0 0 0 0 0 70 70 70 70 60 60 0 0 0 0 0 0 0 0 70 70 70 70 60 60 0 0 0 0 0 0 0 0 70 70 70 70 60 60 0 0 0 0 0 0 0 0 70 70 70 70 60 60 0 0 0 0 0 0 0 0
284 0 1000 0 0 1000 0 1000 70 70 70 70 60 60 0 0 0 0 0 0 0 0 70 70 70 70 60 60 0 0 0 0 0 0 0 0 70 70 70 70 60 60 0 0 0 0 0 0 0 0 70 70 70 70 60 60 0 0 0 0 0 0 0 0 70 70 70 70 60 60 0 0 0 0 0 0 0 0 70 70 70 70 60 60 0 0 0 0 0 0 0 0
285 0 1000 0 0 1000 0 1000 70 70 70 70 60 60 1088137 13 1088137 13 0 0 0 0 70 70 70 70 60 60 1088137 13 1088137 13 0 0 0 0 70 70 70 70 60 60 1088137 13 1088137 13 0 0 0 0 70 70 70 70 60 60 1088137 13 1088137 13 0 0 0 0 70 70 70 70 60 60 1088137 13 1088137 13 0 0 0 0 70 70 70 70 60 60 1088137 13 1088137 13 0 0 0 0
286 0 1000 0 0 1000 0 1000 71 71 71 71 60 60 110755 113 0 0 80291 1 30464 112 71 71 71 71 60 60 110755 113 0 0 80291 1 30464 112 71 71 71 71 60 60 110755 113 0 0 80291 1 30464 112 71 71 71 71 60 60 110755 113 0 0 80291 1 30464 112 71 71 71 71 60 60 110755 113 0 0 80291 1 30464 112 71 71 71 71 60 60 110755 113 0 0 80291 1 30464 112
287 0 1000 0 0 1000 0 1000 71 71 71 71 61 61 0 0 0 0 0 0 0 0 71 71 71 71 61 61 0 0 0 0 0 0 0 0 71 71 71 71 61 61 0 0 0 0 0 0 0 0 71 71 71 71 61 61 0 0 0 0 0 0 0 0 71 71 71 71 61 61 0 0 0 0 0 0 0 0 71 71 71 71 61 61 0 0 0 0 0 0 0 0
288 0 1000 0 0 1000 0 1000 71 71 71 71 61 61 0 0 0 0 0 0 0 0 71 71 71 71 61 61 0 0 0 0 0 0 0 0 71 71 71 71 61 61 0 0 0 0 0 0 0 0 71 71 71 71 61 61 0 0 0 0 0 0 0 0 71 71 71 71 61 61 0 0 0 0 0 0 0 0 71 71 71 71 61 61 0 0 0 0 0 0 0 0
289 0 1000 0 0 1000 0 1000 71 71 71 71 61 61 756207 9 756207 9 0 0 0 0 71 71 71 71 61 61 756207 9 756207 9 0 0 0 0 71 71 71 71 61 61 756207 9 756207 9 0 0 0 0 71 71 71 71 61 61 756207 9 756207 9 0 0 0 0 71 71 71 71 61 61 756207 9 756207 9 0 0 0 0 71 71 71 71 61 61 756207 9 756207 9 0 0 0 0
290 0 1000 0 0 1000 0 1000 72 72 72 72 61 61 105043 92 0 0 80291 1 24752 91 72 72 72 72 61 61 105043 92 0 0 80291 1 24752 91 72 72 72 72 61 61 105043 92 0 0 80291 1 24752 91 72 72 72 72 61 61 105043 92 0 0 80291 1 24752 91 72 72 72 72 61 61 105043 92 0 0 80291 1 24752 91 72 72 72 72 61 61 105043 92 0 0 80291 1 24752 91
291 0 1000 0 0 1000 0 1000 72 72 72 72 62 62 0 0 0 0 0 0 0 0 72 72 72 72 62 62 0 0 0 0 0 0 0 0 72 72 72 72 62 62 0 0 0 0 0 0 0 0 72 72 72 72 62 62 0 0 0 0 0 0 0 0 72 72 72 72 62 62 0 0 0 0 0 0 0 0 72 72 72 72 62 62 0 0 0 0 0 0 0 0
292 0 1000 0 0 1000 0 1000 72 72 72 72 62 62 0 0 0 0 0 0 0 0 72 72 72 72 62 62 0 0 0 0 0 0 0 0 72 72 72 72 62 62 0 0 0 0 0 0 0 0 72 72 72 72 62 62 0 0 0 0 0 0 0 0 72 72 72 72 62 62 0 0 0 0 0 0 0 0 72 72 72 72 62 62 0 0 0 0 0 0 0 0
293 0 1000 0 0 1000 0 1000 72 72 72 72 62 62 833510 10 833510 10 0 0 0 0 72 72 72 72 62 62 833510 10 833510 10 0 0 0 0 72 72 72 72 62 62 833510 10 833510 10 0 0 0 0 72 72 72 72 62 62 833510 10 833510 10 0 0 0 0 72 72 72 72 62 62 833510 10 833510 10 0 0 0 0 72 72 72 72 62 62 833510 10 833510 10 0 0 0 0
294 0 1000 0 0 1000 0 1000 73 73 73 73 62 62 104499 90 0 0 80291 1 24208 89 73 73 73 73 62 62 104499 90 0 0 80291 1 24208 89 73 73 73 73 62 62 104499 90 0 0 80291 1 24208 89 73 73 73 73 62 62 104499 90 0 0 80291 1 24208 89 73 73 73 73 62 62 104499 90 0 0 80291 1 24208 89 73 73 73 73 62 62 104499 90 0 0 80291 1 24208 89
295 0 1000 0 0 1000 0 1000 73 73 73 73 63 63 0 0 0 0 0 0 0 0 73 73 73 73 63 63 0 0 0 0 0 0 0 0 73 73 73 73 63 63 0 0 0 0 0 0 0 0 73 73 73 73 63 63 0 0 0 0 0 0 0 0 73 73 73 73 63 63 0 0 0 0 0 0 0 0 73 73 73 73 63 63 0 0 0 0 0 0 0 0
296 0 1000 0 0 1000 0 1000 73 73 73 73 63 63 0 0 0 0 0 0 0 0 73 73 73 73 63 63 0 0 0 0 0 0 0 0 73 73 73 73 63 63 0 0 0 0 0 0 0 0 73 73 73 73 63 63 0 0 0 0 0 0 0 0 73 73 73 73 63 63 0 0 0 0 0 0 0 0 73 73 73 73 63 63 0 0 0 0 0 0 0 0
297 0 1000 0 0 1000 0 1000 73 73 73 73 63 63 666296 8 666296 8 0 0 0 0 73 73 73 73 63 63 666296 8 666296 8 0 0 0 0 73 73 73 73 63 63 666296 8 666296 8 0 0 0 0 73 73 73 73 63 63 666296 8 666296 8 0 0 0 0 73 73 73 73 63 63 666296 8 666296 8 0 0 0 0 73 73 73 73 63 63 666296 8 666296 8 0 0 0 0
298 0 1000 0 0 1000 0 1000 74 74 74 74 63 63 105587 94 0 0 80291 1 25296 93 74 74 74 74 63 63 105587 94 0 0 80291 1 25296 93 74 74 74 74 63 63 105587 94 0 0 80291 1 25296 93 74 74 74 74 63 63 105587 94 0 0 80291 1 25296 93 74 74 74 74 63 63 105587 94 0 0 80291 1 25296 93 74 74 74 74 63 63 105587 94 0 0 80291 1 25296 93
299 0 1000 0 0 1000 0 1000 74 74 74 74 64 64 0 0 0 0 0 0 0 0 74 74 74 74 64 64 0 0 0 0 0 0 0 0 74 74 74 74 64 64 0 0 0 0 0 0 0 0 74 74 74 74 64 64 0 0 0 0 0 0 0 0 74 74 74 74 64 64 0 0 0 0 0 0 0 0 74 74 74 74 64 64 0 0 0 0 0 0 0 0
300 0 1000 0 0 1000 0 1000 74 74 74 74 64 64 0 0 0 0 0 0 0 0 74 74 74 74 64 64 0 0 0 0 0 0 0 0 74 74 74 74 64 64 0 0 0 0 0 0 0 0 74 74 74 74 64 64 0 0 0 0 0 0 0 0 74 74 74 74 64 64 0 0 0 0 0 0 0 0 74 74 74 74 64 64 0 0 0 0 0 0 0 0
301 0 1000 0 0 1000 0 1000 74 74 74 74 64 64 917565 11 917565 11 0 0 0 0 74 74 74 74 64 64 917565 11 917565 11 0 0 0 0 74 74 74 74 64 64 917565 11 917565 11 0 0 0 0 74 74 74 74 64 64 917565 11 917565 11 0 0 0 0 74 74 74 74 64 64 917565 11 917565 11 0 0 0 0 74 74 74 74 64 64 917565 11 917565 11 0 0 0 0
302 0 1000 0 0 1000 0 1000 75 75 75 75 64 64 105043 92 0 0 80291 1 24752 91 75 75 75 75 64 64 105043 92 0 0 80291 1 24752 91 75 75 75 75 64 64 105043 92 0 0 80291 1 24752 91 75 75 75 75 64 64 105043 92 0 0 80291 1 24752 91 75 75 75 75 64 64 105043 92 0 0 80291 1 24752 91 75 75 75 75 64 64 105043 92 0 0 80291 1 24752 91
303 0 1000 0 0 1000 0 1000 75 75 75 75 65 65 0 0 0 0 0 0 0 0 75 75 75 75 65 65 0 0 0 0 0 0 0 0 75 75 75 75 65 65 0 0 0 0 0 0 0 0 75 75 75 75 65 65 0 0 0 0 0 0 0 0 75 75 75 75 65 65 0 0 0 0 0 0 0 0 75 75 75 75 65 65 0 0 0 0 0 0 0 0
