r n_asleep n_awake n_honest_asleep n_honest_dreamy n_honest_awake n_adversary n_all party0_ledger_best_length party0_ledger_best_age party0_ledger_fast_length party0_ledger_fast_age party0_ledger_slow_length party0_ledger_slow_age party0_comms_all_size party0_comms_all_count party0_comms_proposal_size party0_comms_proposal_count party0_comms_piece_block_size party0_comms_piece_block_count party0_comms_piece_vote_size party0_comms_piece_vote_count party1_ledger_best_length party1_ledger_best_age party1_ledger_fast_length party1_ledger_fast_age party1_ledger_slow_length party1_ledger_slow_age party1_comms_all_size party1_comms_all_count party1_comms_proposal_size party1_comms_proposal_count party1_comms_piece_block_size party1_comms_piece_block_count party1_comms_piece_vote_size party1_comms_piece_vote_count party2_ledger_best_length party2_ledger_best_age party2_ledger_fast_length party2_ledger_fast_age party2_ledger_slow_length party2_ledger_slow_age party2_comms_all_size party2_comms_all_count party2_comms_proposal_size party2_comms_proposal_count party2_comms_piece_block_size party2_comms_piece_block_count party2_comms_piece_vote_size party2_comms_piece_vote_count party3_ledger_best_length party3_ledger_best_age party3_ledger_fast_length party3_ledger_fast_age party3_ledger_slow_length party3_ledger_slow_age party3_comms_all_size party3_comms_all_count party3_comms_proposal_size party3_comms_proposal_count party3_comms_piece_block_size party3_comms_piece_block_count party3_comms_piece_vote_size party3_comms_piece_vote_count party4_ledger_best_length party4_ledger_best_age party4_ledger_fast_length party4_ledger_fast_age party4_ledger_slow_length party4_ledger_slow_age party4_comms_all_size party4_comms_all_count party4_comms_proposal_size party4_comms_proposal_count party4_comms_piece_block_size party4_comms_piece_block_count party4_comms_piece_vote_size party4_comms_piece_vote_count partyALWAYSAWAKE_ledger_best_length partyALWAYSAWAKE_ledger_best_age partyALWAYSAWAKE_ledger_fast_length partyALWAYSAWAKE_ledger_fast_age partyALWAYSAWAKE_ledger_slow_length partyALWAYSAWAKE_ledger_slow_age partyALWAYSAWAKE_comms_all_size partyALWAYSAWAKE_comms_all_count partyALWAYSAWAKE_comms_proposal_size partyALWAYSAWAKE_comms_proposal_count partyALWAYSAWAKE_comms_piece_block_size partyALWAYSAWAKE_comms_piece_block_count partyALWAYSAWAKE_comms_piece_vote_size partyALWAYSAWAKE_comms_piece_vote_count
4 0 1000 0 0 1000 0 1000 0 0 0 0 0 0 0 0 0 0 0 0 0 0 0 0 0 0 0 0 0 0 0 0 0 0 0 0 0 0 0 0 0 0 0 0 0 0 0 0 0 0 0 0 0 0 0 0 0 0 0 0 0 0 0 0 0 0 0 0 0 0 0 0 0 0 0 0 0 0 0 0 0 0 0 0 0 0 0 0 0 0 0 0
5 0 1000 0 0 1000 0 1000 0 0 0 0 0 0 563066 7 563066 7 0 0 0 0 0 0 0 0 0 0 563066 7 563066 7 0 0 0 0 0 0 0 0 0 0 563066 7 563066 7 0 0 0 0 0 0 0 0 0 0 563066 7 563066 7 0 0 0 0 0 0 0 0 0 0 563066 7 563066 7 0 0 0 0 0 0 0 0 0 0 563066 7 563066 7 0 0 0 0
6 0 1000 0 0 1000 0 1000 1 1 1 1 0 0 102594 83 0 0 80290 1 22304 82 1 1 1 1 0 0 102594 83 0 0 80290 1 22304 82 1 1 1 1 0 0 102594 83 0 0 80290 1 22304 82 1 1 1 1 0 0 102594 83 0 0 80290 1 22304 82 1 1 1 1 0 0 102594 83 0 0 80290 1 22304 82 1 1 1 1 0 0 102594 83 0 0 80290 1 22304 82
7 0 1000 0 0 1000 0 1000 1 1 1 1 0 0 0 0 0 0 0 0 0 0 1 1 1 1 0 0 0 0 0 0 0 0 0 0 1 1 1 1 0 0 0 0 0 0 0 0 0 0 1 1 1 1 0 0 0 0 0 0 0 0 0 0 1 1 1 1 0 0 0 0 0 0 0 0 0 0 1 1 1 1 0 0 0 0 0 0 0 0 0 0
8 0 1000 0 0 1000 0 1000 1 1 1 1 0 0 0 0 0 0 0 0 0 0 1 1 1 1 0 0 0 0 0 0 0 0 0 0 1 1 1 1 0 0 0 0 0 0 0 0 0 0 1 1 1 1 0 0 0 0 0 0 0 0 0 0 1 1 1 1 0 0 0 0 0 0 0 0 0 0 1 1 1 1 0 0 0 0 0 0 0 0 0 0
9 0 1000 0 0 1000 0 1000 1 1 1 1 0 0 913678 11 913678 11 0 0 0 0 1 1 1 1 0 0 913678 11 913678 11 0 0 0 0 1 1 1 1 0 0 913678 11 913678 11 0 0 0 0 1 1 1 1 0 0 913678 11 913678 11 0 0 0 0 1 1 1 1 0 0 913678 11 913678 11 0 0 0 0 1 1 1 1 0 0 913678 11 913678 11 0 0 0 0
10 0 1000 0 0 1000 0 1000 2 2 2 2 0 0 111298 115 0 0 80290 1 31008 114 2 2 2 2 0 0 111298 115 0 0 80290 1 31008 114 2 2 2 2 0 0 111298 115 0 0 80290 1 31008 114 2 2 2 2 0 0 111298 115 0 0 80290 1 31008 114 2 2 2 2 0 0 111298 115 0 0 80290 1 31008 114 2 2 2 2 0 0 111298 115 0 0 80290 1 31008 114
11 0 1000 0 0 1000 0 1000 2 2 2 2 0 0 0 0 0 0 0 0 0 0 2 2 2 2 0 0 0 0 0 0 0 0 0 0 2 2 2 2 0 0 0 0 0 0 0 0 0 0 2 2 2 2 0 0 0 0 0 0 0 0 0 0 2 2 2 2 0 0 0 0 0 0 0 0 0 0 2 2 2 2 0 0 0 0 0 0 0 0 0 0
12 0 1000 0 0 1000 0 1000 2 2 2 2 0 0 0 0 0 0 0 0 0 0 2 2 2 2 0 0 0 0 0 0 0 0 0 0 2 2 2 2 0 0 0 0 0 0 0 0 0 0 2 2 2 2 0 0 0 0 0 0 0 0 0 0 2 2 2 2 0 0 0 0 0 0 0 0 0 0 2 2 2 2 0 0 0 0 0 0 0 0 0 0
13 0 1000 0 0 1000 0 1000 2 2 2 2 0 0 504516 6 504516 6 0 0 0 0 2 2 2 2 0 0 504516 6 504516 6 0 0 0 0 2 2 2 2 0 0 504516 6 504516 6 0 0 0 0 2 2 2 2 0 0 504516 6 504516 6 0 0 0 0 2 2 2 2 0 0 504516 6 504516 6 0 0 0 0 2 2 2 2 0 0 504516 6 504516 6 0 0 0 0
14 0 1000 0 0 1000 0 1000 3 3 3 3 0 0 107762 102 0 0 80290 1 27472 101 3 3 3 3 0 0 107762 102 0 0 80290 1 27472 101 3 3 3 3 0 0 107762 102 0 0 80290 1 27472 101 3 3 3 3 0 0 107762 102 0 0 80290 1 27472 101 3 3 3 3 0 0 107762 102 0 0 80290 1 27472 101 3 3 3 3 0 0 107762 102 0 0 80290 1 27472 101
15 0 1000 0 0 1000 0 1000 3 3 3 3 0 0 0 0 0 0 0 0 0 0 3 3 3 3 0 0 0 0 0 0 0 0 0 0 3 3 3 3 0 0 0 0 0 0 0 0 0 0 3 3 3 3 0 0 0 0 0 0 0 0 0 0 3 3 3 3 0 0 0 0 0 0 0 0 0 0 3 3 3 3 0 0 0 0 0 0 0 0 0 0
16 0 1000 0 0 1000 0 1000 3 3 3 3 0 0 0 0 0 0 0 0 0 0 3 3 3 3 0 0 0 0 0 0 0 0 0 0 3 3 3 3 0 0 0 0 0 0 0 0 0 0 3 3 3 3 0 0 0 0 0 0 0 0 0 0 3 3 3 3 0 0 0 0 0 0 0 0 0 0 3 3 3 3 0 0 0 0 0 0 0 0 0 0
17 0 1000 0 0 1000 0 1000 3 3 3 3 0 0 669360 8 669360 8 0 0 0 0 3 3 3 3 0 0 669360 8 669360 8 0 0 0 0 3 3 3 3 0 0 669360 8 669360 8 0 0 0 0 3 3 3 3 0 0 669360 8 669360 8 0 0 0 0 3 3 3 3 0 0 669360 8 669360 8 0 0 0 0 3 3 3 3 0 0 669360 8 669360 8 0 0 0 0
18 0 1000 0 0 1000 0 1000 4 4 4 4 0 0 111026 114 0 0 80290 1 30736 113 4 4 4 4 0 0 111026 114 0 0 80290 1 30736 113 4 4 4 4 0 0 111026 114 0 0 80290 1 30736 113 4 4 4 4 0 0 111026 114 0 0 80290 1 30736 113 4 4 4 4 0 0 111026 114 0 0 80290 1 30736 113 4 4 4 4 0 0 111026 114 0 0 80290 1 30736 113
19 0 1000 0 0 1000 0 1000 4 4 4 4 0 0 0 0 0 0 0 0 0 0 4 4 4 4 0 0 0 0 0 0 0 0 0 0 4 4 4 4 0 0 0 0 0 0 0 0 0 0 4 4 4 4 0 0 0 0 0 0 0 0 0 0 4 4 4 4 0 0 0 0 0 0 0 0 0 0 4 4 4 4 0 0 0 0 0 0 0 0 0 0
20 0 1000 0 0 1000 0 1000 4 4 4 4 0 0 0 0 0 0 0 0 0 0 4 4 4 4 0 0 0 0 0 0 0 0 0 0 4 4 4 4 0 0 0 0 0 0 0 0 0 0 4 4 4 4 0 0 0 0 0 0 0 0 0 0 4 4 4 4 0 0 0 0 0 0 0 0 0 0 4 4 4 4 0 0 0 0 0 0 0 0 0 0
21 0 1000 0 0 1000 0 1000 4 4 4 4 0 0 1008645 12 1008645 12 0 0 0 0 4 4 4 4 0 0 1008645 12 1008645 12 0 0 0 0 4 4 4 4 0 0 1008645 12 1008645 12 0 0 0 0 4 4 4 4 0 0 1008645 12 1008645 12 0 0 0 0 4 4 4 4 0 0 1008645 12 1008645 12 0 0 0 0 4 4 4 4 0 0 1008645 12 1008645 12 0 0 0 0
22 0 1000 0 0 1000 0 1000 5 5 5 5 0 0 108306 104 0 0 80290 1 28016 103 5 5 5 5 0 0 108306 104 0 0 80290 1 28016 103 5 5 5 5 0 0 108306 104 0 0 80290 1 28016 103 5 5 5 5 0 0 108306 104 0 0 80290 1 28016 103 5 5 5 5 0 0 108306 104 0 0 80290 1 28016 103 5 5 5 5 0 0 108306 104 0 0 80290 1 28016 103
23 0 1000 0 0 1000 0 1000 5 5 5 5 0 0 0 0 0 0 0 0 0 0 5 5 5 5 0 0 0 0 0 0 0 0 0 0 5 5 5 5 0 0 0 0 0 0 0 0 0 0 5 5 5 5 0 0 0 0 0 0 0 0 0 0 5 5 5 5 0 0 0 0 0 0 0 0 0 0 5 5 5 5 0 0 0 0 0 0 0 0 0 0
24 0 1000 0 0 1000 0 1000 5 5 5 5 0 0 0 0 0 0 0 0 0 0 5 5 5 5 0 0 0 0 0 0 0 0 0 0 5 5 5 5 0 0 0 0 0 0 0 0 0 0 5 5 5 5 0 0 0 0 0 0 0 0 0 0 5 5 5 5 0 0 0 0 0 0 0 0 0 0 5 5 5 5 0 0 0 0 0 0 0 0 0 0
25 0 1000 0 0 1000 0 1000 5 5 5 5 0 0 1004808 12 1004808 12 0 0 0 0 5 5 5 5 0 0 1004808 12 1004808 12 0 0 0 0 5 5 5 5 0 0 1004808 12 1004808 12 0 0 0 0 5 5 5 5 0 0 1004808 12 1004808 12 0 0 0 0 5 5 5 5 0 0 1004808 12 1004808 12 0 0 0 0 5 5 5 5 0 0 1004808 12 1004808 12 0 0 0 0
26 0 1000 0 0 1000 0 1000 6 6 6 6 0 0 105314 93 0 0 80290 1 25024 92 6 6 6 6 0 0 105314 93 0 0 80290 1 25024 92 6 6 6 6 0 0 105314 93 0 0 80290 1 25024 92 6 6 6 6 0 0 105314 93 0 0 80290 1 25024 92 6 6 6 6 0 0 105314 93 0 0 80290 1 25024 92 6 6 6 6 0 0 105314 93 0 0 80290 1 25024 92
27 0 1000 0 0 1000 0 1000 6 6 6 6 0 0 0 0 0 0 0 0 0 0 6 6 6 6 0 0 0 0 0 0 0 0 0 0 6 6 6 6 0 0 0 0 0 0 0 0 0 0 6 6 6 6 0 0 0 0 0 0 0 0 0 0 6 6 6 6 0 0 0 0 0 0 0 0 0 0 6 6 6 6 0 0 0 0 0 0 0 0 0 0
28 0 1000 0 0 1000 0 1000 6 6 6 6 0 0 0 0 0 0 0 0 0 0 6 6 6 6 0 0 0 0 0 0 0 0 0 0 6 6 6 6 0 0 0 0 0 0 0 0 0 0 6 6 6 6 0 0 0 0 0 0 0 0 0 0 6 6 6 6 0 0 0 0 0 0 0 0 0 0 6 6 6 6 0 0 0 0 0 0 0 0 0 0
29 0 1000 0 0 1000 0 1000 6 6 6 6 0 0 667055 8 667055 8 0 0 0 0 6 6 6 6 0 0 667055 8 667055 8 0 0 0 0 6 6 6 6 0 0 667055 8 667055 8 0 0 0 0 6 6 6 6 0 0 667055 8 667055 8 0 0 0 0 6 6 6 6 0 0 667055 8 667055 8 0 0 0 0 6 6 6 6 0 0 667055 8 667055 8 0 0 0 0
30 0 1000 0 0 1000 0 1000 7 7 7 7 0 0 108306 104 0 0 80290 1 28016 103 7 7 7 7 0 0 108306 104 0 0 80290 1 28016 103 7 7 7 7 0 0 108306 104 0 0 80290 1 28016 103 7 7 7 7 0 0 108306 104 0 0 80290 1 28016 103 7 7 7 7 0 0 108306 104 0 0 80290 1 28016 103 7 7 7 7 0 0 108306 104 0 0 80290 1 28016 103
31 0 1000 0 0 1000 0 1000 7 7 7 7 0 0 0 0 0 0 0 0 0 0 7 7 7 7 0 0 0 0 0 0 0 0 0 0 7 7 7 7 0 0 0 0 0 0 0 0 0 0 7 7 7 7 0 0 0 0 0 0 0 0 0 0 7 7 7 7 0 0 0 0 0 0 0 0 0 0 7 7 7 7 0 0 0 0 0 0 0 0 0 0
32 0 1000 0 0 1000 0 1000 7 7 7 7 0 0 0 0 0 0 0 0 0 0 7 7 7 7 0 0 0 0 0 0 0 0 0 0 7 7 7 7 0 0 0 0 0 0 0 0 0 0 7 7 7 7 0 0 0 0 0 0 0 0 0 0 7 7 7 7 0 0 0 0 0 0 0 0 0 0 7 7 7 7 0 0 0 0 0 0 0 0 0 0
33 0 1000 0 0 1000 0 1000 7 7 7 7 0 0 334936 4 334936 4 0 0 0 0 7 7 7 7 0 0 334936 4 334936 4 0 0 0 0 7 7 7 7 0 0 334936 4 334936 4 0 0 0 0 7 7 7 7 0 0 334936 4 334936 4 0 0 0 0 7 7 7 7 0 0 334936 4 334936 4 0 0 0 0 7 7 7 7 0 0 334936 4 334936 4 0 0 0 0
34 0 1000 0 0 1000 0 1000 8 8 8 8 0 0 106946 99 0 0 80290 1 26656 98 8 8 8 8 0 0 106946 99 0 0 80290 1 26656 98 8 8 8 8 0 0 106946 99 0 0 80290 1 26656 98 8 8 8 8 0 0 106946 99 0 0 80290 1 26656 98 8 8 8 8 0 0 106946 99 0 0 80290 1 26656 98 8 8 8 8 0 0 106946 99 0 0 80290 1 26656 98
35 0 1000 0 0 1000 0 1000 8 8 8 8 0 0 0 0 0 0 0 0 0 0 8 8 8 8 0 0 0 0 0 0 0 0 0 0 8 8 8 8 0 0 0 0 0 0 0 0 0 0 8 8 8 8 0 0 0 0 0 0 0 0 0 0 8 8 8 8 0 0 0 0 0 0 0 0 0 0 8 8 8 8 0 0 0 0 0 0 0 0 0 0
36 0 1000 0 0 1000 0 1000 8 8 8 8 0 0 0 0 0 0 0 0 0 0 8 8 8 8 0 0 0 0 0 0 0 0 0 0 8 8 8 8 0 0 0 0 0 0 0 0 0 0 8 8 8 8 0 0 0 0 0 0 0 0 0 0 8 8 8 8 0 0 0 0 0 0 0 0 0 0 8 8 8 8 0 0 0 0 0 0 0 0 0 0
37 0 1000 0 0 1000 0 1000 8 8 8 8 0 0 501444 6 501444 6 0 0 0 0 8 8 8 8 0 0 501444 6 501444 6 0 0 0 0 8 8 8 8 0 0 501444 6 501444 6 0 0 0 0 8 8 8 8 0 0 501444 6 501444 6 0 0 0 0 8 8 8 8 0 0 501444 6 501444 6 0 0 0 0 8 8 8 8 0 0 501444 6 501444 6 0 0 0 0
38 0 1000 0 0 1000 0 1000 9 9 9 9 0 0 106130 96 0 0 80290 1 25840 95 9 9 9 9 0 0 106130 96 0 0 80290 1 25840 95 9 9 9 9 0 0 106130 96 0 0 80290 1 25840 95 9 9 9 9 0 0 106130 96 0 0 80290 1 25840 95 9 9 9 9 0 0 106130 96 0 0 80290 1 25840 95 9 9 9 9 0 0 106130 96 0 0 80290 1 25840 95
39 0 1000 0 0 1000 0 1000 9 9 9 9 0 0 0 0 0 0 0 0 0 0 9 9 9 9 0 0 0 0 0 0 0 0 0 0 9 9 9 9 0 0 0 0 0 0 0 0 0 0 9 9 9 9 0 0 0 0 0 0 0 0 0 0 9 9 9 9 0 0 0 0 0 0 0 0 0 0 9 9 9 9 0 0 0 0 0 0 0 0 0 0
40 0 1000 0 0 1000 0 1000 9 9 9 9 0 0 0 0 0 0 0 0 0 0 9 9 9 9 0 0 0 0 0 0 0 0 0 0 9 9 9 9 0 0 0 0 0 0 0 0 0 0 9 9 9 9 0 0 0 0 0 0 0 0 0 0 9 9 9 9 0 0 0 0 0 0 0 0 0 0 9 9 9 9 0 0 0 0 0 0 0 0 0 0
41 0 1000 0 0 1000 0 1000 9 9 9 9 0 0 417393 5 417393 5 0 0 0 0 9 9 9 9 0 0 417393 5 417393 5 0 0 0 0 9 9 9 9 0 0 417393 5 417393 5 0 0 0 0 9 9 9 9 0 0 417393 5 417393 5 0 0 0 0 9 9 9 9 0 0 417393 5 417393 5 0 0 0 0 9 9 9 9 0 0 417393 5 417393 5 0 0 0 0
42 0 1000 0 0 1000 0 1000 10 10 10 10 0 0 110211 111 0 0 80291 1 29920 110 10 10 10 10 0 0 110211 111 0 0 80291 1 29920 110 10 10 10 10 0 0 110211 111 0 0 80291 1 29920 110 10 10 10 10 0 0 110211 111 0 0 80291 1 29920 110 10 10 10 10 0 0 110211 111 0 0 80291 1 29920 110 10 10 10 10 0 0 110211 111 0 0 80291 1 29920 110
43 0 1000 0 0 1000 0 1000 10 10 10 10 0 0 0 0 0 0 0 0 0 0 10 10 10 10 0 0 0 0 0 0 0 0 0 0 10 10 10 10 0 0 0 0 0 0 0 0 0 0 10 10 10 10 0 0 0 0 0 0 0 0 0 0 10 10 10 10 0 0 0 0 0 0 0 0 0 0 10 10 10 10 0 0 0 0 0 0 0 0 0 0
44 0 1000 0 0 1000 0 1000 10 10 10 10 0 0 0 0 0 0 0 0 0 0 10 10 10 10 0 0 0 0 0 0 0 0 0 0 10 10 10 10 0 0 0 0 0 0 0 0 0 0 10 10 10 10 0 0 0 0 0 0 0 0 0 0 10 10 10 10 0 0 0 0 0 0 0 0 0 0 10 10 10 10 0 0 0 0 0 0 0 0 0 0
45 0 1000 0 0 1000 0 1000 10 10 10 10 0 0 755628 9 755628 9 0 0 0 0 10 10 10 10 0 0 755628 9 755628 9 0 0 0 0 10 10 10 10 0 0 755628 9 755628 9 0 0 0 0 10 10 10 10 0 0 755628 9 755628 9 0 0 0 0 10 10 10 10 0 0 755628 9 755628 9 0 0 0 0 10 10 10 10 0 0 755628 9 755628 9 0 0 0 0
46 0 1000 0 0 1000 0 1000 11 11 11 11 0 0 103683 87 0 0 80291 1 23392 86 11 11 11 11 0 0 103683 87 0 0 80291 1 23392 86 11 11 11 11 0 0 103683 87 0 0 80291 1 23392 86 11 11 11 11 0 0 103683 87 0 0 80291 1 23392 86 11 11 11 11 0 0 103683 87 0 0 80291 1 23392 86 11 11 11 11 0 0 103683 87 0 0 80291 1 23392 86
47 0 1000 0 0 1000 0 1000 11 11 11 11 1 1 0 0 0 0 0 0 0 0 11 11 11 11 1 1 0 0 0 0 0 0 0 0 11 11 11 11 1 1 0 0 0 0 0 0 0 0 11 11 11 11 1 1 0 0 0 0 0 0 0 0 11 11 11 11 1 1 0 0 0 0 0 0 0 0 11 11 11 11 1 1 0 0 0 0 0 0 0 0
48 0 1000 0 0 1000 0 1000 11 11 11 11 1 1 0 0 0 0 0 0 0 0 11 11 11 11 1 1 0 0 0 0 0 0 0 0 11 11 11 11 1 1 0 0 0 0 0 0 0 0 11 11 11 11 1 1 0 0 0 0 0 0 0 0 11 11 11 11 1 1 0 0 0 0 0 0 0 0 11 11 11 11 1 1 0 0 0 0 0 0 0 0
49 0 1000 0 0 1000 0 1000 11 11 11 11 1 1 1081481 13 1081481 13 0 0 0 0 11 11 11 11 1 1 1081481 13 1081481 13 0 0 0 0 11 11 11 11 1 1 1081481 13 1081481 13 0 0 0 0 11 11 11 11 1 1 1081481 13 1081481 13 0 0 0 0 11 11 11 11 1 1 1081481 13 1081481 13 0 0 0 0 11 11 11 11 1 1 1081481 13 1081481 13 0 0 0 0
50 0 1000 0 0 1000 0 1000 12 12 12 12 1 1 108035 103 0 0 80291 1 27744 102 12 12 12 12 1 1 108035 103 0 0 80291 1 27744 102 12 12 12 12 1 1 108035 103 0 0 80291 1 27744 102 12 12 12 12 1 1 108035 103 0 0 80291 1 27744 102 12 12 12 12 1 1 108035 103 0 0 80291 1 27744 102 12 12 12 12 1 1 108035 103 0 0 80291 1 27744 102
51 0 1000 0 0 1000 0 1000 12 12 12 12 2 2 0 0 0 0 0 0 0 0 12 12 12 12 2 2 0 0 0 0 0 0 0 0 12 12 12 12 2 2 0 0 0 0 0 0 0 0 12 12 12 12 2 2 0 0 0 0 0 0 0 0 12 12 12 12 2 2 0 0 0 0 0 0 0 0 12 12 12 12 2 2 0 0 0 0 0 0 0 0
52 0 1000 0 0 1000 0 1000 12 12 12 12 2 2 0 0 0 0 0 0 0 0 12 12 12 12 2 2 0 0 0 0 0 0 0 0 12 12 12 12 2 2 0 0 0 0 0 0 0 0 12 12 12 12 2 2 0 0 0 0 0 0 0 0 12 12 12 12 2 2 0 0 0 0 0 0 0 0 12 12 12 12 2 2 0 0 0 0 0 0 0 0
53 0 1000 0 0 1000 0 1000 12 12 12 12 2 2 920731 11 920731 11 0 0 0 0 12 12 12 12 2 2 920731 11 920731 11 0 0 0 0 12 12 12 12 2 2 920731 11 920731 11 0 0 0 0 12 12 12 12 2 2 920731 11 920731 11 0 0 0 0 12 12 12 12 2 2 920731 11 920731 11 0 0 0 0 12 12 12 12 2 2 920731 11 920731 11 0 0 0 0
54 0 1000 0 0 1000 0 1000 13 13 13 13 2 2 104227 89 0 0 80291 1 23936 88 13 13 13 13 2 2 104227 89 0 0 80291 1 23936 88 13 13 13 13 2 2 104227 89 0 0 80291 1 23936 88 13 13 13 13 2 2 104227 89 0 0 80291 1 23936 88 13 13 13 13 2 2 104227 89 0 0 80291 1 23936 88 13 13 13 13 2 2 104227 89 0 0 80291 1 23936 88
55 0 1000 0 0 1000 0 1000 13 13 13 13 3 3 0 0 0 0 0 0 0 0 13 13 13 13 3 3 0 0 0 0 0 0 0 0 13 13 13 13 3 3 0 0 0 0 0 0 0 0 13 13 13 13 3 3 0 0 0 0 0 0 0 0 13 13 13 13 3 3 0 0 0 0 0 0 0 0 13 13 13 13 3 3 0 0 0 0 0 0 0 0
56 0 1000 0 0 1000 0 1000 13 13 13 13 3 3 0 0 0 0 0 0 0 0 13 13 13 13 3 3 0 0 0 0 0 0 0 0 13 13 13 13 3 3 0 0 0 0 0 0 0 0 13 13 13 13 3 3 0 0 0 0 0 0 0 0 13 13 13 13 3 3 0 0 0 0 0 0 0 0 13 13 13 13 3 3 0 0 0 0 0 0 0 0
57 0 1000 0 0 1000 0 1000 13 13 13 13 3 3 333020 4 333020 4 0 0 0 0 13 13 13 13 3 3 333020 4 333020 4 0 0 0 0 13 13 13 13 3 3 333020 4 333020 4 0 0 0 0 13 13 13 13 3 3 333020 4 333020 4 0 0 0 0 13 13 13 13 3 3 333020 4 333020 4 0 0 0 0 13 13 13 13 3 3 333020 4 333020 4 0 0 0 0
58 0 1000 0 0 1000 0 1000 14 14 14 14 3 3 111299 115 0 0 80291 1 31008 114 14 14 14 14 3 3 111299 115 0 0 80291 1 31008 114 14 14 14 14 3 3 111299 115 0 0 80291 1 31008 114 14 14 14 14 3 3 111299 115 0 0 80291 1 31008 114 14 14 14 14 3 3 111299 115 0 0 80291 1 31008 114 14 14 14 14 3 3 111299 115 0 0 80291 1 31008 114
59 0 1000 0 0 1000 0 1000 14 14 14 14 4 4 0 0 0 0 0 0 0 0 14 14 14 14 4 4 0 0 0 0 0 0 0 0 14 14 14 14 4 4 0 0 0 0 0 0 0 0 14 14 14 14 4 4 0 0 0 0 0 0 0 0 14 14 14 14 4 4 0 0 0 0 0 0 0 0 14 14 14 14 4 4 0 0 0 0 0 0 0 0
60 0 1000 0 0 1000 0 1000 14 14 14 14 4 4 0 0 0 0 0 0 0 0 14 14 14 14 4 4 0 0 0 0 0 0 0 0 14 14 14 14 4 4 0 0 0 0 0 0 0 0 14 14 14 14 4 4 0 0 0 0 0 0 0 0 14 14 14 14 4 4 0 0 0 0 0 0 0 0 14 14 14 14 4 4 0 0 0 0 0 0 0 0
61 0 1000 0 0 1000 0 1000 14 14 14 14 4 4 840869 10 840869 10 0 0 0 0 14 14 14 14 4 4 840869 10 840869 10 0 0 0 0 14 14 14 14 4 4 840869 10 840869 10 0 0 0 0 14 14 14 14 4 4 840869 10 840869 10 0 0 0 0 14 14 14 14 4 4 840869 10 840869 10 0 0 0 0 14 14 14 14 4 4 840869 10 840869 10 0 0 0 0
62 0 1000 0 0 1000 0 1000 15 15 15 15 4 4 105587 94 0 0 80291 1 25296 93 15 15 15 15 4 4 105587 94 0 0 80291 1 25296 93 15 15 15 15 4 4 105587 94 0 0 80291 1 25296 93 15 15 15 15 4 4 105587 94 0 0 80291 1 25296 93 15 15 15 15 4 4 105587 94 0 0 80291 1 25296 93 15 15 15 15 4 4 105587 94 0 0 80291 1 25296 93
63 0 1000 0 0 1000 0 1000 15 15 15 15 5 5 0 0 0 0 0 0 0 0 15 15 15 15 5 5 0 0 0 0 0 0 0 0 15 15 15 15 5 5 0 0 0 0 0 0 0 0 15 15 15 15 5 5 0 0 0 0 0 0 0 0 15 15 15 15 5 5 0 0 0 0 0 0 0 0 15 15 15 15 5 5 0 0 0 0 0 0 0 0
64 0 1000 0 0 1000 0 1000 15 15 15 15 5 5 0 0 0 0 0 0 0 0 15 15 15 15 5 5 0 0 0 0 0 0 0 0 15 15 15 15 5 5 0 0 0 0 0 0 0 0 15 15 15 15 5 5 0 0 0 0 0 0 0 0 15 15 15 15 5 5 0 0 0 0 0 0 0 0 15 15 15 15 5 5 0 0 0 0 0 0 0 0
65 0 1000 0 0 1000 0 1000 15 15 15 15 5 5 417075 5 417075 5 0 0 0 0 15 15 15 15 5 5 417075 5 417075 5 0 0 0 0 15 15 15 15 5 5 417075 5 417075 5 0 0 0 0 15 15 15 15 5 5 417075 5 417075 5 0 0 0 0 15 15 15 15 5 5 417075 5 417075 5 0 0 0 0 15 15 15 15 5 5 417075 5 417075 5 0 0 0 0
66 0 1000 0 0 1000 0 1000 16 16 16 16 5 5 110483 112 0 0 80291 1 30192 111 16 16 16 16 5 5 110483 112 0 0 80291 1 30192 111 16 16 16 16 5 5 110483 112 0 0 80291 1 30192 111 16 16 16 16 5 5 110483 112 0 0 80291 1 30192 111 16 16 16 16 5 5 110483 112 0 0 80291 1 30192 111 16 16 16 16 5 5 110483 112 0 0 80291 1 30192 111
67 0 1000 0 0 1000 0 1000 16 16 16 16 6 6 0 0 0 0 0 0 0 0 16 16 16 16 6 6 0 0 0 0 0 0 0 0 16 16 16 16 6 6 0 0 0 0 0 0 0 0 16 16 16 16 6 6 0 0 0 0 0 0 0 0 16 16 16 16 6 6 0 0 0 0 0 0 0 0 16 16 16 16 6 6 0 0 0 0 0 0 0 0
68 0 1000 0 0 1000 0 1000 16 16 16 16 6 6 0 0 0 0 0 0 0 0 16 16 16 16 6 6 0 0 0 0 0 0 0 0 16 16 16 16 6 6 0 0 0 0 0 0 0 0 16 16 16 16 6 6 0 0 0 0 0 0 0 0 16 16 16 16 6 6 0 0 0 0 0 0 0 0 16 16 16 16 6 6 0 0 0 0 0 0 0 0
69 0 1000 0 0 1000 0 1000 16 16 16 16 6 6 671928 8 671928 8 0 0 0 0 16 16 16 16 6 6 671928 8 671928 8 0 0 0 0 16 16 16 16 6 6 671928 8 671928 8 0 0 0 0 16 16 16 16 6 6 671928 8 671928 8 0 0 0 0 16 16 16 16 6 6 671928 8 671928 8 0 0 0 0 16 16 16 16 6 6 671928 8 671928 8 0 0 0 0
70 0 1000 0 0 1000 0 1000 17 17 17 17 6 6 106131 96 0 0 80291 1 25840 95 17 17 17 17 6 6 106131 96 0 0 80291 1 25840 95 17 17 17 17 6 6 106131 96 0 0 80291 1 25840 95 17 17 17 17 6 6 106131 96 0 0 80291 1 25840 95 17 17 17 17 6 6 106131 96 0 0 80291 1 25840 95 17 17 17 17 6 6 106131 96 0 0 80291 1 25840 95
71 0 1000 0 0 1000 0 1000 17 17 17 17 7 7 0 0 0 0 0 0 0 0 17 17 17 17 7 7 0 0 0 0 0 0 0 0 17 17 17 17 7 7 0 0 0 0 0 0 0 0 17 17 17 17 7 7 0 0 0 0 0 0 0 0 17 17 17 17 7 7 0 0 0 0 0 0 0 0 17 17 17 17 7 7 0 0 0 0 0 0 0 0
72 0 1000 0 0 1000 0 1000 17 17 17 17 7 7 0 0 0 0 0 0 0 0 17 17 17 17 7 7 0 0 0 0 0 0 0 0 17 17 17 17 7 7 0 0 0 0 0 0 0 0 17 17 17 17 7 7 0 0 0 0 0 0 0 0 17 17 17 17 7 7 0 0 0 0 0 0 0 0 17 17 17 17 7 7 0 0 0 0 0 0 0 0
73 0 1000 0 0 1000 0 1000 17 17 17 17 7 7 1335661 16 1335661 16 0 0 0 0 17 17 17 17 7 7 1335661 16 1335661 16 0 0 0 0 17 17 17 17 7 7 1335661 16 1335661 16 0 0 0 0 17 17 17 17 7 7 1335661 16 1335661 16 0 0 0 0 17 17 17 17 7 7 1335661 16 1335661 16 0 0 0 0 17 17 17 17 7 7 1335661 16 1335661 16 0 0 0 0
74 0 1000 0 0 1000 0 1000 18 18 18 18 7 7 105587 94 0 0 80291 1 25296 93 18 18 18 18 7 7 105587 94 0 0 80291 1 25296 93 18 18 18 18 7 7 105587 94 0 0 80291 1 25296 93 18 18 18 18 7 7 105587 94 0 0 80291 1 25296 93 18 18 18 18 7 7 105587 94 0 0 80291 1 25296 93 18 18 18 18 7 7 105587 94 0 0 80291 1 25296 93
75 0 1000 0 0 1000 0 1000 18 18 18 18 8 8 0 0 0 0 0 0 0 0 18 18 18 18 8 8 0 0 0 0 0 0 0 0 18 18 18 18 8 8 0 0 0 0 0 0 0 0 18 18 18 18 8 8 0 0 0 0 0 0 0 0 18 18 18 18 8 8 0 0 0 0 0 0 0 0 18 18 18 18 8 8 0 0 0 0 0 0 0 0
76 0 1000 0 0 1000 0 1000 18 18 18 18 8 8 0 0 0 0 0 0 0 0 18 18 18 18 8 8 0 0 0 0 0 0 0 0 18 18 18 18 8 8 0 0 0 0 0 0 0 0 18 18 18 18 8 8 0 0 0 0 0 0 0 0 18 18 18 18 8 8 0 0 0 0 0 0 0 0 18 18 18 18 8 8 0 0 0 0 0 0 0 0
77 0 1000 0 0 1000 0 1000 18 18 18 18 8 8 583905 7 583905 7 0 0 0 0 18 18 18 18 8 8 583905 7 583905 7 0 0 0 0 18 18 18 18 8 8 583905 7 583905 7 0 0 0 0 18 18 18 18 8 8 583905 7 583905 7 0 0 0 0 18 18 18 18 8 8 583905 7 583905 7 0 0 0 0 18 18 18 18 8 8 583905 7 583905 7 0 0 0 0
78 0 1000 0 0 1000 0 1000 19 19 19 19 8 8 109395 108 0 0 80291 1 29104 107 19 19 19 19 8 8 109395 108 0 0 80291 1 29104 107 19 19 19 19 8 8 109395 108 0 0 80291 1 29104 107 19 19 19 19 8 8 109395 108 0 0 80291 1 29104 107 19 19 19 19 8 8 109395 108 0 0 80291 1 29104 107 19 19 19 19 8 8 109395 108 0 0 80291 1 29104 107
79 0 1000 0 0 1000 0 1000 19 19 19 19 9 9 0 0 0 0 0 0 0 0 19 19 19 19 9 9 0 0 0 0 0 0 0 0 19 19 19 19 9 9 0 0 0 0 0 0 0 0 19 19 19 19 9 9 0 0 0 0 0 0 0 0 19 19 19 19 9 9 0 0 0 0 0 0 0 0 19 19 19 19 9 9 0 0 0 0 0 0 0 0
80 0 1000 0 0 1000 0 1000 19 19 19 19 9 9 0 0 0 0 0 0 0 0 19 19 19 19 9 9 0 0 0 0 0 0 0 0 19 19 19 19 9 9 0 0 0 0 0 0 0 0 19 19 19 19 9 9 0 0 0 0 0 0 0 0 19 19 19 19 9 9 0 0 0 0 0 0 0 0 19 19 19 19 9 9 0 0 0 0 0 0 0 0
81 0 1000 0 0 1000 0 1000 19 19 19 19 9 9 419314 5 419314 5 0 0 0 0 19 19 19 19 9 9 419314 5 419314 5 0 0 0 0 19 19 19 19 9 9 419314 5 419314 5 0 0 0 0 19 19 19 19 9 9 419314 5 419314 5 0 0 0 0 19 19 19 19 9 9 419314 5 419314 5 0 0 0 0 19 19 19 19 9 9 419314 5 419314 5 0 0 0 0
82 0 1000 0 0 1000 0 1000 20 20 20 20 9 9 107219 100 0 0 80291 1 26928 99 20 20 20 20 9 9 107219 100 0 0 80291 1 26928 99 20 20 20 20 9 9 107219 100 0 0 80291 1 26928 99 20 20 20 20 9 9 107219 100 0 0 80291 1 26928 99 20 20 20 20 9 9 107219 100 0 0 80291 1 26928 99 20 20 20 20 9 9 107219 100 0 0 80291 1 26928 99
83 0 1000 0 0 1000 0 1000 20 20 20 20 10 10 0 0 0 0 0 0 0 0 20 20 20 20 10 10 0 0 0 0 0 0 0 0 20 20 20 20 10 10 0 0 0 0 0 0 0 0 20 20 20 20 10 10 0 0 0 0 0 0 0 0 20 20 20 20 10 10 0 0 0 0 0 0 0 0 20 20 20 20 10 10 0 0 0 0 0 0 0 0
84 0 1000 0 0 1000 0 1000 20 20 20 20 10 10 0 0 0 0 0 0 0 0 20 20 20 20 10 10 0 0 0 0 0 0 0 0 20 20 20 20 10 10 0 0 0 0 0 0 0 0 20 20 20 20 10 10 0 0 0 0 0 0 0 0 20 20 20 20 10 10 0 0 0 0 0 0 0 0 20 20 20 20 10 10 0 0 0 0 0 0 0 0
85 0 1000 0 0 1000 0 1000 20 20 20 20 10 10 919676 11 919676 11 0 0 0 0 20 20 20 20 10 10 919676 11 919676 11 0 0 0 0 20 20 20 20 10 10 919676 11 919676 11 0 0 0 0 20 20 20 20 10 10 919676 11 919676 11 0 0 0 0 20 20 20 20 10 10 919676 11 919676 11 0 0 0 0 20 20 20 20 10 10 919676 11 919676 11 0 0 0 0
86 0 1000 0 0 1000 0 1000 21 21 21 21 10 10 106403 97 0 0 80291 1 26112 96 21 21 21 21 10 10 106403 97 0 0 80291 1 26112 96 21 21 21 21 10 10 106403 97 0 0 80291 1 26112 96 21 21 21 21 10 10 106403 97 0 0 80291 1 26112 96 21 21 21 21 10 10 106403 97 0 0 80291 1 26112 96 21 21 21 21 10 10 106403 97 0 0 80291 1 26112 96
87 0 1000 0 0 1000 0 1000 21 21 21 21 11 11 0 0 0 0 0 0 0 0 21 21 21 21 11 11 0 0 0 0 0 0 0 0 21 21 21 21 11 11 0 0 0 0 0 0 0 0 21 21 21 21 11 11 0 0 0 0 0 0 0 0 21 21 21 21 11 11 0 0 0 0 0 0 0 0 21 21 21 21 11 11 0 0 0 0 0 0 0 0
88 0 1000 0 0 1000 0 1000 21 21 21 21 11 11 0 0 0 0 0 0 0 0 21 21 21 21 11 11 0 0 0 0 0 0 0 0 21 21 21 21 11 11 0 0 0 0 0 0 0 0 21 21 21 21 11 11 0 0 0 0 0 0 0 0 21 21 21 21 11 11 0 0 0 0 0 0 0 0 21 21 21 21 11 11 0 0 0 0 0 0 0 0
89 0 1000 0 0 1000 0 1000 21 21 21 21 11 11 668086 8 668086 8 0 0 0 0 21 21 21 21 11 11 668086 8 668086 8 0 0 0 0 21 21 21 21 11 11 668086 8 668086 8 0 0 0 0 21 21 21 21 11 11 668086 8 668086 8 0 0 0 0 21 21 21 21 11 11 668086 8 668086 8 0 0 0 0 21 21 21 21 11 11 668086 8 668086 8 0 0 0 0
90 0 1000 0 0 1000 0 1000 22 22 22 22 11 11 110209 111 0 0 80289 1 29920 110 22 22 22 22 11 11 110209 111 0 0 80289 1 29920 110 22 22 22 22 11 11 110209 111 0 0 80289 1 29920 110 22 22 22 22 11 11 110209 111 0 0 80289 1 29920 110 22 22 22 22 11 11 110209 111 0 0 80289 1 29920 110 22 22 22 22 11 11 110209 111 0 0 80289 1 29920 110
91 0 1000 0 0 1000 0 1000 22 22 22 22 12 12 0 0 0 0 0 0 0 0 22 22 22 22 12 12 0 0 0 0 0 0 0 0 22 22 22 22 12 12 0 0 0 0 0 0 0 0 22 22 22 22 12 12 0 0 0 0 0 0 0 0 22 22 22 22 12 12 0 0 0 0 0 0 0 0 22 22 22 22 12 12 0 0 0 0 0 0 0 0
92 0 1000 0 0 1000 0 1000 22 22 22 22 12 12 0 0 0 0 0 0 0 0 22 22 22 22 12 12 0 0 0 0 0 0 0 0 22 22 22 22 12 12 0 0 0 0 0 0 0 0 22 22 22 22 12 12 0 0 0 0 0 0 0 0 22 22 22 22 12 12 0 0 0 0 0 0 0 0 22 22 22 22 12 12 0 0 0 0 0 0 0 0
93 0 1000 0 0 1000 0 1000 22 22 22 22 12 12 1007506 12 1007506 12 0 0 0 0 22 22 22 22 12 12 1007506 12 1007506 12 0 0 0 0 22 22 22 22 12 12 1007506 12 1007506 12 0 0 0 0 22 22 22 22 12 12 1007506 12 1007506 12 0 0 0 0 22 22 22 22 12 12 1007506 12 1007506 12 0 0 0 0 22 22 22 22 12 12 1007506 12 1007506 12 0 0 0 0
94 0 1000 0 0 1000 0 1000 23 23 23 23 12 12 105858 95 0 0 80290 1 25568 94 23 23 23 23 12 12 105858 95 0 0 80290 1 25568 94 23 23 23 23 12 12 105858 95 0 0 80290 1 25568 94 23 23 23 23 12 12 105858 95 0 0 80290 1 25568 94 23 23 23 23 12 12 105858 95 0 0 80290 1 25568 94 23 23 23 23 12 12 105858 95 0 0 80290 1 25568 94
95 0 1000 0 0 1000 0 1000 23 23 23 23 13 13 0 0 0 0 0 0 0 0 23 23 23 23 13 13 0 0 0 0 0 0 0 0 23 23 23 23 13 13 0 0 0 0 0 0 0 0 23 23 23 23 13 13 0 0 0 0 0 0 0 0 23 23 23 23 13 13 0 0 0 0 0 0 0 0 23 23 23 23 13 13 0 0 0 0 0 0 0 0
96 0 1000 0 0 1000 0 1000 23 23 23 23 13 13 0 0 0 0 0 0 0 0 23 23 23 23 13 13 0 0 0 0 0 0 0 0 23 23 23 23 13 13 0 0 0 0 0 0 0 0 23 23 23 23 13 13 0 0 0 0 0 0 0 0 23 23 23 23 13 13 0 0 0 0 0 0 0 0 23 23 23 23 13 13 0 0 0 0 0 0 0 0
97 0 1000 0 0 1000 0 1000 23 23 23 23 13 13 584127 7 584127 7 0 0 0 0 23 23 23 23 13 13 584127 7 584127 7 0 0 0 0 23 23 23 23 13 13 584127 7 584127 7 0 0 0 0 23 23 23 23 13 13 584127 7 584127 7 0 0 0 0 23 23 23 23 13 13 584127 7 584127 7 0 0 0 0 23 23 23 23 13 13 584127 7 584127 7 0 0 0 0
98 0 1000 0 0 1000 0 1000 24 24 24 24 13 13 108851 106 0 0 80291 1 28560 105 24 24 24 24 13 13 108851 106 0 0 80291 1 28560 105 24 24 24 24 13 13 108851 106 0 0 80291 1 28560 105 24 24 24 24 13 13 108851 106 0 0 80291 1 28560 105 24 24 24 24 13 13 108851 106 0 0 80291 1 28560 105 24 24 24 24 13 13 108851 106 0 0 80291 1 28560 105
99 0 1000 0 0 1000 0 1000 24 24 24 24 14 14 0 0 0 0 0 0 0 0 24 24 24 24 14 14 0 0 0 0 0 0 0 0 24 24 24 24 14 14 0 0 0 0 0 0 0 0 24 24 24 24 14 14 0 0 0 0 0 0 0 0 24 24 24 24 14 14 0 0 0 0 0 0 0 0 24 24 24 24 14 14 0 0 0 0 0 0 0 0
100 0 1000 0 0 1000 0 1000 24 24 24 24 14 14 0 0 0 0 0 0 0 0 24 24 24 24 14 14 0 0 0 0 0 0 0 0 24 24 24 24 14 14 0 0 0 0 0 0 0 0 24 24 24 24 14 14 0 0 0 0 0 0 0 0 24 24 24 24 14 14 0 0 0 0 0 0 0 0 24 24 24 24 14 14 0 0 0 0 0 0 0 0
101 0 1000 0 0 1000 0 1000 24 24 24 24 14 14 167598 2 167598 2 0 0 0 0 24 24 24 24 14 14 167598 2 167598 2 0 0 0 0 24 24 24 24 14 14 167598 2 167598 2 0 0 0 0 24 24 24 24 14 14 167598 2 167598 2 0 0 0 0 24 24 24 24 14 14 167598 2 167598 2 0 0 0 0 24 24 24 24 14 14 167598 2 167598 2 0 0 0 0
102 0 1000 0 0 1000 0 1000 25 25 25 25 14 14 105859 95 0 0 80291 1 25568 94 25 25 25 25 14 14 105859 95 0 0 80291 1 25568 94 25 25 25 25 14 14 105859 95 0 0 80291 1 25568 94 25 25 25 25 14 14 105859 95 0 0 80291 1 25568 94 25 25 25 25 14 14 105859 95 0 0 80291 1 25568 94 25 25 25 25 14 14 105859 95 0 0 80291 1 25568 94
103 0 1000 0 0 1000 0 1000 25 25 25 25 15 15 0 0 0 0 0 0 0 0 25 25 25 25 15 15 0 0 0 0 0 0 0 0 25 25 25 25 15 15 0 0 0 0 0 0 0 0 25 25 25 25 15 15 0 0 0 0 0 0 0 0 25 25 25 25 15 15 0 0 0 0 0 0 0 0 25 25 25 25 15 15 0 0 0 0 0 0 0 0
104 0 1000 0 0 1000 0 1000 25 25 25 25 15 15 0 0 0 0 0 0 0 0 25 25 25 25 15 15 0 0 0 0 0 0 0 0 25 25 25 25 15 15 0 0 0 0 0 0 0 0 25 25 25 25 15 15 0 0 0 0 0 0 0 0 25 25 25 25 15 15 0 0 0 0 0 0 0 0 25 25 25 25 15 15 0 0 0 0 0 0 0 0
105 0 1000 0 0 1000 0 1000 25 25 25 25 15 15 667576 8 667576 8 0 0 0 0 25 25 25 25 15 15 667576 8 667576 8 0 0 0 0 25 25 25 25 15 15 667576 8 667576 8 0 0 0 0 25 25 25 25 15 15 667576 8 667576 8 0 0 0 0 25 25 25 25 15 15 667576 8 667576 8 0 0 0 0 25 25 25 25 15 15 667576 8 667576 8 0 0 0 0
106 0 1000 0 0 1000 0 1000 26 26 26 26 15 15 105043 92 0 0 80291 1 24752 91 26 26 26 26 15 15 105043 92 0 0 80291 1 24752 91 26 26 26 26 15 15 105043 92 0 0 80291 1 24752 91 26 26 26 26 15 15 105043 92 0 0 80291 1 24752 91 26 26 26 26 15 15 105043 92 0 0 80291 1 24752 91 26 26 26 26 15 15 105043 92 0 0 80291 1 24752 91
107 0 1000 0 0 1000 0 1000 26 26 26 26 16 16 0 0 0 0 0 0 0 0 26 26 26 26 16 16 0 0 0 0 0 0 0 0 26 26 26 26 16 16 0 0 0 0 0 0 0 0 26 26 26 26 16 16 0 0 0 0 0 0 0 0 26 26 26 26 16 16 0 0 0 0 0 0 0 0 26 26 26 26 16 16 0 0 0 0 0 0 0 0
108 0 1000 0 0 1000 0 1000 26 26 26 26 16 16 0 0 0 0 0 0 0 0 26 26 26 26 16 16 0 0 0 0 0 0 0 0 26 26 26 26 16 16 0 0 0 0 0 0 0 0 26 26 26 26 16 16 0 0 0 0 0 0 0 0 26 26 26 26 16 16 0 0 0 0 0 0 0 0 26 26 26 26 16 16 0 0 0 0 0 0 0 0
109 0 1000 0 0 1000 0 1000 26 26 26 26 16 16 1000209 12 1000209 12 0 0 0 0 26 26 26 26 16 16 1000209 12 1000209 12 0 0 0 0 26 26 26 26 16 16 1000209 12 1000209 12 0 0 0 0 26 26 26 26 16 16 1000209 12 1000209 12 0 0 0 0 26 26 26 26 16 16 1000209 12 1000209 12 0 0 0 0 26 26 26 26 16 16 1000209 12 1000209 12 0 0 0 0
110 0 1000 0 0 1000 0 1000 27 27 27 27 16 16 108851 106 0 0 80291 1 28560 105 27 27 27 27 16 16 108851 106 0 0 80291 1 28560 105 27 27 27 27 16 16 108851 106 0 0 80291 1 28560 105 27 27 27 27 16 16 108851 106 0 0 80291 1 28560 105 27 27 27 27 16 16 108851 106 0 0 80291 1 28560 105 27 27 27 27 16 16 108851 106 0 0 80291 1 28560 105
111 0 1000 0 0 1000 0 1000 27 27 27 27 17 17 0 0 0 0 0 0 0 0 27 27 27 27 17 17 0 0 0 0 0 0 0 0 27 27 27 27 17 17 0 0 0 0 0 0 0 0 27 27 27 27 17 17 0 0 0 0 0 0 0 0 27 27 27 27 17 17 0 0 0 0 0 0 0 0 27 27 27 27 17 17 0 0 0 0 0 0 0 0
112 0 1000 0 0 1000 0 1000 27 27 27 27 17 17 0 0 0 0 0 0 0 0 27 27 27 27 17 17 0 0 0 0 0 0 0 0 27 27 27 27 17 17 0 0 0 0 0 0 0 0 27 27 27 27 17 17 0 0 0 0 0 0 0 0 27 27 27 27 17 17 0 0 0 0 0 0 0 0 27 27 27 27 17 17 0 0 0 0 0 0 0 0
113 0 1000 0 0 1000 0 1000 27 27 27 27 17 17 670392 8 670392 8 0 0 0 0 27 27 27 27 17 17 670392 8 670392 8 0 0 0 0 27 27 27 27 17 17 670392 8 670392 8 0 0 0 0 27 27 27 27 17 17 670392 8 670392 8 0 0 0 0 27 27 27 27 17 17 670392 8 670392 8 0 0 0 0 27 27 27 27 17 17 670392 8 670392 8 0 0 0 0
114 0 1000 0 0 1000 0 1000 28 28 28 28 17 17 106675 98 0 0 80291 1 26384 97 28 28 28 28 17 17 106675 98 0 0 80291 1 26384 97 28 28 28 28 17 17 106675 98 0 0 80291 1 26384 97 28 28 28 28 17 17 106675 98 0 0 80291 1 26384 97 28 28 28 28 17 17 106675 98 0 0 80291 1 26384 97 28 28 28 28 17 17 106675 98 0 0 80291 1 26384 97
115 0 1000 0 0 1000 0 1000 28 28 28 28 18 18 0 0 0 0 0 0 0 0 28 28 28 28 18 18 0 0 0 0 0 0 0 0 28 28 28 28 18 18 0 0 0 0 0 0 0 0 28 28 28 28 18 18 0 0 0 0 0 0 0 0 28 28 28 28 18 18 0 0 0 0 0 0 0 0 28 28 28 28 18 18 0 0 0 0 0 0 0 0
116 0 1000 0 0 1000 0 1000 28 28 28 28 18 18 0 0 0 0 0 0 0 0 28 28 28 28 18 18 0 0 0 0 0 0 0 0 28 28 28 28 18 18 0 0 0 0 0 0 0 0 28 28 28 28 18 18 0 0 0 0 0 0 0 0 28 28 28 28 18 18 0 0 0 0 0 0 0 0 28 28 28 28 18 18 0 0 0 0 0 0 0 0
117 0 1000 0 0 1000 0 1000 28 28 28 28 18 18 751886 9 751886 9 0 0 0 0 28 28 28 28 18 18 751886 9 751886 9 0 0 0 0 28 28 28 28 18 18 751886 9 751886 9 0 0 0 0 28 28 28 28 18 18 751886 9 751886 9 0 0 0 0 28 28 28 28 18 18 751886 9 751886 9 0 0 0 0 28 28 28 28 18 18 751886 9 751886 9 0 0 0 0
118 0 1000 0 0 1000 0 1000 29 29 29 29 18 18 105858 95 0 0 80290 1 25568 94 29 29 29 29 18 18 105858 95 0 0 80290 1 25568 94 29 29 29 29 18 18 105858 95 0 0 80290 1 25568 94 29 29 29 29 18 18 105858 95 0 0 80290 1 25568 94 29 29 29 29 18 18 105858 95 0 0 80290 1 25568 94 29 29 29 29 18 18 105858 95 0 0 80290 1 25568 94
119 0 1000 0 0 1000 0 1000 29 29 29 29 19 19 0 0 0 0 0 0 0 0 29 29 29 29 19 19 0 0 0 0 0 0 0 0 29 29 29 29 19 19 0 0 0 0 0 0 0 0 29 29 29 29 19 19 0 0 0 0 0 0 0 0 29 29 29 29 19 19 0 0 0 0 0 0 0 0 29 29 29 29 19 19 0 0 0 0 0 0 0 0
120 0 1000 0 0 1000 0 1000 29 29 29 29 19 19 0 0 0 0 0 0 0 0 29 29 29 29 19 19 0 0 0 0 0 0 0 0 29 29 29 29 19 19 0 0 0 0 0 0 0 0 29 29 29 29 19 19 0 0 0 0 0 0 0 0 29 29 29 29 19 19 0 0 0 0 0 0 0 0 29 29 29 29 19 19 0 0 0 0 0 0 0 0
121 0 1000 0 0 1000 0 1000 29 29 29 29 19 19 584126 7 584126 7 0 0 0 0 29 29 29 29 19 19 584126 7 584126 7 0 0 0 0 29 29 29 29 19 19 584126 7 584126 7 0 0 0 0 29 29 29 29 19 19 584126 7 584126 7 0 0 0 0 29 29 29 29 19 19 584126 7 584126 7 0 0 0 0 29 29 29 29 19 19 584126 7 584126 7 0 0 0 0
122 0 1000 0 0 1000 0 1000 30 30 30 30 19 19 104498 90 0 0 80290 1 24208 89 30 30 30 30 19 19 104498 90 0 0 80290 1 24208 89 30 30 30 30 19 19 104498 90 0 0 80290 1 24208 89 30 30 30 30 19 19 104498 90 0 0 80290 1 24208 89 30 30 30 30 19 19 104498 90 0 0 80290 1 24208 89 30 30 30 30 19 19 104498 90 0 0 80290 1 24208 89
123 0 1000 0 0 1000 0 1000 30 30 30 30 20 20 0 0 0 0 0 0 0 0 30 30 30 30 20 20 0 0 0 0 0 0 0 0 30 30 30 30 20 20 0 0 0 0 0 0 0 0 30 30 30 30 20 20 0 0 0 0 0 0 0 0 30 30 30 30 20 20 0 0 0 0 0 0 0 0 30 30 30 30 20 20 0 0 0 0 0 0 0 0
124 0 1000 0 0 1000 0 1000 30 30 30 30 20 20 0 0 0 0 0 0 0 0 30 30 30 30 20 20 0 0 0 0 0 0 0 0 30 30 30 30 20 20 0 0 0 0 0 0 0 0 30 30 30 30 20 20 0 0 0 0 0 0 0 0 30 30 30 30 20 20 0 0 0 0 0 0 0 0 30 30 30 30 20 20 0 0 0 0 0 0 0 0
125 0 1000 0 0 1000 0 1000 30 30 30 30 20 20 1082730 13 1082730 13 0 0 0 0 30 30 30 30 20 20 1082730 13 1082730 13 0 0 0 0 30 30 30 30 20 20 1082730 13 1082730 13 0 0 0 0 30 30 30 30 20 20 1082730 13 1082730 13 0 0 0 0 30 30 30 30 20 20 1082730 13 1082730 13 0 0 0 0 30 30 30 30 20 20 1082730 13 1082730 13 0 0 0 0
126 0 1000 0 0 1000 0 1000 31 31 31 31 20 20 109395 108 0 0 80291 1 29104 107 31 31 31 31 20 20 109395 108 0 0 80291 1 29104 107 31 31 31 31 20 20 109395 108 0 0 80291 1 29104 107 31 31 31 31 20 20 109395 108 0 0 80291 1 29104 107 31 31 31 31 20 20 109395 108 0 0 80291 1 29104 107 31 31 31 31 20 20 109395 108 0 0 80291 1 29104 107
127 0 1000 0 0 1000 0 1000 31 31 31 31 21 21 0 0 0 0 0 0 0 0 31 31 31 31 21 21 0 0 0 0 0 0 0 0 31 31 31 31 21 21 0 0 0 0 0 0 0 0 31 31 31 31 21 21 0 0 0 0 0 0 0 0 31 31 31 31 21 21 0 0 0 0 0 0 0 0 31 31 31 31 21 21 0 0 0 0 0 0 0 0
128 0 1000 0 0 1000 0 1000 31 31 31 31 21 21 0 0 0 0 0 0 0 0 31 31 31 31 21 21 0 0 0 0 0 0 0 0 31 31 31 31 21 21 0 0 0 0 0 0 0 0 31 31 31 31 21 21 0 0 0 0 0 0 0 0 31 31 31 31 21 21 0 0 0 0 0 0 0 0 31 31 31 31 21 21 0 0 0 0 0 0 0 0
129 0 1000 0 0 1000 0 1000 31 31 31 31 21 21 503177 6 503177 6 0 0 0 0 31 31 31 31 21 21 503177 6 503177 6 0 0 0 0 31 31 31 31 21 21 503177 6 503177 6 0 0 0 0 31 31 31 31 21 21 503177 6 503177 6 0 0 0 0 31 31 31 31 21 21 503177 6 503177 6 0 0 0 0 31 31 31 31 21 21 503177 6 503177 6 0 0 0 0
130 0 1000 0 0 1000 0 1000 32 32 32 32 21 21 105587 94 0 0 80291 1 25296 93 32 32 32 32 21 21 105587 94 0 0 80291 1 25296 93 32 32 32 32 21 21 105587 94 0 0 80291 1 25296 93 32 32 32 32 21 21 105587 94 0 0 80291 1 25296 93 32 32 32 32 21 21 105587 94 0 0 80291 1 25296 93 32 32 32 32 21 21 105587 94 0 0 80291 1 25296 93
131 0 1000 0 0 1000 0 1000 32 32 32 32 22 22 0 0 0 0 0 0 0 0 32 32 32 32 22 22 0 0 0 0 0 0 0 0 32 32 32 32 22 22 0 0 0 0 0 0 0 0 32 32 32 32 22 22 0 0 0 0 0 0 0 0 32 32 32 32 22 22 0 0 0 0 0 0 0 0 32 32 32 32 22 22 0 0 0 0 0 0 0 0
132 0 1000 0 0 1000 0 1000 32 32 32 32 22 22 0 0 0 0 0 0 0 0 32 32 32 32 22 22 0 0 0 0 0 0 0 0 32 32 32 32 22 22 0 0 0 0 0 0 0 0 32 32 32 32 22 22 0 0 0 0 0 0 0 0 32 32 32 32 22 22 0 0 0 0 0 0 0 0 32 32 32 32 22 22 0 0 0 0 0 0 0 0
133 0 1000 0 0 1000 0 1000 32 32 32 32 22 22 667320 8 667320 8 0 0 0 0 32 32 32 32 22 22 667320 8 667320 8 0 0 0 0 32 32 32 32 22 22 667320 8 667320 8 0 0 0 0 32 32 32 32 22 22 667320 8 667320 8 0 0 0 0 32 32 32 32 22 22 667320 8 667320 8 0 0 0 0 32 32 32 32 22 22 667320 8 667320 8 0 0 0 0
134 0 1000 0 0 1000 0 1000 33 33 33 33 22 22 108851 106 0 0 80291 1 28560 105 33 33 33 33 22 22 108851 106 0 0 80291 1 28560 105 33 33 33 33 22 22 108851 106 0 0 80291 1 28560 105 33 33 33 33 22 22 108851 106 0 0 80291 1 28560 105 33 33 33 33 22 22 108851 106 0 0 80291 1 28560 105 33 33 33 33 22 22 108851 106 0 0 80291 1 28560 105
135 0 1000 0 0 1000 0 1000 33 33 33 33 23 23 0 0 0 0 0 0 0 0 33 33 33 33 23 23 0 0 0 0 0 0 0 0 33 33 33 33 23 23 0 0 0 0 0 0 0 0 33 33 33 33 23 23 0 0 0 0 0 0 0 0 33 33 33 33 23 23 0 0 0 0 0 0 0 0 33 33 33 33 23 23 0 0 0 0 0 0 0 0
136 0 1000 0 0 1000 0 1000 33 33 33 33 23 23 0 0 0 0 0 0 0 0 33 33 33 33 23 23 0 0 0 0 0 0 0 0 33 33 33 33 23 23 0 0 0 0 0 0 0 0 33 33 33 33 23 23 0 0 0 0 0 0 0 0 33 33 33 33 23 23 0 0 0 0 0 0 0 0 33 33 33 33 23 23 0 0 0 0 0 0 0 0
137 0 1000 0 0 1000 0 1000 33 33 33 33 23 23 335196 4 335196 4 0 0 0 0 33 33 33 33 23 23 335196 4 335196 4 0 0 0 0 33 33 33 33 23 23 335196 4 335196 4 0 0 0 0 33 33 33 33 23 23 335196 4 335196 4 0 0 0 0 33 33 33 33 23 23 335196 4 335196 4 0 0 0 0 33 33 33 33 23 23 335196 4 335196 4 0 0 0 0
138 0 1000 0 0 1000 0 1000 34 34 34 34 23 23 103955 88 0 0 80291 1 23664 87 34 34 34 34 23 23 103955 88 0 0 80291 1 23664 87 34 34 34 34 23 23 103955 88 0 0 80291 1 23664 87 34 34 34 34 23 23 103955 88 0 0 80291 1 23664 87 34 34 34 34 23 23 103955 88 0 0 80291 1 23664 87 34 34 34 34 23 23 103955 88 0 0 80291 1 23664 87
139 0 1000 0 0 1000 0 1000 34 34 34 34 24 24 0 0 0 0 0 0 0 0 34 34 34 34 24 24 0 0 0 0 0 0 0 0 34 34 34 34 24 24 0 0 0 0 0 0 0 0 34 34 34 34 24 24 0 0 0 0 0 0 0 0 34 34 34 34 24 24 0 0 0 0 0 0 0 0 34 34 34 34 24 24 0 0 0 0 0 0 0 0
140 0 1000 0 0 1000 0 1000 34 34 34 34 24 24 0 0 0 0 0 0 0 0 34 34 34 34 24 24 0 0 0 0 0 0 0 0 34 34 34 34 24 24 0 0 0 0 0 0 0 0 34 34 34 34 24 24 0 0 0 0 0 0 0 0 34 34 34 34 24 24 0 0 0 0 0 0 0 0 34 34 34 34 24 24 0 0 0 0 0 0 0 0
141 0 1000 0 0 1000 0 1000 34 34 34 34 24 24 416115 5 416115 5 0 0 0 0 34 34 34 34 24 24 416115 5 416115 5 0 0 0 0 34 34 34 34 24 24 416115 5 416115 5 0 0 0 0 34 34 34 34 24 24 416115 5 416115 5 0 0 0 0 34 34 34 34 24 24 416115 5 416115 5 0 0 0 0 34 34 34 34 24 24 416115 5 416115 5 0 0 0 0
142 0 1000 0 0 1000 0 1000 35 35 35 35 24 24 109123 107 0 0 80291 1 28832 106 35 35 35 35 24 24 109123 107 0 0 80291 1 28832 106 35 35 35 35 24 24 109123 107 0 0 80291 1 28832 106 35 35 35 35 24 24 109123 107 0 0 80291 1 28832 106 35 35 35 35 24 24 109123 107 0 0 80291 1 28832 106 35 35 35 35 24 24 109123 107 0 0 80291 1 28832 106
143 0 1000 0 0 1000 0 1000 35 35 35 35 25 25 0 0 0 0 0 0 0 0 35 35 35 35 25 25 0 0 0 0 0 0 0 0 35 35 35 35 25 25 0 0 0 0 0 0 0 0 35 35 35 35 25 25 0 0 0 0 0 0 0 0 35 35 35 35 25 25 0 0 0 0 0 0 0 0 35 35 35 35 25 25 0 0 0 0 0 0 0 0
144 0 1000 0 0 1000 0 1000 35 35 35 35 25 25 0 0 0 0 0 0 0 0 35 35 35 35 25 25 0 0 0 0 0 0 0 0 35 35 35 35 25 25 0 0 0 0 0 0 0 0 35 35 35 35 25 25 0 0 0 0 0 0 0 0 35 35 35 35 25 25 0 0 0 0 0 0 0 0 35 35 35 35 25 25 0 0 0 0 0 0 0 0
145 0 1000 0 0 1000 0 1000 35 35 35 35 25 25 502986 6 502986 6 0 0 0 0 35 35 35 35 25 25 502986 6 502986 6 0 0 0 0 35 35 35 35 25 25 502986 6 502986 6 0 0 0 0 35 35 35 35 25 25 502986 6 502986 6 0 0 0 0 35 35 35 35 25 25 502986 6 502986 6 0 0 0 0 35 35 35 35 25 25 502986 6 502986 6 0 0 0 0
146 0 1000 0 0 1000 0 1000 36 36 36 36 25 25 109939 110 0 0 80291 1 29648 109 36 36 36 36 25 25 109939 110 0 0 80291 1 29648 109 36 36 36 36 25 25 109939 110 0 0 80291 1 29648 109 36 36 36 36 25 25 109939 110 0 0 80291 1 29648 109 36 36 36 36 25 25 109939 110 0 0 80291 1 29648 109 36 36 36 36 25 25 109939 110 0 0 80291 1 29648 109
147 0 1000 0 0 1000 0 1000 36 36 36 36 26 26 0 0 0 0 0 0 0 0 36 36 36 36 26 26 0 0 0 0 0 0 0 0 36 36 36 36 26 26 0 0 0 0 0 0 0 0 36 36 36 36 26 26 0 0 0 0 0 0 0 0 36 36 36 36 26 26 0 0 0 0 0 0 0 0 36 36 36 36 26 26 0 0 0 0 0 0 0 0
148 0 1000 0 0 1000 0 1000 36 36 36 36 26 26 0 0 0 0 0 0 0 0 36 36 36 36 26 26 0 0 0 0 0 0 0 0 36 36 36 36 26 26 0 0 0 0 0 0 0 0 36 36 36 36 26 26 0 0 0 0 0 0 0 0 36 36 36 36 26 26 0 0 0 0 0 0 0 0 36 36 36 36 26 26 0 0 0 0 0 0 0 0
149 0 1000 0 0 1000 0 1000 36 36 36 36 26 26 503561 6 503561 6 0 0 0 0 36 36 36 36 26 26 503561 6 503561 6 0 0 0 0 36 36 36 36 26 26 503561 6 503561 6 0 0 0 0 36 36 36 36 26 26 503561 6 503561 6 0 0 0 0 36 36 36 36 26 26 503561 6 503561 6 0 0 0 0 36 36 36 36 26 26 503561 6 503561 6 0 0 0 0
150 0 1000 0 0 1000 0 1000 37 37 37 37 26 26 109666 109 0 0 80290 1 29376 108 37 37 37 37 26 26 109666 109 0 0 80290 1 29376 108 37 37 37 37 26 26 109666 109 0 0 80290 1 29376 108 37 37 37 37 26 26 109666 109 0 0 80290 1 29376 108 37 37 37 37 26 26 109666 109 0 0 80290 1 29376 108 37 37 37 37 26 26 109666 109 0 0 80290 1 29376 108
151 0 1000 0 0 1000 0 1000 37 37 37 37 27 27 0 0 0 0 0 0 0 0 37 37 37 37 27 27 0 0 0 0 0 0 0 0 37 37 37 37 27 27 0 0 0 0 0 0 0 0 37 37 37 37 27 27 0 0 0 0 0 0 0 0 37 37 37 37 27 27 0 0 0 0 0 0 0 0 37 37 37 37 27 27 0 0 0 0 0 0 0 0
152 0 1000 0 0 1000 0 1000 37 37 37 37 27 27 0 0 0 0 0 0 0 0 37 37 37 37 27 27 0 0 0 0 0 0 0 0 37 37 37 37 27 27 0 0 0 0 0 0 0 0 37 37 37 37 27 27 0 0 0 0 0 0 0 0 37 37 37 37 27 27 0 0 0 0 0 0 0 0 37 37 37 37 27 27 0 0 0 0 0 0 0 0
153 0 1000 0 0 1000 0 1000 37 37 37 37 27 27 671160 8 671160 8 0 0 0 0 37 37 37 37 27 27 671160 8 671160 8 0 0 0 0 37 37 37 37 27 27 671160 8 671160 8 0 0 0 0 37 37 37 37 27 27 671160 8 671160 8 0 0 0 0 37 37 37 37 27 27 671160 8 671160 8 0 0 0 0 37 37 37 37 27 27 671160 8 671160 8 0 0 0 0
154 0 1000 0 0 1000 0 1000 38 38 38 38 27 27 109667 109 0 0 80291 1 29376 108 38 38 38 38 27 27 109667 109 0 0 80291 1 29376 108 38 38 38 38 27 27 109667 109 0 0 80291 1 29376 108 38 38 38 38 27 27 109667 109 0 0 80291 1 29376 108 38 38 38 38 27 27 109667 109 0 0 80291 1 29376 108 38 38 38 38 27 27 109667 109 0 0 80291 1 29376 108
155 0 1000 0 0 1000 0 1000 38 38 38 38 28 28 0 0 0 0 0 0 0 0 38 38 38 38 28 28 0 0 0 0 0 0 0 0 38 38 38 38 28 28 0 0 0 0 0 0 0 0 38 38 38 38 28 28 0 0 0 0 0 0 0 0 38 38 38 38 28 28 0 0 0 0 0 0 0 0 38 38 38 38 28 28 0 0 0 0 0 0 0 0
156 0 1000 0 0 1000 0 1000 38 38 38 38 28 28 0 0 0 0 0 0 0 0 38 38 38 38 28 28 0 0 0 0 0 0 0 0 38 38 38 38 28 28 0 0 0 0 0 0 0 0 38 38 38 38 28 28 0 0 0 0 0 0 0 0 38 38 38 38 28 28 0 0 0 0 0 0 0 0 38 38 38 38 28 28 0 0 0 0 0 0 0 0
157 0 1000 0 0 1000 0 1000 38 38 38 38 28 28 503367 6 503367 6 0 0 0 0 38 38 38 38 28 28 503367 6 503367 6 0 0 0 0 38 38 38 38 28 28 503367 6 503367 6 0 0 0 0 38 38 38 38 28 28 503367 6 503367 6 0 0 0 0 38 38 38 38 28 28 503367 6 503367 6 0 0 0 0 38 38 38 38 28 28 503367 6 503367 6 0 0 0 0
158 0 1000 0 0 1000 0 1000 39 39 39 39 28 28 105587 94 0 0 80291 1 25296 93 39 39 39 39 28 28 105587 94 0 0 80291 1 25296 93 39 39 39 39 28 28 105587 94 0 0 80291 1 25296 93 39 39 39 39 28 28 105587 94 0 0 80291 1 25296 93 39 39 39 39 28 28 105587 94 0 0 80291 1 25296 93 39 39 39 39 28 28 105587 94 0 0 80291 1 25296 93
159 0 1000 0 0 1000 0 1000 39 39 39 39 29 29 0 0 0 0 0 0 0 0 39 39 39 39 29 29 0 0 0 0 0 0 0 0 39 39 39 39 29 29 0 0 0 0 0 0 0 0 39 39 39 39 29 29 0 0 0 0 0 0 0 0 39 39 39 39 29 29 0 0 0 0 0 0 0 0 39 39 39 39 29 29 0 0 0 0 0 0 0 0
160 0 1000 0 0 1000 0 1000 39 39 39 39 29 29 0 0 0 0 0 0 0 0 39 39 39 39 29 29 0 0 0 0 0 0 0 0 39 39 39 39 29 29 0 0 0 0 0 0 0 0 39 39 39 39 29 29 0 0 0 0 0 0 0 0 39 39 39 39 29 29 0 0 0 0 0 0 0 0 39 39 39 39 29 29 0 0 0 0 0 0 0 0
161 0 1000 0 0 1000 0 1000 39 39 39 39 29 29 917565 11 917565 11 0 0 0 0 39 39 39 39 29 29 917565 11 917565 11 0 0 0 0 39 39 39 39 29 29 917565 11 917565 11 0 0 0 0 39 39 39 39 29 29 917565 11 917565 11 0 0 0 0 39 39 39 39 29 29 917565 11 917565 11 0 0 0 0 39 39 39 39 29 29 917565 11 917565 11 0 0 0 0
162 0 1000 0 0 1000 0 1000 40 40 40 40 29 29 109395 108 0 0 80291 1 29104 107 40 40 40 40 29 29 109395 108 0 0 80291 1 29104 107 40 40 40 40 29 29 109395 108 0 0 80291 1 29104 107 40 40 40 40 29 29 109395 108 0 0 80291 1 29104 107 40 40 40 40 29 29 109395 108 0 0 80291 1 29104 107 40 40 40 40 29 29 109395 108 0 0 80291 1 29104 107
163 0 1000 0 0 1000 0 1000 40 40 40 40 30 30 0 0 0 0 0 0 0 0 40 40 40 40 30 30 0 0 0 0 0 0 0 0 40 40 40 40 30 30 0 0 0 0 0 0 0 0 40 40 40 40 30 30 0 0 0 0 0 0 0 0 40 40 40 40 30 30 0 0 0 0 0 0 0 0 40 40 40 40 30 30 0 0 0 0 0 0 0 0
164 0 1000 0 0 1000 0 1000 40 40 40 40 30 30 0 0 0 0 0 0 0 0 40 40 40 40 30 30 0 0 0 0 0 0 0 0 40 40 40 40 30 30 0 0 0 0 0 0 0 0 40 40 40 40 30 30 0 0 0 0 0 0 0 0 40 40 40 40 30 30 0 0 0 0 0 0 0 0 40 40 40 40 30 30 0 0 0 0 0 0 0 0
165 0 1000 0 0 1000 0 1000 40 40 40 40 30 30 335450 4 335450 4 0 0 0 0 40 40 40 40 30 30 335450 4 335450 4 0 0 0 0 40 40 40 40 30 30 335450 4 335450 4 0 0 0 0 40 40 40 40 30 30 335450 4 335450 4 0 0 0 0 40 40 40 40 30 30 335450 4 335450 4 0 0 0 0 40 40 40 40 30 30 335450 4 335450 4 0 0 0 0
166 0 1000 0 0 1000 0 1000 41 41 41 41 30 30 105314 93 0 0 80290 1 25024 92 41 41 41 41 30 30 105314 93 0 0 80290 1 25024 92 41 41 41 41 30 30 105314 93 0 0 80290 1 25024 92 41 41 41 41 30 30 105314 93 0 0 80290 1 25024 92 41 41 41 41 30 30 105314 93 0 0 80290 1 25024 92 41 41 41 41 30 30 105314 93 0 0 80290 1 25024 92
167 0 1000 0 0 1000 0 1000 41 41 41 41 31 31 0 0 0 0 0 0 0 0 41 41 41 41 31 31 0 0 0 0 0 0 0 0 41 41 41 41 31 31 0 0 0 0 0 0 0 0 41 41 41 41 31 31 0 0 0 0 0 0 0 0 41 41 41 41 31 31 0 0 0 0 0 0 0 0 41 41 41 41 31 31 0 0 0 0 0 0 0 0
168 0 1000 0 0 1000 0 1000 41 41 41 41 31 31 0 0 0 0 0 0 0 0 41 41 41 41 31 31 0 0 0 0 0 0 0 0 41 41 41 41 31 31 0 0 0 0 0 0 0 0 41 41 41 41 31 31 0 0 0 0 0 0 0 0 41 41 41 41 31 31 0 0 0 0 0 0 0 0 41 41 41 41 31 31 0 0 0 0 0 0 0 0
169 0 1000 0 0 1000 0 1000 41 41 41 41 31 31 750444 9 750444 9 0 0 0 0 41 41 41 41 31 31 750444 9 750444 9 0 0 0 0 41 41 41 41 31 31 750444 9 750444 9 0 0 0 0 41 41 41 41 31 31 750444 9 750444 9 0 0 0 0 41 41 41 41 31 31 750444 9 750444 9 0 0 0 0 41 41 41 41 31 31 750444 9 750444 9 0 0 0 0
170 0 1000 0 0 1000 0 1000 42 42 42 42 31 31 108307 104 0 0 80291 1 28016 103 42 42 42 42 31 31 108307 104 0 0 80291 1 28016 103 42 42 42 42 31 31 108307 104 0 0 80291 1 28016 103 42 42 42 42 31 31 108307 104 0 0 80291 1 28016 103 42 42 42 42 31 31 108307 104 0 0 80291 1 28016 103 42 42 42 42 31 31 108307 104 0 0 80291 1 28016 103
171 0 1000 0 0 1000 0 1000 42 42 42 42 32 32 0 0 0 0 0 0 0 0 42 42 42 42 32 32 0 0 0 0 0 0 0 0 42 42 42 42 32 32 0 0 0 0 0 0 0 0 42 42 42 42 32 32 0 0 0 0 0 0 0 0 42 42 42 42 32 32 0 0 0 0 0 0 0 0 42 42 42 42 32 32 0 0 0 0 0 0 0 0
172 0 1000 0 0 1000 0 1000 42 42 42 42 32 32 0 0 0 0 0 0 0 0 42 42 42 42 32 32 0 0 0 0 0 0 0 0 42 42 42 42 32 32 0 0 0 0 0 0 0 0 42 42 42 42 32 32 0 0 0 0 0 0 0 0 42 42 42 42 32 32 0 0 0 0 0 0 0 0 42 42 42 42 32 32 0 0 0 0 0 0 0 0
173 0 1000 0 0 1000 0 1000 42 42 42 42 32 32 921084 11 921084 11 0 0 0 0 42 42 42 42 32 32 921084 11 921084 11 0 0 0 0 42 42 42 42 32 32 921084 11 921084 11 0 0 0 0 42 42 42 42 32 32 921084 11 921084 11 0 0 0 0 42 42 42 42 32 32 921084 11 921084 11 0 0 0 0 42 42 42 42 32 32 921084 11 921084 11 0 0 0 0
174 0 1000 0 0 1000 0 1000 43 43 43 43 32 32 107763 102 0 0 80291 1 27472 101 43 43 43 43 32 32 107763 102 0 0 80291 1 27472 101 43 43 43 43 32 32 107763 102 0 0 80291 1 27472 101 43 43 43 43 32 32 107763 102 0 0 80291 1 27472 101 43 43 43 43 32 32 107763 102 0 0 80291 1 27472 101 43 43 43 43 32 32 107763 102 0 0 80291 1 27472 101
175 0 1000 0 0 1000 0 1000 43 43 43 43 33 33 0 0 0 0 0 0 0 0 43 43 43 43 33 33 0 0 0 0 0 0 0 0 43 43 43 43 33 33 0 0 0 0 0 0 0 0 43 43 43 43 33 33 0 0 0 0 0 0 0 0 43 43 43 43 33 33 0 0 0 0 0 0 0 0 43 43 43 43 33 33 0 0 0 0 0 0 0 0
176 0 1000 0 0 1000 0 1000 43 43 43 43 33 33 0 0 0 0 0 0 0 0 43 43 43 43 33 33 0 0 0 0 0 0 0 0 43 43 43 43 33 33 0 0 0 0 0 0 0 0 43 43 43 43 33 33 0 0 0 0 0 0 0 0 43 43 43 43 33 33 0 0 0 0 0 0 0 0 43 43 43 43 33 33 0 0 0 0 0 0 0 0
177 0 1000 0 0 1000 0 1000 43 43 43 43 33 33 585697 7 585697 7 0 0 0 0 43 43 43 43 33 33 585697 7 585697 7 0 0 0 0 43 43 43 43 33 33 585697 7 585697 7 0 0 0 0 43 43 43 43 33 33 585697 7 585697 7 0 0 0 0 43 43 43 43 33 33 585697 7 585697 7 0 0 0 0 43 43 43 43 33 33 585697 7 585697 7 0 0 0 0
178 0 1000 0 0 1000 0 1000 44 44 44 44 33 33 108579 105 0 0 80291 1 28288 104 44 44 44 44 33 33 108579 105 0 0 80291 1 28288 104 44 44 44 44 33 33 108579 105 0 0 80291 1 28288 104 44 44 44 44 33 33 108579 105 0 0 80291 1 28288 104 44 44 44 44 33 33 108579 105 0 0 80291 1 28288 104 44 44 44 44 33 33 108579 105 0 0 80291 1 28288 104
179 0 1000 0 0 1000 0 1000 44 44 44 44 34 34 0 0 0 0 0 0 0 0 44 44 44 44 34 34 0 0 0 0 0 0 0 0 44 44 44 44 34 34 0 0 0 0 0 0 0 0 44 44 44 44 34 34 0 0 0 0 0 0 0 0 44 44 44 44 34 34 0 0 0 0 0 0 0 0 44 44 44 44 34 34 0 0 0 0 0 0 0 0
180 0 1000 0 0 1000 0 1000 44 44 44 44 34 34 0 0 0 0 0 0 0 0 44 44 44 44 34 34 0 0 0 0 0 0 0 0 44 44 44 44 34 34 0 0 0 0 0 0 0 0 44 44 44 44 34 34 0 0 0 0 0 0 0 0 44 44 44 44 34 34 0 0 0 0 0 0 0 0 44 44 44 44 34 34 0 0 0 0 0 0 0 0
181 0 1000 0 0 1000 0 1000 44 44 44 44 34 34 586369 7 586369 7 0 0 0 0 44 44 44 44 34 34 586369 7 586369 7 0 0 0 0 44 44 44 44 34 34 586369 7 586369 7 0 0 0 0 44 44 44 44 34 34 586369 7 586369 7 0 0 0 0 44 44 44 44 34 34 586369 7 586369 7 0 0 0 0 44 44 44 44 34 34 586369 7 586369 7 0 0 0 0
182 0 1000 0 0 1000 0 1000 45 45 45 45 34 34 103683 87 0 0 80291 1 23392 86 45 45 45 45 34 34 103683 87 0 0 80291 1 23392 86 45 45 45 45 34 34 103683 87 0 0 80291 1 23392 86 45 45 45 45 34 34 103683 87 0 0 80291 1 23392 86 45 45 45 45 34 34 103683 87 0 0 80291 1 23392 86 45 45 45 45 34 34 103683 87 0 0 80291 1 23392 86
183 0 1000 0 0 1000 0 1000 45 45 45 45 35 35 0 0 0 0 0 0 0 0 45 45 45 45 35 35 0 0 0 0 0 0 0 0 45 45 45 45 35 35 0 0 0 0 0 0 0 0 45 45 45 45 35 35 0 0 0 0 0 0 0 0 45 45 45 45 35 35 0 0 0 0 0 0 0 0 45 45 45 45 35 35 0 0 0 0 0 0 0 0
184 0 1000 0 0 1000 0 1000 45 45 45 45 35 35 0 0 0 0 0 0 0 0 45 45 45 45 35 35 0 0 0 0 0 0 0 0 45 45 45 45 35 35 0 0 0 0 0 0 0 0 45 45 45 45 35 35 0 0 0 0 0 0 0 0 45 45 45 45 35 35 0 0 0 0 0 0 0 0 45 45 45 45 35 35 0 0 0 0 0 0 0 0
185 0 1000 0 0 1000 0 1000 45 45 45 45 35 35 748717 9 748717 9 0 0 0 0 45 45 45 45 35 35 748717 9 748717 9 0 0 0 0 45 45 45 45 35 35 748717 9 748717 9 0 0 0 0 45 45 45 45 35 35 748717 9 748717 9 0 0 0 0 45 45 45 45 35 35 748717 9 748717 9 0 0 0 0 45 45 45 45 35 35 748717 9 748717 9 0 0 0 0
186 0 1000 0 0 1000 0 1000 46 46 46 46 35 35 108033 103 0 0 80289 1 27744 102 46 46 46 46 35 35 108033 103 0 0 80289 1 27744 102 46 46 46 46 35 35 108033 103 0 0 80289 1 27744 102 46 46 46 46 35 35 108033 103 0 0 80289 1 27744 102 46 46 46 46 35 35 108033 103 0 0 80289 1 27744 102 46 46 46 46 35 35 108033 103 0 0 80289 1 27744 102
187 0 1000 0 0 1000 0 1000 46 46 46 46 36 36 0 0 0 0 0 0 0 0 46 46 46 46 36 36 0 0 0 0 0 0 0 0 46 46 46 46 36 36 0 0 0 0 0 0 0 0 46 46 46 46 36 36 0 0 0 0 0 0 0 0 46 46 46 46 36 36 0 0 0 0 0 0 0 0 46 46 46 46 36 36 0 0 0 0 0 0 0 0
188 0 1000 0 0 1000 0 1000 46 46 46 46 36 36 0 0 0 0 0 0 0 0 46 46 46 46 36 36 0 0 0 0 0 0 0 0 46 46 46 46 36 36 0 0 0 0 0 0 0 0 46 46 46 46 36 36 0 0 0 0 0 0 0 0 46 46 46 46 36 36 0 0 0 0 0 0 0 0 46 46 46 46 36 36 0 0 0 0 0 0 0 0
189 0 1000 0 0 1000 0 1000 46 46 46 46 36 36 1088138 13 1088138 13 0 0 0 0 46 46 46 46 36 36 1088138 13 1088138 13 0 0 0 0 46 46 46 46 36 36 1088138 13 1088138 13 0 0 0 0 46 46 46 46 36 36 1088138 13 1088138 13 0 0 0 0 46 46 46 46 36 36 1088138 13 1088138 13 0 0 0 0 46 46 46 46 36 36 1088138 13 1088138 13 0 0 0 0
190 0 1000 0 0 1000 0 1000 47 47 47 47 36 36 109939 110 0 0 80291 1 29648 109 47 47 47 47 36 36 109939 110 0 0 80291 1 29648 109 47 47 47 47 36 36 109939 110 0 0 80291 1 29648 109 47 47 47 47 36 36 109939 110 0 0 80291 1 29648 109 47 47 47 47 36 36 109939 110 0 0 80291 1 29648 109 47 47 47 47 36 36 109939 110 0 0 80291 1 29648 109
191 0 1000 0 0 1000 0 1000 47 47 47 47 37 37 0 0 0 0 0 0 0 0 47 47 47 47 37 37 0 0 0 0 0 0 0 0 47 47 47 47 37 37 0 0 0 0 0 0 0 0 47 47 47 47 37 37 0 0 0 0 0 0 0 0 47 47 47 47 37 37 0 0 0 0 0 0 0 0 47 47 47 47 37 37 0 0 0 0 0 0 0 0
192 0 1000 0 0 1000 0 1000 47 47 47 47 37 37 0 0 0 0 0 0 0 0 47 47 47 47 37 37 0 0 0 0 0 0 0 0 47 47 47 47 37 37 0 0 0 0 0 0 0 0 47 47 47 47 37 37 0 0 0 0 0 0 0 0 47 47 47 47 37 37 0 0 0 0 0 0 0 0 47 47 47 47 37 37 0 0 0 0 0 0 0 0
193 0 1000 0 0 1000 0 1000 47 47 47 47 37 37 587489 7 587489 7 0 0 0 0 47 47 47 47 37 37 587489 7 587489 7 0 0 0 0 47 47 47 47 37 37 587489 7 587489 7 0 0 0 0 47 47 47 47 37 37 587489 7 587489 7 0 0 0 0 47 47 47 47 37 37 587489 7 587489 7 0 0 0 0 47 47 47 47 37 37 587489 7 587489 7 0 0 0 0
194 0 1000 0 0 1000 0 1000 48 48 48 48 37 37 105043 92 0 0 80291 1 24752 91 48 48 48 48 37 37 105043 92 0 0 80291 1 24752 91 48 48 48 48 37 37 105043 92 0 0 80291 1 24752 91 48 48 48 48 37 37 105043 92 0 0 80291 1 24752 91 48 48 48 48 37 37 105043 92 0 0 80291 1 24752 91 48 48 48 48 37 37 105043 92 0 0 80291 1 24752 91
195 0 1000 0 0 1000 0 1000 48 48 48 48 38 38 0 0 0 0 0 0 0 0 48 48 48 48 38 38 0 0 0 0 0 0 0 0 48 48 48 48 38 38 0 0 0 0 0 0 0 0 48 48 48 48 38 38 0 0 0 0 0 0 0 0 48 48 48 48 38 38 0 0 0 0 0 0 0 0 48 48 48 48 38 38 0 0 0 0 0 0 0 0
196 0 1000 0 0 1000 0 1000 48 48 48 48 38 38 0 0 0 0 0 0 0 0 48 48 48 48 38 38 0 0 0 0 0 0 0 0 48 48 48 48 38 38 0 0 0 0 0 0 0 0 48 48 48 48 38 38 0 0 0 0 0 0 0 0 48 48 48 48 38 38 0 0 0 0 0 0 0 0 48 48 48 48 38 38 0 0 0 0 0 0 0 0
197 0 1000 0 0 1000 0 1000 48 48 48 48 38 38 500105 6 500105 6 0 0 0 0 48 48 48 48 38 38 500105 6 500105 6 0 0 0 0 48 48 48 48 38 38 500105 6 500105 6 0 0 0 0 48 48 48 48 38 38 500105 6 500105 6 0 0 0 0 48 48 48 48 38 38 500105 6 500105 6 0 0 0 0 48 48 48 48 38 38 500105 6 500105 6 0 0 0 0
198 0 1000 0 0 1000 0 1000 49 49 49 49 38 38 106675 98 0 0 80291 1 26384 97 49 49 49 49 38 38 106675 98 0 0 80291 1 26384 97 49 49 49 49 38 38 106675 98 0 0 80291 1 26384 97 49 49 49 49 38 38 106675 98 0 0 80291 1 26384 97 49 49 49 49 38 38 106675 98 0 0 80291 1 26384 97 49 49 49 49 38 38 106675 98 0 0 80291 1 26384 97
199 0 1000 0 0 1000 0 1000 49 49 49 49 39 39 0 0 0 0 0 0 0 0 49 49 49 49 39 39 0 0 0 0 0 0 0 0 49 49 49 49 39 39 0 0 0 0 0 0 0 0 49 49 49 49 39 39 0 0 0 0 0 0 0 0 49 49 49 49 39 39 0 0 0 0 0 0 0 0 49 49 49 49 39 39 0 0 0 0 0 0 0 0
200 0 1000 0 0 1000 0 1000 49 49 49 49 39 39 0 0 0 0 0 0 0 0 49 49 49 49 39 39 0 0 0 0 0 0 0 0 49 49 49 49 39 39 0 0 0 0 0 0 0 0 49 49 49 49 39 39 0 0 0 0 0 0 0 0 49 49 49 49 39 39 0 0 0 0 0 0 0 0 49 49 49 49 39 39 0 0 0 0 0 0 0 0
201 0 1000 0 0 1000 0 1000 49 49 49 49 39 39 835430 10 835430 10 0 0 0 0 49 49 49 49 39 39 835430 10 835430 10 0 0 0 0 49 49 49 49 39 39 835430 10 835430 10 0 0 0 0 49 49 49 49 39 39 835430 10 835430 10 0 0 0 0 49 49 49 49 39 39 835430 10 835430 10 0 0 0 0 49 49 49 49 39 39 835430 10 835430 10 0 0 0 0
202 0 1000 0 0 1000 0 1000 50 50 50 50 39 39 104771 91 0 0 80291 1 24480 90 50 50 50 50 39 39 104771 91 0 0 80291 1 24480 90 50 50 50 50 39 39 104771 91 0 0 80291 1 24480 90 50 50 50 50 39 39 104771 91 0 0 80291 1 24480 90 50 50 50 50 39 39 104771 91 0 0 80291 1 24480 90 50 50 50 50 39 39 104771 91 0 0 80291 1 24480 90
203 0 1000 0 0 1000 0 1000 50 50 50 50 40 40 0 0 0 0 0 0 0 0 50 50 50 50 40 40 0 0 0 0 0 0 0 0 50 50 50 50 40 40 0 0 0 0 0 0 0 0 50 50 50 50 40 40 0 0 0 0 0 0 0 0 50 50 50 50 40 40 0 0 0 0 0 0 0 0 50 50 50 50 40 40 0 0 0 0 0 0 0 0
204 0 1000 0 0 1000 0 1000 50 50 50 50 40 40 0 0 0 0 0 0 0 0 50 50 50 50 40 40 0 0 0 0 0 0 0 0 50 50 50 50 40 40 0 0 0 0 0 0 0 0 50 50 50 50 40 40 0 0 0 0 0 0 0 0 50 50 50 50 40 40 0 0 0 0 0 0 0 0 50 50 50 50 40 40 0 0 0 0 0 0 0 0
205 0 1000 0 0 1000 0 1000 50 50 50 50 40 40 416595 5 416595 5 0 0 0 0 50 50 50 50 40 40 416595 5 416595 5 0 0 0 0 50 50 50 50 40 40 416595 5 416595 5 0 0 0 0 50 50 50 50 40 40 416595 5 416595 5 0 0 0 0 50 50 50 50 40 40 416595 5 416595 5 0 0 0 0 50 50 50 50 40 40 416595 5 416595 5 0 0 0 0
206 0 1000 0 0 1000 0 1000 51 51 51 51 40 40 107491 101 0 0 80291 1 27200 100 51 51 51 51 40 40 107491 101 0 0 80291 1 27200 100 51 51 51 51 40 40 107491 101 0 0 80291 1 27200 100 51 51 51 51 40 40 107491 101 0 0 80291 1 27200 100 51 51 51 51 40 40 107491 101 0 0 80291 1 27200 100 51 51 51 51 40 40 107491 101 0 0 80291 1 27200 100
207 0 1000 0 0 1000 0 1000 51 51 51 51 41 41 0 0 0 0 0 0 0 0 51 51 51 51 41 41 0 0 0 0 0 0 0 0 51 51 51 51 41 41 0 0 0 0 0 0 0 0 51 51 51 51 41 41 0 0 0 0 0 0 0 0 51 51 51 51 41 41 0 0 0 0 0 0 0 0 51 51 51 51 41 41 0 0 0 0 0 0 0 0
208 0 1000 0 0 1000 0 1000 51 51 51 51 41 41 0 0 0 0 0 0 0 0 51 51 51 51 41 41 0 0 0 0 0 0 0 0 51 51 51 51 41 41 0 0 0 0 0 0 0 0 51 51 51 51 41 41 0 0 0 0 0 0 0 0 51 51 51 51 41 41 0 0 0 0 0 0 0 0 51 51 51 51 41 41 0 0 0 0 0 0 0 0
209 0 1000 0 0 1000 0 1000 51 51 51 51 41 41 1003668 12 1003668 12 0 0 0 0 51 51 51 51 41 41 1003668 12 1003668 12 0 0 0 0 51 51 51 51 41 41 1003668 12 1003668 12 0 0 0 0 51 51 51 51 41 41 1003668 12 1003668 12 0 0 0 0 51 51 51 51 41 41 1003668 12 1003668 12 0 0 0 0 51 51 51 51 41 41 1003668 12 1003668 12 0 0 0 0
210 0 1000 0 0 1000 0 1000 52 52 52 52 41 41 110483 112 0 0 80291 1 30192 111 52 52 52 52 41 41 110483 112 0 0 80291 1 30192 111 52 52 52 52 41 41 110483 112 0 0 80291 1 30192 111 52 52 52 52 41 41 110483 112 0 0 80291 1 30192 111 52 52 52 52 41 41 110483 112 0 0 80291 1 30192 111 52 52 52 52 41 41 110483 112 0 0 80291 1 30192 111
211 0 1000 0 0 1000 0 1000 52 52 52 52 42 42 0 0 0 0 0 0 0 0 52 52 52 52 42 42 0 0 0 0 0 0 0 0 52 52 52 52 42 42 0 0 0 0 0 0 0 0 52 52 52 52 42 42 0 0 0 0 0 0 0 0 52 52 52 52 42 42 0 0 0 0 0 0 0 0 52 52 52 52 42 42 0 0 0 0 0 0 0 0
212 0 1000 0 0 1000 0 1000 52 52 52 52 42 42 0 0 0 0 0 0 0 0 52 52 52 52 42 42 0 0 0 0 0 0 0 0 52 52 52 52 42 42 0 0 0 0 0 0 0 0 52 52 52 52 42 42 0 0 0 0 0 0 0 0 52 52 52 52 42 42 0 0 0 0 0 0 0 0 52 52 52 52 42 42 0 0 0 0 0 0 0 0
213 0 1000 0 0 1000 0 1000 52 52 52 52 42 42 587936 7 587936 7 0 0 0 0 52 52 52 52 42 42 587936 7 587936 7 0 0 0 0 52 52 52 52 42 42 587936 7 587936 7 0 0 0 0 52 52 52 52 42 42 587936 7 587936 7 0 0 0 0 52 52 52 52 42 42 587936 7 587936 7 0 0 0 0 52 52 52 52 42 42 587936 7 587936 7 0 0 0 0
214 0 1000 0 0 1000 0 1000 53 53 53 53 42 42 105587 94 0 0 80291 1 25296 93 53 53 53 53 42 42 105587 94 0 0 80291 1 25296 93 53 53 53 53 42 42 105587 94 0 0 80291 1 25296 93 53 53 53 53 42 42 105587 94 0 0 80291 1 25296 93 53 53 53 53 42 42 105587 94 0 0 80291 1 25296 93 53 53 53 53 42 42 105587 94 0 0 80291 1 25296 93
215 0 1000 0 0 1000 0 1000 53 53 53 53 43 43 0 0 0 0 0 0 0 0 53 53 53 53 43 43 0 0 0 0 0 0 0 0 53 53 53 53 43 43 0 0 0 0 0 0 0 0 53 53 53 53 43 43 0 0 0 0 0 0 0 0 53 53 53 53 43 43 0 0 0 0 0 0 0 0 53 53 53 53 43 43 0 0 0 0 0 0 0 0
216 0 1000 0 0 1000 0 1000 53 53 53 53 43 43 0 0 0 0 0 0 0 0 53 53 53 53 43 43 0 0 0 0 0 0 0 0 53 53 53 53 43 43 0 0 0 0 0 0 0 0 53 53 53 53 43 43 0 0 0 0 0 0 0 0 53 53 53 53 43 43 0 0 0 0 0 0 0 0 53 53 53 53 43 43 0 0 0 0 0 0 0 0
217 0 1000 0 0 1000 0 1000 53 53 53 53 43 43 583905 7 583905 7 0 0 0 0 53 53 53 53 43 43 583905 7 583905 7 0 0 0 0 53 53 53 53 43 43 583905 7 583905 7 0 0 0 0 53 53 53 53 43 43 583905 7 583905 7 0 0 0 0 53 53 53 53 43 43 583905 7 583905 7 0 0 0 0 53 53 53 53 43 43 583905 7 583905 7 0 0 0 0
218 0 1000 0 0 1000 0 1000 54 54 54 54 43 43 108851 106 0 0 80291 1 28560 105 54 54 54 54 43 43 108851 106 0 0 80291 1 28560 105 54 54 54 54 43 43 108851 106 0 0 80291 1 28560 105 54 54 54 54 43 43 108851 106 0 0 80291 1 28560 105 54 54 54 54 43 43 108851 106 0 0 80291 1 28560 105 54 54 54 54 43 43 108851 106 0 0 80291 1 28560 105
219 0 1000 0 0 1000 0 1000 54 54 54 54 44 44 0 0 0 0 0 0 0 0 54 54 54 54 44 44 0 0 0 0 0 0 0 0 54 54 54 54 44 44 0 0 0 0 0 0 0 0 54 54 54 54 44 44 0 0 0 0 0 0 0 0 54 54 54 54 44 44 0 0 0 0 0 0 0 0 54 54 54 54 44 44 0 0 0 0 0 0 0 0
220 0 1000 0 0 1000 0 1000 54 54 54 54 44 44 0 0 0 0 0 0 0 0 54 54 54 54 44 44 0 0 0 0 0 0 0 0 54 54 54 54 44 44 0 0 0 0 0 0 0 0 54 54 54 54 44 44 0 0 0 0 0 0 0 0 54 54 54 54 44 44 0 0 0 0 0 0 0 0 54 54 54 54 44 44 0 0 0 0 0 0 0 0
221 0 1000 0 0 1000 0 1000 54 54 54 54 44 44 754188 9 754188 9 0 0 0 0 54 54 54 54 44 44 754188 9 754188 9 0 0 0 0 54 54 54 54 44 44 754188 9 754188 9 0 0 0 0 54 54 54 54 44 44 754188 9 754188 9 0 0 0 0 54 54 54 54 44 44 754188 9 754188 9 0 0 0 0 54 54 54 54 44 44 754188 9 754188 9 0 0 0 0
222 0 1000 0 0 1000 0 1000 55 55 55 55 44 44 106675 98 0 0 80291 1 26384 97 55 55 55 55 44 44 106675 98 0 0 80291 1 26384 97 55 55 55 55 44 44 106675 98 0 0 80291 1 26384 97 55 55 55 55 44 44 106675 98 0 0 80291 1 26384 97 55 55 55 55 44 44 106675 98 0 0 80291 1 26384 97 55 55 55 55 44 44 106675 98 0 0 80291 1 26384 97
223 0 1000 0 0 1000 0 1000 55 55 55 55 45 45 0 0 0 0 0 0 0 0 55 55 55 55 45 45 0 0 0 0 0 0 0 0 55 55 55 55 45 45 0 0 0 0 0 0 0 0 55 55 55 55 45 45 0 0 0 0 0 0 0 0 55 55 55 55 45 45 0 0 0 0 0 0 0 0 55 55 55 55 45 45 0 0 0 0 0 0 0 0
224 0 1000 0 0 1000 0 1000 55 55 55 55 45 45 0 0 0 0 0 0 0 0 55 55 55 55 45 45 0 0 0 0 0 0 0 0 55 55 55 55 45 45 0 0 0 0 0 0 0 0 55 55 55 55 45 45 0 0 0 0 0 0 0 0 55 55 55 55 45 45 0 0 0 0 0 0 0 0 55 55 55 55 45 45 0 0 0 0 0 0 0 0
225 0 1000 0 0 1000 0 1000 55 55 55 55 45 45 1002515 12 1002515 12 0 0 0 0 55 55 55 55 45 45 1002515 12 1002515 12 0 0 0 0 55 55 55 55 45 45 1002515 12 1002515 12 0 0 0 0 55 55 55 55 45 45 1002515 12 1002515 12 0 0 0 0 55 55 55 55 45 45 1002515 12 1002515 12 0 0 0 0 55 55 55 55 45 45 1002515 12 1002515 12 0 0 0 0
226 0 1000 0 0 1000 0 1000 55 55 55 55 45 45 99875 73 0 0 80291 1 19584 72 55 55 55 55 45 45 99875 73 0 0 80291 1 19584 72 55 55 55 55 45 45 99875 73 0 0 80291 1 19584 72 55 55 55 55 45 45 99875 73 0 0 80291 1 19584 72 55 55 55 55 45 45 99875 73 0 0 80291 1 19584 72 55 55 55 55 45 45 99875 73 0 0 80291 1 19584 72
227 0 1000 0 0 1000 0 1000 55 55 55 55 46 46 0 0 0 0 0 0 0 0 55 55 55 55 46 46 0 0 0 0 0 0 0 0 55 55 55 55 46 46 0 0 0 0 0 0 0 0 55 55 55 55 46 46 0 0 0 0 0 0 0 0 55 55 55 55 46 46 0 0 0 0 0 0 0 0 55 55 55 55 46 46 0 0 0 0 0 0 0 0
228 0 1000 0 0 1000 0 1000 55 55 55 55 46 46 0 0 0 0 0 0 0 0 55 55 55 55 46 46 0 0 0 0 0 0 0 0 55 55 55 55 46 46 0 0 0 0 0 0 0 0 55 55 55 55 46 46 0 0 0 0 0 0 0 0 55 55 55 55 46 46 0 0 0 0 0 0 0 0 55 55 55 55 46 46 0 0 0 0 0 0 0 0
229 0 1000 0 0 1000 0 1000 55 55 55 55 46 46 248229 3 248229 3 0 0 0 0 55 55 55 55 46 46 248229 3 248229 3 0 0 0 0 55 55 55 55 46 46 248229 3 248229 3 0 0 0 0 55 55 55 55 46 46 248229 3 248229 3 0 0 0 0 55 55 55 55 46 46 248229 3 248229 3 0 0 0 0 55 55 55 55 46 46 248229 3 248229 3 0 0 0 0
230 0 1000 0 0 1000 0 1000 57 57 57 57 46 46 109667 109 0 0 80291 1 29376 108 57 57 57 57 46 46 109667 109 0 0 80291 1 29376 108 57 57 57 57 46 46 109667 109 0 0 80291 1 29376 108 57 57 57 57 46 46 109667 109 0 0 80291 1 29376 108 57 57 57 57 46 46 109667 109 0 0 80291 1 29376 108 57 57 57 57 46 46 109667 109 0 0 80291 1 29376 108
231 0 1000 0 0 1000 0 1000 57 57 57 57 47 47 0 0 0 0 0 0 0 0 57 57 57 57 47 47 0 0 0 0 0 0 0 0 57 57 57 57 47 47 0 0 0 0 0 0 0 0 57 57 57 57 47 47 0 0 0 0 0 0 0 0 57 57 57 57 47 47 0 0 0 0 0 0 0 0 57 57 57 57 47 47 0 0 0 0 0 0 0 0
232 0 1000 0 0 1000 0 1000 57 57 57 57 47 47 0 0 0 0 0 0 0 0 57 57 57 57 47 47 0 0 0 0 0 0 0 0 57 57 57 57 47 47 0 0 0 0 0 0 0 0 57 57 57 57 47 47 0 0 0 0 0 0 0 0 57 57 57 57 47 47 0 0 0 0 0 0 0 0 57 57 57 57 47 47 0 0 0 0 0 0 0 0
233 0 1000 0 0 1000 0 1000 57 57 57 57 47 47 1090634 13 1090634 13 0 0 0 0 57 57 57 57 47 47 1090634 13 1090634 13 0 0 0 0 57 57 57 57 47 47 1090634 13 1090634 13 0 0 0 0 57 57 57 57 47 47 1090634 13 1090634 13 0 0 0 0 57 57 57 57 47 47 1090634 13 1090634 13 0 0 0 0 57 57 57 57 47 47 1090634 13 1090634 13 0 0 0 0
234 0 1000 0 0 1000 0 1000 58 58 58 58 47 47 110755 113 0 0 80291 1 30464 112 58 58 58 58 47 47 110755 113 0 0 80291 1 30464 112 58 58 58 58 47 47 110755 113 0 0 80291 1 30464 112 58 58 58 58 47 47 110755 113 0 0 80291 1 30464 112 58 58 58 58 47 47 110755 113 0 0 80291 1 30464 112 58 58 58 58 47 47 110755 113 0 0 80291 1 30464 112
235 0 1000 0 0 1000 0 1000 58 58 58 58 48 48 0 0 0 0 0 0 0 0 58 58 58 58 48 48 0 0 0 0 0 0 0 0 58 58 58 58 48 48 0 0 0 0 0 0 0 0 58 58 58 58 48 48 0 0 0 0 0 0 0 0 58 58 58 58 48 48 0 0 0 0 0 0 0 0 58 58 58 58 48 48 0 0 0 0 0 0 0 0
236 0 1000 0 0 1000 0 1000 58 58 58 58 48 48 0 0 0 0 0 0 0 0 58 58 58 58 48 48 0 0 0 0 0 0 0 0 58 58 58 58 48 48 0 0 0 0 0 0 0 0 58 58 58 58 48 48 0 0 0 0 0 0 0 0 58 58 58 58 48 48 0 0 0 0 0 0 0 0 58 58 58 58 48 48 0 0 0 0 0 0 0 0
237 0 1000 0 0 1000 0 1000 58 58 58 58 48 48 336092 4 336092 4 0 0 0 0 58 58 58 58 48 48 336092 4 336092 4 0 0 0 0 58 58 58 58 48 48 336092 4 336092 4 0 0 0 0 58 58 58 58 48 48 336092 4 336092 4 0 0 0 0 58 58 58 58 48 48 336092 4 336092 4 0 0 0 0 58 58 58 58 48 48 336092 4 336092 4 0 0 0 0
238 0 1000 0 0 1000 0 1000 59 59 59 59 48 48 109939 110 0 0 80291 1 29648 109 59 59 59 59 48 48 109939 110 0 0 80291 1 29648 109 59 59 59 59 48 48 109939 110 0 0 80291 1 29648 109 59 59 59 59 48 48 109939 110 0 0 80291 1 29648 109 59 59 59 59 48 48 109939 110 0 0 80291 1 29648 109 59 59 59 59 48 48 109939 110 0 0 80291 1 29648 109
239 0 1000 0 0 1000 0 1000 59 59 59 59 49 49 0 0 0 0 0 0 0 0 59 59 59 59 49 49 0 0 0 0 0 0 0 0 59 59 59 59 49 49 0 0 0 0 0 0 0 0 59 59 59 59 49 49 0 0 0 0 0 0 0 0 59 59 59 59 49 49 0 0 0 0 0 0 0 0 59 59 59 59 49 49 0 0 0 0 0 0 0 0
240 0 1000 0 0 1000 0 1000 59 59 59 59 49 49 0 0 0 0 0 0 0 0 59 59 59 59 49 49 0 0 0 0 0 0 0 0 59 59 59 59 49 49 0 0 0 0 0 0 0 0 59 59 59 59 49 49 0 0 0 0 0 0 0 0 59 59 59 59 49 49 0 0 0 0 0 0 0 0 59 59 59 59 49 49 0 0 0 0 0 0 0 0
241 0 1000 0 0 1000 0 1000 59 59 59 59 49 49 587489 7 587489 7 0 0 0 0 59 59 59 59 49 49 587489 7 587489 7 0 0 0 0 59 59 59 59 49 49 587489 7 587489 7 0 0 0 0 59 59 59 59 49 49 587489 7 587489 7 0 0 0 0 59 59 59 59 49 49 587489 7 587489 7 0 0 0 0 59 59 59 59 49 49 587489 7 587489 7 0 0 0 0
242 0 1000 0 0 1000 0 1000 60 60 60 60 49 49 102867 84 0 0 80291 1 22576 83 60 60 60 60 49 49 102867 84 0 0 80291 1 22576 83 60 60 60 60 49 49 102867 84 0 0 80291 1 22576 83 60 60 60 60 49 49 102867 84 0 0 80291 1 22576 83 60 60 60 60 49 49 102867 84 0 0 80291 1 22576 83 60 60 60 60 49 49 102867 84 0 0 80291 1 22576 83
243 0 1000 0 0 1000 0 1000 60 60 60 60 50 50 0 0 0 0 0 0 0 0 60 60 60 60 50 50 0 0 0 0 0 0 0 0 60 60 60 60 50 50 0 0 0 0 0 0 0 0 60 60 60 60 50 50 0 0 0 0 0 0 0 0 60 60 60 60 50 50 0 0 0 0 0 0 0 0 60 60 60 60 50 50 0 0 0 0 0 0 0 0
244 0 1000 0 0 1000 0 1000 60 60 60 60 50 50 0 0 0 0 0 0 0 0 60 60 60 60 50 50 0 0 0 0 0 0 0 0 60 60 60 60 50 50 0 0 0 0 0 0 0 0 60 60 60 60 50 50 0 0 0 0 0 0 0 0 60 60 60 60 50 50 0 0 0 0 0 0 0 0 60 60 60 60 50 50 0 0 0 0 0 0 0 0
245 0 1000 0 0 1000 0 1000 60 60 60 60 50 50 415475 5 415475 5 0 0 0 0 60 60 60 60 50 50 415475 5 415475 5 0 0 0 0 60 60 60 60 50 50 415475 5 415475 5 0 0 0 0 60 60 60 60 50 50 415475 5 415475 5 0 0 0 0 60 60 60 60 50 50 415475 5 415475 5 0 0 0 0 60 60 60 60 50 50 415475 5 415475 5 0 0 0 0
246 0 1000 0 0 1000 0 1000 61 61 61 61 50 50 104227 89 0 0 80291 1 23936 88 61 61 61 61 50 50 104227 89 0 0 80291 1 23936 88 61 61 61 61 50 50 104227 89 0 0 80291 1 23936 88 61 61 61 61 50 50 104227 89 0 0 80291 1 23936 88 61 61 61 61 50 50 104227 89 0 0 80291 1 23936 88 61 61 61 61 50 50 104227 89 0 0 80291 1 23936 88
247 0 1000 0 0 1000 0 1000 61 61 61 61 51 51 0 0 0 0 0 0 0 0 61 61 61 61 51 51 0 0 0 0 0 0 0 0 61 61 61 61 51 51 0 0 0 0 0 0 0 0 61 61 61 61 51 51 0 0 0 0 0 0 0 0 61 61 61 61 51 51 0 0 0 0 0 0 0 0 61 61 61 61 51 51 0 0 0 0 0 0 0 0
248 0 1000 0 0 1000 0 1000 61 61 61 61 51 51 0 0 0 0 0 0 0 0 61 61 61 61 51 51 0 0 0 0 0 0 0 0 61 61 61 61 51 51 0 0 0 0 0 0 0 0 61 61 61 61 51 51 0 0 0 0 0 0 0 0 61 61 61 61 51 51 0 0 0 0 0 0 0 0 61 61 61 61 51 51 0 0 0 0 0 0 0 0
249 0 1000 0 0 1000 0 1000 61 61 61 61 51 51 333020 4 333020 4 0 0 0 0 61 61 61 61 51 51 333020 4 333020 4 0 0 0 0 61 61 61 61 51 51 333020 4 333020 4 0 0 0 0 61 61 61 61 51 51 333020 4 333020 4 0 0 0 0 61 61 61 61 51 51 333020 4 333020 4 0 0 0 0 61 61 61 61 51 51 333020 4 333020 4 0 0 0 0
250 0 1000 0 0 1000 0 1000 62 62 62 62 51 51 114291 126 0 0 80291 1 34000 125 62 62 62 62 51 51 114291 126 0 0 80291 1 34000 125 62 62 62 62 51 51 114291 126 0 0 80291 1 34000 125 62 62 62 62 51 51 114291 126 0 0 80291 1 34000 125 62 62 62 62 51 51 114291 126 0 0 80291 1 34000 125 62 62 62 62 51 51 114291 126 0 0 80291 1 34000 125
251 0 1000 0 0 1000 0 1000 62 62 62 62 52 52 0 0 0 0 0 0 0 0 62 62 62 62 52 52 0 0 0 0 0 0 0 0 62 62 62 62 52 52 0 0 0 0 0 0 0 0 62 62 62 62 52 52 0 0 0 0 0 0 0 0 62 62 62 62 52 52 0 0 0 0 0 0 0 0 62 62 62 62 52 52 0 0 0 0 0 0 0 0
252 0 1000 0 0 1000 0 1000 62 62 62 62 52 52 0 0 0 0 0 0 0 0 62 62 62 62 52 52 0 0 0 0 0 0 0 0 62 62 62 62 52 52 0 0 0 0 0 0 0 0 62 62 62 62 52 52 0 0 0 0 0 0 0 0 62 62 62 62 52 52 0 0 0 0 0 0 0 0 62 62 62 62 52 52 0 0 0 0 0 0 0 0
253 0 1000 0 0 1000 0 1000 62 62 62 62 52 52 928827 11 928827 11 0 0 0 0 62 62 62 62 52 52 928827 11 928827 11 0 0 0 0 62 62 62 62 52 52 928827 11 928827 11 0 0 0 0 62 62 62 62 52 52 928827 11 928827 11 0 0 0 0 62 62 62 62 52 52 928827 11 928827 11 0 0 0 0 62 62 62 62 52 52 928827 11 928827 11 0 0 0 0
254 0 1000 0 0 1000 0 1000 63 63 63 63 52 52 112115 118 0 0 80291 1 31824 117 63 63 63 63 52 52 112115 118 0 0 80291 1 31824 117 63 63 63 63 52 52 112115 118 0 0 80291 1 31824 117 63 63 63 63 52 52 112115 118 0 0 80291 1 31824 117 63 63 63 63 52 52 112115 118 0 0 80291 1 31824 117 63 63 63 63 52 52 112115 118 0 0 80291 1 31824 117
255 0 1000 0 0 1000 0 1000 63 63 63 63 53 53 0 0 0 0 0 0 0 0 63 63 63 63 53 53 0 0 0 0 0 0 0 0 63 63 63 63 53 53 0 0 0 0 0 0 0 0 63 63 63 63 53 53 0 0 0 0 0 0 0 0 63 63 63 63 53 53 0 0 0 0 0 0 0 0 63 63 63 63 53 53 0 0 0 0 0 0 0 0
256 0 1000 0 0 1000 0 1000 63 63 63 63 53 53 0 0 0 0 0 0 0 0 63 63 63 63 53 53 0 0 0 0 0 0 0 0 63 63 63 63 53 53 0 0 0 0 0 0 0 0 63 63 63 63 53 53 0 0 0 0 0 0 0 0 63 63 63 63 53 53 0 0 0 0 0 0 0 0 63 63 63 63 53 53 0 0 0 0 0 0 0 0
257 0 1000 0 0 1000 0 1000 63 63 63 63 53 53 505098 6 505098 6 0 0 0 0 63 63 63 63 53 53 505098 6 505098 6 0 0 0 0 63 63 63 63 53 53 505098 6 505098 6 0 0 0 0 63 63 63 63 53 53 505098 6 505098 6 0 0 0 0 63 63 63 63 53 53 505098 6 505098 6 0 0 0 0 63 63 63 63 53 53 505098 6 505098 6 0 0 0 0
258 0 1000 0 0 1000 0 1000 64 64 64 64 53 53 110483 112 0 0 80291 1 30192 111 64 64 64 64 53 53 110483 112 0 0 80291 1 30192 111 64 64 64 64 53 53 110483 112 0 0 80291 1 30192 111 64 64 64 64 53 53 110483 112 0 0 80291 1 30192 111 64 64 64 64 53 53 110483 112 0 0 80291 1 30192 111 64 64 64 64 53 53 110483 112 0 0 80291 1 30192 111
259 0 1000 0 0 1000 0 1000 64 64 64 64 54 54 0 0 0 0 0 0 0 0 64 64 64 64 54 54 0 0 0 0 0 0 0 0 64 64 64 64 54 54 0 0 0 0 0 0 0 0 64 64 64 64 54 54 0 0 0 0 0 0 0 0 64 64 64 64 54 54 0 0 0 0 0 0 0 0 64 64 64 64 54 54 0 0 0 0 0 0 0 0
260 0 1000 0 0 1000 0 1000 64 64 64 64 54 54 0 0 0 0 0 0 0 0 64 64 64 64 54 54 0 0 0 0 0 0 0 0 64 64 64 64 54 54 0 0 0 0 0 0 0 0 64 64 64 64 54 54 0 0 0 0 0 0 0 0 64 64 64 64 54 54 0 0 0 0 0 0 0 0 64 64 64 64 54 54 0 0 0 0 0 0 0 0
261 0 1000 0 0 1000 0 1000 64 64 64 64 54 54 335963 4 335963 4 0 0 0 0 64 64 64 64 54 54 335963 4 335963 4 0 0 0 0 64 64 64 64 54 54 335963 4 335963 4 0 0 0 0 64 64 64 64 54 54 335963 4 335963 4 0 0 0 0 64 64 64 64 54 54 335963 4 335963 4 0 0 0 0 64 64 64 64 54 54 335963 4 335963 4 0 0 0 0
262 0 1000 0 0 1000 0 1000 65 65 65 65 54 54 112387 119 0 0 80291 1 32096 118 65 65 65 65 54 54 112387 119 0 0 80291 1 32096 118 65 65 65 65 54 54 112387 119 0 0 80291 1 32096 118 65 65 65 65 54 54 112387 119 0 0 80291 1 32096 118 65 65 65 65 54 54 112387 119 0 0 80291 1 32096 118 65 65 65 65 54 54 112387 119 0 0 80291 1 32096 118
263 0 1000 0 0 1000 0 1000 65 65 65 65 55 55 0 0 0 0 0 0 0 0 65 65 65 65 55 55 0 0 0 0 0 0 0 0 65 65 65 65 55 55 0 0 0 0 0 0 0 0 65 65 65 65 55 55 0 0 0 0 0 0 0 0 65 65 65 65 55 55 0 0 0 0 0 0 0 0 65 65 65 65 55 55 0 0 0 0 0 0 0 0
264 0 1000 0 0 1000 0 1000 65 65 65 65 55 55 0 0 0 0 0 0 0 0 65 65 65 65 55 55 0 0 0 0 0 0 0 0 65 65 65 65 55 55 0 0 0 0 0 0 0 0 65 65 65 65 55 55 0 0 0 0 0 0 0 0 65 65 65 65 55 55 0 0 0 0 0 0 0 0 65 65 65 65 55 55 0 0 0 0 0 0 0 0
265 0 1000 0 0 1000 0 1000 65 65 65 65 55 55 589504 7 589504 7 0 0 0 0 65 65 65 65 55 55 589504 7 589504 7 0 0 0 0 65 65 65 65 55 55 589504 7 589504 7 0 0 0 0 65 65 65 65 55 55 589504 7 589504 7 0 0 0 0 65 65 65 65 55 55 589504 7 589504 7 0 0 0 0 65 65 65 65 55 55 589504 7 589504 7 0 0 0 0
266 0 1000 0 0 1000 0 1000 66 66 66 66 55 55 109667 109 0 0 80291 1 29376 108 66 66 66 66 55 55 109667 109 0 0 80291 1 29376 108 66 66 66 66 55 55 109667 109 0 0 80291 1 29376 108 66 66 66 66 55 55 109667 109 0 0 80291 1 29376 108 66 66 66 66 55 55 109667 109 0 0 80291 1 29376 108 66 66 66 66 55 55 109667 109 0 0 80291 1 29376 108
267 0 1000 0 0 1000 0 1000 66 66 66 66 56 56 0 0 0 0 0 0 0 0 66 66 66 66 56 56 0 0 0 0 0 0 0 0 66 66 66 66 56 56 0 0 0 0 0 0 0 0 66 66 66 66 56 56 0 0 0 0 0 0 0 0 66 66 66 66 56 56 0 0 0 0 0 0 0 0 66 66 66 66 56 56 0 0 0 0 0 0 0 0
268 0 1000 0 0 1000 0 1000 66 66 66 66 56 56 0 0 0 0 0 0 0 0 66 66 66 66 56 56 0 0 0 0 0 0 0 0 66 66 66 66 56 56 0 0 0 0 0 0 0 0 66 66 66 66 56 56 0 0 0 0 0 0 0 0 66 66 66 66 56 56 0 0 0 0 0 0 0 0 66 66 66 66 56 56 0 0 0 0 0 0 0 0
269 0 1000 0 0 1000 0 1000 66 66 66 66 56 56 335580 4 335580 4 0 0 0 0 66 66 66 66 56 56 335580 4 335580 4 0 0 0 0 66 66 66 66 56 56 335580 4 335580 4 0 0 0 0 66 66 66 66 56 56 335580 4 335580 4 0 0 0 0 66 66 66 66 56 56 335580 4 335580 4 0 0 0 0 66 66 66 66 56 56 335580 4 335580 4 0 0 0 0
270 0 1000 0 0 1000 0 1000 67 67 67 67 56 56 101235 78 0 0 80291 1 20944 77 67 67 67 67 56 56 101235 78 0 0 80291 1 20944 77 67 67 67 67 56 56 101235 78 0 0 80291 1 20944 77 67 67 67 67 56 56 101235 78 0 0 80291 1 20944 77 67 67 67 67 56 56 101235 78 0 0 80291 1 20944 77 67 67 67 67 56 56 101235 78 0 0 80291 1 20944 77
271 0 1000 0 0 1000 0 1000 67 67 67 67 57 57 0 0 0 0 0 0 0 0 67 67 67 67 57 57 0 0 0 0 0 0 0 0 67 67 67 67 57 57 0 0 0 0 0 0 0 0 67 67 67 67 57 57 0 0 0 0 0 0 0 0 67 67 67 67 57 57 0 0 0 0 0 0 0 0 67 67 67 67 57 57 0 0 0 0 0 0 0 0
272 0 1000 0 0 1000 0 1000 67 67 67 67 57 57 0 0 0 0 0 0 0 0 67 67 67 67 57 57 0 0 0 0 0 0 0 0 67 67 67 67 57 57 0 0 0 0 0 0 0 0 67 67 67 67 57 57 0 0 0 0 0 0 0 0 67 67 67 67 57 57 0 0 0 0 0 0 0 0 67 67 67 67 57 57 0 0 0 0 0 0 0 0
273 0 1000 0 0 1000 0 1000 67 67 67 67 57 57 497418 6 497418 6 0 0 0 0 67 67 67 67 57 57 497418 6 497418 6 0 0 0 0 67 67 67 67 57 57 497418 6 497418 6 0 0 0 0 67 67 67 67 57 57 497418 6 497418 6 0 0 0 0 67 67 67 67 57 57 497418 6 497418 6 0 0 0 0 67 67 67 67 57 57 497418 6 497418 6 0 0 0 0
274 0 1000 0 0 1000 0 1000 68 68 68 68 57 57 105315 93 0 0 80291 1 25024 92 68 68 68 68 57 57 105315 93 0 0 80291 1 25024 92 68 68 68 68 57 57 105315 93 0 0 80291 1 25024 92 68 68 68 68 57 57 105315 93 0 0 80291 1 25024 92 68 68 68 68 57 57 105315 93 0 0 80291 1 25024 92 68 68 68 68 57 57 105315 93 0 0 80291 1 25024 92
275 0 1000 0 0 1000 0 1000 68 68 68 68 58 58 0 0 0 0 0 0 0 0 68 68 68 68 58 58 0 0 0 0 0 0 0 0 68 68 68 68 58 58 0 0 0 0 0 0 0 0 68 68 68 68 58 58 0 0 0 0 0 0 0 0 68 68 68 68 58 58 0 0 0 0 0 0 0 0 68 68 68 68 58 58 0 0 0 0 0 0 0 0
276 0 1000 0 0 1000 0 1000 68 68 68 68 58 58 0 0 0 0 0 0 0 0 68 68 68 68 58 58 0 0 0 0 0 0 0 0 68 68 68 68 58 58 0 0 0 0 0 0 0 0 68 68 68 68 58 58 0 0 0 0 0 0 0 0 68 68 68 68 58 58 0 0 0 0 0 0 0 0 68 68 68 68 58 58 0 0 0 0 0 0 0 0
277 0 1000 0 0 1000 0 1000 68 68 68 68 58 58 1000593 12 1000593 12 0 0 0 0 68 68 68 68 58 58 1000593 12 1000593 12 0 0 0 0 68 68 68 68 58 58 1000593 12 1000593 12 0 0 0 0 68 68 68 68 58 58 1000593 12 1000593 12 0 0 0 0 68 68 68 68 58 58 1000593 12 1000593 12 0 0 0 0 68 68 68 68 58 58 1000593 12 1000593 12 0 0 0 0
278 0 1000 0 0 1000 0 1000 69 69 69 69 58 58 106131 96 0 0 80291 1 25840 95 69 69 69 69 58 58 106131 96 0 0 80291 1 25840 95 69 69 69 69 58 58 106131 96 0 0 80291 1 25840 95 69 69 69 69 58 58 106131 96 0 0 80291 1 25840 95 69 69 69 69 58 58 106131 96 0 0 80291 1 25840 95 69 69 69 69 58 58 106131 96 0 0 80291 1 25840 95
279 0 1000 0 0 1000 0 1000 69 69 69 69 59 59 0 0 0 0 0 0 0 0 69 69 69 69 59 59 0 0 0 0 0 0 0 0 69 69 69 69 59 59 0 0 0 0 0 0 0 0 69 69 69 69 59 59 0 0 0 0 0 0 0 0 69 69 69 69 59 59 0 0 0 0 0 0 0 0 69 69 69 69 59 59 0 0 0 0 0 0 0 0
280 0 1000 0 0 1000 0 1000 69 69 69 69 59 59 0 0 0 0 0 0 0 0 69 69 69 69 59 59 0 0 0 0 0 0 0 0 69 69 69 69 59 59 0 0 0 0 0 0 0 0 69 69 69 69 59 59 0 0 0 0 0 0 0 0 69 69 69 69 59 59 0 0 0 0 0 0 0 0 69 69 69 69 59 59 0 0 0 0 0 0 0 0
281 0 1000 0 0 1000 0 1000 69 69 69 69 59 59 1001748 12 1001748 12 0 0 0 0 69 69 69 69 59 59 1001748 12 1001748 12 0 0 0 0 69 69 69 69 59 59 1001748 12 1001748 12 0 0 0 0 69 69 69 69 59 59 1001748 12 1001748 12 0 0 0 0 69 69 69 69 59 59 1001748 12 1001748 12 0 0 0 0 69 69 69 69 59 59 1001748 12 1001748 12 0 0 0 0
282 0 1000 0 0 1000 0 1000 70 70 70 70 59 59 105587 94 0 0 80291 1 25296 93 70 70 70 70 59 59 105587 94 0 0 80291 1 25296 93 70 70 70 70 59 59 105587 94 0 0 80291 1 25296 93 70 70 70 70 59 59 105587 94 0 0 80291 1 25296 93 70 70 70 70 59 59 105587 94 0 0 80291 1 25296 93 70 70 70 70 59 59 105587 94 0 0 80291 1 25296 93
283 0 1000 0 0 1000 0 1000 70 70 70 70 60 60 0 0 0 0 0 0 0 0 70 70 70 70 60 60 0 0 0 0 0 0 0 0 70 70 70 70 60 60 0 0 0 0 0 0 0 0 70 70 70 70 60 60 0 0 0 0 0 0 0 0 70 70 70 70 60 60 0 0 0 0 0 0 0 0 70 70 70 70 60 60 0 0 0 0 0 0 0 0
284 0 1000 0 0 1000 0 1000 70 70 70 70 60 60 0 0 0 0 0 0 0 0 70 70 70 70 60 60 0 0 0 0 0 0 0 0 70 70 70 70 60 60 0 0 0 0 0 0 0 0 70 70 70 70 60 60 0 0 0 0 0 0 0 0 70 70 70 70 60 60 0 0 0 0 0 0 0 0 70 70 70 70 60 60 0 0 0 0 0 0 0 0
285 0 1000 0 0 1000 0 1000 70 70 70 70 60 60 166830 2 166830 2 0 0 0 0 70 70 70 70 60 60 166830 2 166830 2 0 0 0 0 70 70 70 70 60 60 166830 2 166830 2 0 0 0 0 70 70 70 70 60 60 166830 2 166830 2 0 0 0 0 70 70 70 70 60 60 166830 2 166830 2 0 0 0 0 70 70 70 70 60 60 166830 2 166830 2 0 0 0 0
286 0 1000 0 0 1000 0 1000 71 71 71 71 60 60 108307 104 0 0 80291 1 28016 103 71 71 71 71 60 60 108307 104 0 0 80291 1 28016 103 71 71 71 71 60 60 108307 104 0 0 80291 1 28016 103 71 71 71 71 60 60 108307 104 0 0 80291 1 28016 103 71 71 71 71 60 60 108307 104 0 0 80291 1 28016 103 71 71 71 71 60 60 108307 104 0 0 80291 1 28016 103
287 0 1000 0 0 1000 0 1000 71 71 71 71 61 61 0 0 0 0 0 0 0 0 71 71 71 71 61 61 0 0 0 0 0 0 0 0 71 71 71 71 61 61 0 0 0 0 0 0 0 0 71 71 71 71 61 61 0 0 0 0 0 0 0 0 71 71 71 71 61 61 0 0 0 0 0 0 0 0 71 71 71 71 61 61 0 0 0 0 0 0 0 0
288 0 1000 0 0 1000 0 1000 71 71 71 71 61 61 0 0 0 0 0 0 0 0 71 71 71 71 61 61 0 0 0 0 0 0 0 0 71 71 71 71 61 61 0 0 0 0 0 0 0 0 71 71 71 71 61 61 0 0 0 0 0 0 0 0 71 71 71 71 61 61 0 0 0 0 0 0 0 0 71 71 71 71 61 61 0 0 0 0 0 0 0 0
289 0 1000 0 0 1000 0 1000 71 71 71 71 61 61 502410 6 502410 6 0 0 0 0 71 71 71 71 61 61 502410 6 502410 6 0 0 0 0 71 71 71 71 61 61 502410 6 502410 6 0 0 0 0 71 71 71 71 61 61 502410 6 502410 6 0 0 0 0 71 71 71 71 61 61 502410 6 502410 6 0 0 0 0 71 71 71 71 61 61 502410 6 502410 6 0 0 0 0
290 0 1000 0 0 1000 0 1000 72 72 72 72 61 61 106675 98 0 0 80291 1 26384 97 72 72 72 72 61 61 106675 98 0 0 80291 1 26384 97 72 72 72 72 61 61 106675 98 0 0 80291 1 26384 97 72 72 72 72 61 61 106675 98 0 0 80291 1 26384 97 72 72 72 72 61 61 106675 98 0 0 80291 1 26384 97 72 72 72 72 61 61 106675 98 0 0 80291 1 26384 97
291 0 1000 0 0 1000 0 1000 72 72 72 72 62 62 0 0 0 0 0 0 0 0 72 72 72 72 62 62 0 0 0 0 0 0 0 0 72 72 72 72 62 62 0 0 0 0 0 0 0 0 72 72 72 72 62 62 0 0 0 0 0 0 0 0 72 72 72 72 62 62 0 0 0 0 0 0 0 0 72 72 72 72 62 62 0 0 0 0 0 0 0 0
292 0 1000 0 0 1000 0 1000 72 72 72 72 62 62 0 0 0 0 0 0 0 0 72 72 72 72 62 62 0 0 0 0 0 0 0 0 72 72 72 72 62 62 0 0 0 0 0 0 0 0 72 72 72 72 62 62 0 0 0 0 0 0 0 0 72 72 72 72 62 62 0 0 0 0 0 0 0 0 72 72 72 72 62 62 0 0 0 0 0 0 0 0
293 0 1000 0 0 1000 0 1000 72 72 72 72 62 62 668343 8 668343 8 0 0 0 0 72 72 72 72 62 62 668343 8 668343 8 0 0 0 0 72 72 72 72 62 62 668343 8 668343 8 0 0 0 0 72 72 72 72 62 62 668343 8 668343 8 0 0 0 0 72 72 72 72 62 62 668343 8 668343 8 0 0 0 0 72 72 72 72 62 62 668343 8 668343 8 0 0 0 0
294 0 1000 0 0 1000 0 1000 73 73 73 73 62 62 107491 101 0 0 80291 1 27200 100 73 73 73 73 62 62 107491 101 0 0 80291 1 27200 100 73 73 73 73 62 62 107491 101 0 0 80291 1 27200 100 73 73 73 73 62 62 107491 101 0 0 80291 1 27200 100 73 73 73 73 62 62 107491 101 0 0 80291 1 27200 100 73 73 73 73 62 62 107491 101 0 0 80291 1 27200 100
295 0 1000 0 0 1000 0 1000 73 73 73 73 63 63 0 0 0 0 0 0 0 0 73 73 73 73 63 63 0 0 0 0 0 0 0 0 73 73 73 73 63 63 0 0 0 0 0 0 0 0 73 73 73 73 63 63 0 0 0 0 0 0 0 0 73 73 73 73 63 63 0 0 0 0 0 0 0 0 73 73 73 73 63 63 0 0 0 0 0 0 0 0
296 0 1000 0 0 1000 0 1000 73 73 73 73 63 63 0 0 0 0 0 0 0 0 73 73 73 73 63 63 0 0 0 0 0 0 0 0 73 73 73 73 63 63 0 0 0 0 0 0 0 0 73 73 73 73 63 63 0 0 0 0 0 0 0 0 73 73 73 73 63 63 0 0 0 0 0 0 0 0 73 73 73 73 63 63 0 0 0 0 0 0 0 0
297 0 1000 0 0 1000 0 1000 73 73 73 73 63 63 501834 6 501834 6 0 0 0 0 73 73 73 73 63 63 501834 6 501834 6 0 0 0 0 73 73 73 73 63 63 501834 6 501834 6 0 0 0 0 73 73 73 73 63 63 501834 6 501834 6 0 0 0 0 73 73 73 73 63 63 501834 6 501834 6 0 0 0 0 73 73 73 73 63 63 501834 6 501834 6 0 0 0 0
298 0 1000 0 0 1000 0 1000 74 74 74 74 63 63 109939 110 0 0 80291 1 29648 109 74 74 74 74 63 63 109939 110 0 0 80291 1 29648 109 74 74 74 74 63 63 109939 110 0 0 80291 1 29648 109 74 74 74 74 63 63 109939 110 0 0 80291 1 29648 109 74 74 74 74 63 63 109939 110 0 0 80291 1 29648 109 74 74 74 74 63 63 109939 110 0 0 80291 1 29648 109
299 0 1000 0 0 1000 0 1000 74 74 74 74 64 64 0 0 0 0 0 0 0 0 74 74 74 74 64 64 0 0 0 0 0 0 0 0 74 74 74 74 64 64 0 0 0 0 0 0 0 0 74 74 74 74 64 64 0 0 0 0 0 0 0 0 74 74 74 74 64 64 0 0 0 0 0 0 0 0 74 74 74 74 64 64 0 0 0 0 0 0 0 0
300 0 1000 0 0 1000 0 1000 74 74 74 74 64 64 0 0 0 0 0 0 0 0 74 74 74 74 64 64 0 0 0 0 0 0 0 0 74 74 74 74 64 64 0 0 0 0 0 0 0 0 74 74 74 74 64 64 0 0 0 0 0 0 0 0 74 74 74 74 64 64 0 0 0 0 0 0 0 0 74 74 74 74 64 64 0 0 0 0 0 0 0 0
301 0 1000 0 0 1000 0 1000 74 74 74 74 64 64 671415 8 671415 8 0 0 0 0 74 74 74 74 64 64 671415 8 671415 8 0 0 0 0 74 74 74 74 64 64 671415 8 671415 8 0 0 0 0 74 74 74 74 64 64 671415 8 671415 8 0 0 0 0 74 74 74 74 64 64 671415 8 671415 8 0 0 0 0 74 74 74 74 64 64 671415 8 671415 8 0 0 0 0
302 0 1000 0 0 1000 0 1000 75 75 75 75 64 64 108851 106 0 0 80291 1 28560 105 75 75 75 75 64 64 108851 106 0 0 80291 1 28560 105 75 75 75 75 64 64 108851 106 0 0 80291 1 28560 105 75 75 75 75 64 64 108851 106 0 0 80291 1 28560 105 75 75 75 75 64 64 108851 106 0 0 80291 1 28560 105 75 75 75 75 64 64 108851 106 0 0 80291 1 28560 105
303 0 1000 0 0 1000 0 1000 75 75 75 75 65 65 0 0 0 0 0 0 0 0 75 75 75 75 65 65 0 0 0 0 0 0 0 0 75 75 75 75 65 65 0 0 0 0 0 0 0 0 75 75 75 75 65 65 0 0 0 0 0 0 0 0 75 75 75 75 65 65 0 0 0 0 0 0 0 0 75 75 75 75 65 65 0 0 0 0 0 0 0 0
