r n_asleep n_awake n_honest_asleep n_honest_dreamy n_honest_awake n_adversary n_all party0_ledger_best_length party0_ledger_best_age party0_ledger_fast_length party0_ledger_fast_age party0_ledger_slow_length party0_ledger_slow_age party0_comms_all_size party0_comms_all_count party0_comms_proposal_size party0_comms_proposal_count party0_comms_piece_block_size party0_comms_piece_block_count party0_comms_piece_vote_size party0_comms_piece_vote_count party1_ledger_best_length party1_ledger_best_age party1_ledger_fast_length party1_ledger_fast_age party1_ledger_slow_length party1_ledger_slow_age party1_comms_all_size party1_comms_all_count party1_comms_proposal_size party1_comms_proposal_count party1_comms_piece_block_size party1_comms_piece_block_count party1_comms_piece_vote_size party1_comms_piece_vote_count party2_ledger_best_length party2_ledger_best_age party2_ledger_fast_length party2_ledger_fast_age party2_ledger_slow_length party2_ledger_slow_age party2_comms_all_size party2_comms_all_count party2_comms_proposal_size party2_comms_proposal_count party2_comms_piece_block_size party2_comms_piece_block_count party2_comms_piece_vote_size party2_comms_piece_vote_count party3_ledger_best_length party3_ledger_best_age party3_ledger_fast_length party3_ledger_fast_age party3_ledger_slow_length party3_ledger_slow_age party3_comms_all_size party3_comms_all_count party3_comms_proposal_size party3_comms_proposal_count party3_comms_piece_block_size party3_comms_piece_block_count party3_comms_piece_vote_size party3_comms_piece_vote_count party4_ledger_best_length party4_ledger_best_age party4_ledger_fast_length party4_ledger_fast_age party4_ledger_slow_length party4_ledger_slow_age party4_comms_all_size party4_comms_all_count party4_comms_proposal_size party4_comms_proposal_count party4_comms_piece_block_size party4_comms_piece_block_count party4_comms_piece_vote_size party4_comms_piece_vote_count partyALWAYSAWAKE_ledger_best_length partyALWAYSAWAKE_ledger_best_age partyALWAYSAWAKE_ledger_fast_length partyALWAYSAWAKE_ledger_fast_age partyALWAYSAWAKE_ledger_slow_length partyALWAYSAWAKE_ledger_slow_age partyALWAYSAWAKE_comms_all_size partyALWAYSAWAKE_comms_all_count partyALWAYSAWAKE_comms_proposal_size partyALWAYSAWAKE_comms_proposal_count partyALWAYSAWAKE_comms_piece_block_size partyALWAYSAWAKE_comms_piece_block_count partyALWAYSAWAKE_comms_piece_vote_size partyALWAYSAWAKE_comms_piece_vote_count
4 0 1000 0 0 1000 0 1000 0 0 0 0 0 0 0 0 0 0 0 0 0 0 0 0 0 0 0 0 0 0 0 0 0 0 0 0 0 0 0 0 0 0 0 0 0 0 0 0 0 0 0 0 0 0 0 0 0 0 0 0 0 0 0 0 0 0 0 0 0 0 0 0 0 0 0 0 0 0 0 0 0 0 0 0 0 0 0 0 0 0 0 0
5 0 1000 0 0 1000 0 1000 0 0 0 0 0 0 80438 1 80438 1 0 0 0 0 0 0 0 0 0 0 80438 1 80438 1 0 0 0 0 0 0 0 0 0 0 80438 1 80438 1 0 0 0 0 0 0 0 0 0 0 80438 1 80438 1 0 0 0 0 0 0 0 0 0 0 80438 1 80438 1 0 0 0 0 0 0 0 0 0 0 80438 1 80438 1 0 0 0 0
6 0 1000 0 0 1000 0 1000 1 1 1 1 0 0 108034 103 0 0 80290 1 27744 102 1 1 1 1 0 0 108034 103 0 0 80290 1 27744 102 1 1 1 1 0 0 108034 103 0 0 80290 1 27744 102 1 1 1 1 0 0 108034 103 0 0 80290 1 27744 102 1 1 1 1 0 0 108034 103 0 0 80290 1 27744 102 1 1 1 1 0 0 108034 103 0 0 80290 1 27744 102
7 0 1000 0 0 1000 0 1000 1 1 1 1 0 0 0 0 0 0 0 0 0 0 1 1 1 1 0 0 0 0 0 0 0 0 0 0 1 1 1 1 0 0 0 0 0 0 0 0 0 0 1 1 1 1 0 0 0 0 0 0 0 0 0 0 1 1 1 1 0 0 0 0 0 0 0 0 0 0 1 1 1 1 0 0 0 0 0 0 0 0 0 0
8 0 1000 0 0 1000 0 1000 1 1 1 1 0 0 0 0 0 0 0 0 0 0 1 1 1 1 0 0 0 0 0 0 0 0 0 0 1 1 1 1 0 0 0 0 0 0 0 0 0 0 1 1 1 1 0 0 0 0 0 0 0 0 0 0 1 1 1 1 0 0 0 0 0 0 0 0 0 0 1 1 1 1 0 0 0 0 0 0 0 0 0 0
9 0 1000 0 0 1000 0 1000 1 1 1 1 0 0 83702 1 83702 1 0 0 0 0 1 1 1 1 0 0 83702 1 83702 1 0 0 0 0 1 1 1 1 0 0 83702 1 83702 1 0 0 0 0 1 1 1 1 0 0 83702 1 83702 1 0 0 0 0 1 1 1 1 0 0 83702 1 83702 1 0 0 0 0 1 1 1 1 0 0 83702 1 83702 1 0 0 0 0
10 0 1000 0 0 1000 0 1000 2 2 2 2 0 0 107490 101 0 0 80290 1 27200 100 2 2 2 2 0 0 107490 101 0 0 80290 1 27200 100 2 2 2 2 0 0 107490 101 0 0 80290 1 27200 100 2 2 2 2 0 0 107490 101 0 0 80290 1 27200 100 2 2 2 2 0 0 107490 101 0 0 80290 1 27200 100 2 2 2 2 0 0 107490 101 0 0 80290 1 27200 100
11 0 1000 0 0 1000 0 1000 2 2 2 2 0 0 0 0 0 0 0 0 0 0 2 2 2 2 0 0 0 0 0 0 0 0 0 0 2 2 2 2 0 0 0 0 0 0 0 0 0 0 2 2 2 2 0 0 0 0 0 0 0 0 0 0 2 2 2 2 0 0 0 0 0 0 0 0 0 0 2 2 2 2 0 0 0 0 0 0 0 0 0 0
12 0 1000 0 0 1000 0 1000 2 2 2 2 0 0 0 0 0 0 0 0 0 0 2 2 2 2 0 0 0 0 0 0 0 0 0 0 2 2 2 2 0 0 0 0 0 0 0 0 0 0 2 2 2 2 0 0 0 0 0 0 0 0 0 0 2 2 2 2 0 0 0 0 0 0 0 0 0 0 2 2 2 2 0 0 0 0 0 0 0 0 0 0
13 0 1000 0 0 1000 0 1000 2 2 2 2 0 0 0 0 0 0 0 0 0 0 2 2 2 2 0 0 0 0 0 0 0 0 0 0 2 2 2 2 0 0 0 0 0 0 0 0 0 0 2 2 2 2 0 0 0 0 0 0 0 0 0 0 2 2 2 2 0 0 0 0 0 0 0 0 0 0 2 2 2 2 0 0 0 0 0 0 0 0 0 0
14 0 1000 0 0 1000 0 1000 2 2 2 2 0 0 25024 92 0 0 0 0 25024 92 2 2 2 2 0 0 25024 92 0 0 0 0 25024 92 2 2 2 2 0 0 25024 92 0 0 0 0 25024 92 2 2 2 2 0 0 25024 92 0 0 0 0 25024 92 2 2 2 2 0 0 25024 92 0 0 0 0 25024 92 2 2 2 2 0 0 25024 92 0 0 0 0 25024 92
15 0 1000 0 0 1000 0 1000 2 2 2 2 0 0 0 0 0 0 0 0 0 0 2 2 2 2 0 0 0 0 0 0 0 0 0 0 2 2 2 2 0 0 0 0 0 0 0 0 0 0 2 2 2 2 0 0 0 0 0 0 0 0 0 0 2 2 2 2 0 0 0 0 0 0 0 0 0 0 2 2 2 2 0 0 0 0 0 0 0 0 0 0
16 0 1000 0 0 1000 0 1000 2 2 2 2 0 0 0 0 0 0 0 0 0 0 2 2 2 2 0 0 0 0 0 0 0 0 0 0 2 2 2 2 0 0 0 0 0 0 0 0 0 0 2 2 2 2 0 0 0 0 0 0 0 0 0 0 2 2 2 2 0 0 0 0 0 0 0 0 0 0 2 2 2 2 0 0 0 0 0 0 0 0 0 0
17 0 1000 0 0 1000 0 1000 2 2 2 2 0 0 0 0 0 0 0 0 0 0 2 2 2 2 0 0 0 0 0 0 0 0 0 0 2 2 2 2 0 0 0 0 0 0 0 0 0 0 2 2 2 2 0 0 0 0 0 0 0 0 0 0 2 2 2 2 0 0 0 0 0 0 0 0 0 0 2 2 2 2 0 0 0 0 0 0 0 0 0 0
18 0 1000 0 0 1000 0 1000 2 2 2 2 0 0 29104 107 0 0 0 0 29104 107 2 2 2 2 0 0 29104 107 0 0 0 0 29104 107 2 2 2 2 0 0 29104 107 0 0 0 0 29104 107 2 2 2 2 0 0 29104 107 0 0 0 0 29104 107 2 2 2 2 0 0 29104 107 0 0 0 0 29104 107 2 2 2 2 0 0 29104 107 0 0 0 0 29104 107
19 0 1000 0 0 1000 0 1000 2 2 2 2 0 0 0 0 0 0 0 0 0 0 2 2 2 2 0 0 0 0 0 0 0 0 0 0 2 2 2 2 0 0 0 0 0 0 0 0 0 0 2 2 2 2 0 0 0 0 0 0 0 0 0 0 2 2 2 2 0 0 0 0 0 0 0 0 0 0 2 2 2 2 0 0 0 0 0 0 0 0 0 0
20 0 1000 0 0 1000 0 1000 2 2 2 2 0 0 0 0 0 0 0 0 0 0 2 2 2 2 0 0 0 0 0 0 0 0 0 0 2 2 2 2 0 0 0 0 0 0 0 0 0 0 2 2 2 2 0 0 0 0 0 0 0 0 0 0 2 2 2 2 0 0 0 0 0 0 0 0 0 0 2 2 2 2 0 0 0 0 0 0 0 0 0 0
21 0 1000 0 0 1000 0 1000 2 2 2 2 0 0 251586 3 251586 3 0 0 0 0 2 2 2 2 0 0 251586 3 251586 3 0 0 0 0 2 2 2 2 0 0 251586 3 251586 3 0 0 0 0 2 2 2 2 0 0 251586 3 251586 3 0 0 0 0 2 2 2 2 0 0 251586 3 251586 3 0 0 0 0 2 2 2 2 0 0 251586 3 251586 3 0 0 0 0
22 0 1000 0 0 1000 0 1000 3 5 3 5 0 0 109394 108 0 0 80290 1 29104 107 3 5 3 5 0 0 109394 108 0 0 80290 1 29104 107 3 5 3 5 0 0 109394 108 0 0 80290 1 29104 107 3 5 3 5 0 0 109394 108 0 0 80290 1 29104 107 3 5 3 5 0 0 109394 108 0 0 80290 1 29104 107 3 5 3 5 0 0 109394 108 0 0 80290 1 29104 107
23 0 1000 0 0 1000 0 1000 3 5 3 5 0 0 0 0 0 0 0 0 0 0 3 5 3 5 0 0 0 0 0 0 0 0 0 0 3 5 3 5 0 0 0 0 0 0 0 0 0 0 3 5 3 5 0 0 0 0 0 0 0 0 0 0 3 5 3 5 0 0 0 0 0 0 0 0 0 0 3 5 3 5 0 0 0 0 0 0 0 0 0 0
24 0 1000 0 0 1000 0 1000 3 5 3 5 0 0 0 0 0 0 0 0 0 0 3 5 3 5 0 0 0 0 0 0 0 0 0 0 3 5 3 5 0 0 0 0 0 0 0 0 0 0 3 5 3 5 0 0 0 0 0 0 0 0 0 0 3 5 3 5 0 0 0 0 0 0 0 0 0 0 3 5 3 5 0 0 0 0 0 0 0 0 0 0
25 0 1000 0 0 1000 0 1000 3 5 3 5 0 0 83862 1 83862 1 0 0 0 0 3 5 3 5 0 0 83862 1 83862 1 0 0 0 0 3 5 3 5 0 0 83862 1 83862 1 0 0 0 0 3 5 3 5 0 0 83862 1 83862 1 0 0 0 0 3 5 3 5 0 0 83862 1 83862 1 0 0 0 0 3 5 3 5 0 0 83862 1 83862 1 0 0 0 0
26 0 1000 0 0 1000 0 1000 4 6 4 6 0 0 108578 105 0 0 80290 1 28288 104 4 6 4 6 0 0 108578 105 0 0 80290 1 28288 104 4 6 4 6 0 0 108578 105 0 0 80290 1 28288 104 4 6 4 6 0 0 108578 105 0 0 80290 1 28288 104 4 6 4 6 0 0 108578 105 0 0 80290 1 28288 104 4 6 4 6 0 0 108578 105 0 0 80290 1 28288 104
27 0 1000 0 0 1000 0 1000 4 6 4 6 0 0 0 0 0 0 0 0 0 0 4 6 4 6 0 0 0 0 0 0 0 0 0 0 4 6 4 6 0 0 0 0 0 0 0 0 0 0 4 6 4 6 0 0 0 0 0 0 0 0 0 0 4 6 4 6 0 0 0 0 0 0 0 0 0 0 4 6 4 6 0 0 0 0 0 0 0 0 0 0
28 0 1000 0 0 1000 0 1000 4 6 4 6 0 0 0 0 0 0 0 0 0 0 4 6 4 6 0 0 0 0 0 0 0 0 0 0 4 6 4 6 0 0 0 0 0 0 0 0 0 0 4 6 4 6 0 0 0 0 0 0 0 0 0 0 4 6 4 6 0 0 0 0 0 0 0 0 0 0 4 6 4 6 0 0 0 0 0 0 0 0 0 0
29 0 1000 0 0 1000 0 1000 4 6 4 6 0 0 0 0 0 0 0 0 0 0 4 6 4 6 0 0 0 0 0 0 0 0 0 0 4 6 4 6 0 0 0 0 0 0 0 0 0 0 4 6 4 6 0 0 0 0 0 0 0 0 0 0 4 6 4 6 0 0 0 0 0 0 0 0 0 0 4 6 4 6 0 0 0 0 0 0 0 0 0 0
30 0 1000 0 0 1000 0 1000 4 6 4 6 0 0 29104 107 0 0 0 0 29104 107 4 6 4 6 0 0 29104 107 0 0 0 0 29104 107 4 6 4 6 0 0 29104 107 0 0 0 0 29104 107 4 6 4 6 0 0 29104 107 0 0 0 0 29104 107 4 6 4 6 0 0 29104 107 0 0 0 0 29104 107 4 6 4 6 0 0 29104 107 0 0 0 0 29104 107
31 0 1000 0 0 1000 0 1000 4 6 4 6 0 0 0 0 0 0 0 0 0 0 4 6 4 6 0 0 0 0 0 0 0 0 0 0 4 6 4 6 0 0 0 0 0 0 0 0 0 0 4 6 4 6 0 0 0 0 0 0 0 0 0 0 4 6 4 6 0 0 0 0 0 0 0 0 0 0 4 6 4 6 0 0 0 0 0 0 0 0 0 0
32 0 1000 0 0 1000 0 1000 4 6 4 6 0 0 0 0 0 0 0 0 0 0 4 6 4 6 0 0 0 0 0 0 0 0 0 0 4 6 4 6 0 0 0 0 0 0 0 0 0 0 4 6 4 6 0 0 0 0 0 0 0 0 0 0 4 6 4 6 0 0 0 0 0 0 0 0 0 0 4 6 4 6 0 0 0 0 0 0 0 0 0 0
33 0 1000 0 0 1000 0 1000 4 6 4 6 0 0 0 0 0 0 0 0 0 0 4 6 4 6 0 0 0 0 0 0 0 0 0 0 4 6 4 6 0 0 0 0 0 0 0 0 0 0 4 6 4 6 0 0 0 0 0 0 0 0 0 0 4 6 4 6 0 0 0 0 0 0 0 0 0 0 4 6 4 6 0 0 0 0 0 0 0 0 0 0
34 0 1000 0 0 1000 0 1000 4 6 4 6 0 0 25296 93 0 0 0 0 25296 93 4 6 4 6 0 0 25296 93 0 0 0 0 25296 93 4 6 4 6 0 0 25296 93 0 0 0 0 25296 93 4 6 4 6 0 0 25296 93 0 0 0 0 25296 93 4 6 4 6 0 0 25296 93 0 0 0 0 25296 93 4 6 4 6 0 0 25296 93 0 0 0 0 25296 93
35 0 1000 0 0 1000 0 1000 4 6 4 6 0 0 0 0 0 0 0 0 0 0 4 6 4 6 0 0 0 0 0 0 0 0 0 0 4 6 4 6 0 0 0 0 0 0 0 0 0 0 4 6 4 6 0 0 0 0 0 0 0 0 0 0 4 6 4 6 0 0 0 0 0 0 0 0 0 0 4 6 4 6 0 0 0 0 0 0 0 0 0 0
36 0 1000 0 0 1000 0 1000 4 6 4 6 0 0 0 0 0 0 0 0 0 0 4 6 4 6 0 0 0 0 0 0 0 0 0 0 4 6 4 6 0 0 0 0 0 0 0 0 0 0 4 6 4 6 0 0 0 0 0 0 0 0 0 0 4 6 4 6 0 0 0 0 0 0 0 0 0 0 4 6 4 6 0 0 0 0 0 0 0 0 0 0
37 0 1000 0 0 1000 0 1000 4 6 4 6 0 0 166828 2 166828 2 0 0 0 0 4 6 4 6 0 0 166828 2 166828 2 0 0 0 0 4 6 4 6 0 0 166828 2 166828 2 0 0 0 0 4 6 4 6 0 0 166828 2 166828 2 0 0 0 0 4 6 4 6 0 0 166828 2 166828 2 0 0 0 0 4 6 4 6 0 0 166828 2 166828 2 0 0 0 0
38 0 1000 0 0 1000 0 1000 5 9 5 9 0 0 108850 106 0 0 80290 1 28560 105 5 9 5 9 0 0 108850 106 0 0 80290 1 28560 105 5 9 5 9 0 0 108850 106 0 0 80290 1 28560 105 5 9 5 9 0 0 108850 106 0 0 80290 1 28560 105 5 9 5 9 0 0 108850 106 0 0 80290 1 28560 105 5 9 5 9 0 0 108850 106 0 0 80290 1 28560 105
39 0 1000 0 0 1000 0 1000 5 9 5 9 0 0 0 0 0 0 0 0 0 0 5 9 5 9 0 0 0 0 0 0 0 0 0 0 5 9 5 9 0 0 0 0 0 0 0 0 0 0 5 9 5 9 0 0 0 0 0 0 0 0 0 0 5 9 5 9 0 0 0 0 0 0 0 0 0 0 5 9 5 9 0 0 0 0 0 0 0 0 0 0
40 0 1000 0 0 1000 0 1000 5 9 5 9 0 0 0 0 0 0 0 0 0 0 5 9 5 9 0 0 0 0 0 0 0 0 0 0 5 9 5 9 0 0 0 0 0 0 0 0 0 0 5 9 5 9 0 0 0 0 0 0 0 0 0 0 5 9 5 9 0 0 0 0 0 0 0 0 0 0 5 9 5 9 0 0 0 0 0 0 0 0 0 0
41 0 1000 0 0 1000 0 1000 5 9 5 9 0 0 251396 3 251396 3 0 0 0 0 5 9 5 9 0 0 251396 3 251396 3 0 0 0 0 5 9 5 9 0 0 251396 3 251396 3 0 0 0 0 5 9 5 9 0 0 251396 3 251396 3 0 0 0 0 5 9 5 9 0 0 251396 3 251396 3 0 0 0 0 5 9 5 9 0 0 251396 3 251396 3 0 0 0 0
42 0 1000 0 0 1000 0 1000 6 10 6 10 0 0 106947 99 0 0 80291 1 26656 98 6 10 6 10 0 0 106947 99 0 0 80291 1 26656 98 6 10 6 10 0 0 106947 99 0 0 80291 1 26656 98 6 10 6 10 0 0 106947 99 0 0 80291 1 26656 98 6 10 6 10 0 0 106947 99 0 0 80291 1 26656 98 6 10 6 10 0 0 106947 99 0 0 80291 1 26656 98
43 0 1000 0 0 1000 0 1000 6 10 6 10 0 0 0 0 0 0 0 0 0 0 6 10 6 10 0 0 0 0 0 0 0 0 0 0 6 10 6 10 0 0 0 0 0 0 0 0 0 0 6 10 6 10 0 0 0 0 0 0 0 0 0 0 6 10 6 10 0 0 0 0 0 0 0 0 0 0 6 10 6 10 0 0 0 0 0 0 0 0 0 0
44 0 1000 0 0 1000 0 1000 6 10 6 10 0 0 0 0 0 0 0 0 0 0 6 10 6 10 0 0 0 0 0 0 0 0 0 0 6 10 6 10 0 0 0 0 0 0 0 0 0 0 6 10 6 10 0 0 0 0 0 0 0 0 0 0 6 10 6 10 0 0 0 0 0 0 0 0 0 0 6 10 6 10 0 0 0 0 0 0 0 0 0 0
45 0 1000 0 0 1000 0 1000 6 10 6 10 0 0 167150 2 167150 2 0 0 0 0 6 10 6 10 0 0 167150 2 167150 2 0 0 0 0 6 10 6 10 0 0 167150 2 167150 2 0 0 0 0 6 10 6 10 0 0 167150 2 167150 2 0 0 0 0 6 10 6 10 0 0 167150 2 167150 2 0 0 0 0 6 10 6 10 0 0 167150 2 167150 2 0 0 0 0
46 0 1000 0 0 1000 0 1000 7 11 7 11 0 0 105315 93 0 0 80291 1 25024 92 7 11 7 11 0 0 105315 93 0 0 80291 1 25024 92 7 11 7 11 0 0 105315 93 0 0 80291 1 25024 92 7 11 7 11 0 0 105315 93 0 0 80291 1 25024 92 7 11 7 11 0 0 105315 93 0 0 80291 1 25024 92 7 11 7 11 0 0 105315 93 0 0 80291 1 25024 92
47 0 1000 0 0 1000 0 1000 7 11 7 11 1 1 0 0 0 0 0 0 0 0 7 11 7 11 1 1 0 0 0 0 0 0 0 0 7 11 7 11 1 1 0 0 0 0 0 0 0 0 7 11 7 11 1 1 0 0 0 0 0 0 0 0 7 11 7 11 1 1 0 0 0 0 0 0 0 0 7 11 7 11 1 1 0 0 0 0 0 0 0 0
48 0 1000 0 0 1000 0 1000 7 11 7 11 1 1 0 0 0 0 0 0 0 0 7 11 7 11 1 1 0 0 0 0 0 0 0 0 7 11 7 11 1 1 0 0 0 0 0 0 0 0 7 11 7 11 1 1 0 0 0 0 0 0 0 0 7 11 7 11 1 1 0 0 0 0 0 0 0 0 7 11 7 11 1 1 0 0 0 0 0 0 0 0
49 0 1000 0 0 1000 0 1000 7 11 7 11 1 1 250148 3 250148 3 0 0 0 0 7 11 7 11 1 1 250148 3 250148 3 0 0 0 0 7 11 7 11 1 1 250148 3 250148 3 0 0 0 0 7 11 7 11 1 1 250148 3 250148 3 0 0 0 0 7 11 7 11 1 1 250148 3 250148 3 0 0 0 0 7 11 7 11 1 1 250148 3 250148 3 0 0 0 0
50 0 1000 0 0 1000 0 1000 8 12 8 12 1 1 108578 105 0 0 80290 1 28288 104 8 12 8 12 1 1 108578 105 0 0 80290 1 28288 104 8 12 8 12 1 1 108578 105 0 0 80290 1 28288 104 8 12 8 12 1 1 108578 105 0 0 80290 1 28288 104 8 12 8 12 1 1 108578 105 0 0 80290 1 28288 104 8 12 8 12 1 1 108578 105 0 0 80290 1 28288 104
51 0 1000 0 0 1000 0 1000 8 12 8 12 2 2 0 0 0 0 0 0 0 0 8 12 8 12 2 2 0 0 0 0 0 0 0 0 8 12 8 12 2 2 0 0 0 0 0 0 0 0 8 12 8 12 2 2 0 0 0 0 0 0 0 0 8 12 8 12 2 2 0 0 0 0 0 0 0 0 8 12 8 12 2 2 0 0 0 0 0 0 0 0
52 0 1000 0 0 1000 0 1000 8 12 8 12 2 2 0 0 0 0 0 0 0 0 8 12 8 12 2 2 0 0 0 0 0 0 0 0 8 12 8 12 2 2 0 0 0 0 0 0 0 0 8 12 8 12 2 2 0 0 0 0 0 0 0 0 8 12 8 12 2 2 0 0 0 0 0 0 0 0 8 12 8 12 2 2 0 0 0 0 0 0 0 0
53 0 1000 0 0 1000 0 1000 8 12 8 12 2 2 167534 2 167534 2 0 0 0 0 8 12 8 12 2 2 167534 2 167534 2 0 0 0 0 8 12 8 12 2 2 167534 2 167534 2 0 0 0 0 8 12 8 12 2 2 167534 2 167534 2 0 0 0 0 8 12 8 12 2 2 167534 2 167534 2 0 0 0 0 8 12 8 12 2 2 167534 2 167534 2 0 0 0 0
54 0 1000 0 0 1000 0 1000 9 13 9 13 2 2 105043 92 0 0 80291 1 24752 91 9 13 9 13 2 2 105043 92 0 0 80291 1 24752 91 9 13 9 13 2 2 105043 92 0 0 80291 1 24752 91 9 13 9 13 2 2 105043 92 0 0 80291 1 24752 91 9 13 9 13 2 2 105043 92 0 0 80291 1 24752 91 9 13 9 13 2 2 105043 92 0 0 80291 1 24752 91
55 0 1000 0 0 1000 0 1000 9 13 9 13 2 2 0 0 0 0 0 0 0 0 9 13 9 13 2 2 0 0 0 0 0 0 0 0 9 13 9 13 2 2 0 0 0 0 0 0 0 0 9 13 9 13 2 2 0 0 0 0 0 0 0 0 9 13 9 13 2 2 0 0 0 0 0 0 0 0 9 13 9 13 2 2 0 0 0 0 0 0 0 0
56 0 1000 0 0 1000 0 1000 9 13 9 13 2 2 0 0 0 0 0 0 0 0 9 13 9 13 2 2 0 0 0 0 0 0 0 0 9 13 9 13 2 2 0 0 0 0 0 0 0 0 9 13 9 13 2 2 0 0 0 0 0 0 0 0 9 13 9 13 2 2 0 0 0 0 0 0 0 0 9 13 9 13 2 2 0 0 0 0 0 0 0 0
57 0 1000 0 0 1000 0 1000 9 13 9 13 2 2 0 0 0 0 0 0 0 0 9 13 9 13 2 2 0 0 0 0 0 0 0 0 9 13 9 13 2 2 0 0 0 0 0 0 0 0 9 13 9 13 2 2 0 0 0 0 0 0 0 0 9 13 9 13 2 2 0 0 0 0 0 0 0 0 9 13 9 13 2 2 0 0 0 0 0 0 0 0
58 0 1000 0 0 1000 0 1000 9 13 9 13 2 2 23936 88 0 0 0 0 23936 88 9 13 9 13 2 2 23936 88 0 0 0 0 23936 88 9 13 9 13 2 2 23936 88 0 0 0 0 23936 88 9 13 9 13 2 2 23936 88 0 0 0 0 23936 88 9 13 9 13 2 2 23936 88 0 0 0 0 23936 88 9 13 9 13 2 2 23936 88 0 0 0 0 23936 88
59 0 1000 0 0 1000 0 1000 9 13 9 13 2 2 0 0 0 0 0 0 0 0 9 13 9 13 2 2 0 0 0 0 0 0 0 0 9 13 9 13 2 2 0 0 0 0 0 0 0 0 9 13 9 13 2 2 0 0 0 0 0 0 0 0 9 13 9 13 2 2 0 0 0 0 0 0 0 0 9 13 9 13 2 2 0 0 0 0 0 0 0 0
60 0 1000 0 0 1000 0 1000 9 13 9 13 2 2 0 0 0 0 0 0 0 0 9 13 9 13 2 2 0 0 0 0 0 0 0 0 9 13 9 13 2 2 0 0 0 0 0 0 0 0 9 13 9 13 2 2 0 0 0 0 0 0 0 0 9 13 9 13 2 2 0 0 0 0 0 0 0 0 9 13 9 13 2 2 0 0 0 0 0 0 0 0
61 0 1000 0 0 1000 0 1000 9 13 9 13 2 2 83255 1 83255 1 0 0 0 0 9 13 9 13 2 2 83255 1 83255 1 0 0 0 0 9 13 9 13 2 2 83255 1 83255 1 0 0 0 0 9 13 9 13 2 2 83255 1 83255 1 0 0 0 0 9 13 9 13 2 2 83255 1 83255 1 0 0 0 0 9 13 9 13 2 2 83255 1 83255 1 0 0 0 0
62 0 1000 0 0 1000 0 1000 10 15 10 15 2 2 105587 94 0 0 80291 1 25296 93 10 15 10 15 2 2 105587 94 0 0 80291 1 25296 93 10 15 10 15 2 2 105587 94 0 0 80291 1 25296 93 10 15 10 15 2 2 105587 94 0 0 80291 1 25296 93 10 15 10 15 2 2 105587 94 0 0 80291 1 25296 93 10 15 10 15 2 2 105587 94 0 0 80291 1 25296 93
63 0 1000 0 0 1000 0 1000 10 15 10 15 3 5 0 0 0 0 0 0 0 0 10 15 10 15 3 5 0 0 0 0 0 0 0 0 10 15 10 15 3 5 0 0 0 0 0 0 0 0 10 15 10 15 3 5 0 0 0 0 0 0 0 0 10 15 10 15 3 5 0 0 0 0 0 0 0 0 10 15 10 15 3 5 0 0 0 0 0 0 0 0
64 0 1000 0 0 1000 0 1000 10 15 10 15 3 5 0 0 0 0 0 0 0 0 10 15 10 15 3 5 0 0 0 0 0 0 0 0 10 15 10 15 3 5 0 0 0 0 0 0 0 0 10 15 10 15 3 5 0 0 0 0 0 0 0 0 10 15 10 15 3 5 0 0 0 0 0 0 0 0 10 15 10 15 3 5 0 0 0 0 0 0 0 0
65 0 1000 0 0 1000 0 1000 10 15 10 15 3 5 83415 1 83415 1 0 0 0 0 10 15 10 15 3 5 83415 1 83415 1 0 0 0 0 10 15 10 15 3 5 83415 1 83415 1 0 0 0 0 10 15 10 15 3 5 83415 1 83415 1 0 0 0 0 10 15 10 15 3 5 83415 1 83415 1 0 0 0 0 10 15 10 15 3 5 83415 1 83415 1 0 0 0 0
66 0 1000 0 0 1000 0 1000 11 16 11 16 3 5 105043 92 0 0 80291 1 24752 91 11 16 11 16 3 5 105043 92 0 0 80291 1 24752 91 11 16 11 16 3 5 105043 92 0 0 80291 1 24752 91 11 16 11 16 3 5 105043 92 0 0 80291 1 24752 91 11 16 11 16 3 5 105043 92 0 0 80291 1 24752 91 11 16 11 16 3 5 105043 92 0 0 80291 1 24752 91
67 0 1000 0 0 1000 0 1000 11 16 11 16 4 6 0 0 0 0 0 0 0 0 11 16 11 16 4 6 0 0 0 0 0 0 0 0 11 16 11 16 4 6 0 0 0 0 0 0 0 0 11 16 11 16 4 6 0 0 0 0 0 0 0 0 11 16 11 16 4 6 0 0 0 0 0 0 0 0 11 16 11 16 4 6 0 0 0 0 0 0 0 0
68 0 1000 0 0 1000 0 1000 11 16 11 16 4 6 0 0 0 0 0 0 0 0 11 16 11 16 4 6 0 0 0 0 0 0 0 0 11 16 11 16 4 6 0 0 0 0 0 0 0 0 11 16 11 16 4 6 0 0 0 0 0 0 0 0 11 16 11 16 4 6 0 0 0 0 0 0 0 0 11 16 11 16 4 6 0 0 0 0 0 0 0 0
69 0 1000 0 0 1000 0 1000 11 16 11 16 4 6 250052 3 250052 3 0 0 0 0 11 16 11 16 4 6 250052 3 250052 3 0 0 0 0 11 16 11 16 4 6 250052 3 250052 3 0 0 0 0 11 16 11 16 4 6 250052 3 250052 3 0 0 0 0 11 16 11 16 4 6 250052 3 250052 3 0 0 0 0 11 16 11 16 4 6 250052 3 250052 3 0 0 0 0
70 0 1000 0 0 1000 0 1000 12 17 12 17 4 6 104771 91 0 0 80291 1 24480 90 12 17 12 17 4 6 104771 91 0 0 80291 1 24480 90 12 17 12 17 4 6 104771 91 0 0 80291 1 24480 90 12 17 12 17 4 6 104771 91 0 0 80291 1 24480 90 12 17 12 17 4 6 104771 91 0 0 80291 1 24480 90 12 17 12 17 4 6 104771 91 0 0 80291 1 24480 90
71 0 1000 0 0 1000 0 1000 12 17 12 17 4 6 0 0 0 0 0 0 0 0 12 17 12 17 4 6 0 0 0 0 0 0 0 0 12 17 12 17 4 6 0 0 0 0 0 0 0 0 12 17 12 17 4 6 0 0 0 0 0 0 0 0 12 17 12 17 4 6 0 0 0 0 0 0 0 0 12 17 12 17 4 6 0 0 0 0 0 0 0 0
72 0 1000 0 0 1000 0 1000 12 17 12 17 4 6 0 0 0 0 0 0 0 0 12 17 12 17 4 6 0 0 0 0 0 0 0 0 12 17 12 17 4 6 0 0 0 0 0 0 0 0 12 17 12 17 4 6 0 0 0 0 0 0 0 0 12 17 12 17 4 6 0 0 0 0 0 0 0 0 12 17 12 17 4 6 0 0 0 0 0 0 0 0
73 0 1000 0 0 1000 0 1000 12 17 12 17 4 6 83318 1 83318 1 0 0 0 0 12 17 12 17 4 6 83318 1 83318 1 0 0 0 0 12 17 12 17 4 6 83318 1 83318 1 0 0 0 0 12 17 12 17 4 6 83318 1 83318 1 0 0 0 0 12 17 12 17 4 6 83318 1 83318 1 0 0 0 0 12 17 12 17 4 6 83318 1 83318 1 0 0 0 0
74 0 1000 0 0 1000 0 1000 13 18 13 18 4 6 107218 100 0 0 80290 1 26928 99 13 18 13 18 4 6 107218 100 0 0 80290 1 26928 99 13 18 13 18 4 6 107218 100 0 0 80290 1 26928 99 13 18 13 18 4 6 107218 100 0 0 80290 1 26928 99 13 18 13 18 4 6 107218 100 0 0 80290 1 26928 99 13 18 13 18 4 6 107218 100 0 0 80290 1 26928 99
75 0 1000 0 0 1000 0 1000 13 18 13 18 4 6 0 0 0 0 0 0 0 0 13 18 13 18 4 6 0 0 0 0 0 0 0 0 13 18 13 18 4 6 0 0 0 0 0 0 0 0 13 18 13 18 4 6 0 0 0 0 0 0 0 0 13 18 13 18 4 6 0 0 0 0 0 0 0 0 13 18 13 18 4 6 0 0 0 0 0 0 0 0
76 0 1000 0 0 1000 0 1000 13 18 13 18 4 6 0 0 0 0 0 0 0 0 13 18 13 18 4 6 0 0 0 0 0 0 0 0 13 18 13 18 4 6 0 0 0 0 0 0 0 0 13 18 13 18 4 6 0 0 0 0 0 0 0 0 13 18 13 18 4 6 0 0 0 0 0 0 0 0 13 18 13 18 4 6 0 0 0 0 0 0 0 0
77 0 1000 0 0 1000 0 1000 13 18 13 18 4 6 83607 1 83607 1 0 0 0 0 13 18 13 18 4 6 83607 1 83607 1 0 0 0 0 13 18 13 18 4 6 83607 1 83607 1 0 0 0 0 13 18 13 18 4 6 83607 1 83607 1 0 0 0 0 13 18 13 18 4 6 83607 1 83607 1 0 0 0 0 13 18 13 18 4 6 83607 1 83607 1 0 0 0 0
78 0 1000 0 0 1000 0 1000 14 19 14 19 4 6 106947 99 0 0 80291 1 26656 98 14 19 14 19 4 6 106947 99 0 0 80291 1 26656 98 14 19 14 19 4 6 106947 99 0 0 80291 1 26656 98 14 19 14 19 4 6 106947 99 0 0 80291 1 26656 98 14 19 14 19 4 6 106947 99 0 0 80291 1 26656 98 14 19 14 19 4 6 106947 99 0 0 80291 1 26656 98
79 0 1000 0 0 1000 0 1000 14 19 14 19 5 9 0 0 0 0 0 0 0 0 14 19 14 19 5 9 0 0 0 0 0 0 0 0 14 19 14 19 5 9 0 0 0 0 0 0 0 0 14 19 14 19 5 9 0 0 0 0 0 0 0 0 14 19 14 19 5 9 0 0 0 0 0 0 0 0 14 19 14 19 5 9 0 0 0 0 0 0 0 0
80 0 1000 0 0 1000 0 1000 14 19 14 19 5 9 0 0 0 0 0 0 0 0 14 19 14 19 5 9 0 0 0 0 0 0 0 0 14 19 14 19 5 9 0 0 0 0 0 0 0 0 14 19 14 19 5 9 0 0 0 0 0 0 0 0 14 19 14 19 5 9 0 0 0 0 0 0 0 0 14 19 14 19 5 9 0 0 0 0 0 0 0 0
81 0 1000 0 0 1000 0 1000 14 19 14 19 5 9 83575 1 83575 1 0 0 0 0 14 19 14 19 5 9 83575 1 83575 1 0 0 0 0 14 19 14 19 5 9 83575 1 83575 1 0 0 0 0 14 19 14 19 5 9 83575 1 83575 1 0 0 0 0 14 19 14 19 5 9 83575 1 83575 1 0 0 0 0 14 19 14 19 5 9 83575 1 83575 1 0 0 0 0
82 0 1000 0 0 1000 0 1000 15 20 15 20 5 9 108035 103 0 0 80291 1 27744 102 15 20 15 20 5 9 108035 103 0 0 80291 1 27744 102 15 20 15 20 5 9 108035 103 0 0 80291 1 27744 102 15 20 15 20 5 9 108035 103 0 0 80291 1 27744 102 15 20 15 20 5 9 108035 103 0 0 80291 1 27744 102 15 20 15 20 5 9 108035 103 0 0 80291 1 27744 102
83 0 1000 0 0 1000 0 1000 15 20 15 20 6 10 0 0 0 0 0 0 0 0 15 20 15 20 6 10 0 0 0 0 0 0 0 0 15 20 15 20 6 10 0 0 0 0 0 0 0 0 15 20 15 20 6 10 0 0 0 0 0 0 0 0 15 20 15 20 6 10 0 0 0 0 0 0 0 0 15 20 15 20 6 10 0 0 0 0 0 0 0 0
84 0 1000 0 0 1000 0 1000 15 20 15 20 6 10 0 0 0 0 0 0 0 0 15 20 15 20 6 10 0 0 0 0 0 0 0 0 15 20 15 20 6 10 0 0 0 0 0 0 0 0 15 20 15 20 6 10 0 0 0 0 0 0 0 0 15 20 15 20 6 10 0 0 0 0 0 0 0 0 15 20 15 20 6 10 0 0 0 0 0 0 0 0
85 0 1000 0 0 1000 0 1000 15 20 15 20 6 10 83703 1 83703 1 0 0 0 0 15 20 15 20 6 10 83703 1 83703 1 0 0 0 0 15 20 15 20 6 10 83703 1 83703 1 0 0 0 0 15 20 15 20 6 10 83703 1 83703 1 0 0 0 0 15 20 15 20 6 10 83703 1 83703 1 0 0 0 0 15 20 15 20 6 10 83703 1 83703 1 0 0 0 0
86 0 1000 0 0 1000 0 1000 16 21 16 21 6 10 110211 111 0 0 80291 1 29920 110 16 21 16 21 6 10 110211 111 0 0 80291 1 29920 110 16 21 16 21 6 10 110211 111 0 0 80291 1 29920 110 16 21 16 21 6 10 110211 111 0 0 80291 1 29920 110 16 21 16 21 6 10 110211 111 0 0 80291 1 29920 110 16 21 16 21 6 10 110211 111 0 0 80291 1 29920 110
87 0 1000 0 0 1000 0 1000 16 21 16 21 7 11 0 0 0 0 0 0 0 0 16 21 16 21 7 11 0 0 0 0 0 0 0 0 16 21 16 21 7 11 0 0 0 0 0 0 0 0 16 21 16 21 7 11 0 0 0 0 0 0 0 0 16 21 16 21 7 11 0 0 0 0 0 0 0 0 16 21 16 21 7 11 0 0 0 0 0 0 0 0
88 0 1000 0 0 1000 0 1000 16 21 16 21 7 11 0 0 0 0 0 0 0 0 16 21 16 21 7 11 0 0 0 0 0 0 0 0 16 21 16 21 7 11 0 0 0 0 0 0 0 0 16 21 16 21 7 11 0 0 0 0 0 0 0 0 16 21 16 21 7 11 0 0 0 0 0 0 0 0 16 21 16 21 7 11 0 0 0 0 0 0 0 0
89 0 1000 0 0 1000 0 1000 16 21 16 21 7 11 167918 2 167918 2 0 0 0 0 16 21 16 21 7 11 167918 2 167918 2 0 0 0 0 16 21 16 21 7 11 167918 2 167918 2 0 0 0 0 16 21 16 21 7 11 167918 2 167918 2 0 0 0 0 16 21 16 21 7 11 167918 2 167918 2 0 0 0 0 16 21 16 21 7 11 167918 2 167918 2 0 0 0 0
90 0 1000 0 0 1000 0 1000 17 22 17 22 7 11 107491 101 0 0 80291 1 27200 100 17 22 17 22 7 11 107491 101 0 0 80291 1 27200 100 17 22 17 22 7 11 107491 101 0 0 80291 1 27200 100 17 22 17 22 7 11 107491 101 0 0 80291 1 27200 100 17 22 17 22 7 11 107491 101 0 0 80291 1 27200 100 17 22 17 22 7 11 107491 101 0 0 80291 1 27200 100
91 0 1000 0 0 1000 0 1000 17 22 17 22 8 12 0 0 0 0 0 0 0 0 17 22 17 22 8 12 0 0 0 0 0 0 0 0 17 22 17 22 8 12 0 0 0 0 0 0 0 0 17 22 17 22 8 12 0 0 0 0 0 0 0 0 17 22 17 22 8 12 0 0 0 0 0 0 0 0 17 22 17 22 8 12 0 0 0 0 0 0 0 0
92 0 1000 0 0 1000 0 1000 17 22 17 22 8 12 0 0 0 0 0 0 0 0 17 22 17 22 8 12 0 0 0 0 0 0 0 0 17 22 17 22 8 12 0 0 0 0 0 0 0 0 17 22 17 22 8 12 0 0 0 0 0 0 0 0 17 22 17 22 8 12 0 0 0 0 0 0 0 0 17 22 17 22 8 12 0 0 0 0 0 0 0 0
93 0 1000 0 0 1000 0 1000 17 22 17 22 8 12 0 0 0 0 0 0 0 0 17 22 17 22 8 12 0 0 0 0 0 0 0 0 17 22 17 22 8 12 0 0 0 0 0 0 0 0 17 22 17 22 8 12 0 0 0 0 0 0 0 0 17 22 17 22 8 12 0 0 0 0 0 0 0 0 17 22 17 22 8 12 0 0 0 0 0 0 0 0
94 0 1000 0 0 1000 0 1000 17 22 17 22 8 12 26656 98 0 0 0 0 26656 98 17 22 17 22 8 12 26656 98 0 0 0 0 26656 98 17 22 17 22 8 12 26656 98 0 0 0 0 26656 98 17 22 17 22 8 12 26656 98 0 0 0 0 26656 98 17 22 17 22 8 12 26656 98 0 0 0 0 26656 98 17 22 17 22 8 12 26656 98 0 0 0 0 26656 98
95 0 1000 0 0 1000 0 1000 17 22 17 22 9 13 0 0 0 0 0 0 0 0 17 22 17 22 9 13 0 0 0 0 0 0 0 0 17 22 17 22 9 13 0 0 0 0 0 0 0 0 17 22 17 22 9 13 0 0 0 0 0 0 0 0 17 22 17 22 9 13 0 0 0 0 0 0 0 0 17 22 17 22 9 13 0 0 0 0 0 0 0 0
96 0 1000 0 0 1000 0 1000 17 22 17 22 9 13 0 0 0 0 0 0 0 0 17 22 17 22 9 13 0 0 0 0 0 0 0 0 17 22 17 22 9 13 0 0 0 0 0 0 0 0 17 22 17 22 9 13 0 0 0 0 0 0 0 0 17 22 17 22 9 13 0 0 0 0 0 0 0 0 17 22 17 22 9 13 0 0 0 0 0 0 0 0
97 0 1000 0 0 1000 0 1000 17 22 17 22 9 13 334300 4 334300 4 0 0 0 0 17 22 17 22 9 13 334300 4 334300 4 0 0 0 0 17 22 17 22 9 13 334300 4 334300 4 0 0 0 0 17 22 17 22 9 13 334300 4 334300 4 0 0 0 0 17 22 17 22 9 13 334300 4 334300 4 0 0 0 0 17 22 17 22 9 13 334300 4 334300 4 0 0 0 0
98 0 1000 0 0 1000 0 1000 18 24 18 24 9 13 108579 105 0 0 80291 1 28288 104 18 24 18 24 9 13 108579 105 0 0 80291 1 28288 104 18 24 18 24 9 13 108579 105 0 0 80291 1 28288 104 18 24 18 24 9 13 108579 105 0 0 80291 1 28288 104 18 24 18 24 9 13 108579 105 0 0 80291 1 28288 104 18 24 18 24 9 13 108579 105 0 0 80291 1 28288 104
99 0 1000 0 0 1000 0 1000 18 24 18 24 9 13 0 0 0 0 0 0 0 0 18 24 18 24 9 13 0 0 0 0 0 0 0 0 18 24 18 24 9 13 0 0 0 0 0 0 0 0 18 24 18 24 9 13 0 0 0 0 0 0 0 0 18 24 18 24 9 13 0 0 0 0 0 0 0 0 18 24 18 24 9 13 0 0 0 0 0 0 0 0
100 0 1000 0 0 1000 0 1000 18 24 18 24 9 13 0 0 0 0 0 0 0 0 18 24 18 24 9 13 0 0 0 0 0 0 0 0 18 24 18 24 9 13 0 0 0 0 0 0 0 0 18 24 18 24 9 13 0 0 0 0 0 0 0 0 18 24 18 24 9 13 0 0 0 0 0 0 0 0 18 24 18 24 9 13 0 0 0 0 0 0 0 0
101 0 1000 0 0 1000 0 1000 18 24 18 24 9 13 167534 2 167534 2 0 0 0 0 18 24 18 24 9 13 167534 2 167534 2 0 0 0 0 18 24 18 24 9 13 167534 2 167534 2 0 0 0 0 18 24 18 24 9 13 167534 2 167534 2 0 0 0 0 18 24 18 24 9 13 167534 2 167534 2 0 0 0 0 18 24 18 24 9 13 167534 2 167534 2 0 0 0 0
102 0 1000 0 0 1000 0 1000 19 25 19 25 9 13 103955 88 0 0 80291 1 23664 87 19 25 19 25 9 13 103955 88 0 0 80291 1 23664 87 19 25 19 25 9 13 103955 88 0 0 80291 1 23664 87 19 25 19 25 9 13 103955 88 0 0 80291 1 23664 87 19 25 19 25 9 13 103955 88 0 0 80291 1 23664 87 19 25 19 25 9 13 103955 88 0 0 80291 1 23664 87
103 0 1000 0 0 1000 0 1000 19 25 19 25 10 15 0 0 0 0 0 0 0 0 19 25 19 25 10 15 0 0 0 0 0 0 0 0 19 25 19 25 10 15 0 0 0 0 0 0 0 0 19 25 19 25 10 15 0 0 0 0 0 0 0 0 19 25 19 25 10 15 0 0 0 0 0 0 0 0 19 25 19 25 10 15 0 0 0 0 0 0 0 0
104 0 1000 0 0 1000 0 1000 19 25 19 25 10 15 0 0 0 0 0 0 0 0 19 25 19 25 10 15 0 0 0 0 0 0 0 0 19 25 19 25 10 15 0 0 0 0 0 0 0 0 19 25 19 25 10 15 0 0 0 0 0 0 0 0 19 25 19 25 10 15 0 0 0 0 0 0 0 0 19 25 19 25 10 15 0 0 0 0 0 0 0 0
105 0 1000 0 0 1000 0 1000 19 25 19 25 10 15 83223 1 83223 1 0 0 0 0 19 25 19 25 10 15 83223 1 83223 1 0 0 0 0 19 25 19 25 10 15 83223 1 83223 1 0 0 0 0 19 25 19 25 10 15 83223 1 83223 1 0 0 0 0 19 25 19 25 10 15 83223 1 83223 1 0 0 0 0 19 25 19 25 10 15 83223 1 83223 1 0 0 0 0
106 0 1000 0 0 1000 0 1000 20 26 20 26 10 15 106131 96 0 0 80291 1 25840 95 20 26 20 26 10 15 106131 96 0 0 80291 1 25840 95 20 26 20 26 10 15 106131 96 0 0 80291 1 25840 95 20 26 20 26 10 15 106131 96 0 0 80291 1 25840 95 20 26 20 26 10 15 106131 96 0 0 80291 1 25840 95 20 26 20 26 10 15 106131 96 0 0 80291 1 25840 95
107 0 1000 0 0 1000 0 1000 20 26 20 26 11 16 0 0 0 0 0 0 0 0 20 26 20 26 11 16 0 0 0 0 0 0 0 0 20 26 20 26 11 16 0 0 0 0 0 0 0 0 20 26 20 26 11 16 0 0 0 0 0 0 0 0 20 26 20 26 11 16 0 0 0 0 0 0 0 0 20 26 20 26 11 16 0 0 0 0 0 0 0 0
108 0 1000 0 0 1000 0 1000 20 26 20 26 11 16 0 0 0 0 0 0 0 0 20 26 20 26 11 16 0 0 0 0 0 0 0 0 20 26 20 26 11 16 0 0 0 0 0 0 0 0 20 26 20 26 11 16 0 0 0 0 0 0 0 0 20 26 20 26 11 16 0 0 0 0 0 0 0 0 20 26 20 26 11 16 0 0 0 0 0 0 0 0
109 0 1000 0 0 1000 0 1000 20 26 20 26 11 16 83479 1 83479 1 0 0 0 0 20 26 20 26 11 16 83479 1 83479 1 0 0 0 0 20 26 20 26 11 16 83479 1 83479 1 0 0 0 0 20 26 20 26 11 16 83479 1 83479 1 0 0 0 0 20 26 20 26 11 16 83479 1 83479 1 0 0 0 0 20 26 20 26 11 16 83479 1 83479 1 0 0 0 0
110 0 1000 0 0 1000 0 1000 21 27 21 27 11 16 106947 99 0 0 80291 1 26656 98 21 27 21 27 11 16 106947 99 0 0 80291 1 26656 98 21 27 21 27 11 16 106947 99 0 0 80291 1 26656 98 21 27 21 27 11 16 106947 99 0 0 80291 1 26656 98 21 27 21 27 11 16 106947 99 0 0 80291 1 26656 98 21 27 21 27 11 16 106947 99 0 0 80291 1 26656 98
111 0 1000 0 0 1000 0 1000 21 27 21 27 12 17 0 0 0 0 0 0 0 0 21 27 21 27 12 17 0 0 0 0 0 0 0 0 21 27 21 27 12 17 0 0 0 0 0 0 0 0 21 27 21 27 12 17 0 0 0 0 0 0 0 0 21 27 21 27 12 17 0 0 0 0 0 0 0 0 21 27 21 27 12 17 0 0 0 0 0 0 0 0
112 0 1000 0 0 1000 0 1000 21 27 21 27 12 17 0 0 0 0 0 0 0 0 21 27 21 27 12 17 0 0 0 0 0 0 0 0 21 27 21 27 12 17 0 0 0 0 0 0 0 0 21 27 21 27 12 17 0 0 0 0 0 0 0 0 21 27 21 27 12 17 0 0 0 0 0 0 0 0 21 27 21 27 12 17 0 0 0 0 0 0 0 0
113 0 1000 0 0 1000 0 1000 21 27 21 27 12 17 83575 1 83575 1 0 0 0 0 21 27 21 27 12 17 83575 1 83575 1 0 0 0 0 21 27 21 27 12 17 83575 1 83575 1 0 0 0 0 21 27 21 27 12 17 83575 1 83575 1 0 0 0 0 21 27 21 27 12 17 83575 1 83575 1 0 0 0 0 21 27 21 27 12 17 83575 1 83575 1 0 0 0 0
114 0 1000 0 0 1000 0 1000 22 28 22 28 12 17 103683 87 0 0 80291 1 23392 86 22 28 22 28 12 17 103683 87 0 0 80291 1 23392 86 22 28 22 28 12 17 103683 87 0 0 80291 1 23392 86 22 28 22 28 12 17 103683 87 0 0 80291 1 23392 86 22 28 22 28 12 17 103683 87 0 0 80291 1 23392 86 22 28 22 28 12 17 103683 87 0 0 80291 1 23392 86
115 0 1000 0 0 1000 0 1000 22 28 22 28 13 18 0 0 0 0 0 0 0 0 22 28 22 28 13 18 0 0 0 0 0 0 0 0 22 28 22 28 13 18 0 0 0 0 0 0 0 0 22 28 22 28 13 18 0 0 0 0 0 0 0 0 22 28 22 28 13 18 0 0 0 0 0 0 0 0 22 28 22 28 13 18 0 0 0 0 0 0 0 0
116 0 1000 0 0 1000 0 1000 22 28 22 28 13 18 0 0 0 0 0 0 0 0 22 28 22 28 13 18 0 0 0 0 0 0 0 0 22 28 22 28 13 18 0 0 0 0 0 0 0 0 22 28 22 28 13 18 0 0 0 0 0 0 0 0 22 28 22 28 13 18 0 0 0 0 0 0 0 0 22 28 22 28 13 18 0 0 0 0 0 0 0 0
117 0 1000 0 0 1000 0 1000 22 28 22 28 13 18 166382 2 166382 2 0 0 0 0 22 28 22 28 13 18 166382 2 166382 2 0 0 0 0 22 28 22 28 13 18 166382 2 166382 2 0 0 0 0 22 28 22 28 13 18 166382 2 166382 2 0 0 0 0 22 28 22 28 13 18 166382 2 166382 2 0 0 0 0 22 28 22 28 13 18 166382 2 166382 2 0 0 0 0
118 0 1000 0 0 1000 0 1000 23 29 23 29 13 18 107219 100 0 0 80291 1 26928 99 23 29 23 29 13 18 107219 100 0 0 80291 1 26928 99 23 29 23 29 13 18 107219 100 0 0 80291 1 26928 99 23 29 23 29 13 18 107219 100 0 0 80291 1 26928 99 23 29 23 29 13 18 107219 100 0 0 80291 1 26928 99 23 29 23 29 13 18 107219 100 0 0 80291 1 26928 99
119 0 1000 0 0 1000 0 1000 23 29 23 29 14 19 0 0 0 0 0 0 0 0 23 29 23 29 14 19 0 0 0 0 0 0 0 0 23 29 23 29 14 19 0 0 0 0 0 0 0 0 23 29 23 29 14 19 0 0 0 0 0 0 0 0 23 29 23 29 14 19 0 0 0 0 0 0 0 0 23 29 23 29 14 19 0 0 0 0 0 0 0 0
120 0 1000 0 0 1000 0 1000 23 29 23 29 14 19 0 0 0 0 0 0 0 0 23 29 23 29 14 19 0 0 0 0 0 0 0 0 23 29 23 29 14 19 0 0 0 0 0 0 0 0 23 29 23 29 14 19 0 0 0 0 0 0 0 0 23 29 23 29 14 19 0 0 0 0 0 0 0 0 23 29 23 29 14 19 0 0 0 0 0 0 0 0
121 0 1000 0 0 1000 0 1000 23 29 23 29 14 19 83607 1 83607 1 0 0 0 0 23 29 23 29 14 19 83607 1 83607 1 0 0 0 0 23 29 23 29 14 19 83607 1 83607 1 0 0 0 0 23 29 23 29 14 19 83607 1 83607 1 0 0 0 0 23 29 23 29 14 19 83607 1 83607 1 0 0 0 0 23 29 23 29 14 19 83607 1 83607 1 0 0 0 0
122 0 1000 0 0 1000 0 1000 24 30 24 30 14 19 110755 113 0 0 80291 1 30464 112 24 30 24 30 14 19 110755 113 0 0 80291 1 30464 112 24 30 24 30 14 19 110755 113 0 0 80291 1 30464 112 24 30 24 30 14 19 110755 113 0 0 80291 1 30464 112 24 30 24 30 14 19 110755 113 0 0 80291 1 30464 112 24 30 24 30 14 19 110755 113 0 0 80291 1 30464 112
123 0 1000 0 0 1000 0 1000 24 30 24 30 15 20 0 0 0 0 0 0 0 0 24 30 24 30 15 20 0 0 0 0 0 0 0 0 24 30 24 30 15 20 0 0 0 0 0 0 0 0 24 30 24 30 15 20 0 0 0 0 0 0 0 0 24 30 24 30 15 20 0 0 0 0 0 0 0 0 24 30 24 30 15 20 0 0 0 0 0 0 0 0
124 0 1000 0 0 1000 0 1000 24 30 24 30 15 20 0 0 0 0 0 0 0 0 24 30 24 30 15 20 0 0 0 0 0 0 0 0 24 30 24 30 15 20 0 0 0 0 0 0 0 0 24 30 24 30 15 20 0 0 0 0 0 0 0 0 24 30 24 30 15 20 0 0 0 0 0 0 0 0 24 30 24 30 15 20 0 0 0 0 0 0 0 0
125 0 1000 0 0 1000 0 1000 24 30 24 30 15 20 336092 4 336092 4 0 0 0 0 24 30 24 30 15 20 336092 4 336092 4 0 0 0 0 24 30 24 30 15 20 336092 4 336092 4 0 0 0 0 24 30 24 30 15 20 336092 4 336092 4 0 0 0 0 24 30 24 30 15 20 336092 4 336092 4 0 0 0 0 24 30 24 30 15 20 336092 4 336092 4 0 0 0 0
126 0 1000 0 0 1000 0 1000 25 31 25 31 15 20 109395 108 0 0 80291 1 29104 107 25 31 25 31 15 20 109395 108 0 0 80291 1 29104 107 25 31 25 31 15 20 109395 108 0 0 80291 1 29104 107 25 31 25 31 15 20 109395 108 0 0 80291 1 29104 107 25 31 25 31 15 20 109395 108 0 0 80291 1 29104 107 25 31 25 31 15 20 109395 108 0 0 80291 1 29104 107
127 0 1000 0 0 1000 0 1000 25 31 25 31 16 21 0 0 0 0 0 0 0 0 25 31 25 31 16 21 0 0 0 0 0 0 0 0 25 31 25 31 16 21 0 0 0 0 0 0 0 0 25 31 25 31 16 21 0 0 0 0 0 0 0 0 25 31 25 31 16 21 0 0 0 0 0 0 0 0 25 31 25 31 16 21 0 0 0 0 0 0 0 0
128 0 1000 0 0 1000 0 1000 25 31 25 31 16 21 0 0 0 0 0 0 0 0 25 31 25 31 16 21 0 0 0 0 0 0 0 0 25 31 25 31 16 21 0 0 0 0 0 0 0 0 25 31 25 31 16 21 0 0 0 0 0 0 0 0 25 31 25 31 16 21 0 0 0 0 0 0 0 0 25 31 25 31 16 21 0 0 0 0 0 0 0 0
129 0 1000 0 0 1000 0 1000 25 31 25 31 16 21 251589 3 251589 3 0 0 0 0 25 31 25 31 16 21 251589 3 251589 3 0 0 0 0 25 31 25 31 16 21 251589 3 251589 3 0 0 0 0 25 31 25 31 16 21 251589 3 251589 3 0 0 0 0 25 31 25 31 16 21 251589 3 251589 3 0 0 0 0 25 31 25 31 16 21 251589 3 251589 3 0 0 0 0
130 0 1000 0 0 1000 0 1000 26 32 26 32 16 21 108307 104 0 0 80291 1 28016 103 26 32 26 32 16 21 108307 104 0 0 80291 1 28016 103 26 32 26 32 16 21 108307 104 0 0 80291 1 28016 103 26 32 26 32 16 21 108307 104 0 0 80291 1 28016 103 26 32 26 32 16 21 108307 104 0 0 80291 1 28016 103 26 32 26 32 16 21 108307 104 0 0 80291 1 28016 103
131 0 1000 0 0 1000 0 1000 26 32 26 32 17 22 0 0 0 0 0 0 0 0 26 32 26 32 17 22 0 0 0 0 0 0 0 0 26 32 26 32 17 22 0 0 0 0 0 0 0 0 26 32 26 32 17 22 0 0 0 0 0 0 0 0 26 32 26 32 17 22 0 0 0 0 0 0 0 0 26 32 26 32 17 22 0 0 0 0 0 0 0 0
132 0 1000 0 0 1000 0 1000 26 32 26 32 17 22 0 0 0 0 0 0 0 0 26 32 26 32 17 22 0 0 0 0 0 0 0 0 26 32 26 32 17 22 0 0 0 0 0 0 0 0 26 32 26 32 17 22 0 0 0 0 0 0 0 0 26 32 26 32 17 22 0 0 0 0 0 0 0 0 26 32 26 32 17 22 0 0 0 0 0 0 0 0
133 0 1000 0 0 1000 0 1000 26 32 26 32 17 22 167470 2 167470 2 0 0 0 0 26 32 26 32 17 22 167470 2 167470 2 0 0 0 0 26 32 26 32 17 22 167470 2 167470 2 0 0 0 0 26 32 26 32 17 22 167470 2 167470 2 0 0 0 0 26 32 26 32 17 22 167470 2 167470 2 0 0 0 0 26 32 26 32 17 22 167470 2 167470 2 0 0 0 0
134 0 1000 0 0 1000 0 1000 27 33 27 33 17 22 108307 104 0 0 80291 1 28016 103 27 33 27 33 17 22 108307 104 0 0 80291 1 28016 103 27 33 27 33 17 22 108307 104 0 0 80291 1 28016 103 27 33 27 33 17 22 108307 104 0 0 80291 1 28016 103 27 33 27 33 17 22 108307 104 0 0 80291 1 28016 103 27 33 27 33 17 22 108307 104 0 0 80291 1 28016 103
135 0 1000 0 0 1000 0 1000 27 33 27 33 17 22 0 0 0 0 0 0 0 0 27 33 27 33 17 22 0 0 0 0 0 0 0 0 27 33 27 33 17 22 0 0 0 0 0 0 0 0 27 33 27 33 17 22 0 0 0 0 0 0 0 0 27 33 27 33 17 22 0 0 0 0 0 0 0 0 27 33 27 33 17 22 0 0 0 0 0 0 0 0
136 0 1000 0 0 1000 0 1000 27 33 27 33 17 22 0 0 0 0 0 0 0 0 27 33 27 33 17 22 0 0 0 0 0 0 0 0 27 33 27 33 17 22 0 0 0 0 0 0 0 0 27 33 27 33 17 22 0 0 0 0 0 0 0 0 27 33 27 33 17 22 0 0 0 0 0 0 0 0 27 33 27 33 17 22 0 0 0 0 0 0 0 0
137 0 1000 0 0 1000 0 1000 27 33 27 33 17 22 167470 2 167470 2 0 0 0 0 27 33 27 33 17 22 167470 2 167470 2 0 0 0 0 27 33 27 33 17 22 167470 2 167470 2 0 0 0 0 27 33 27 33 17 22 167470 2 167470 2 0 0 0 0 27 33 27 33 17 22 167470 2 167470 2 0 0 0 0 27 33 27 33 17 22 167470 2 167470 2 0 0 0 0
138 0 1000 0 0 1000 0 1000 28 34 28 34 17 22 104227 89 0 0 80291 1 23936 88 28 34 28 34 17 22 104227 89 0 0 80291 1 23936 88 28 34 28 34 17 22 104227 89 0 0 80291 1 23936 88 28 34 28 34 17 22 104227 89 0 0 80291 1 23936 88 28 34 28 34 17 22 104227 89 0 0 80291 1 23936 88 28 34 28 34 17 22 104227 89 0 0 80291 1 23936 88
139 0 1000 0 0 1000 0 1000 28 34 28 34 18 24 0 0 0 0 0 0 0 0 28 34 28 34 18 24 0 0 0 0 0 0 0 0 28 34 28 34 18 24 0 0 0 0 0 0 0 0 28 34 28 34 18 24 0 0 0 0 0 0 0 0 28 34 28 34 18 24 0 0 0 0 0 0 0 0 28 34 28 34 18 24 0 0 0 0 0 0 0 0
140 0 1000 0 0 1000 0 1000 28 34 28 34 18 24 0 0 0 0 0 0 0 0 28 34 28 34 18 24 0 0 0 0 0 0 0 0 28 34 28 34 18 24 0 0 0 0 0 0 0 0 28 34 28 34 18 24 0 0 0 0 0 0 0 0 28 34 28 34 18 24 0 0 0 0 0 0 0 0 28 34 28 34 18 24 0 0 0 0 0 0 0 0
141 0 1000 0 0 1000 0 1000 28 34 28 34 18 24 83255 1 83255 1 0 0 0 0 28 34 28 34 18 24 83255 1 83255 1 0 0 0 0 28 34 28 34 18 24 83255 1 83255 1 0 0 0 0 28 34 28 34 18 24 83255 1 83255 1 0 0 0 0 28 34 28 34 18 24 83255 1 83255 1 0 0 0 0 28 34 28 34 18 24 83255 1 83255 1 0 0 0 0
142 0 1000 0 0 1000 0 1000 29 35 29 35 18 24 106675 98 0 0 80291 1 26384 97 29 35 29 35 18 24 106675 98 0 0 80291 1 26384 97 29 35 29 35 18 24 106675 98 0 0 80291 1 26384 97 29 35 29 35 18 24 106675 98 0 0 80291 1 26384 97 29 35 29 35 18 24 106675 98 0 0 80291 1 26384 97 29 35 29 35 18 24 106675 98 0 0 80291 1 26384 97
143 0 1000 0 0 1000 0 1000 29 35 29 35 19 25 0 0 0 0 0 0 0 0 29 35 29 35 19 25 0 0 0 0 0 0 0 0 29 35 29 35 19 25 0 0 0 0 0 0 0 0 29 35 29 35 19 25 0 0 0 0 0 0 0 0 29 35 29 35 19 25 0 0 0 0 0 0 0 0 29 35 29 35 19 25 0 0 0 0 0 0 0 0
144 0 1000 0 0 1000 0 1000 29 35 29 35 19 25 0 0 0 0 0 0 0 0 29 35 29 35 19 25 0 0 0 0 0 0 0 0 29 35 29 35 19 25 0 0 0 0 0 0 0 0 29 35 29 35 19 25 0 0 0 0 0 0 0 0 29 35 29 35 19 25 0 0 0 0 0 0 0 0 29 35 29 35 19 25 0 0 0 0 0 0 0 0
145 0 1000 0 0 1000 0 1000 29 35 29 35 19 25 83543 1 83543 1 0 0 0 0 29 35 29 35 19 25 83543 1 83543 1 0 0 0 0 29 35 29 35 19 25 83543 1 83543 1 0 0 0 0 29 35 29 35 19 25 83543 1 83543 1 0 0 0 0 29 35 29 35 19 25 83543 1 83543 1 0 0 0 0 29 35 29 35 19 25 83543 1 83543 1 0 0 0 0
146 0 1000 0 0 1000 0 1000 30 36 30 36 19 25 104771 91 0 0 80291 1 24480 90 30 36 30 36 19 25 104771 91 0 0 80291 1 24480 90 30 36 30 36 19 25 104771 91 0 0 80291 1 24480 90 30 36 30 36 19 25 104771 91 0 0 80291 1 24480 90 30 36 30 36 19 25 104771 91 0 0 80291 1 24480 90 30 36 30 36 19 25 104771 91 0 0 80291 1 24480 90
147 0 1000 0 0 1000 0 1000 30 36 30 36 20 26 0 0 0 0 0 0 0 0 30 36 30 36 20 26 0 0 0 0 0 0 0 0 30 36 30 36 20 26 0 0 0 0 0 0 0 0 30 36 30 36 20 26 0 0 0 0 0 0 0 0 30 36 30 36 20 26 0 0 0 0 0 0 0 0 30 36 30 36 20 26 0 0 0 0 0 0 0 0
148 0 1000 0 0 1000 0 1000 30 36 30 36 20 26 0 0 0 0 0 0 0 0 30 36 30 36 20 26 0 0 0 0 0 0 0 0 30 36 30 36 20 26 0 0 0 0 0 0 0 0 30 36 30 36 20 26 0 0 0 0 0 0 0 0 30 36 30 36 20 26 0 0 0 0 0 0 0 0 30 36 30 36 20 26 0 0 0 0 0 0 0 0
149 0 1000 0 0 1000 0 1000 30 36 30 36 20 26 166636 2 166636 2 0 0 0 0 30 36 30 36 20 26 166636 2 166636 2 0 0 0 0 30 36 30 36 20 26 166636 2 166636 2 0 0 0 0 30 36 30 36 20 26 166636 2 166636 2 0 0 0 0 30 36 30 36 20 26 166636 2 166636 2 0 0 0 0 30 36 30 36 20 26 166636 2 166636 2 0 0 0 0
150 0 1000 0 0 1000 0 1000 31 37 31 37 20 26 108034 103 0 0 80290 1 27744 102 31 37 31 37 20 26 108034 103 0 0 80290 1 27744 102 31 37 31 37 20 26 108034 103 0 0 80290 1 27744 102 31 37 31 37 20 26 108034 103 0 0 80290 1 27744 102 31 37 31 37 20 26 108034 103 0 0 80290 1 27744 102 31 37 31 37 20 26 108034 103 0 0 80290 1 27744 102
151 0 1000 0 0 1000 0 1000 31 37 31 37 21 27 0 0 0 0 0 0 0 0 31 37 31 37 21 27 0 0 0 0 0 0 0 0 31 37 31 37 21 27 0 0 0 0 0 0 0 0 31 37 31 37 21 27 0 0 0 0 0 0 0 0 31 37 31 37 21 27 0 0 0 0 0 0 0 0 31 37 31 37 21 27 0 0 0 0 0 0 0 0
152 0 1000 0 0 1000 0 1000 31 37 31 37 21 27 0 0 0 0 0 0 0 0 31 37 31 37 21 27 0 0 0 0 0 0 0 0 31 37 31 37 21 27 0 0 0 0 0 0 0 0 31 37 31 37 21 27 0 0 0 0 0 0 0 0 31 37 31 37 21 27 0 0 0 0 0 0 0 0 31 37 31 37 21 27 0 0 0 0 0 0 0 0
153 0 1000 0 0 1000 0 1000 31 37 31 37 21 27 0 0 0 0 0 0 0 0 31 37 31 37 21 27 0 0 0 0 0 0 0 0 31 37 31 37 21 27 0 0 0 0 0 0 0 0 31 37 31 37 21 27 0 0 0 0 0 0 0 0 31 37 31 37 21 27 0 0 0 0 0 0 0 0 31 37 31 37 21 27 0 0 0 0 0 0 0 0
154 0 1000 0 0 1000 0 1000 31 37 31 37 21 27 29376 108 0 0 0 0 29376 108 31 37 31 37 21 27 29376 108 0 0 0 0 29376 108 31 37 31 37 21 27 29376 108 0 0 0 0 29376 108 31 37 31 37 21 27 29376 108 0 0 0 0 29376 108 31 37 31 37 21 27 29376 108 0 0 0 0 29376 108 31 37 31 37 21 27 29376 108 0 0 0 0 29376 108
155 0 1000 0 0 1000 0 1000 31 37 31 37 22 28 0 0 0 0 0 0 0 0 31 37 31 37 22 28 0 0 0 0 0 0 0 0 31 37 31 37 22 28 0 0 0 0 0 0 0 0 31 37 31 37 22 28 0 0 0 0 0 0 0 0 31 37 31 37 22 28 0 0 0 0 0 0 0 0 31 37 31 37 22 28 0 0 0 0 0 0 0 0
156 0 1000 0 0 1000 0 1000 31 37 31 37 22 28 0 0 0 0 0 0 0 0 31 37 31 37 22 28 0 0 0 0 0 0 0 0 31 37 31 37 22 28 0 0 0 0 0 0 0 0 31 37 31 37 22 28 0 0 0 0 0 0 0 0 31 37 31 37 22 28 0 0 0 0 0 0 0 0 31 37 31 37 22 28 0 0 0 0 0 0 0 0
157 0 1000 0 0 1000 0 1000 31 37 31 37 22 28 83895 1 83895 1 0 0 0 0 31 37 31 37 22 28 83895 1 83895 1 0 0 0 0 31 37 31 37 22 28 83895 1 83895 1 0 0 0 0 31 37 31 37 22 28 83895 1 83895 1 0 0 0 0 31 37 31 37 22 28 83895 1 83895 1 0 0 0 0 31 37 31 37 22 28 83895 1 83895 1 0 0 0 0
158 0 1000 0 0 1000 0 1000 32 39 32 39 22 28 105315 93 0 0 80291 1 25024 92 32 39 32 39 22 28 105315 93 0 0 80291 1 25024 92 32 39 32 39 22 28 105315 93 0 0 80291 1 25024 92 32 39 32 39 22 28 105315 93 0 0 80291 1 25024 92 32 39 32 39 22 28 105315 93 0 0 80291 1 25024 92 32 39 32 39 22 28 105315 93 0 0 80291 1 25024 92
159 0 1000 0 0 1000 0 1000 32 39 32 39 23 29 0 0 0 0 0 0 0 0 32 39 32 39 23 29 0 0 0 0 0 0 0 0 32 39 32 39 23 29 0 0 0 0 0 0 0 0 32 39 32 39 23 29 0 0 0 0 0 0 0 0 32 39 32 39 23 29 0 0 0 0 0 0 0 0 32 39 32 39 23 29 0 0 0 0 0 0 0 0
160 0 1000 0 0 1000 0 1000 32 39 32 39 23 29 0 0 0 0 0 0 0 0 32 39 32 39 23 29 0 0 0 0 0 0 0 0 32 39 32 39 23 29 0 0 0 0 0 0 0 0 32 39 32 39 23 29 0 0 0 0 0 0 0 0 32 39 32 39 23 29 0 0 0 0 0 0 0 0 32 39 32 39 23 29 0 0 0 0 0 0 0 0
161 0 1000 0 0 1000 0 1000 32 39 32 39 23 29 250149 3 250149 3 0 0 0 0 32 39 32 39 23 29 250149 3 250149 3 0 0 0 0 32 39 32 39 23 29 250149 3 250149 3 0 0 0 0 32 39 32 39 23 29 250149 3 250149 3 0 0 0 0 32 39 32 39 23 29 250149 3 250149 3 0 0 0 0 32 39 32 39 23 29 250149 3 250149 3 0 0 0 0
162 0 1000 0 0 1000 0 1000 33 40 33 40 23 29 112931 121 0 0 80291 1 32640 120 33 40 33 40 23 29 112931 121 0 0 80291 1 32640 120 33 40 33 40 23 29 112931 121 0 0 80291 1 32640 120 33 40 33 40 23 29 112931 121 0 0 80291 1 32640 120 33 40 33 40 23 29 112931 121 0 0 80291 1 32640 120 33 40 33 40 23 29 112931 121 0 0 80291 1 32640 120
163 0 1000 0 0 1000 0 1000 33 40 33 40 24 30 0 0 0 0 0 0 0 0 33 40 33 40 24 30 0 0 0 0 0 0 0 0 33 40 33 40 24 30 0 0 0 0 0 0 0 0 33 40 33 40 24 30 0 0 0 0 0 0 0 0 33 40 33 40 24 30 0 0 0 0 0 0 0 0 33 40 33 40 24 30 0 0 0 0 0 0 0 0
164 0 1000 0 0 1000 0 1000 33 40 33 40 24 30 0 0 0 0 0 0 0 0 33 40 33 40 24 30 0 0 0 0 0 0 0 0 33 40 33 40 24 30 0 0 0 0 0 0 0 0 33 40 33 40 24 30 0 0 0 0 0 0 0 0 33 40 33 40 24 30 0 0 0 0 0 0 0 0 33 40 33 40 24 30 0 0 0 0 0 0 0 0
165 0 1000 0 0 1000 0 1000 33 40 33 40 24 30 84278 1 84278 1 0 0 0 0 33 40 33 40 24 30 84278 1 84278 1 0 0 0 0 33 40 33 40 24 30 84278 1 84278 1 0 0 0 0 33 40 33 40 24 30 84278 1 84278 1 0 0 0 0 33 40 33 40 24 30 84278 1 84278 1 0 0 0 0 33 40 33 40 24 30 84278 1 84278 1 0 0 0 0
166 0 1000 0 0 1000 0 1000 34 41 34 41 24 30 112658 120 0 0 80290 1 32368 119 34 41 34 41 24 30 112658 120 0 0 80290 1 32368 119 34 41 34 41 24 30 112658 120 0 0 80290 1 32368 119 34 41 34 41 24 30 112658 120 0 0 80290 1 32368 119 34 41 34 41 24 30 112658 120 0 0 80290 1 32368 119 34 41 34 41 24 30 112658 120 0 0 80290 1 32368 119
167 0 1000 0 0 1000 0 1000 34 41 34 41 25 31 0 0 0 0 0 0 0 0 34 41 34 41 25 31 0 0 0 0 0 0 0 0 34 41 34 41 25 31 0 0 0 0 0 0 0 0 34 41 34 41 25 31 0 0 0 0 0 0 0 0 34 41 34 41 25 31 0 0 0 0 0 0 0 0 34 41 34 41 25 31 0 0 0 0 0 0 0 0
168 0 1000 0 0 1000 0 1000 34 41 34 41 25 31 0 0 0 0 0 0 0 0 34 41 34 41 25 31 0 0 0 0 0 0 0 0 34 41 34 41 25 31 0 0 0 0 0 0 0 0 34 41 34 41 25 31 0 0 0 0 0 0 0 0 34 41 34 41 25 31 0 0 0 0 0 0 0 0 34 41 34 41 25 31 0 0 0 0 0 0 0 0
169 0 1000 0 0 1000 0 1000 34 41 34 41 25 31 168494 2 168494 2 0 0 0 0 34 41 34 41 25 31 168494 2 168494 2 0 0 0 0 34 41 34 41 25 31 168494 2 168494 2 0 0 0 0 34 41 34 41 25 31 168494 2 168494 2 0 0 0 0 34 41 34 41 25 31 168494 2 168494 2 0 0 0 0 34 41 34 41 25 31 168494 2 168494 2 0 0 0 0
170 0 1000 0 0 1000 0 1000 35 42 35 42 25 31 106403 97 0 0 80291 1 26112 96 35 42 35 42 25 31 106403 97 0 0 80291 1 26112 96 35 42 35 42 25 31 106403 97 0 0 80291 1 26112 96 35 42 35 42 25 31 106403 97 0 0 80291 1 26112 96 35 42 35 42 25 31 106403 97 0 0 80291 1 26112 96 35 42 35 42 25 31 106403 97 0 0 80291 1 26112 96
171 0 1000 0 0 1000 0 1000 35 42 35 42 26 32 0 0 0 0 0 0 0 0 35 42 35 42 26 32 0 0 0 0 0 0 0 0 35 42 35 42 26 32 0 0 0 0 0 0 0 0 35 42 35 42 26 32 0 0 0 0 0 0 0 0 35 42 35 42 26 32 0 0 0 0 0 0 0 0 35 42 35 42 26 32 0 0 0 0 0 0 0 0
172 0 1000 0 0 1000 0 1000 35 42 35 42 26 32 0 0 0 0 0 0 0 0 35 42 35 42 26 32 0 0 0 0 0 0 0 0 35 42 35 42 26 32 0 0 0 0 0 0 0 0 35 42 35 42 26 32 0 0 0 0 0 0 0 0 35 42 35 42 26 32 0 0 0 0 0 0 0 0 35 42 35 42 26 32 0 0 0 0 0 0 0 0
173 0 1000 0 0 1000 0 1000 35 42 35 42 26 32 167022 2 167022 2 0 0 0 0 35 42 35 42 26 32 167022 2 167022 2 0 0 0 0 35 42 35 42 26 32 167022 2 167022 2 0 0 0 0 35 42 35 42 26 32 167022 2 167022 2 0 0 0 0 35 42 35 42 26 32 167022 2 167022 2 0 0 0 0 35 42 35 42 26 32 167022 2 167022 2 0 0 0 0
174 0 1000 0 0 1000 0 1000 36 43 36 43 26 32 103683 87 0 0 80291 1 23392 86 36 43 36 43 26 32 103683 87 0 0 80291 1 23392 86 36 43 36 43 26 32 103683 87 0 0 80291 1 23392 86 36 43 36 43 26 32 103683 87 0 0 80291 1 23392 86 36 43 36 43 26 32 103683 87 0 0 80291 1 23392 86 36 43 36 43 26 32 103683 87 0 0 80291 1 23392 86
175 0 1000 0 0 1000 0 1000 36 43 36 43 27 33 0 0 0 0 0 0 0 0 36 43 36 43 27 33 0 0 0 0 0 0 0 0 36 43 36 43 27 33 0 0 0 0 0 0 0 0 36 43 36 43 27 33 0 0 0 0 0 0 0 0 36 43 36 43 27 33 0 0 0 0 0 0 0 0 36 43 36 43 27 33 0 0 0 0 0 0 0 0
176 0 1000 0 0 1000 0 1000 36 43 36 43 27 33 0 0 0 0 0 0 0 0 36 43 36 43 27 33 0 0 0 0 0 0 0 0 36 43 36 43 27 33 0 0 0 0 0 0 0 0 36 43 36 43 27 33 0 0 0 0 0 0 0 0 36 43 36 43 27 33 0 0 0 0 0 0 0 0 36 43 36 43 27 33 0 0 0 0 0 0 0 0
177 0 1000 0 0 1000 0 1000 36 43 36 43 27 33 83191 1 83191 1 0 0 0 0 36 43 36 43 27 33 83191 1 83191 1 0 0 0 0 36 43 36 43 27 33 83191 1 83191 1 0 0 0 0 36 43 36 43 27 33 83191 1 83191 1 0 0 0 0 36 43 36 43 27 33 83191 1 83191 1 0 0 0 0 36 43 36 43 27 33 83191 1 83191 1 0 0 0 0
178 0 1000 0 0 1000 0 1000 37 44 37 44 27 33 105859 95 0 0 80291 1 25568 94 37 44 37 44 27 33 105859 95 0 0 80291 1 25568 94 37 44 37 44 27 33 105859 95 0 0 80291 1 25568 94 37 44 37 44 27 33 105859 95 0 0 80291 1 25568 94 37 44 37 44 27 33 105859 95 0 0 80291 1 25568 94 37 44 37 44 27 33 105859 95 0 0 80291 1 25568 94
179 0 1000 0 0 1000 0 1000 37 44 37 44 28 34 0 0 0 0 0 0 0 0 37 44 37 44 28 34 0 0 0 0 0 0 0 0 37 44 37 44 28 34 0 0 0 0 0 0 0 0 37 44 37 44 28 34 0 0 0 0 0 0 0 0 37 44 37 44 28 34 0 0 0 0 0 0 0 0 37 44 37 44 28 34 0 0 0 0 0 0 0 0
180 0 1000 0 0 1000 0 1000 37 44 37 44 28 34 0 0 0 0 0 0 0 0 37 44 37 44 28 34 0 0 0 0 0 0 0 0 37 44 37 44 28 34 0 0 0 0 0 0 0 0 37 44 37 44 28 34 0 0 0 0 0 0 0 0 37 44 37 44 28 34 0 0 0 0 0 0 0 0 37 44 37 44 28 34 0 0 0 0 0 0 0 0
181 0 1000 0 0 1000 0 1000 37 44 37 44 28 34 417235 5 417235 5 0 0 0 0 37 44 37 44 28 34 417235 5 417235 5 0 0 0 0 37 44 37 44 28 34 417235 5 417235 5 0 0 0 0 37 44 37 44 28 34 417235 5 417235 5 0 0 0 0 37 44 37 44 28 34 417235 5 417235 5 0 0 0 0 37 44 37 44 28 34 417235 5 417235 5 0 0 0 0
182 0 1000 0 0 1000 0 1000 38 45 38 45 28 34 111843 117 0 0 80291 1 31552 116 38 45 38 45 28 34 111843 117 0 0 80291 1 31552 116 38 45 38 45 28 34 111843 117 0 0 80291 1 31552 116 38 45 38 45 28 34 111843 117 0 0 80291 1 31552 116 38 45 38 45 28 34 111843 117 0 0 80291 1 31552 116 38 45 38 45 28 34 111843 117 0 0 80291 1 31552 116
183 0 1000 0 0 1000 0 1000 38 45 38 45 29 35 0 0 0 0 0 0 0 0 38 45 38 45 29 35 0 0 0 0 0 0 0 0 38 45 38 45 29 35 0 0 0 0 0 0 0 0 38 45 38 45 29 35 0 0 0 0 0 0 0 0 38 45 38 45 29 35 0 0 0 0 0 0 0 0 38 45 38 45 29 35 0 0 0 0 0 0 0 0
184 0 1000 0 0 1000 0 1000 38 45 38 45 29 35 0 0 0 0 0 0 0 0 38 45 38 45 29 35 0 0 0 0 0 0 0 0 38 45 38 45 29 35 0 0 0 0 0 0 0 0 38 45 38 45 29 35 0 0 0 0 0 0 0 0 38 45 38 45 29 35 0 0 0 0 0 0 0 0 38 45 38 45 29 35 0 0 0 0 0 0 0 0
185 0 1000 0 0 1000 0 1000 38 45 38 45 29 35 0 0 0 0 0 0 0 0 38 45 38 45 29 35 0 0 0 0 0 0 0 0 38 45 38 45 29 35 0 0 0 0 0 0 0 0 38 45 38 45 29 35 0 0 0 0 0 0 0 0 38 45 38 45 29 35 0 0 0 0 0 0 0 0 38 45 38 45 29 35 0 0 0 0 0 0 0 0
186 0 1000 0 0 1000 0 1000 38 45 38 45 29 35 28288 104 0 0 0 0 28288 104 38 45 38 45 29 35 28288 104 0 0 0 0 28288 104 38 45 38 45 29 35 28288 104 0 0 0 0 28288 104 38 45 38 45 29 35 28288 104 0 0 0 0 28288 104 38 45 38 45 29 35 28288 104 0 0 0 0 28288 104 38 45 38 45 29 35 28288 104 0 0 0 0 28288 104
187 0 1000 0 0 1000 0 1000 38 45 38 45 30 36 0 0 0 0 0 0 0 0 38 45 38 45 30 36 0 0 0 0 0 0 0 0 38 45 38 45 30 36 0 0 0 0 0 0 0 0 38 45 38 45 30 36 0 0 0 0 0 0 0 0 38 45 38 45 30 36 0 0 0 0 0 0 0 0 38 45 38 45 30 36 0 0 0 0 0 0 0 0
188 0 1000 0 0 1000 0 1000 38 45 38 45 30 36 0 0 0 0 0 0 0 0 38 45 38 45 30 36 0 0 0 0 0 0 0 0 38 45 38 45 30 36 0 0 0 0 0 0 0 0 38 45 38 45 30 36 0 0 0 0 0 0 0 0 38 45 38 45 30 36 0 0 0 0 0 0 0 0 38 45 38 45 30 36 0 0 0 0 0 0 0 0
189 0 1000 0 0 1000 0 1000 38 45 38 45 30 36 0 0 0 0 0 0 0 0 38 45 38 45 30 36 0 0 0 0 0 0 0 0 38 45 38 45 30 36 0 0 0 0 0 0 0 0 38 45 38 45 30 36 0 0 0 0 0 0 0 0 38 45 38 45 30 36 0 0 0 0 0 0 0 0 38 45 38 45 30 36 0 0 0 0 0 0 0 0
190 0 1000 0 0 1000 0 1000 38 45 38 45 30 36 33456 123 0 0 0 0 33456 123 38 45 38 45 30 36 33456 123 0 0 0 0 33456 123 38 45 38 45 30 36 33456 123 0 0 0 0 33456 123 38 45 38 45 30 36 33456 123 0 0 0 0 33456 123 38 45 38 45 30 36 33456 123 0 0 0 0 33456 123 38 45 38 45 30 36 33456 123 0 0 0 0 33456 123
191 0 1000 0 0 1000 0 1000 38 45 38 45 31 37 0 0 0 0 0 0 0 0 38 45 38 45 31 37 0 0 0 0 0 0 0 0 38 45 38 45 31 37 0 0 0 0 0 0 0 0 38 45 38 45 31 37 0 0 0 0 0 0 0 0 38 45 38 45 31 37 0 0 0 0 0 0 0 0 38 45 38 45 31 37 0 0 0 0 0 0 0 0
192 0 1000 0 0 1000 0 1000 38 45 38 45 31 37 0 0 0 0 0 0 0 0 38 45 38 45 31 37 0 0 0 0 0 0 0 0 38 45 38 45 31 37 0 0 0 0 0 0 0 0 38 45 38 45 31 37 0 0 0 0 0 0 0 0 38 45 38 45 31 37 0 0 0 0 0 0 0 0 38 45 38 45 31 37 0 0 0 0 0 0 0 0
193 0 1000 0 0 1000 0 1000 38 45 38 45 31 37 84375 1 84375 1 0 0 0 0 38 45 38 45 31 37 84375 1 84375 1 0 0 0 0 38 45 38 45 31 37 84375 1 84375 1 0 0 0 0 38 45 38 45 31 37 84375 1 84375 1 0 0 0 0 38 45 38 45 31 37 84375 1 84375 1 0 0 0 0 38 45 38 45 31 37 84375 1 84375 1 0 0 0 0
194 0 1000 0 0 1000 0 1000 39 48 39 48 31 37 103139 85 0 0 80291 1 22848 84 39 48 39 48 31 37 103139 85 0 0 80291 1 22848 84 39 48 39 48 31 37 103139 85 0 0 80291 1 22848 84 39 48 39 48 31 37 103139 85 0 0 80291 1 22848 84 39 48 39 48 31 37 103139 85 0 0 80291 1 22848 84 39 48 39 48 31 37 103139 85 0 0 80291 1 22848 84
195 0 1000 0 0 1000 0 1000 39 48 39 48 31 37 0 0 0 0 0 0 0 0 39 48 39 48 31 37 0 0 0 0 0 0 0 0 39 48 39 48 31 37 0 0 0 0 0 0 0 0 39 48 39 48 31 37 0 0 0 0 0 0 0 0 39 48 39 48 31 37 0 0 0 0 0 0 0 0 39 48 39 48 31 37 0 0 0 0 0 0 0 0
196 0 1000 0 0 1000 0 1000 39 48 39 48 31 37 0 0 0 0 0 0 0 0 39 48 39 48 31 37 0 0 0 0 0 0 0 0 39 48 39 48 31 37 0 0 0 0 0 0 0 0 39 48 39 48 31 37 0 0 0 0 0 0 0 0 39 48 39 48 31 37 0 0 0 0 0 0 0 0 39 48 39 48 31 37 0 0 0 0 0 0 0 0
197 0 1000 0 0 1000 0 1000 39 48 39 48 31 37 83127 1 83127 1 0 0 0 0 39 48 39 48 31 37 83127 1 83127 1 0 0 0 0 39 48 39 48 31 37 83127 1 83127 1 0 0 0 0 39 48 39 48 31 37 83127 1 83127 1 0 0 0 0 39 48 39 48 31 37 83127 1 83127 1 0 0 0 0 39 48 39 48 31 37 83127 1 83127 1 0 0 0 0
198 0 1000 0 0 1000 0 1000 40 49 40 49 31 37 106131 96 0 0 80291 1 25840 95 40 49 40 49 31 37 106131 96 0 0 80291 1 25840 95 40 49 40 49 31 37 106131 96 0 0 80291 1 25840 95 40 49 40 49 31 37 106131 96 0 0 80291 1 25840 95 40 49 40 49 31 37 106131 96 0 0 80291 1 25840 95 40 49 40 49 31 37 106131 96 0 0 80291 1 25840 95
199 0 1000 0 0 1000 0 1000 40 49 40 49 32 39 0 0 0 0 0 0 0 0 40 49 40 49 32 39 0 0 0 0 0 0 0 0 40 49 40 49 32 39 0 0 0 0 0 0 0 0 40 49 40 49 32 39 0 0 0 0 0 0 0 0 40 49 40 49 32 39 0 0 0 0 0 0 0 0 40 49 40 49 32 39 0 0 0 0 0 0 0 0
200 0 1000 0 0 1000 0 1000 40 49 40 49 32 39 0 0 0 0 0 0 0 0 40 49 40 49 32 39 0 0 0 0 0 0 0 0 40 49 40 49 32 39 0 0 0 0 0 0 0 0 40 49 40 49 32 39 0 0 0 0 0 0 0 0 40 49 40 49 32 39 0 0 0 0 0 0 0 0 40 49 40 49 32 39 0 0 0 0 0 0 0 0
201 0 1000 0 0 1000 0 1000 40 49 40 49 32 39 83479 1 83479 1 0 0 0 0 40 49 40 49 32 39 83479 1 83479 1 0 0 0 0 40 49 40 49 32 39 83479 1 83479 1 0 0 0 0 40 49 40 49 32 39 83479 1 83479 1 0 0 0 0 40 49 40 49 32 39 83479 1 83479 1 0 0 0 0 40 49 40 49 32 39 83479 1 83479 1 0 0 0 0
202 0 1000 0 0 1000 0 1000 41 50 41 50 32 39 109667 109 0 0 80291 1 29376 108 41 50 41 50 32 39 109667 109 0 0 80291 1 29376 108 41 50 41 50 32 39 109667 109 0 0 80291 1 29376 108 41 50 41 50 32 39 109667 109 0 0 80291 1 29376 108 41 50 41 50 32 39 109667 109 0 0 80291 1 29376 108 41 50 41 50 32 39 109667 109 0 0 80291 1 29376 108
203 0 1000 0 0 1000 0 1000 41 50 41 50 33 40 0 0 0 0 0 0 0 0 41 50 41 50 33 40 0 0 0 0 0 0 0 0 41 50 41 50 33 40 0 0 0 0 0 0 0 0 41 50 41 50 33 40 0 0 0 0 0 0 0 0 41 50 41 50 33 40 0 0 0 0 0 0 0 0 41 50 41 50 33 40 0 0 0 0 0 0 0 0
204 0 1000 0 0 1000 0 1000 41 50 41 50 33 40 0 0 0 0 0 0 0 0 41 50 41 50 33 40 0 0 0 0 0 0 0 0 41 50 41 50 33 40 0 0 0 0 0 0 0 0 41 50 41 50 33 40 0 0 0 0 0 0 0 0 41 50 41 50 33 40 0 0 0 0 0 0 0 0 41 50 41 50 33 40 0 0 0 0 0 0 0 0
205 0 1000 0 0 1000 0 1000 41 50 41 50 33 40 83895 1 83895 1 0 0 0 0 41 50 41 50 33 40 83895 1 83895 1 0 0 0 0 41 50 41 50 33 40 83895 1 83895 1 0 0 0 0 41 50 41 50 33 40 83895 1 83895 1 0 0 0 0 41 50 41 50 33 40 83895 1 83895 1 0 0 0 0 41 50 41 50 33 40 83895 1 83895 1 0 0 0 0
206 0 1000 0 0 1000 0 1000 42 51 42 51 33 40 105587 94 0 0 80291 1 25296 93 42 51 42 51 33 40 105587 94 0 0 80291 1 25296 93 42 51 42 51 33 40 105587 94 0 0 80291 1 25296 93 42 51 42 51 33 40 105587 94 0 0 80291 1 25296 93 42 51 42 51 33 40 105587 94 0 0 80291 1 25296 93 42 51 42 51 33 40 105587 94 0 0 80291 1 25296 93
207 0 1000 0 0 1000 0 1000 42 51 42 51 34 41 0 0 0 0 0 0 0 0 42 51 42 51 34 41 0 0 0 0 0 0 0 0 42 51 42 51 34 41 0 0 0 0 0 0 0 0 42 51 42 51 34 41 0 0 0 0 0 0 0 0 42 51 42 51 34 41 0 0 0 0 0 0 0 0 42 51 42 51 34 41 0 0 0 0 0 0 0 0
208 0 1000 0 0 1000 0 1000 42 51 42 51 34 41 0 0 0 0 0 0 0 0 42 51 42 51 34 41 0 0 0 0 0 0 0 0 42 51 42 51 34 41 0 0 0 0 0 0 0 0 42 51 42 51 34 41 0 0 0 0 0 0 0 0 42 51 42 51 34 41 0 0 0 0 0 0 0 0 42 51 42 51 34 41 0 0 0 0 0 0 0 0
209 0 1000 0 0 1000 0 1000 42 51 42 51 34 41 0 0 0 0 0 0 0 0 42 51 42 51 34 41 0 0 0 0 0 0 0 0 42 51 42 51 34 41 0 0 0 0 0 0 0 0 42 51 42 51 34 41 0 0 0 0 0 0 0 0 42 51 42 51 34 41 0 0 0 0 0 0 0 0 42 51 42 51 34 41 0 0 0 0 0 0 0 0
210 0 1000 0 0 1000 0 1000 42 51 42 51 34 41 30736 113 0 0 0 0 30736 113 42 51 42 51 34 41 30736 113 0 0 0 0 30736 113 42 51 42 51 34 41 30736 113 0 0 0 0 30736 113 42 51 42 51 34 41 30736 113 0 0 0 0 30736 113 42 51 42 51 34 41 30736 113 0 0 0 0 30736 113 42 51 42 51 34 41 30736 113 0 0 0 0 30736 113
211 0 1000 0 0 1000 0 1000 42 51 42 51 35 42 0 0 0 0 0 0 0 0 42 51 42 51 35 42 0 0 0 0 0 0 0 0 42 51 42 51 35 42 0 0 0 0 0 0 0 0 42 51 42 51 35 42 0 0 0 0 0 0 0 0 42 51 42 51 35 42 0 0 0 0 0 0 0 0 42 51 42 51 35 42 0 0 0 0 0 0 0 0
212 0 1000 0 0 1000 0 1000 42 51 42 51 35 42 0 0 0 0 0 0 0 0 42 51 42 51 35 42 0 0 0 0 0 0 0 0 42 51 42 51 35 42 0 0 0 0 0 0 0 0 42 51 42 51 35 42 0 0 0 0 0 0 0 0 42 51 42 51 35 42 0 0 0 0 0 0 0 0 42 51 42 51 35 42 0 0 0 0 0 0 0 0
213 0 1000 0 0 1000 0 1000 42 51 42 51 35 42 168109 2 168109 2 0 0 0 0 42 51 42 51 35 42 168109 2 168109 2 0 0 0 0 42 51 42 51 35 42 168109 2 168109 2 0 0 0 0 42 51 42 51 35 42 168109 2 168109 2 0 0 0 0 42 51 42 51 35 42 168109 2 168109 2 0 0 0 0 42 51 42 51 35 42 168109 2 168109 2 0 0 0 0
214 0 1000 0 0 1000 0 1000 43 53 43 53 35 42 105587 94 0 0 80291 1 25296 93 43 53 43 53 35 42 105587 94 0 0 80291 1 25296 93 43 53 43 53 35 42 105587 94 0 0 80291 1 25296 93 43 53 43 53 35 42 105587 94 0 0 80291 1 25296 93 43 53 43 53 35 42 105587 94 0 0 80291 1 25296 93 43 53 43 53 35 42 105587 94 0 0 80291 1 25296 93
215 0 1000 0 0 1000 0 1000 43 53 43 53 36 43 0 0 0 0 0 0 0 0 43 53 43 53 36 43 0 0 0 0 0 0 0 0 43 53 43 53 36 43 0 0 0 0 0 0 0 0 43 53 43 53 36 43 0 0 0 0 0 0 0 0 43 53 43 53 36 43 0 0 0 0 0 0 0 0 43 53 43 53 36 43 0 0 0 0 0 0 0 0
216 0 1000 0 0 1000 0 1000 43 53 43 53 36 43 0 0 0 0 0 0 0 0 43 53 43 53 36 43 0 0 0 0 0 0 0 0 43 53 43 53 36 43 0 0 0 0 0 0 0 0 43 53 43 53 36 43 0 0 0 0 0 0 0 0 43 53 43 53 36 43 0 0 0 0 0 0 0 0 43 53 43 53 36 43 0 0 0 0 0 0 0 0
217 0 1000 0 0 1000 0 1000 43 53 43 53 36 43 166830 2 166830 2 0 0 0 0 43 53 43 53 36 43 166830 2 166830 2 0 0 0 0 43 53 43 53 36 43 166830 2 166830 2 0 0 0 0 43 53 43 53 36 43 166830 2 166830 2 0 0 0 0 43 53 43 53 36 43 166830 2 166830 2 0 0 0 0 43 53 43 53 36 43 166830 2 166830 2 0 0 0 0
218 0 1000 0 0 1000 0 1000 44 54 44 54 36 43 109939 110 0 0 80291 1 29648 109 44 54 44 54 36 43 109939 110 0 0 80291 1 29648 109 44 54 44 54 36 43 109939 110 0 0 80291 1 29648 109 44 54 44 54 36 43 109939 110 0 0 80291 1 29648 109 44 54 44 54 36 43 109939 110 0 0 80291 1 29648 109 44 54 44 54 36 43 109939 110 0 0 80291 1 29648 109
219 0 1000 0 0 1000 0 1000 44 54 44 54 37 44 0 0 0 0 0 0 0 0 44 54 44 54 37 44 0 0 0 0 0 0 0 0 44 54 44 54 37 44 0 0 0 0 0 0 0 0 44 54 44 54 37 44 0 0 0 0 0 0 0 0 44 54 44 54 37 44 0 0 0 0 0 0 0 0 44 54 44 54 37 44 0 0 0 0 0 0 0 0
220 0 1000 0 0 1000 0 1000 44 54 44 54 37 44 0 0 0 0 0 0 0 0 44 54 44 54 37 44 0 0 0 0 0 0 0 0 44 54 44 54 37 44 0 0 0 0 0 0 0 0 44 54 44 54 37 44 0 0 0 0 0 0 0 0 44 54 44 54 37 44 0 0 0 0 0 0 0 0 44 54 44 54 37 44 0 0 0 0 0 0 0 0
221 0 1000 0 0 1000 0 1000 44 54 44 54 37 44 167854 2 167854 2 0 0 0 0 44 54 44 54 37 44 167854 2 167854 2 0 0 0 0 44 54 44 54 37 44 167854 2 167854 2 0 0 0 0 44 54 44 54 37 44 167854 2 167854 2 0 0 0 0 44 54 44 54 37 44 167854 2 167854 2 0 0 0 0 44 54 44 54 37 44 167854 2 167854 2 0 0 0 0
222 0 1000 0 0 1000 0 1000 45 55 45 55 37 44 105043 92 0 0 80291 1 24752 91 45 55 45 55 37 44 105043 92 0 0 80291 1 24752 91 45 55 45 55 37 44 105043 92 0 0 80291 1 24752 91 45 55 45 55 37 44 105043 92 0 0 80291 1 24752 91 45 55 45 55 37 44 105043 92 0 0 80291 1 24752 91 45 55 45 55 37 44 105043 92 0 0 80291 1 24752 91
223 0 1000 0 0 1000 0 1000 45 55 45 55 38 45 0 0 0 0 0 0 0 0 45 55 45 55 38 45 0 0 0 0 0 0 0 0 45 55 45 55 38 45 0 0 0 0 0 0 0 0 45 55 45 55 38 45 0 0 0 0 0 0 0 0 45 55 45 55 38 45 0 0 0 0 0 0 0 0 45 55 45 55 38 45 0 0 0 0 0 0 0 0
224 0 1000 0 0 1000 0 1000 45 55 45 55 38 45 0 0 0 0 0 0 0 0 45 55 45 55 38 45 0 0 0 0 0 0 0 0 45 55 45 55 38 45 0 0 0 0 0 0 0 0 45 55 45 55 38 45 0 0 0 0 0 0 0 0 45 55 45 55 38 45 0 0 0 0 0 0 0 0 45 55 45 55 38 45 0 0 0 0 0 0 0 0
225 0 1000 0 0 1000 0 1000 45 55 45 55 38 45 166702 2 166702 2 0 0 0 0 45 55 45 55 38 45 166702 2 166702 2 0 0 0 0 45 55 45 55 38 45 166702 2 166702 2 0 0 0 0 45 55 45 55 38 45 166702 2 166702 2 0 0 0 0 45 55 45 55 38 45 166702 2 166702 2 0 0 0 0 45 55 45 55 38 45 166702 2 166702 2 0 0 0 0
226 0 1000 0 0 1000 0 1000 46 56 46 56 38 45 106403 97 0 0 80291 1 26112 96 46 56 46 56 38 45 106403 97 0 0 80291 1 26112 96 46 56 46 56 38 45 106403 97 0 0 80291 1 26112 96 46 56 46 56 38 45 106403 97 0 0 80291 1 26112 96 46 56 46 56 38 45 106403 97 0 0 80291 1 26112 96 46 56 46 56 38 45 106403 97 0 0 80291 1 26112 96
227 0 1000 0 0 1000 0 1000 46 56 46 56 38 45 0 0 0 0 0 0 0 0 46 56 46 56 38 45 0 0 0 0 0 0 0 0 46 56 46 56 38 45 0 0 0 0 0 0 0 0 46 56 46 56 38 45 0 0 0 0 0 0 0 0 46 56 46 56 38 45 0 0 0 0 0 0 0 0 46 56 46 56 38 45 0 0 0 0 0 0 0 0
228 0 1000 0 0 1000 0 1000 46 56 46 56 38 45 0 0 0 0 0 0 0 0 46 56 46 56 38 45 0 0 0 0 0 0 0 0 46 56 46 56 38 45 0 0 0 0 0 0 0 0 46 56 46 56 38 45 0 0 0 0 0 0 0 0 46 56 46 56 38 45 0 0 0 0 0 0 0 0 46 56 46 56 38 45 0 0 0 0 0 0 0 0
229 0 1000 0 0 1000 0 1000 46 56 46 56 38 45 83511 1 83511 1 0 0 0 0 46 56 46 56 38 45 83511 1 83511 1 0 0 0 0 46 56 46 56 38 45 83511 1 83511 1 0 0 0 0 46 56 46 56 38 45 83511 1 83511 1 0 0 0 0 46 56 46 56 38 45 83511 1 83511 1 0 0 0 0 46 56 46 56 38 45 83511 1 83511 1 0 0 0 0
230 0 1000 0 0 1000 0 1000 47 57 47 57 38 45 107219 100 0 0 80291 1 26928 99 47 57 47 57 38 45 107219 100 0 0 80291 1 26928 99 47 57 47 57 38 45 107219 100 0 0 80291 1 26928 99 47 57 47 57 38 45 107219 100 0 0 80291 1 26928 99 47 57 47 57 38 45 107219 100 0 0 80291 1 26928 99 47 57 47 57 38 45 107219 100 0 0 80291 1 26928 99
231 0 1000 0 0 1000 0 1000 47 57 47 57 38 45 0 0 0 0 0 0 0 0 47 57 47 57 38 45 0 0 0 0 0 0 0 0 47 57 47 57 38 45 0 0 0 0 0 0 0 0 47 57 47 57 38 45 0 0 0 0 0 0 0 0 47 57 47 57 38 45 0 0 0 0 0 0 0 0 47 57 47 57 38 45 0 0 0 0 0 0 0 0
232 0 1000 0 0 1000 0 1000 47 57 47 57 38 45 0 0 0 0 0 0 0 0 47 57 47 57 38 45 0 0 0 0 0 0 0 0 47 57 47 57 38 45 0 0 0 0 0 0 0 0 47 57 47 57 38 45 0 0 0 0 0 0 0 0 47 57 47 57 38 45 0 0 0 0 0 0 0 0 47 57 47 57 38 45 0 0 0 0 0 0 0 0
233 0 1000 0 0 1000 0 1000 47 57 47 57 38 45 83606 1 83606 1 0 0 0 0 47 57 47 57 38 45 83606 1 83606 1 0 0 0 0 47 57 47 57 38 45 83606 1 83606 1 0 0 0 0 47 57 47 57 38 45 83606 1 83606 1 0 0 0 0 47 57 47 57 38 45 83606 1 83606 1 0 0 0 0 47 57 47 57 38 45 83606 1 83606 1 0 0 0 0
234 0 1000 0 0 1000 0 1000 48 58 48 58 38 45 106674 98 0 0 80290 1 26384 97 48 58 48 58 38 45 106674 98 0 0 80290 1 26384 97 48 58 48 58 38 45 106674 98 0 0 80290 1 26384 97 48 58 48 58 38 45 106674 98 0 0 80290 1 26384 97 48 58 48 58 38 45 106674 98 0 0 80290 1 26384 97 48 58 48 58 38 45 106674 98 0 0 80290 1 26384 97
235 0 1000 0 0 1000 0 1000 48 58 48 58 39 48 0 0 0 0 0 0 0 0 48 58 48 58 39 48 0 0 0 0 0 0 0 0 48 58 48 58 39 48 0 0 0 0 0 0 0 0 48 58 48 58 39 48 0 0 0 0 0 0 0 0 48 58 48 58 39 48 0 0 0 0 0 0 0 0 48 58 48 58 39 48 0 0 0 0 0 0 0 0
236 0 1000 0 0 1000 0 1000 48 58 48 58 39 48 0 0 0 0 0 0 0 0 48 58 48 58 39 48 0 0 0 0 0 0 0 0 48 58 48 58 39 48 0 0 0 0 0 0 0 0 48 58 48 58 39 48 0 0 0 0 0 0 0 0 48 58 48 58 39 48 0 0 0 0 0 0 0 0 48 58 48 58 39 48 0 0 0 0 0 0 0 0
237 0 1000 0 0 1000 0 1000 48 58 48 58 39 48 167086 2 167086 2 0 0 0 0 48 58 48 58 39 48 167086 2 167086 2 0 0 0 0 48 58 48 58 39 48 167086 2 167086 2 0 0 0 0 48 58 48 58 39 48 167086 2 167086 2 0 0 0 0 48 58 48 58 39 48 167086 2 167086 2 0 0 0 0 48 58 48 58 39 48 167086 2 167086 2 0 0 0 0
238 0 1000 0 0 1000 0 1000 49 59 49 59 39 48 105587 94 0 0 80291 1 25296 93 49 59 49 59 39 48 105587 94 0 0 80291 1 25296 93 49 59 49 59 39 48 105587 94 0 0 80291 1 25296 93 49 59 49 59 39 48 105587 94 0 0 80291 1 25296 93 49 59 49 59 39 48 105587 94 0 0 80291 1 25296 93 49 59 49 59 39 48 105587 94 0 0 80291 1 25296 93
239 0 1000 0 0 1000 0 1000 49 59 49 59 40 49 0 0 0 0 0 0 0 0 49 59 49 59 40 49 0 0 0 0 0 0 0 0 49 59 49 59 40 49 0 0 0 0 0 0 0 0 49 59 49 59 40 49 0 0 0 0 0 0 0 0 49 59 49 59 40 49 0 0 0 0 0 0 0 0 49 59 49 59 40 49 0 0 0 0 0 0 0 0
240 0 1000 0 0 1000 0 1000 49 59 49 59 40 49 0 0 0 0 0 0 0 0 49 59 49 59 40 49 0 0 0 0 0 0 0 0 49 59 49 59 40 49 0 0 0 0 0 0 0 0 49 59 49 59 40 49 0 0 0 0 0 0 0 0 49 59 49 59 40 49 0 0 0 0 0 0 0 0 49 59 49 59 40 49 0 0 0 0 0 0 0 0
241 0 1000 0 0 1000 0 1000 49 59 49 59 40 49 166830 2 166830 2 0 0 0 0 49 59 49 59 40 49 166830 2 166830 2 0 0 0 0 49 59 49 59 40 49 166830 2 166830 2 0 0 0 0 49 59 49 59 40 49 166830 2 166830 2 0 0 0 0 49 59 49 59 40 49 166830 2 166830 2 0 0 0 0 49 59 49 59 40 49 166830 2 166830 2 0 0 0 0
242 0 1000 0 0 1000 0 1000 50 60 50 60 40 49 107763 102 0 0 80291 1 27472 101 50 60 50 60 40 49 107763 102 0 0 80291 1 27472 101 50 60 50 60 40 49 107763 102 0 0 80291 1 27472 101 50 60 50 60 40 49 107763 102 0 0 80291 1 27472 101 50 60 50 60 40 49 107763 102 0 0 80291 1 27472 101 50 60 50 60 40 49 107763 102 0 0 80291 1 27472 101
243 0 1000 0 0 1000 0 1000 50 60 50 60 41 50 0 0 0 0 0 0 0 0 50 60 50 60 41 50 0 0 0 0 0 0 0 0 50 60 50 60 41 50 0 0 0 0 0 0 0 0 50 60 50 60 41 50 0 0 0 0 0 0 0 0 50 60 50 60 41 50 0 0 0 0 0 0 0 0 50 60 50 60 41 50 0 0 0 0 0 0 0 0
244 0 1000 0 0 1000 0 1000 50 60 50 60 41 50 0 0 0 0 0 0 0 0 50 60 50 60 41 50 0 0 0 0 0 0 0 0 50 60 50 60 41 50 0 0 0 0 0 0 0 0 50 60 50 60 41 50 0 0 0 0 0 0 0 0 50 60 50 60 41 50 0 0 0 0 0 0 0 0 50 60 50 60 41 50 0 0 0 0 0 0 0 0
245 0 1000 0 0 1000 0 1000 50 60 50 60 41 50 251013 3 251013 3 0 0 0 0 50 60 50 60 41 50 251013 3 251013 3 0 0 0 0 50 60 50 60 41 50 251013 3 251013 3 0 0 0 0 50 60 50 60 41 50 251013 3 251013 3 0 0 0 0 50 60 50 60 41 50 251013 3 251013 3 0 0 0 0 50 60 50 60 41 50 251013 3 251013 3 0 0 0 0
246 0 1000 0 0 1000 0 1000 51 61 51 61 41 50 107763 102 0 0 80291 1 27472 101 51 61 51 61 41 50 107763 102 0 0 80291 1 27472 101 51 61 51 61 41 50 107763 102 0 0 80291 1 27472 101 51 61 51 61 41 50 107763 102 0 0 80291 1 27472 101 51 61 51 61 41 50 107763 102 0 0 80291 1 27472 101 51 61 51 61 41 50 107763 102 0 0 80291 1 27472 101
247 0 1000 0 0 1000 0 1000 51 61 51 61 42 51 0 0 0 0 0 0 0 0 51 61 51 61 42 51 0 0 0 0 0 0 0 0 51 61 51 61 42 51 0 0 0 0 0 0 0 0 51 61 51 61 42 51 0 0 0 0 0 0 0 0 51 61 51 61 42 51 0 0 0 0 0 0 0 0 51 61 51 61 42 51 0 0 0 0 0 0 0 0
248 0 1000 0 0 1000 0 1000 51 61 51 61 42 51 0 0 0 0 0 0 0 0 51 61 51 61 42 51 0 0 0 0 0 0 0 0 51 61 51 61 42 51 0 0 0 0 0 0 0 0 51 61 51 61 42 51 0 0 0 0 0 0 0 0 51 61 51 61 42 51 0 0 0 0 0 0 0 0 51 61 51 61 42 51 0 0 0 0 0 0 0 0
249 0 1000 0 0 1000 0 1000 51 61 51 61 42 51 0 0 0 0 0 0 0 0 51 61 51 61 42 51 0 0 0 0 0 0 0 0 51 61 51 61 42 51 0 0 0 0 0 0 0 0 51 61 51 61 42 51 0 0 0 0 0 0 0 0 51 61 51 61 42 51 0 0 0 0 0 0 0 0 51 61 51 61 42 51 0 0 0 0 0 0 0 0
250 0 1000 0 0 1000 0 1000 51 61 51 61 42 51 28288 104 0 0 0 0 28288 104 51 61 51 61 42 51 28288 104 0 0 0 0 28288 104 51 61 51 61 42 51 28288 104 0 0 0 0 28288 104 51 61 51 61 42 51 28288 104 0 0 0 0 28288 104 51 61 51 61 42 51 28288 104 0 0 0 0 28288 104 51 61 51 61 42 51 28288 104 0 0 0 0 28288 104
251 0 1000 0 0 1000 0 1000 51 61 51 61 42 51 0 0 0 0 0 0 0 0 51 61 51 61 42 51 0 0 0 0 0 0 0 0 51 61 51 61 42 51 0 0 0 0 0 0 0 0 51 61 51 61 42 51 0 0 0 0 0 0 0 0 51 61 51 61 42 51 0 0 0 0 0 0 0 0 51 61 51 61 42 51 0 0 0 0 0 0 0 0
252 0 1000 0 0 1000 0 1000 51 61 51 61 42 51 0 0 0 0 0 0 0 0 51 61 51 61 42 51 0 0 0 0 0 0 0 0 51 61 51 61 42 51 0 0 0 0 0 0 0 0 51 61 51 61 42 51 0 0 0 0 0 0 0 0 51 61 51 61 42 51 0 0 0 0 0 0 0 0 51 61 51 61 42 51 0 0 0 0 0 0 0 0
253 0 1000 0 0 1000 0 1000 51 61 51 61 42 51 83767 1 83767 1 0 0 0 0 51 61 51 61 42 51 83767 1 83767 1 0 0 0 0 51 61 51 61 42 51 83767 1 83767 1 0 0 0 0 51 61 51 61 42 51 83767 1 83767 1 0 0 0 0 51 61 51 61 42 51 83767 1 83767 1 0 0 0 0 51 61 51 61 42 51 83767 1 83767 1 0 0 0 0
254 0 1000 0 0 1000 0 1000 52 63 52 63 42 51 107491 101 0 0 80291 1 27200 100 52 63 52 63 42 51 107491 101 0 0 80291 1 27200 100 52 63 52 63 42 51 107491 101 0 0 80291 1 27200 100 52 63 52 63 42 51 107491 101 0 0 80291 1 27200 100 52 63 52 63 42 51 107491 101 0 0 80291 1 27200 100 52 63 52 63 42 51 107491 101 0 0 80291 1 27200 100
255 0 1000 0 0 1000 0 1000 52 63 52 63 43 53 0 0 0 0 0 0 0 0 52 63 52 63 43 53 0 0 0 0 0 0 0 0 52 63 52 63 43 53 0 0 0 0 0 0 0 0 52 63 52 63 43 53 0 0 0 0 0 0 0 0 52 63 52 63 43 53 0 0 0 0 0 0 0 0 52 63 52 63 43 53 0 0 0 0 0 0 0 0
256 0 1000 0 0 1000 0 1000 52 63 52 63 43 53 0 0 0 0 0 0 0 0 52 63 52 63 43 53 0 0 0 0 0 0 0 0 52 63 52 63 43 53 0 0 0 0 0 0 0 0 52 63 52 63 43 53 0 0 0 0 0 0 0 0 52 63 52 63 43 53 0 0 0 0 0 0 0 0 52 63 52 63 43 53 0 0 0 0 0 0 0 0
257 0 1000 0 0 1000 0 1000 52 63 52 63 43 53 0 0 0 0 0 0 0 0 52 63 52 63 43 53 0 0 0 0 0 0 0 0 52 63 52 63 43 53 0 0 0 0 0 0 0 0 52 63 52 63 43 53 0 0 0 0 0 0 0 0 52 63 52 63 43 53 0 0 0 0 0 0 0 0 52 63 52 63 43 53 0 0 0 0 0 0 0 0
258 0 1000 0 0 1000 0 1000 52 63 52 63 43 53 29376 108 0 0 0 0 29376 108 52 63 52 63 43 53 29376 108 0 0 0 0 29376 108 52 63 52 63 43 53 29376 108 0 0 0 0 29376 108 52 63 52 63 43 53 29376 108 0 0 0 0 29376 108 52 63 52 63 43 53 29376 108 0 0 0 0 29376 108 52 63 52 63 43 53 29376 108 0 0 0 0 29376 108
259 0 1000 0 0 1000 0 1000 52 63 52 63 44 54 0 0 0 0 0 0 0 0 52 63 52 63 44 54 0 0 0 0 0 0 0 0 52 63 52 63 44 54 0 0 0 0 0 0 0 0 52 63 52 63 44 54 0 0 0 0 0 0 0 0 52 63 52 63 44 54 0 0 0 0 0 0 0 0 52 63 52 63 44 54 0 0 0 0 0 0 0 0
260 0 1000 0 0 1000 0 1000 52 63 52 63 44 54 0 0 0 0 0 0 0 0 52 63 52 63 44 54 0 0 0 0 0 0 0 0 52 63 52 63 44 54 0 0 0 0 0 0 0 0 52 63 52 63 44 54 0 0 0 0 0 0 0 0 52 63 52 63 44 54 0 0 0 0 0 0 0 0 52 63 52 63 44 54 0 0 0 0 0 0 0 0
261 0 1000 0 0 1000 0 1000 52 63 52 63 44 54 503370 6 503370 6 0 0 0 0 52 63 52 63 44 54 503370 6 503370 6 0 0 0 0 52 63 52 63 44 54 503370 6 503370 6 0 0 0 0 52 63 52 63 44 54 503370 6 503370 6 0 0 0 0 52 63 52 63 44 54 503370 6 503370 6 0 0 0 0 52 63 52 63 44 54 503370 6 503370 6 0 0 0 0
262 0 1000 0 0 1000 0 1000 53 65 53 65 44 54 107763 102 0 0 80291 1 27472 101 53 65 53 65 44 54 107763 102 0 0 80291 1 27472 101 53 65 53 65 44 54 107763 102 0 0 80291 1 27472 101 53 65 53 65 44 54 107763 102 0 0 80291 1 27472 101 53 65 53 65 44 54 107763 102 0 0 80291 1 27472 101 53 65 53 65 44 54 107763 102 0 0 80291 1 27472 101
263 0 1000 0 0 1000 0 1000 53 65 53 65 45 55 0 0 0 0 0 0 0 0 53 65 53 65 45 55 0 0 0 0 0 0 0 0 53 65 53 65 45 55 0 0 0 0 0 0 0 0 53 65 53 65 45 55 0 0 0 0 0 0 0 0 53 65 53 65 45 55 0 0 0 0 0 0 0 0 53 65 53 65 45 55 0 0 0 0 0 0 0 0
264 0 1000 0 0 1000 0 1000 53 65 53 65 45 55 0 0 0 0 0 0 0 0 53 65 53 65 45 55 0 0 0 0 0 0 0 0 53 65 53 65 45 55 0 0 0 0 0 0 0 0 53 65 53 65 45 55 0 0 0 0 0 0 0 0 53 65 53 65 45 55 0 0 0 0 0 0 0 0 53 65 53 65 45 55 0 0 0 0 0 0 0 0
265 0 1000 0 0 1000 0 1000 53 65 53 65 45 55 0 0 0 0 0 0 0 0 53 65 53 65 45 55 0 0 0 0 0 0 0 0 53 65 53 65 45 55 0 0 0 0 0 0 0 0 53 65 53 65 45 55 0 0 0 0 0 0 0 0 53 65 53 65 45 55 0 0 0 0 0 0 0 0 53 65 53 65 45 55 0 0 0 0 0 0 0 0
266 0 1000 0 0 1000 0 1000 53 65 53 65 45 55 26928 99 0 0 0 0 26928 99 53 65 53 65 45 55 26928 99 0 0 0 0 26928 99 53 65 53 65 45 55 26928 99 0 0 0 0 26928 99 53 65 53 65 45 55 26928 99 0 0 0 0 26928 99 53 65 53 65 45 55 26928 99 0 0 0 0 26928 99 53 65 53 65 45 55 26928 99 0 0 0 0 26928 99
267 0 1000 0 0 1000 0 1000 53 65 53 65 46 56 0 0 0 0 0 0 0 0 53 65 53 65 46 56 0 0 0 0 0 0 0 0 53 65 53 65 46 56 0 0 0 0 0 0 0 0 53 65 53 65 46 56 0 0 0 0 0 0 0 0 53 65 53 65 46 56 0 0 0 0 0 0 0 0 53 65 53 65 46 56 0 0 0 0 0 0 0 0
268 0 1000 0 0 1000 0 1000 53 65 53 65 46 56 0 0 0 0 0 0 0 0 53 65 53 65 46 56 0 0 0 0 0 0 0 0 53 65 53 65 46 56 0 0 0 0 0 0 0 0 53 65 53 65 46 56 0 0 0 0 0 0 0 0 53 65 53 65 46 56 0 0 0 0 0 0 0 0 53 65 53 65 46 56 0 0 0 0 0 0 0 0
269 0 1000 0 0 1000 0 1000 53 65 53 65 46 56 0 0 0 0 0 0 0 0 53 65 53 65 46 56 0 0 0 0 0 0 0 0 53 65 53 65 46 56 0 0 0 0 0 0 0 0 53 65 53 65 46 56 0 0 0 0 0 0 0 0 53 65 53 65 46 56 0 0 0 0 0 0 0 0 53 65 53 65 46 56 0 0 0 0 0 0 0 0
270 0 1000 0 0 1000 0 1000 53 65 53 65 46 56 23664 87 0 0 0 0 23664 87 53 65 53 65 46 56 23664 87 0 0 0 0 23664 87 53 65 53 65 46 56 23664 87 0 0 0 0 23664 87 53 65 53 65 46 56 23664 87 0 0 0 0 23664 87 53 65 53 65 46 56 23664 87 0 0 0 0 23664 87 53 65 53 65 46 56 23664 87 0 0 0 0 23664 87
271 0 1000 0 0 1000 0 1000 53 65 53 65 47 57 0 0 0 0 0 0 0 0 53 65 53 65 47 57 0 0 0 0 0 0 0 0 53 65 53 65 47 57 0 0 0 0 0 0 0 0 53 65 53 65 47 57 0 0 0 0 0 0 0 0 53 65 53 65 47 57 0 0 0 0 0 0 0 0 53 65 53 65 47 57 0 0 0 0 0 0 0 0
272 0 1000 0 0 1000 0 1000 53 65 53 65 47 57 0 0 0 0 0 0 0 0 53 65 53 65 47 57 0 0 0 0 0 0 0 0 53 65 53 65 47 57 0 0 0 0 0 0 0 0 53 65 53 65 47 57 0 0 0 0 0 0 0 0 53 65 53 65 47 57 0 0 0 0 0 0 0 0 53 65 53 65 47 57 0 0 0 0 0 0 0 0
273 0 1000 0 0 1000 0 1000 53 65 53 65 47 57 166446 2 166446 2 0 0 0 0 53 65 53 65 47 57 166446 2 166446 2 0 0 0 0 53 65 53 65 47 57 166446 2 166446 2 0 0 0 0 53 65 53 65 47 57 166446 2 166446 2 0 0 0 0 53 65 53 65 47 57 166446 2 166446 2 0 0 0 0 53 65 53 65 47 57 166446 2 166446 2 0 0 0 0
274 0 1000 0 0 1000 0 1000 54 68 54 68 47 57 108851 106 0 0 80291 1 28560 105 54 68 54 68 47 57 108851 106 0 0 80291 1 28560 105 54 68 54 68 47 57 108851 106 0 0 80291 1 28560 105 54 68 54 68 47 57 108851 106 0 0 80291 1 28560 105 54 68 54 68 47 57 108851 106 0 0 80291 1 28560 105 54 68 54 68 47 57 108851 106 0 0 80291 1 28560 105
275 0 1000 0 0 1000 0 1000 54 68 54 68 48 58 0 0 0 0 0 0 0 0 54 68 54 68 48 58 0 0 0 0 0 0 0 0 54 68 54 68 48 58 0 0 0 0 0 0 0 0 54 68 54 68 48 58 0 0 0 0 0 0 0 0 54 68 54 68 48 58 0 0 0 0 0 0 0 0 54 68 54 68 48 58 0 0 0 0 0 0 0 0
276 0 1000 0 0 1000 0 1000 54 68 54 68 48 58 0 0 0 0 0 0 0 0 54 68 54 68 48 58 0 0 0 0 0 0 0 0 54 68 54 68 48 58 0 0 0 0 0 0 0 0 54 68 54 68 48 58 0 0 0 0 0 0 0 0 54 68 54 68 48 58 0 0 0 0 0 0 0 0 54 68 54 68 48 58 0 0 0 0 0 0 0 0
277 0 1000 0 0 1000 0 1000 54 68 54 68 48 58 83798 1 83798 1 0 0 0 0 54 68 54 68 48 58 83798 1 83798 1 0 0 0 0 54 68 54 68 48 58 83798 1 83798 1 0 0 0 0 54 68 54 68 48 58 83798 1 83798 1 0 0 0 0 54 68 54 68 48 58 83798 1 83798 1 0 0 0 0 54 68 54 68 48 58 83798 1 83798 1 0 0 0 0
278 0 1000 0 0 1000 0 1000 55 69 55 69 48 58 103138 85 0 0 80290 1 22848 84 55 69 55 69 48 58 103138 85 0 0 80290 1 22848 84 55 69 55 69 48 58 103138 85 0 0 80290 1 22848 84 55 69 55 69 48 58 103138 85 0 0 80290 1 22848 84 55 69 55 69 48 58 103138 85 0 0 80290 1 22848 84 55 69 55 69 48 58 103138 85 0 0 80290 1 22848 84
279 0 1000 0 0 1000 0 1000 55 69 55 69 49 59 0 0 0 0 0 0 0 0 55 69 55 69 49 59 0 0 0 0 0 0 0 0 55 69 55 69 49 59 0 0 0 0 0 0 0 0 55 69 55 69 49 59 0 0 0 0 0 0 0 0 55 69 55 69 49 59 0 0 0 0 0 0 0 0 55 69 55 69 49 59 0 0 0 0 0 0 0 0
280 0 1000 0 0 1000 0 1000 55 69 55 69 49 59 0 0 0 0 0 0 0 0 55 69 55 69 49 59 0 0 0 0 0 0 0 0 55 69 55 69 49 59 0 0 0 0 0 0 0 0 55 69 55 69 49 59 0 0 0 0 0 0 0 0 55 69 55 69 49 59 0 0 0 0 0 0 0 0 55 69 55 69 49 59 0 0 0 0 0 0 0 0
281 0 1000 0 0 1000 0 1000 55 69 55 69 49 59 166254 2 166254 2 0 0 0 0 55 69 55 69 49 59 166254 2 166254 2 0 0 0 0 55 69 55 69 49 59 166254 2 166254 2 0 0 0 0 55 69 55 69 49 59 166254 2 166254 2 0 0 0 0 55 69 55 69 49 59 166254 2 166254 2 0 0 0 0 55 69 55 69 49 59 166254 2 166254 2 0 0 0 0
282 0 1000 0 0 1000 0 1000 56 70 56 70 49 59 103683 87 0 0 80291 1 23392 86 56 70 56 70 49 59 103683 87 0 0 80291 1 23392 86 56 70 56 70 49 59 103683 87 0 0 80291 1 23392 86 56 70 56 70 49 59 103683 87 0 0 80291 1 23392 86 56 70 56 70 49 59 103683 87 0 0 80291 1 23392 86 56 70 56 70 49 59 103683 87 0 0 80291 1 23392 86
283 0 1000 0 0 1000 0 1000 56 70 56 70 50 60 0 0 0 0 0 0 0 0 56 70 56 70 50 60 0 0 0 0 0 0 0 0 56 70 56 70 50 60 0 0 0 0 0 0 0 0 56 70 56 70 50 60 0 0 0 0 0 0 0 0 56 70 56 70 50 60 0 0 0 0 0 0 0 0 56 70 56 70 50 60 0 0 0 0 0 0 0 0
284 0 1000 0 0 1000 0 1000 56 70 56 70 50 60 0 0 0 0 0 0 0 0 56 70 56 70 50 60 0 0 0 0 0 0 0 0 56 70 56 70 50 60 0 0 0 0 0 0 0 0 56 70 56 70 50 60 0 0 0 0 0 0 0 0 56 70 56 70 50 60 0 0 0 0 0 0 0 0 56 70 56 70 50 60 0 0 0 0 0 0 0 0
285 0 1000 0 0 1000 0 1000 56 70 56 70 50 60 166382 2 166382 2 0 0 0 0 56 70 56 70 50 60 166382 2 166382 2 0 0 0 0 56 70 56 70 50 60 166382 2 166382 2 0 0 0 0 56 70 56 70 50 60 166382 2 166382 2 0 0 0 0 56 70 56 70 50 60 166382 2 166382 2 0 0 0 0 56 70 56 70 50 60 166382 2 166382 2 0 0 0 0
286 0 1000 0 0 1000 0 1000 57 71 57 71 50 60 105043 92 0 0 80291 1 24752 91 57 71 57 71 50 60 105043 92 0 0 80291 1 24752 91 57 71 57 71 50 60 105043 92 0 0 80291 1 24752 91 57 71 57 71 50 60 105043 92 0 0 80291 1 24752 91 57 71 57 71 50 60 105043 92 0 0 80291 1 24752 91 57 71 57 71 50 60 105043 92 0 0 80291 1 24752 91
287 0 1000 0 0 1000 0 1000 57 71 57 71 51 61 0 0 0 0 0 0 0 0 57 71 57 71 51 61 0 0 0 0 0 0 0 0 57 71 57 71 51 61 0 0 0 0 0 0 0 0 57 71 57 71 51 61 0 0 0 0 0 0 0 0 57 71 57 71 51 61 0 0 0 0 0 0 0 0 57 71 57 71 51 61 0 0 0 0 0 0 0 0
288 0 1000 0 0 1000 0 1000 57 71 57 71 51 61 0 0 0 0 0 0 0 0 57 71 57 71 51 61 0 0 0 0 0 0 0 0 57 71 57 71 51 61 0 0 0 0 0 0 0 0 57 71 57 71 51 61 0 0 0 0 0 0 0 0 57 71 57 71 51 61 0 0 0 0 0 0 0 0 57 71 57 71 51 61 0 0 0 0 0 0 0 0
289 0 1000 0 0 1000 0 1000 57 71 57 71 51 61 250053 3 250053 3 0 0 0 0 57 71 57 71 51 61 250053 3 250053 3 0 0 0 0 57 71 57 71 51 61 250053 3 250053 3 0 0 0 0 57 71 57 71 51 61 250053 3 250053 3 0 0 0 0 57 71 57 71 51 61 250053 3 250053 3 0 0 0 0 57 71 57 71 51 61 250053 3 250053 3 0 0 0 0
290 0 1000 0 0 1000 0 1000 58 72 58 72 51 61 104771 91 0 0 80291 1 24480 90 58 72 58 72 51 61 104771 91 0 0 80291 1 24480 90 58 72 58 72 51 61 104771 91 0 0 80291 1 24480 90 58 72 58 72 51 61 104771 91 0 0 80291 1 24480 90 58 72 58 72 51 61 104771 91 0 0 80291 1 24480 90 58 72 58 72 51 61 104771 91 0 0 80291 1 24480 90
291 0 1000 0 0 1000 0 1000 58 72 58 72 51 61 0 0 0 0 0 0 0 0 58 72 58 72 51 61 0 0 0 0 0 0 0 0 58 72 58 72 51 61 0 0 0 0 0 0 0 0 58 72 58 72 51 61 0 0 0 0 0 0 0 0 58 72 58 72 51 61 0 0 0 0 0 0 0 0 58 72 58 72 51 61 0 0 0 0 0 0 0 0
292 0 1000 0 0 1000 0 1000 58 72 58 72 51 61 0 0 0 0 0 0 0 0 58 72 58 72 51 61 0 0 0 0 0 0 0 0 58 72 58 72 51 61 0 0 0 0 0 0 0 0 58 72 58 72 51 61 0 0 0 0 0 0 0 0 58 72 58 72 51 61 0 0 0 0 0 0 0 0 58 72 58 72 51 61 0 0 0 0 0 0 0 0
293 0 1000 0 0 1000 0 1000 58 72 58 72 51 61 83319 1 83319 1 0 0 0 0 58 72 58 72 51 61 83319 1 83319 1 0 0 0 0 58 72 58 72 51 61 83319 1 83319 1 0 0 0 0 58 72 58 72 51 61 83319 1 83319 1 0 0 0 0 58 72 58 72 51 61 83319 1 83319 1 0 0 0 0 58 72 58 72 51 61 83319 1 83319 1 0 0 0 0
294 0 1000 0 0 1000 0 1000 59 73 59 73 51 61 107219 100 0 0 80291 1 26928 99 59 73 59 73 51 61 107219 100 0 0 80291 1 26928 99 59 73 59 73 51 61 107219 100 0 0 80291 1 26928 99 59 73 59 73 51 61 107219 100 0 0 80291 1 26928 99 59 73 59 73 51 61 107219 100 0 0 80291 1 26928 99 59 73 59 73 51 61 107219 100 0 0 80291 1 26928 99
295 0 1000 0 0 1000 0 1000 59 73 59 73 52 63 0 0 0 0 0 0 0 0 59 73 59 73 52 63 0 0 0 0 0 0 0 0 59 73 59 73 52 63 0 0 0 0 0 0 0 0 59 73 59 73 52 63 0 0 0 0 0 0 0 0 59 73 59 73 52 63 0 0 0 0 0 0 0 0 59 73 59 73 52 63 0 0 0 0 0 0 0 0
296 0 1000 0 0 1000 0 1000 59 73 59 73 52 63 0 0 0 0 0 0 0 0 59 73 59 73 52 63 0 0 0 0 0 0 0 0 59 73 59 73 52 63 0 0 0 0 0 0 0 0 59 73 59 73 52 63 0 0 0 0 0 0 0 0 59 73 59 73 52 63 0 0 0 0 0 0 0 0 59 73 59 73 52 63 0 0 0 0 0 0 0 0
297 0 1000 0 0 1000 0 1000 59 73 59 73 52 63 0 0 0 0 0 0 0 0 59 73 59 73 52 63 0 0 0 0 0 0 0 0 59 73 59 73 52 63 0 0 0 0 0 0 0 0 59 73 59 73 52 63 0 0 0 0 0 0 0 0 59 73 59 73 52 63 0 0 0 0 0 0 0 0 59 73 59 73 52 63 0 0 0 0 0 0 0 0
298 0 1000 0 0 1000 0 1000 59 73 59 73 52 63 24480 90 0 0 0 0 24480 90 59 73 59 73 52 63 24480 90 0 0 0 0 24480 90 59 73 59 73 52 63 24480 90 0 0 0 0 24480 90 59 73 59 73 52 63 24480 90 0 0 0 0 24480 90 59 73 59 73 52 63 24480 90 0 0 0 0 24480 90 59 73 59 73 52 63 24480 90 0 0 0 0 24480 90
299 0 1000 0 0 1000 0 1000 59 73 59 73 52 63 0 0 0 0 0 0 0 0 59 73 59 73 52 63 0 0 0 0 0 0 0 0 59 73 59 73 52 63 0 0 0 0 0 0 0 0 59 73 59 73 52 63 0 0 0 0 0 0 0 0 59 73 59 73 52 63 0 0 0 0 0 0 0 0 59 73 59 73 52 63 0 0 0 0 0 0 0 0
300 0 1000 0 0 1000 0 1000 59 73 59 73 52 63 0 0 0 0 0 0 0 0 59 73 59 73 52 63 0 0 0 0 0 0 0 0 59 73 59 73 52 63 0 0 0 0 0 0 0 0 59 73 59 73 52 63 0 0 0 0 0 0 0 0 59 73 59 73 52 63 0 0 0 0 0 0 0 0 59 73 59 73 52 63 0 0 0 0 0 0 0 0
301 0 1000 0 0 1000 0 1000 59 73 59 73 52 63 83319 1 83319 1 0 0 0 0 59 73 59 73 52 63 83319 1 83319 1 0 0 0 0 59 73 59 73 52 63 83319 1 83319 1 0 0 0 0 59 73 59 73 52 63 83319 1 83319 1 0 0 0 0 59 73 59 73 52 63 83319 1 83319 1 0 0 0 0 59 73 59 73 52 63 83319 1 83319 1 0 0 0 0
302 0 1000 0 0 1000 0 1000 60 75 60 75 52 63 107491 101 0 0 80291 1 27200 100 60 75 60 75 52 63 107491 101 0 0 80291 1 27200 100 60 75 60 75 52 63 107491 101 0 0 80291 1 27200 100 60 75 60 75 52 63 107491 101 0 0 80291 1 27200 100 60 75 60 75 52 63 107491 101 0 0 80291 1 27200 100 60 75 60 75 52 63 107491 101 0 0 80291 1 27200 100
303 0 1000 0 0 1000 0 1000 60 75 60 75 53 65 0 0 0 0 0 0 0 0 60 75 60 75 53 65 0 0 0 0 0 0 0 0 60 75 60 75 53 65 0 0 0 0 0 0 0 0 60 75 60 75 53 65 0 0 0 0 0 0 0 0 60 75 60 75 53 65 0 0 0 0 0 0 0 0 60 75 60 75 53 65 0 0 0 0 0 0 0 0
