r n_asleep n_awake n_honest_asleep n_honest_dreamy n_honest_awake n_adversary n_all party0_ledger_best_length party0_ledger_best_age party0_ledger_fast_length party0_ledger_fast_age party0_ledger_slow_length party0_ledger_slow_age party0_comms_all_size party0_comms_all_count party0_comms_proposal_size party0_comms_proposal_count party0_comms_piece_block_size party0_comms_piece_block_count party0_comms_piece_vote_size party0_comms_piece_vote_count party1_ledger_best_length party1_ledger_best_age party1_ledger_fast_length party1_ledger_fast_age party1_ledger_slow_length party1_ledger_slow_age party1_comms_all_size party1_comms_all_count party1_comms_proposal_size party1_comms_proposal_count party1_comms_piece_block_size party1_comms_piece_block_count party1_comms_piece_vote_size party1_comms_piece_vote_count party2_ledger_best_length party2_ledger_best_age party2_ledger_fast_length party2_ledger_fast_age party2_ledger_slow_length party2_ledger_slow_age party2_comms_all_size party2_comms_all_count party2_comms_proposal_size party2_comms_proposal_count party2_comms_piece_block_size party2_comms_piece_block_count party2_comms_piece_vote_size party2_comms_piece_vote_count party3_ledger_best_length party3_ledger_best_age party3_ledger_fast_length party3_ledger_fast_age party3_ledger_slow_length party3_ledger_slow_age party3_comms_all_size party3_comms_all_count party3_comms_proposal_size party3_comms_proposal_count party3_comms_piece_block_size party3_comms_piece_block_count party3_comms_piece_vote_size party3_comms_piece_vote_count party4_ledger_best_length party4_ledger_best_age party4_ledger_fast_length party4_ledger_fast_age party4_ledger_slow_length party4_ledger_slow_age party4_comms_all_size party4_comms_all_count party4_comms_proposal_size party4_comms_proposal_count party4_comms_piece_block_size party4_comms_piece_block_count party4_comms_piece_vote_size party4_comms_piece_vote_count partyALWAYSAWAKE_ledger_best_length partyALWAYSAWAKE_ledger_best_age partyALWAYSAWAKE_ledger_fast_length partyALWAYSAWAKE_ledger_fast_age partyALWAYSAWAKE_ledger_slow_length partyALWAYSAWAKE_ledger_slow_age partyALWAYSAWAKE_comms_all_size partyALWAYSAWAKE_comms_all_count partyALWAYSAWAKE_comms_proposal_size partyALWAYSAWAKE_comms_proposal_count partyALWAYSAWAKE_comms_piece_block_size partyALWAYSAWAKE_comms_piece_block_count partyALWAYSAWAKE_comms_piece_vote_size partyALWAYSAWAKE_comms_piece_vote_count
4 0 1000 0 0 1000 0 1000 0 0 0 0 0 0 0 0 0 0 0 0 0 0 0 0 0 0 0 0 0 0 0 0 0 0 0 0 0 0 0 0 0 0 0 0 0 0 0 0 0 0 0 0 0 0 0 0 0 0 0 0 0 0 0 0 0 0 0 0 0 0 0 0 0 0 0 0 0 0 0 0 0 0 0 0 0 0 0 0 0 0 0 0
5 0 1000 0 0 1000 0 1000 0 0 0 0 0 0 723940 9 723940 9 0 0 0 0 0 0 0 0 0 0 723940 9 723940 9 0 0 0 0 0 0 0 0 0 0 723940 9 723940 9 0 0 0 0 0 0 0 0 0 0 723940 9 723940 9 0 0 0 0 0 0 0 0 0 0 723940 9 723940 9 0 0 0 0 0 0 0 0 0 0 723940 9 723940 9 0 0 0 0
6 0 1000 0 0 1000 0 1000 1 1 1 1 0 0 105858 95 0 0 80290 1 25568 94 1 1 1 1 0 0 105858 95 0 0 80290 1 25568 94 1 1 1 1 0 0 105858 95 0 0 80290 1 25568 94 1 1 1 1 0 0 105858 95 0 0 80290 1 25568 94 1 1 1 1 0 0 105858 95 0 0 80290 1 25568 94 1 1 1 1 0 0 105858 95 0 0 80290 1 25568 94
7 0 1000 0 0 1000 0 1000 1 1 1 1 0 0 0 0 0 0 0 0 0 0 1 1 1 1 0 0 0 0 0 0 0 0 0 0 1 1 1 1 0 0 0 0 0 0 0 0 0 0 1 1 1 1 0 0 0 0 0 0 0 0 0 0 1 1 1 1 0 0 0 0 0 0 0 0 0 0 1 1 1 1 0 0 0 0 0 0 0 0 0 0
8 0 1000 0 0 1000 0 1000 1 1 1 1 0 0 0 0 0 0 0 0 0 0 1 1 1 1 0 0 0 0 0 0 0 0 0 0 1 1 1 1 0 0 0 0 0 0 0 0 0 0 1 1 1 1 0 0 0 0 0 0 0 0 0 0 1 1 1 1 0 0 0 0 0 0 0 0 0 0 1 1 1 1 0 0 0 0 0 0 0 0 0 0
9 0 1000 0 0 1000 0 1000 1 1 1 1 0 0 1335134 16 1335134 16 0 0 0 0 1 1 1 1 0 0 1335134 16 1335134 16 0 0 0 0 1 1 1 1 0 0 1335134 16 1335134 16 0 0 0 0 1 1 1 1 0 0 1335134 16 1335134 16 0 0 0 0 1 1 1 1 0 0 1335134 16 1335134 16 0 0 0 0 1 1 1 1 0 0 1335134 16 1335134 16 0 0 0 0
10 0 1000 0 0 1000 0 1000 2 2 2 2 0 0 103682 87 0 0 80290 1 23392 86 2 2 2 2 0 0 103682 87 0 0 80290 1 23392 86 2 2 2 2 0 0 103682 87 0 0 80290 1 23392 86 2 2 2 2 0 0 103682 87 0 0 80290 1 23392 86 2 2 2 2 0 0 103682 87 0 0 80290 1 23392 86 2 2 2 2 0 0 103682 87 0 0 80290 1 23392 86
11 0 1000 0 0 1000 0 1000 2 2 2 2 0 0 0 0 0 0 0 0 0 0 2 2 2 2 0 0 0 0 0 0 0 0 0 0 2 2 2 2 0 0 0 0 0 0 0 0 0 0 2 2 2 2 0 0 0 0 0 0 0 0 0 0 2 2 2 2 0 0 0 0 0 0 0 0 0 0 2 2 2 2 0 0 0 0 0 0 0 0 0 0
12 0 1000 0 0 1000 0 1000 2 2 2 2 0 0 0 0 0 0 0 0 0 0 2 2 2 2 0 0 0 0 0 0 0 0 0 0 2 2 2 2 0 0 0 0 0 0 0 0 0 0 2 2 2 2 0 0 0 0 0 0 0 0 0 0 2 2 2 2 0 0 0 0 0 0 0 0 0 0 2 2 2 2 0 0 0 0 0 0 0 0 0 0
13 0 1000 0 0 1000 0 1000 2 2 2 2 0 0 1081467 13 1081467 13 0 0 0 0 2 2 2 2 0 0 1081467 13 1081467 13 0 0 0 0 2 2 2 2 0 0 1081467 13 1081467 13 0 0 0 0 2 2 2 2 0 0 1081467 13 1081467 13 0 0 0 0 2 2 2 2 0 0 1081467 13 1081467 13 0 0 0 0 2 2 2 2 0 0 1081467 13 1081467 13 0 0 0 0
14 0 1000 0 0 1000 0 1000 3 3 3 3 0 0 106674 98 0 0 80290 1 26384 97 3 3 3 3 0 0 106674 98 0 0 80290 1 26384 97 3 3 3 3 0 0 106674 98 0 0 80290 1 26384 97 3 3 3 3 0 0 106674 98 0 0 80290 1 26384 97 3 3 3 3 0 0 106674 98 0 0 80290 1 26384 97 3 3 3 3 0 0 106674 98 0 0 80290 1 26384 97
15 0 1000 0 0 1000 0 1000 3 3 3 3 0 0 0 0 0 0 0 0 0 0 3 3 3 3 0 0 0 0 0 0 0 0 0 0 3 3 3 3 0 0 0 0 0 0 0 0 0 0 3 3 3 3 0 0 0 0 0 0 0 0 0 0 3 3 3 3 0 0 0 0 0 0 0 0 0 0 3 3 3 3 0 0 0 0 0 0 0 0 0 0
16 0 1000 0 0 1000 0 1000 3 3 3 3 0 0 0 0 0 0 0 0 0 0 3 3 3 3 0 0 0 0 0 0 0 0 0 0 3 3 3 3 0 0 0 0 0 0 0 0 0 0 3 3 3 3 0 0 0 0 0 0 0 0 0 0 3 3 3 3 0 0 0 0 0 0 0 0 0 0 3 3 3 3 0 0 0 0 0 0 0 0 0 0
17 0 1000 0 0 1000 0 1000 3 3 3 3 0 0 1002504 12 1002504 12 0 0 0 0 3 3 3 3 0 0 1002504 12 1002504 12 0 0 0 0 3 3 3 3 0 0 1002504 12 1002504 12 0 0 0 0 3 3 3 3 0 0 1002504 12 1002504 12 0 0 0 0 3 3 3 3 0 0 1002504 12 1002504 12 0 0 0 0 3 3 3 3 0 0 1002504 12 1002504 12 0 0 0 0
18 0 1000 0 0 1000 0 1000 4 4 4 4 0 0 101234 78 0 0 80290 1 20944 77 4 4 4 4 0 0 101234 78 0 0 80290 1 20944 77 4 4 4 4 0 0 101234 78 0 0 80290 1 20944 77 4 4 4 4 0 0 101234 78 0 0 80290 1 20944 77 4 4 4 4 0 0 101234 78 0 0 80290 1 20944 77 4 4 4 4 0 0 101234 78 0 0 80290 1 20944 77
19 0 1000 0 0 1000 0 1000 4 4 4 4 0 0 0 0 0 0 0 0 0 0 4 4 4 4 0 0 0 0 0 0 0 0 0 0 4 4 4 4 0 0 0 0 0 0 0 0 0 0 4 4 4 4 0 0 0 0 0 0 0 0 0 0 4 4 4 4 0 0 0 0 0 0 0 0 0 0 4 4 4 4 0 0 0 0 0 0 0 0 0 0
20 0 1000 0 0 1000 0 1000 4 4 4 4 0 0 0 0 0 0 0 0 0 0 4 4 4 4 0 0 0 0 0 0 0 0 0 0 4 4 4 4 0 0 0 0 0 0 0 0 0 0 4 4 4 4 0 0 0 0 0 0 0 0 0 0 4 4 4 4 0 0 0 0 0 0 0 0 0 0 4 4 4 4 0 0 0 0 0 0 0 0 0 0
21 0 1000 0 0 1000 0 1000 4 4 4 4 0 0 497412 6 497412 6 0 0 0 0 4 4 4 4 0 0 497412 6 497412 6 0 0 0 0 4 4 4 4 0 0 497412 6 497412 6 0 0 0 0 4 4 4 4 0 0 497412 6 497412 6 0 0 0 0 4 4 4 4 0 0 497412 6 497412 6 0 0 0 0 4 4 4 4 0 0 497412 6 497412 6 0 0 0 0
22 0 1000 0 0 1000 0 1000 5 5 5 5 0 0 102594 83 0 0 80290 1 22304 82 5 5 5 5 0 0 102594 83 0 0 80290 1 22304 82 5 5 5 5 0 0 102594 83 0 0 80290 1 22304 82 5 5 5 5 0 0 102594 83 0 0 80290 1 22304 82 5 5 5 5 0 0 102594 83 0 0 80290 1 22304 82 5 5 5 5 0 0 102594 83 0 0 80290 1 22304 82
23 0 1000 0 0 1000 0 1000 5 5 5 5 0 0 0 0 0 0 0 0 0 0 5 5 5 5 0 0 0 0 0 0 0 0 0 0 5 5 5 5 0 0 0 0 0 0 0 0 0 0 5 5 5 5 0 0 0 0 0 0 0 0 0 0 5 5 5 5 0 0 0 0 0 0 0 0 0 0 5 5 5 5 0 0 0 0 0 0 0 0 0 0
24 0 1000 0 0 1000 0 1000 5 5 5 5 0 0 0 0 0 0 0 0 0 0 5 5 5 5 0 0 0 0 0 0 0 0 0 0 5 5 5 5 0 0 0 0 0 0 0 0 0 0 5 5 5 5 0 0 0 0 0 0 0 0 0 0 5 5 5 5 0 0 0 0 0 0 0 0 0 0 5 5 5 5 0 0 0 0 0 0 0 0 0 0
25 0 1000 0 0 1000 0 1000 5 5 5 5 0 0 1079805 13 1079805 13 0 0 0 0 5 5 5 5 0 0 1079805 13 1079805 13 0 0 0 0 5 5 5 5 0 0 1079805 13 1079805 13 0 0 0 0 5 5 5 5 0 0 1079805 13 1079805 13 0 0 0 0 5 5 5 5 0 0 1079805 13 1079805 13 0 0 0 0 5 5 5 5 0 0 1079805 13 1079805 13 0 0 0 0
26 0 1000 0 0 1000 0 1000 6 6 6 6 0 0 104226 89 0 0 80290 1 23936 88 6 6 6 6 0 0 104226 89 0 0 80290 1 23936 88 6 6 6 6 0 0 104226 89 0 0 80290 1 23936 88 6 6 6 6 0 0 104226 89 0 0 80290 1 23936 88 6 6 6 6 0 0 104226 89 0 0 80290 1 23936 88 6 6 6 6 0 0 104226 89 0 0 80290 1 23936 88
27 0 1000 0 0 1000 0 1000 6 6 6 6 0 0 0 0 0 0 0 0 0 0 6 6 6 6 0 0 0 0 0 0 0 0 0 0 6 6 6 6 0 0 0 0 0 0 0 0 0 0 6 6 6 6 0 0 0 0 0 0 0 0 0 0 6 6 6 6 0 0 0 0 0 0 0 0 0 0 6 6 6 6 0 0 0 0 0 0 0 0 0 0
28 0 1000 0 0 1000 0 1000 6 6 6 6 0 0 0 0 0 0 0 0 0 0 6 6 6 6 0 0 0 0 0 0 0 0 0 0 6 6 6 6 0 0 0 0 0 0 0 0 0 0 6 6 6 6 0 0 0 0 0 0 0 0 0 0 6 6 6 6 0 0 0 0 0 0 0 0 0 0 6 6 6 6 0 0 0 0 0 0 0 0 0 0
29 0 1000 0 0 1000 0 1000 6 6 6 6 0 0 749285 9 749285 9 0 0 0 0 6 6 6 6 0 0 749285 9 749285 9 0 0 0 0 6 6 6 6 0 0 749285 9 749285 9 0 0 0 0 6 6 6 6 0 0 749285 9 749285 9 0 0 0 0 6 6 6 6 0 0 749285 9 749285 9 0 0 0 0 6 6 6 6 0 0 749285 9 749285 9 0 0 0 0
30 0 1000 0 0 1000 0 1000 7 7 7 7 0 0 108034 103 0 0 80290 1 27744 102 7 7 7 7 0 0 108034 103 0 0 80290 1 27744 102 7 7 7 7 0 0 108034 103 0 0 80290 1 27744 102 7 7 7 7 0 0 108034 103 0 0 80290 1 27744 102 7 7 7 7 0 0 108034 103 0 0 80290 1 27744 102 7 7 7 7 0 0 108034 103 0 0 80290 1 27744 102
31 0 1000 0 0 1000 0 1000 7 7 7 7 0 0 0 0 0 0 0 0 0 0 7 7 7 7 0 0 0 0 0 0 0 0 0 0 7 7 7 7 0 0 0 0 0 0 0 0 0 0 7 7 7 7 0 0 0 0 0 0 0 0 0 0 7 7 7 7 0 0 0 0 0 0 0 0 0 0 7 7 7 7 0 0 0 0 0 0 0 0 0 0
32 0 1000 0 0 1000 0 1000 7 7 7 7 0 0 0 0 0 0 0 0 0 0 7 7 7 7 0 0 0 0 0 0 0 0 0 0 7 7 7 7 0 0 0 0 0 0 0 0 0 0 7 7 7 7 0 0 0 0 0 0 0 0 0 0 7 7 7 7 0 0 0 0 0 0 0 0 0 0 7 7 7 7 0 0 0 0 0 0 0 0 0 0
33 0 1000 0 0 1000 0 1000 7 7 7 7 0 0 1171825 14 1171825 14 0 0 0 0 7 7 7 7 0 0 1171825 14 1171825 14 0 0 0 0 7 7 7 7 0 0 1171825 14 1171825 14 0 0 0 0 7 7 7 7 0 0 1171825 14 1171825 14 0 0 0 0 7 7 7 7 0 0 1171825 14 1171825 14 0 0 0 0 7 7 7 7 0 0 1171825 14 1171825 14 0 0 0 0
34 0 1000 0 0 1000 0 1000 8 8 8 8 0 0 111298 115 0 0 80290 1 31008 114 8 8 8 8 0 0 111298 115 0 0 80290 1 31008 114 8 8 8 8 0 0 111298 115 0 0 80290 1 31008 114 8 8 8 8 0 0 111298 115 0 0 80290 1 31008 114 8 8 8 8 0 0 111298 115 0 0 80290 1 31008 114 8 8 8 8 0 0 111298 115 0 0 80290 1 31008 114
35 0 1000 0 0 1000 0 1000 8 8 8 8 0 0 0 0 0 0 0 0 0 0 8 8 8 8 0 0 0 0 0 0 0 0 0 0 8 8 8 8 0 0 0 0 0 0 0 0 0 0 8 8 8 8 0 0 0 0 0 0 0 0 0 0 8 8 8 8 0 0 0 0 0 0 0 0 0 0 8 8 8 8 0 0 0 0 0 0 0 0 0 0
36 0 1000 0 0 1000 0 1000 8 8 8 8 0 0 0 0 0 0 0 0 0 0 8 8 8 8 0 0 0 0 0 0 0 0 0 0 8 8 8 8 0 0 0 0 0 0 0 0 0 0 8 8 8 8 0 0 0 0 0 0 0 0 0 0 8 8 8 8 0 0 0 0 0 0 0 0 0 0 8 8 8 8 0 0 0 0 0 0 0 0 0 0
37 0 1000 0 0 1000 0 1000 8 8 8 8 0 0 1009030 12 1009030 12 0 0 0 0 8 8 8 8 0 0 1009030 12 1009030 12 0 0 0 0 8 8 8 8 0 0 1009030 12 1009030 12 0 0 0 0 8 8 8 8 0 0 1009030 12 1009030 12 0 0 0 0 8 8 8 8 0 0 1009030 12 1009030 12 0 0 0 0 8 8 8 8 0 0 1009030 12 1009030 12 0 0 0 0
38 0 1000 0 0 1000 0 1000 9 9 9 9 0 0 107490 101 0 0 80290 1 27200 100 9 9 9 9 0 0 107490 101 0 0 80290 1 27200 100 9 9 9 9 0 0 107490 101 0 0 80290 1 27200 100 9 9 9 9 0 0 107490 101 0 0 80290 1 27200 100 9 9 9 9 0 0 107490 101 0 0 80290 1 27200 100 9 9 9 9 0 0 107490 101 0 0 80290 1 27200 100
39 0 1000 0 0 1000 0 1000 9 9 9 9 0 0 0 0 0 0 0 0 0 0 9 9 9 9 0 0 0 0 0 0 0 0 0 0 9 9 9 9 0 0 0 0 0 0 0 0 0 0 9 9 9 9 0 0 0 0 0 0 0 0 0 0 9 9 9 9 0 0 0 0 0 0 0 0 0 0 9 9 9 9 0 0 0 0 0 0 0 0 0 0
40 0 1000 0 0 1000 0 1000 9 9 9 9 0 0 0 0 0 0 0 0 0 0 9 9 9 9 0 0 0 0 0 0 0 0 0 0 9 9 9 9 0 0 0 0 0 0 0 0 0 0 9 9 9 9 0 0 0 0 0 0 0 0 0 0 9 9 9 9 0 0 0 0 0 0 0 0 0 0 9 9 9 9 0 0 0 0 0 0 0 0 0 0
41 0 1000 0 0 1000 0 1000 9 9 9 9 0 0 1505499 18 1505499 18 0 0 0 0 9 9 9 9 0 0 1505499 18 1505499 18 0 0 0 0 9 9 9 9 0 0 1505499 18 1505499 18 0 0 0 0 9 9 9 9 0 0 1505499 18 1505499 18 0 0 0 0 9 9 9 9 0 0 1505499 18 1505499 18 0 0 0 0 9 9 9 9 0 0 1505499 18 1505499 18 0 0 0 0
42 0 1000 0 0 1000 0 1000 10 10 10 10 0 0 104771 91 0 0 80291 1 24480 90 10 10 10 10 0 0 104771 91 0 0 80291 1 24480 90 10 10 10 10 0 0 104771 91 0 0 80291 1 24480 90 10 10 10 10 0 0 104771 91 0 0 80291 1 24480 90 10 10 10 10 0 0 104771 91 0 0 80291 1 24480 90 10 10 10 10 0 0 104771 91 0 0 80291 1 24480 90
43 0 1000 0 0 1000 0 1000 10 10 10 10 0 0 0 0 0 0 0 0 0 0 10 10 10 10 0 0 0 0 0 0 0 0 0 0 10 10 10 10 0 0 0 0 0 0 0 0 0 0 10 10 10 10 0 0 0 0 0 0 0 0 0 0 10 10 10 10 0 0 0 0 0 0 0 0 0 0 10 10 10 10 0 0 0 0 0 0 0 0 0 0
44 0 1000 0 0 1000 0 1000 10 10 10 10 0 0 0 0 0 0 0 0 0 0 10 10 10 10 0 0 0 0 0 0 0 0 0 0 10 10 10 10 0 0 0 0 0 0 0 0 0 0 10 10 10 10 0 0 0 0 0 0 0 0 0 0 10 10 10 10 0 0 0 0 0 0 0 0 0 0 10 10 10 10 0 0 0 0 0 0 0 0 0 0
45 0 1000 0 0 1000 0 1000 10 10 10 10 0 0 1249781 15 1249781 15 0 0 0 0 10 10 10 10 0 0 1249781 15 1249781 15 0 0 0 0 10 10 10 10 0 0 1249781 15 1249781 15 0 0 0 0 10 10 10 10 0 0 1249781 15 1249781 15 0 0 0 0 10 10 10 10 0 0 1249781 15 1249781 15 0 0 0 0 10 10 10 10 0 0 1249781 15 1249781 15 0 0 0 0
46 0 1000 0 0 1000 0 1000 11 11 11 11 0 0 104771 91 0 0 80291 1 24480 90 11 11 11 11 0 0 104771 91 0 0 80291 1 24480 90 11 11 11 11 0 0 104771 91 0 0 80291 1 24480 90 11 11 11 11 0 0 104771 91 0 0 80291 1 24480 90 11 11 11 11 0 0 104771 91 0 0 80291 1 24480 90 11 11 11 11 0 0 104771 91 0 0 80291 1 24480 90
47 0 1000 0 0 1000 0 1000 11 11 11 11 1 1 0 0 0 0 0 0 0 0 11 11 11 11 1 1 0 0 0 0 0 0 0 0 11 11 11 11 1 1 0 0 0 0 0 0 0 0 11 11 11 11 1 1 0 0 0 0 0 0 0 0 11 11 11 11 1 1 0 0 0 0 0 0 0 0 11 11 11 11 1 1 0 0 0 0 0 0 0 0
48 0 1000 0 0 1000 0 1000 11 11 11 11 1 1 0 0 0 0 0 0 0 0 11 11 11 11 1 1 0 0 0 0 0 0 0 0 11 11 11 11 1 1 0 0 0 0 0 0 0 0 11 11 11 11 1 1 0 0 0 0 0 0 0 0 11 11 11 11 1 1 0 0 0 0 0 0 0 0 11 11 11 11 1 1 0 0 0 0 0 0 0 0
49 0 1000 0 0 1000 0 1000 11 11 11 11 1 1 999827 12 999827 12 0 0 0 0 11 11 11 11 1 1 999827 12 999827 12 0 0 0 0 11 11 11 11 1 1 999827 12 999827 12 0 0 0 0 11 11 11 11 1 1 999827 12 999827 12 0 0 0 0 11 11 11 11 1 1 999827 12 999827 12 0 0 0 0 11 11 11 11 1 1 999827 12 999827 12 0 0 0 0
50 0 1000 0 0 1000 0 1000 12 12 12 12 1 1 106130 96 0 0 80290 1 25840 95 12 12 12 12 1 1 106130 96 0 0 80290 1 25840 95 12 12 12 12 1 1 106130 96 0 0 80290 1 25840 95 12 12 12 12 1 1 106130 96 0 0 80290 1 25840 95 12 12 12 12 1 1 106130 96 0 0 80290 1 25840 95 12 12 12 12 1 1 106130 96 0 0 80290 1 25840 95
51 0 1000 0 0 1000 0 1000 12 12 12 12 2 2 0 0 0 0 0 0 0 0 12 12 12 12 2 2 0 0 0 0 0 0 0 0 12 12 12 12 2 2 0 0 0 0 0 0 0 0 12 12 12 12 2 2 0 0 0 0 0 0 0 0 12 12 12 12 2 2 0 0 0 0 0 0 0 0 12 12 12 12 2 2 0 0 0 0 0 0 0 0
52 0 1000 0 0 1000 0 1000 12 12 12 12 2 2 0 0 0 0 0 0 0 0 12 12 12 12 2 2 0 0 0 0 0 0 0 0 12 12 12 12 2 2 0 0 0 0 0 0 0 0 12 12 12 12 2 2 0 0 0 0 0 0 0 0 12 12 12 12 2 2 0 0 0 0 0 0 0 0 12 12 12 12 2 2 0 0 0 0 0 0 0 0
53 0 1000 0 0 1000 0 1000 12 12 12 12 2 2 166957 2 166957 2 0 0 0 0 12 12 12 12 2 2 166957 2 166957 2 0 0 0 0 12 12 12 12 2 2 166957 2 166957 2 0 0 0 0 12 12 12 12 2 2 166957 2 166957 2 0 0 0 0 12 12 12 12 2 2 166957 2 166957 2 0 0 0 0 12 12 12 12 2 2 166957 2 166957 2 0 0 0 0
54 0 1000 0 0 1000 0 1000 13 13 13 13 2 2 107763 102 0 0 80291 1 27472 101 13 13 13 13 2 2 107763 102 0 0 80291 1 27472 101 13 13 13 13 2 2 107763 102 0 0 80291 1 27472 101 13 13 13 13 2 2 107763 102 0 0 80291 1 27472 101 13 13 13 13 2 2 107763 102 0 0 80291 1 27472 101 13 13 13 13 2 2 107763 102 0 0 80291 1 27472 101
55 0 1000 0 0 1000 0 1000 13 13 13 13 3 3 0 0 0 0 0 0 0 0 13 13 13 13 3 3 0 0 0 0 0 0 0 0 13 13 13 13 3 3 0 0 0 0 0 0 0 0 13 13 13 13 3 3 0 0 0 0 0 0 0 0 13 13 13 13 3 3 0 0 0 0 0 0 0 0 13 13 13 13 3 3 0 0 0 0 0 0 0 0
56 0 1000 0 0 1000 0 1000 13 13 13 13 3 3 0 0 0 0 0 0 0 0 13 13 13 13 3 3 0 0 0 0 0 0 0 0 13 13 13 13 3 3 0 0 0 0 0 0 0 0 13 13 13 13 3 3 0 0 0 0 0 0 0 0 13 13 13 13 3 3 0 0 0 0 0 0 0 0 13 13 13 13 3 3 0 0 0 0 0 0 0 0
57 0 1000 0 0 1000 0 1000 13 13 13 13 3 3 585697 7 585697 7 0 0 0 0 13 13 13 13 3 3 585697 7 585697 7 0 0 0 0 13 13 13 13 3 3 585697 7 585697 7 0 0 0 0 13 13 13 13 3 3 585697 7 585697 7 0 0 0 0 13 13 13 13 3 3 585697 7 585697 7 0 0 0 0 13 13 13 13 3 3 585697 7 585697 7 0 0 0 0
58 0 1000 0 0 1000 0 1000 14 14 14 14 3 3 109667 109 0 0 80291 1 29376 108 14 14 14 14 3 3 109667 109 0 0 80291 1 29376 108 14 14 14 14 3 3 109667 109 0 0 80291 1 29376 108 14 14 14 14 3 3 109667 109 0 0 80291 1 29376 108 14 14 14 14 3 3 109667 109 0 0 80291 1 29376 108 14 14 14 14 3 3 109667 109 0 0 80291 1 29376 108
59 0 1000 0 0 1000 0 1000 14 14 14 14 4 4 0 0 0 0 0 0 0 0 14 14 14 14 4 4 0 0 0 0 0 0 0 0 14 14 14 14 4 4 0 0 0 0 0 0 0 0 14 14 14 14 4 4 0 0 0 0 0 0 0 0 14 14 14 14 4 4 0 0 0 0 0 0 0 0 14 14 14 14 4 4 0 0 0 0 0 0 0 0
60 0 1000 0 0 1000 0 1000 14 14 14 14 4 4 0 0 0 0 0 0 0 0 14 14 14 14 4 4 0 0 0 0 0 0 0 0 14 14 14 14 4 4 0 0 0 0 0 0 0 0 14 14 14 14 4 4 0 0 0 0 0 0 0 0 14 14 14 14 4 4 0 0 0 0 0 0 0 0 14 14 14 14 4 4 0 0 0 0 0 0 0 0
61 0 1000 0 0 1000 0 1000 14 14 14 14 4 4 1006739 12 1006739 12 0 0 0 0 14 14 14 14 4 4 1006739 12 1006739 12 0 0 0 0 14 14 14 14 4 4 1006739 12 1006739 12 0 0 0 0 14 14 14 14 4 4 1006739 12 1006739 12 0 0 0 0 14 14 14 14 4 4 1006739 12 1006739 12 0 0 0 0 14 14 14 14 4 4 1006739 12 1006739 12 0 0 0 0
62 0 1000 0 0 1000 0 1000 15 15 15 15 4 4 104499 90 0 0 80291 1 24208 89 15 15 15 15 4 4 104499 90 0 0 80291 1 24208 89 15 15 15 15 4 4 104499 90 0 0 80291 1 24208 89 15 15 15 15 4 4 104499 90 0 0 80291 1 24208 89 15 15 15 15 4 4 104499 90 0 0 80291 1 24208 89 15 15 15 15 4 4 104499 90 0 0 80291 1 24208 89
63 0 1000 0 0 1000 0 1000 15 15 15 15 5 5 0 0 0 0 0 0 0 0 15 15 15 15 5 5 0 0 0 0 0 0 0 0 15 15 15 15 5 5 0 0 0 0 0 0 0 0 15 15 15 15 5 5 0 0 0 0 0 0 0 0 15 15 15 15 5 5 0 0 0 0 0 0 0 0 15 15 15 15 5 5 0 0 0 0 0 0 0 0
64 0 1000 0 0 1000 0 1000 15 15 15 15 5 5 0 0 0 0 0 0 0 0 15 15 15 15 5 5 0 0 0 0 0 0 0 0 15 15 15 15 5 5 0 0 0 0 0 0 0 0 15 15 15 15 5 5 0 0 0 0 0 0 0 0 15 15 15 15 5 5 0 0 0 0 0 0 0 0 15 15 15 15 5 5 0 0 0 0 0 0 0 0
65 800 200 800 0 200 0 1000 15 15 15 15 5 5 1166016 14 1166016 14 0 0 0 0 15 15 15 15 5 5 1166016 14 1166016 14 0 0 0 0 15 15 15 15 5 5 1166016 14 1166016 14 0 0 0 0 15 15 15 15 5 5 1166016 14 1166016 14 0 0 0 0 15 15 15 15 5 5 1166016 14 1166016 14 0 0 0 0 15 15 15 15 5 5 1166016 14 1166016 14 0 0 0 0
66 800 200 800 0 200 0 1000 15 15 15 15 5 5 86818 25 0 0 80290 1 6528 24 15 15 15 15 5 5 86818 25 0 0 80290 1 6528 24 15 15 15 15 5 5 86818 25 0 0 80290 1 6528 24 15 15 15 15 5 5 86818 25 0 0 80290 1 6528 24 15 15 15 15 5 5 86818 25 0 0 80290 1 6528 24 15 15 15 15 5 5 86818 25 0 0 80290 1 6528 24
67 800 200 800 0 200 0 1000 15 15 15 15 5 5 0 0 0 0 0 0 0 0 15 15 15 15 6 6 0 0 0 0 0 0 0 0 15 15 15 15 5 5 0 0 0 0 0 0 0 0 15 15 15 15 5 5 0 0 0 0 0 0 0 0 15 15 15 15 5 5 0 0 0 0 0 0 0 0 15 15 15 15 6 6 0 0 0 0 0 0 0 0
68 800 200 800 0 200 0 1000 15 15 15 15 5 5 0 0 0 0 0 0 0 0 15 15 15 15 6 6 0 0 0 0 0 0 0 0 15 15 15 15 5 5 0 0 0 0 0 0 0 0 15 15 15 15 5 5 0 0 0 0 0 0 0 0 15 15 15 15 5 5 0 0 0 0 0 0 0 0 15 15 15 15 6 6 0 0 0 0 0 0 0 0
69 800 200 800 0 200 0 1000 15 15 15 15 5 5 81207 1 81207 1 0 0 0 0 15 15 15 15 6 6 81207 1 81207 1 0 0 0 0 15 15 15 15 5 5 81207 1 81207 1 0 0 0 0 15 15 15 15 5 5 81207 1 81207 1 0 0 0 0 15 15 15 15 5 5 81207 1 81207 1 0 0 0 0 15 15 15 15 6 6 81207 1 81207 1 0 0 0 0
70 800 200 800 0 200 0 1000 15 15 15 15 5 5 85459 20 0 0 80291 1 5168 19 15 15 15 15 6 6 85459 20 0 0 80291 1 5168 19 15 15 15 15 5 5 85459 20 0 0 80291 1 5168 19 15 15 15 15 5 5 85459 20 0 0 80291 1 5168 19 15 15 15 15 5 5 85459 20 0 0 80291 1 5168 19 15 15 15 15 6 6 85459 20 0 0 80291 1 5168 19
71 800 200 800 0 200 0 1000 15 15 15 15 5 5 0 0 0 0 0 0 0 0 15 15 15 15 7 7 0 0 0 0 0 0 0 0 15 15 15 15 5 5 0 0 0 0 0 0 0 0 15 15 15 15 5 5 0 0 0 0 0 0 0 0 15 15 15 15 5 5 0 0 0 0 0 0 0 0 15 15 15 15 7 7 0 0 0 0 0 0 0 0
72 800 200 800 0 200 0 1000 15 15 15 15 5 5 0 0 0 0 0 0 0 0 15 15 15 15 7 7 0 0 0 0 0 0 0 0 15 15 15 15 5 5 0 0 0 0 0 0 0 0 15 15 15 15 5 5 0 0 0 0 0 0 0 0 15 15 15 15 5 5 0 0 0 0 0 0 0 0 15 15 15 15 7 7 0 0 0 0 0 0 0 0
73 800 200 800 0 200 0 1000 15 15 15 15 5 5 81047 1 81047 1 0 0 0 0 15 15 15 15 7 7 81047 1 81047 1 0 0 0 0 15 15 15 15 5 5 81047 1 81047 1 0 0 0 0 15 15 15 15 5 5 81047 1 81047 1 0 0 0 0 15 15 15 15 5 5 81047 1 81047 1 0 0 0 0 15 15 15 15 7 7 81047 1 81047 1 0 0 0 0
74 800 200 800 0 200 0 1000 15 15 15 15 5 5 86275 23 0 0 80291 1 5984 22 15 15 15 15 7 7 86275 23 0 0 80291 1 5984 22 15 15 15 15 5 5 86275 23 0 0 80291 1 5984 22 15 15 15 15 5 5 86275 23 0 0 80291 1 5984 22 15 15 15 15 5 5 86275 23 0 0 80291 1 5984 22 15 15 15 15 7 7 86275 23 0 0 80291 1 5984 22
75 800 200 800 0 200 0 1000 15 15 15 15 5 5 0 0 0 0 0 0 0 0 15 15 15 15 8 8 0 0 0 0 0 0 0 0 15 15 15 15 5 5 0 0 0 0 0 0 0 0 15 15 15 15 5 5 0 0 0 0 0 0 0 0 15 15 15 15 5 5 0 0 0 0 0 0 0 0 15 15 15 15 8 8 0 0 0 0 0 0 0 0
76 800 200 800 0 200 0 1000 15 15 15 15 5 5 0 0 0 0 0 0 0 0 15 15 15 15 8 8 0 0 0 0 0 0 0 0 15 15 15 15 5 5 0 0 0 0 0 0 0 0 15 15 15 15 5 5 0 0 0 0 0 0 0 0 15 15 15 15 5 5 0 0 0 0 0 0 0 0 15 15 15 15 8 8 0 0 0 0 0 0 0 0
77 800 200 800 0 200 0 1000 15 15 15 15 5 5 81143 1 81143 1 0 0 0 0 15 15 15 15 8 8 81143 1 81143 1 0 0 0 0 15 15 15 15 5 5 81143 1 81143 1 0 0 0 0 15 15 15 15 5 5 81143 1 81143 1 0 0 0 0 15 15 15 15 5 5 81143 1 81143 1 0 0 0 0 15 15 15 15 8 8 81143 1 81143 1 0 0 0 0
78 800 200 800 0 200 0 1000 15 15 15 15 5 5 84371 16 0 0 80291 1 4080 15 15 15 15 15 8 8 84371 16 0 0 80291 1 4080 15 15 15 15 15 5 5 84371 16 0 0 80291 1 4080 15 15 15 15 15 5 5 84371 16 0 0 80291 1 4080 15 15 15 15 15 5 5 84371 16 0 0 80291 1 4080 15 15 15 15 15 8 8 84371 16 0 0 80291 1 4080 15
79 800 200 800 0 200 0 1000 15 15 15 15 5 5 0 0 0 0 0 0 0 0 15 15 15 15 9 9 0 0 0 0 0 0 0 0 15 15 15 15 5 5 0 0 0 0 0 0 0 0 15 15 15 15 5 5 0 0 0 0 0 0 0 0 15 15 15 15 5 5 0 0 0 0 0 0 0 0 15 15 15 15 9 9 0 0 0 0 0 0 0 0
80 800 200 800 0 200 0 1000 15 15 15 15 5 5 0 0 0 0 0 0 0 0 15 15 15 15 9 9 0 0 0 0 0 0 0 0 15 15 15 15 5 5 0 0 0 0 0 0 0 0 15 15 15 15 5 5 0 0 0 0 0 0 0 0 15 15 15 15 5 5 0 0 0 0 0 0 0 0 15 15 15 15 9 9 0 0 0 0 0 0 0 0
81 800 200 800 0 200 0 1000 15 15 15 15 5 5 242756 3 242756 3 0 0 0 0 15 15 15 15 9 9 242756 3 242756 3 0 0 0 0 15 15 15 15 5 5 242756 3 242756 3 0 0 0 0 15 15 15 15 5 5 242756 3 242756 3 0 0 0 0 15 15 15 15 5 5 242756 3 242756 3 0 0 0 0 15 15 15 15 9 9 242756 3 242756 3 0 0 0 0
82 800 200 800 0 200 0 1000 15 15 15 15 5 5 85731 21 0 0 80291 1 5440 20 15 15 15 15 9 9 85731 21 0 0 80291 1 5440 20 15 15 15 15 5 5 85731 21 0 0 80291 1 5440 20 15 15 15 15 5 5 85731 21 0 0 80291 1 5440 20 15 15 15 15 5 5 85731 21 0 0 80291 1 5440 20 15 15 15 15 9 9 85731 21 0 0 80291 1 5440 20
83 800 200 800 0 200 0 1000 15 15 15 15 5 5 0 0 0 0 0 0 0 0 15 15 15 15 10 10 0 0 0 0 0 0 0 0 15 15 15 15 5 5 0 0 0 0 0 0 0 0 15 15 15 15 5 5 0 0 0 0 0 0 0 0 15 15 15 15 5 5 0 0 0 0 0 0 0 0 15 15 15 15 10 10 0 0 0 0 0 0 0 0
84 800 200 800 0 200 0 1000 15 15 15 15 5 5 0 0 0 0 0 0 0 0 15 15 15 15 10 10 0 0 0 0 0 0 0 0 15 15 15 15 5 5 0 0 0 0 0 0 0 0 15 15 15 15 5 5 0 0 0 0 0 0 0 0 15 15 15 15 5 5 0 0 0 0 0 0 0 0 15 15 15 15 10 10 0 0 0 0 0 0 0 0
85 800 200 800 0 200 0 1000 15 15 15 15 5 5 324316 4 324316 4 0 0 0 0 15 15 15 15 10 10 324316 4 324316 4 0 0 0 0 15 15 15 15 5 5 324316 4 324316 4 0 0 0 0 15 15 15 15 5 5 324316 4 324316 4 0 0 0 0 15 15 15 15 5 5 324316 4 324316 4 0 0 0 0 15 15 15 15 10 10 324316 4 324316 4 0 0 0 0
86 800 200 800 0 200 0 1000 15 15 15 15 5 5 86547 24 0 0 80291 1 6256 23 15 15 15 15 10 10 86547 24 0 0 80291 1 6256 23 15 15 15 15 5 5 86547 24 0 0 80291 1 6256 23 15 15 15 15 5 5 86547 24 0 0 80291 1 6256 23 15 15 15 15 5 5 86547 24 0 0 80291 1 6256 23 15 15 15 15 10 10 86547 24 0 0 80291 1 6256 23
87 800 200 800 0 200 0 1000 15 15 15 15 5 5 0 0 0 0 0 0 0 0 15 15 15 15 11 11 0 0 0 0 0 0 0 0 15 15 15 15 5 5 0 0 0 0 0 0 0 0 15 15 15 15 5 5 0 0 0 0 0 0 0 0 15 15 15 15 5 5 0 0 0 0 0 0 0 0 15 15 15 15 11 11 0 0 0 0 0 0 0 0
88 800 200 800 0 200 0 1000 15 15 15 15 5 5 0 0 0 0 0 0 0 0 15 15 15 15 11 11 0 0 0 0 0 0 0 0 15 15 15 15 5 5 0 0 0 0 0 0 0 0 15 15 15 15 5 5 0 0 0 0 0 0 0 0 15 15 15 15 5 5 0 0 0 0 0 0 0 0 15 15 15 15 11 11 0 0 0 0 0 0 0 0
89 800 200 800 0 200 0 1000 15 15 15 15 5 5 243525 3 243525 3 0 0 0 0 15 15 15 15 11 11 243525 3 243525 3 0 0 0 0 15 15 15 15 5 5 243525 3 243525 3 0 0 0 0 15 15 15 15 5 5 243525 3 243525 3 0 0 0 0 15 15 15 15 5 5 243525 3 243525 3 0 0 0 0 15 15 15 15 11 11 243525 3 243525 3 0 0 0 0
90 800 200 800 0 200 0 1000 15 15 15 15 5 5 83555 13 0 0 80291 1 3264 12 15 15 15 15 11 11 83555 13 0 0 80291 1 3264 12 15 15 15 15 5 5 83555 13 0 0 80291 1 3264 12 15 15 15 15 5 5 83555 13 0 0 80291 1 3264 12 15 15 15 15 5 5 83555 13 0 0 80291 1 3264 12 15 15 15 15 11 11 83555 13 0 0 80291 1 3264 12
91 800 200 800 0 200 0 1000 15 15 15 15 5 5 0 0 0 0 0 0 0 0 15 15 15 15 12 12 0 0 0 0 0 0 0 0 15 15 15 15 5 5 0 0 0 0 0 0 0 0 15 15 15 15 5 5 0 0 0 0 0 0 0 0 15 15 15 15 5 5 0 0 0 0 0 0 0 0 15 15 15 15 12 12 0 0 0 0 0 0 0 0
92 800 200 800 0 200 0 1000 15 15 15 15 5 5 0 0 0 0 0 0 0 0 15 15 15 15 12 12 0 0 0 0 0 0 0 0 15 15 15 15 5 5 0 0 0 0 0 0 0 0 15 15 15 15 5 5 0 0 0 0 0 0 0 0 15 15 15 15 5 5 0 0 0 0 0 0 0 0 15 15 15 15 12 12 0 0 0 0 0 0 0 0
93 800 200 800 0 200 0 1000 15 15 15 15 5 5 80822 1 80822 1 0 0 0 0 15 15 15 15 12 12 80822 1 80822 1 0 0 0 0 15 15 15 15 5 5 80822 1 80822 1 0 0 0 0 15 15 15 15 5 5 80822 1 80822 1 0 0 0 0 15 15 15 15 5 5 80822 1 80822 1 0 0 0 0 15 15 15 15 12 12 80822 1 80822 1 0 0 0 0
94 800 200 800 0 200 0 1000 15 15 15 15 5 5 85458 20 0 0 80290 1 5168 19 15 15 15 15 12 12 85458 20 0 0 80290 1 5168 19 15 15 15 15 5 5 85458 20 0 0 80290 1 5168 19 15 15 15 15 5 5 85458 20 0 0 80290 1 5168 19 15 15 15 15 5 5 85458 20 0 0 80290 1 5168 19 15 15 15 15 12 12 85458 20 0 0 80290 1 5168 19
95 800 200 800 0 200 0 1000 15 15 15 15 5 5 0 0 0 0 0 0 0 0 15 15 15 15 13 13 0 0 0 0 0 0 0 0 15 15 15 15 5 5 0 0 0 0 0 0 0 0 15 15 15 15 5 5 0 0 0 0 0 0 0 0 15 15 15 15 5 5 0 0 0 0 0 0 0 0 15 15 15 15 13 13 0 0 0 0 0 0 0 0
96 800 200 800 0 200 0 1000 15 15 15 15 5 5 0 0 0 0 0 0 0 0 15 15 15 15 13 13 0 0 0 0 0 0 0 0 15 15 15 15 5 5 0 0 0 0 0 0 0 0 15 15 15 15 5 5 0 0 0 0 0 0 0 0 15 15 15 15 5 5 0 0 0 0 0 0 0 0 15 15 15 15 13 13 0 0 0 0 0 0 0 0
97 800 200 800 0 200 0 1000 15 15 15 15 5 5 243141 3 243141 3 0 0 0 0 15 15 15 15 13 13 243141 3 243141 3 0 0 0 0 15 15 15 15 5 5 243141 3 243141 3 0 0 0 0 15 15 15 15 5 5 243141 3 243141 3 0 0 0 0 15 15 15 15 5 5 243141 3 243141 3 0 0 0 0 15 15 15 15 13 13 243141 3 243141 3 0 0 0 0
98 800 200 800 0 200 0 1000 15 15 15 15 5 5 87363 27 0 0 80291 1 7072 26 15 15 15 15 13 13 87363 27 0 0 80291 1 7072 26 15 15 15 15 5 5 87363 27 0 0 80291 1 7072 26 15 15 15 15 5 5 87363 27 0 0 80291 1 7072 26 15 15 15 15 5 5 87363 27 0 0 80291 1 7072 26 15 15 15 15 13 13 87363 27 0 0 80291 1 7072 26
99 800 200 800 0 200 0 1000 15 15 15 15 5 5 0 0 0 0 0 0 0 0 15 15 15 15 14 14 0 0 0 0 0 0 0 0 15 15 15 15 5 5 0 0 0 0 0 0 0 0 15 15 15 15 5 5 0 0 0 0 0 0 0 0 15 15 15 15 5 5 0 0 0 0 0 0 0 0 15 15 15 15 14 14 0 0 0 0 0 0 0 0
100 800 200 800 0 200 0 1000 15 15 15 15 5 5 0 0 0 0 0 0 0 0 15 15 15 15 14 14 0 0 0 0 0 0 0 0 15 15 15 15 5 5 0 0 0 0 0 0 0 0 15 15 15 15 5 5 0 0 0 0 0 0 0 0 15 15 15 15 5 5 0 0 0 0 0 0 0 0 15 15 15 15 14 14 0 0 0 0 0 0 0 0
101 800 200 800 0 200 0 1000 15 15 15 15 5 5 325084 4 325084 4 0 0 0 0 15 15 15 15 14 14 325084 4 325084 4 0 0 0 0 15 15 15 15 5 5 325084 4 325084 4 0 0 0 0 15 15 15 15 5 5 325084 4 325084 4 0 0 0 0 15 15 15 15 5 5 325084 4 325084 4 0 0 0 0 15 15 15 15 14 14 325084 4 325084 4 0 0 0 0
102 800 200 800 0 200 0 1000 15 15 15 15 5 5 86547 24 0 0 80291 1 6256 23 15 15 15 15 14 14 86547 24 0 0 80291 1 6256 23 15 15 15 15 5 5 86547 24 0 0 80291 1 6256 23 15 15 15 15 5 5 86547 24 0 0 80291 1 6256 23 15 15 15 15 5 5 86547 24 0 0 80291 1 6256 23 15 15 15 15 14 14 86547 24 0 0 80291 1 6256 23
103 800 200 800 0 200 0 1000 15 15 15 15 5 5 0 0 0 0 0 0 0 0 15 15 15 15 15 15 0 0 0 0 0 0 0 0 15 15 15 15 5 5 0 0 0 0 0 0 0 0 15 15 15 15 5 5 0 0 0 0 0 0 0 0 15 15 15 15 5 5 0 0 0 0 0 0 0 0 15 15 15 15 15 15 0 0 0 0 0 0 0 0
104 800 200 800 0 200 0 1000 15 15 15 15 5 5 0 0 0 0 0 0 0 0 15 15 15 15 15 15 0 0 0 0 0 0 0 0 15 15 15 15 5 5 0 0 0 0 0 0 0 0 15 15 15 15 5 5 0 0 0 0 0 0 0 0 15 15 15 15 5 5 0 0 0 0 0 0 0 0 15 15 15 15 15 15 0 0 0 0 0 0 0 0
105 800 200 800 0 200 0 1000 15 15 15 15 5 5 81175 1 81175 1 0 0 0 0 15 15 15 15 15 15 81175 1 81175 1 0 0 0 0 15 15 15 15 5 5 81175 1 81175 1 0 0 0 0 15 15 15 15 5 5 81175 1 81175 1 0 0 0 0 15 15 15 15 5 5 81175 1 81175 1 0 0 0 0 15 15 15 15 15 15 81175 1 81175 1 0 0 0 0
106 800 200 800 0 200 0 1000 15 15 15 15 5 5 85187 19 0 0 80291 1 4896 18 15 15 15 15 15 15 85187 19 0 0 80291 1 4896 18 15 15 15 15 5 5 85187 19 0 0 80291 1 4896 18 15 15 15 15 5 5 85187 19 0 0 80291 1 4896 18 15 15 15 15 5 5 85187 19 0 0 80291 1 4896 18 15 15 15 15 15 15 85187 19 0 0 80291 1 4896 18
107 800 200 800 0 200 0 1000 15 15 15 15 5 5 0 0 0 0 0 0 0 0 16 16 15 15 16 16 0 0 0 0 0 0 0 0 15 15 15 15 5 5 0 0 0 0 0 0 0 0 15 15 15 15 5 5 0 0 0 0 0 0 0 0 15 15 15 15 5 5 0 0 0 0 0 0 0 0 16 16 15 15 16 16 0 0 0 0 0 0 0 0
108 800 200 800 0 200 0 1000 15 15 15 15 5 5 0 0 0 0 0 0 0 0 16 16 15 15 16 16 0 0 0 0 0 0 0 0 15 15 15 15 5 5 0 0 0 0 0 0 0 0 15 15 15 15 5 5 0 0 0 0 0 0 0 0 15 15 15 15 5 5 0 0 0 0 0 0 0 0 16 16 15 15 16 16 0 0 0 0 0 0 0 0
109 800 200 800 0 200 0 1000 15 15 15 15 5 5 81015 1 81015 1 0 0 0 0 16 16 15 15 16 16 81015 1 81015 1 0 0 0 0 15 15 15 15 5 5 81015 1 81015 1 0 0 0 0 15 15 15 15 5 5 81015 1 81015 1 0 0 0 0 15 15 15 15 5 5 81015 1 81015 1 0 0 0 0 16 16 15 15 16 16 81015 1 81015 1 0 0 0 0
110 800 200 800 0 200 0 1000 15 15 15 15 5 5 84643 17 0 0 80291 1 4352 16 16 16 15 15 16 16 84643 17 0 0 80291 1 4352 16 15 15 15 15 5 5 84643 17 0 0 80291 1 4352 16 15 15 15 15 5 5 84643 17 0 0 80291 1 4352 16 15 15 15 15 5 5 84643 17 0 0 80291 1 4352 16 16 16 15 15 16 16 84643 17 0 0 80291 1 4352 16
111 800 200 800 0 200 0 1000 15 15 15 15 5 5 0 0 0 0 0 0 0 0 17 17 15 15 17 17 0 0 0 0 0 0 0 0 15 15 15 15 5 5 0 0 0 0 0 0 0 0 15 15 15 15 5 5 0 0 0 0 0 0 0 0 15 15 15 15 5 5 0 0 0 0 0 0 0 0 17 17 15 15 17 17 0 0 0 0 0 0 0 0
112 800 200 800 0 200 0 1000 15 15 15 15 5 5 0 0 0 0 0 0 0 0 17 17 15 15 17 17 0 0 0 0 0 0 0 0 15 15 15 15 5 5 0 0 0 0 0 0 0 0 15 15 15 15 5 5 0 0 0 0 0 0 0 0 15 15 15 15 5 5 0 0 0 0 0 0 0 0 17 17 15 15 17 17 0 0 0 0 0 0 0 0
113 800 200 800 0 200 0 1000 15 15 15 15 5 5 242853 3 242853 3 0 0 0 0 17 17 15 15 17 17 242853 3 242853 3 0 0 0 0 15 15 15 15 5 5 242853 3 242853 3 0 0 0 0 15 15 15 15 5 5 242853 3 242853 3 0 0 0 0 15 15 15 15 5 5 242853 3 242853 3 0 0 0 0 17 17 15 15 17 17 242853 3 242853 3 0 0 0 0
114 800 200 800 0 200 0 1000 15 15 15 15 5 5 86547 24 0 0 80291 1 6256 23 17 17 15 15 17 17 86547 24 0 0 80291 1 6256 23 15 15 15 15 5 5 86547 24 0 0 80291 1 6256 23 15 15 15 15 5 5 86547 24 0 0 80291 1 6256 23 15 15 15 15 5 5 86547 24 0 0 80291 1 6256 23 17 17 15 15 17 17 86547 24 0 0 80291 1 6256 23
115 800 200 800 0 200 0 1000 15 15 15 15 5 5 0 0 0 0 0 0 0 0 18 18 15 15 18 18 0 0 0 0 0 0 0 0 15 15 15 15 5 5 0 0 0 0 0 0 0 0 15 15 15 15 5 5 0 0 0 0 0 0 0 0 15 15 15 15 5 5 0 0 0 0 0 0 0 0 18 18 15 15 18 18 0 0 0 0 0 0 0 0
116 800 200 800 0 200 0 1000 15 15 15 15 5 5 0 0 0 0 0 0 0 0 18 18 15 15 18 18 0 0 0 0 0 0 0 0 15 15 15 15 5 5 0 0 0 0 0 0 0 0 15 15 15 15 5 5 0 0 0 0 0 0 0 0 15 15 15 15 5 5 0 0 0 0 0 0 0 0 18 18 15 15 18 18 0 0 0 0 0 0 0 0
117 800 200 800 0 200 0 1000 15 15 15 15 5 5 324700 4 324700 4 0 0 0 0 18 18 15 15 18 18 324700 4 324700 4 0 0 0 0 15 15 15 15 5 5 324700 4 324700 4 0 0 0 0 15 15 15 15 5 5 324700 4 324700 4 0 0 0 0 15 15 15 15 5 5 324700 4 324700 4 0 0 0 0 18 18 15 15 18 18 324700 4 324700 4 0 0 0 0
118 800 200 800 0 200 0 1000 15 15 15 15 5 5 84915 18 0 0 80291 1 4624 17 18 18 15 15 18 18 84915 18 0 0 80291 1 4624 17 15 15 15 15 5 5 84915 18 0 0 80291 1 4624 17 15 15 15 15 5 5 84915 18 0 0 80291 1 4624 17 15 15 15 15 5 5 84915 18 0 0 80291 1 4624 17 18 18 15 15 18 18 84915 18 0 0 80291 1 4624 17
119 800 200 800 0 200 0 1000 15 15 15 15 5 5 0 0 0 0 0 0 0 0 19 19 15 15 19 19 0 0 0 0 0 0 0 0 15 15 15 15 5 5 0 0 0 0 0 0 0 0 15 15 15 15 5 5 0 0 0 0 0 0 0 0 15 15 15 15 5 5 0 0 0 0 0 0 0 0 19 19 15 15 19 19 0 0 0 0 0 0 0 0
120 800 200 800 0 200 0 1000 15 15 15 15 5 5 0 0 0 0 0 0 0 0 19 19 15 15 19 19 0 0 0 0 0 0 0 0 15 15 15 15 5 5 0 0 0 0 0 0 0 0 15 15 15 15 5 5 0 0 0 0 0 0 0 0 15 15 15 15 5 5 0 0 0 0 0 0 0 0 19 19 15 15 19 19 0 0 0 0 0 0 0 0
121 800 200 800 0 200 0 1000 15 15 15 15 5 5 161966 2 161966 2 0 0 0 0 19 19 15 15 19 19 161966 2 161966 2 0 0 0 0 15 15 15 15 5 5 161966 2 161966 2 0 0 0 0 15 15 15 15 5 5 161966 2 161966 2 0 0 0 0 15 15 15 15 5 5 161966 2 161966 2 0 0 0 0 19 19 15 15 19 19 161966 2 161966 2 0 0 0 0
122 800 200 800 0 200 0 1000 15 15 15 15 5 5 86003 22 0 0 80291 1 5712 21 19 19 15 15 19 19 86003 22 0 0 80291 1 5712 21 15 15 15 15 5 5 86003 22 0 0 80291 1 5712 21 15 15 15 15 5 5 86003 22 0 0 80291 1 5712 21 15 15 15 15 5 5 86003 22 0 0 80291 1 5712 21 19 19 15 15 19 19 86003 22 0 0 80291 1 5712 21
123 800 200 800 0 200 0 1000 15 15 15 15 5 5 0 0 0 0 0 0 0 0 20 20 15 15 20 20 0 0 0 0 0 0 0 0 15 15 15 15 5 5 0 0 0 0 0 0 0 0 15 15 15 15 5 5 0 0 0 0 0 0 0 0 15 15 15 15 5 5 0 0 0 0 0 0 0 0 20 20 15 15 20 20 0 0 0 0 0 0 0 0
124 800 200 800 0 200 0 1000 15 15 15 15 5 5 0 0 0 0 0 0 0 0 20 20 15 15 20 20 0 0 0 0 0 0 0 0 15 15 15 15 5 5 0 0 0 0 0 0 0 0 15 15 15 15 5 5 0 0 0 0 0 0 0 0 15 15 15 15 5 5 0 0 0 0 0 0 0 0 20 20 15 15 20 20 0 0 0 0 0 0 0 0
125 800 200 800 0 200 0 1000 15 15 15 15 5 5 243333 3 243333 3 0 0 0 0 20 20 15 15 20 20 243333 3 243333 3 0 0 0 0 15 15 15 15 5 5 243333 3 243333 3 0 0 0 0 15 15 15 15 5 5 243333 3 243333 3 0 0 0 0 15 15 15 15 5 5 243333 3 243333 3 0 0 0 0 20 20 15 15 20 20 243333 3 243333 3 0 0 0 0
126 0 1000 0 800 200 0 1000 15 15 15 15 5 5 84643 17 0 0 80291 1 4352 16 20 20 15 15 20 20 84643 17 0 0 80291 1 4352 16 15 15 15 15 5 5 84643 17 0 0 80291 1 4352 16 15 15 15 15 5 5 84643 17 0 0 80291 1 4352 16 15 15 15 15 5 5 84643 17 0 0 80291 1 4352 16 20 20 15 15 20 20 84643 17 0 0 80291 1 4352 16
127 0 1000 0 0 1000 0 1000 21 21 15 15 21 21 0 0 0 0 0 0 0 0 21 21 15 15 21 21 0 0 0 0 0 0 0 0 21 21 15 15 21 21 0 0 0 0 0 0 0 0 21 21 15 15 21 21 0 0 0 0 0 0 0 0 21 21 15 15 21 21 0 0 0 0 0 0 0 0 21 21 15 15 21 21 0 0 0 0 0 0 0 0
128 0 1000 0 0 1000 0 1000 21 21 15 15 21 21 0 0 0 0 0 0 0 0 21 21 15 15 21 21 0 0 0 0 0 0 0 0 21 21 15 15 21 21 0 0 0 0 0 0 0 0 21 21 15 15 21 21 0 0 0 0 0 0 0 0 21 21 15 15 21 21 0 0 0 0 0 0 0 0 21 21 15 15 21 21 0 0 0 0 0 0 0 0
129 0 1000 0 0 1000 0 1000 21 21 15 15 21 21 1457113 18 1457113 18 0 0 0 0 21 21 15 15 21 21 1457113 18 1457113 18 0 0 0 0 21 21 15 15 21 21 1457113 18 1457113 18 0 0 0 0 21 21 15 15 21 21 1457113 18 1457113 18 0 0 0 0 21 21 15 15 21 21 1457113 18 1457113 18 0 0 0 0 21 21 15 15 21 21 1457113 18 1457113 18 0 0 0 0
130 0 1000 0 0 1000 0 1000 32 32 32 32 21 21 109939 110 0 0 80291 1 29648 109 32 32 32 32 21 21 109939 110 0 0 80291 1 29648 109 32 32 32 32 21 21 109939 110 0 0 80291 1 29648 109 32 32 32 32 21 21 109939 110 0 0 80291 1 29648 109 32 32 32 32 21 21 109939 110 0 0 80291 1 29648 109 32 32 32 32 21 21 109939 110 0 0 80291 1 29648 109
131 0 1000 0 0 1000 0 1000 32 32 32 32 22 22 0 0 0 0 0 0 0 0 32 32 32 32 22 22 0 0 0 0 0 0 0 0 32 32 32 32 22 22 0 0 0 0 0 0 0 0 32 32 32 32 22 22 0 0 0 0 0 0 0 0 32 32 32 32 22 22 0 0 0 0 0 0 0 0 32 32 32 32 22 22 0 0 0 0 0 0 0 0
132 0 1000 0 0 1000 0 1000 32 32 32 32 22 22 0 0 0 0 0 0 0 0 32 32 32 32 22 22 0 0 0 0 0 0 0 0 32 32 32 32 22 22 0 0 0 0 0 0 0 0 32 32 32 32 22 22 0 0 0 0 0 0 0 0 32 32 32 32 22 22 0 0 0 0 0 0 0 0 32 32 32 32 22 22 0 0 0 0 0 0 0 0
133 0 1000 0 0 1000 0 1000 32 32 32 32 22 22 839267 10 839267 10 0 0 0 0 32 32 32 32 22 22 839267 10 839267 10 0 0 0 0 32 32 32 32 22 22 839267 10 839267 10 0 0 0 0 32 32 32 32 22 22 839267 10 839267 10 0 0 0 0 32 32 32 32 22 22 839267 10 839267 10 0 0 0 0 32 32 32 32 22 22 839267 10 839267 10 0 0 0 0
134 0 1000 0 0 1000 0 1000 33 33 33 33 22 22 109395 108 0 0 80291 1 29104 107 33 33 33 33 22 22 109395 108 0 0 80291 1 29104 107 33 33 33 33 22 22 109395 108 0 0 80291 1 29104 107 33 33 33 33 22 22 109395 108 0 0 80291 1 29104 107 33 33 33 33 22 22 109395 108 0 0 80291 1 29104 107 33 33 33 33 22 22 109395 108 0 0 80291 1 29104 107
135 0 1000 0 0 1000 0 1000 33 33 33 33 23 23 0 0 0 0 0 0 0 0 33 33 33 33 23 23 0 0 0 0 0 0 0 0 33 33 33 33 23 23 0 0 0 0 0 0 0 0 33 33 33 33 23 23 0 0 0 0 0 0 0 0 33 33 33 33 23 23 0 0 0 0 0 0 0 0 33 33 33 33 23 23 0 0 0 0 0 0 0 0
136 0 1000 0 0 1000 0 1000 33 33 33 33 23 23 0 0 0 0 0 0 0 0 33 33 33 33 23 23 0 0 0 0 0 0 0 0 33 33 33 33 23 23 0 0 0 0 0 0 0 0 33 33 33 33 23 23 0 0 0 0 0 0 0 0 33 33 33 33 23 23 0 0 0 0 0 0 0 0 33 33 33 33 23 23 0 0 0 0 0 0 0 0
137 0 1000 0 0 1000 0 1000 33 33 33 33 23 23 754766 9 754766 9 0 0 0 0 33 33 33 33 23 23 754766 9 754766 9 0 0 0 0 33 33 33 33 23 23 754766 9 754766 9 0 0 0 0 33 33 33 33 23 23 754766 9 754766 9 0 0 0 0 33 33 33 33 23 23 754766 9 754766 9 0 0 0 0 33 33 33 33 23 23 754766 9 754766 9 0 0 0 0
138 0 1000 0 0 1000 0 1000 34 34 34 34 23 23 107219 100 0 0 80291 1 26928 99 34 34 34 34 23 23 107219 100 0 0 80291 1 26928 99 34 34 34 34 23 23 107219 100 0 0 80291 1 26928 99 34 34 34 34 23 23 107219 100 0 0 80291 1 26928 99 34 34 34 34 23 23 107219 100 0 0 80291 1 26928 99 34 34 34 34 23 23 107219 100 0 0 80291 1 26928 99
139 0 1000 0 0 1000 0 1000 34 34 34 34 24 24 0 0 0 0 0 0 0 0 34 34 34 34 24 24 0 0 0 0 0 0 0 0 34 34 34 34 24 24 0 0 0 0 0 0 0 0 34 34 34 34 24 24 0 0 0 0 0 0 0 0 34 34 34 34 24 24 0 0 0 0 0 0 0 0 34 34 34 34 24 24 0 0 0 0 0 0 0 0
140 0 1000 0 0 1000 0 1000 34 34 34 34 24 24 0 0 0 0 0 0 0 0 34 34 34 34 24 24 0 0 0 0 0 0 0 0 34 34 34 34 24 24 0 0 0 0 0 0 0 0 34 34 34 34 24 24 0 0 0 0 0 0 0 0 34 34 34 34 24 24 0 0 0 0 0 0 0 0 34 34 34 34 24 24 0 0 0 0 0 0 0 0
141 0 1000 0 0 1000 0 1000 34 34 34 34 24 24 919675 11 919675 11 0 0 0 0 34 34 34 34 24 24 919675 11 919675 11 0 0 0 0 34 34 34 34 24 24 919675 11 919675 11 0 0 0 0 34 34 34 34 24 24 919675 11 919675 11 0 0 0 0 34 34 34 34 24 24 919675 11 919675 11 0 0 0 0 34 34 34 34 24 24 919675 11 919675 11 0 0 0 0
142 0 1000 0 0 1000 0 1000 35 35 35 35 24 24 105859 95 0 0 80291 1 25568 94 35 35 35 35 24 24 105859 95 0 0 80291 1 25568 94 35 35 35 35 24 24 105859 95 0 0 80291 1 25568 94 35 35 35 35 24 24 105859 95 0 0 80291 1 25568 94 35 35 35 35 24 24 105859 95 0 0 80291 1 25568 94 35 35 35 35 24 24 105859 95 0 0 80291 1 25568 94
143 0 1000 0 0 1000 0 1000 35 35 35 35 25 25 0 0 0 0 0 0 0 0 35 35 35 35 25 25 0 0 0 0 0 0 0 0 35 35 35 35 25 25 0 0 0 0 0 0 0 0 35 35 35 35 25 25 0 0 0 0 0 0 0 0 35 35 35 35 25 25 0 0 0 0 0 0 0 0 35 35 35 35 25 25 0 0 0 0 0 0 0 0
144 0 1000 0 0 1000 0 1000 35 35 35 35 25 25 0 0 0 0 0 0 0 0 35 35 35 35 25 25 0 0 0 0 0 0 0 0 35 35 35 35 25 25 0 0 0 0 0 0 0 0 35 35 35 35 25 25 0 0 0 0 0 0 0 0 35 35 35 35 25 25 0 0 0 0 0 0 0 0 35 35 35 35 25 25 0 0 0 0 0 0 0 0
145 0 1000 0 0 1000 0 1000 35 35 35 35 25 25 500682 6 500682 6 0 0 0 0 35 35 35 35 25 25 500682 6 500682 6 0 0 0 0 35 35 35 35 25 25 500682 6 500682 6 0 0 0 0 35 35 35 35 25 25 500682 6 500682 6 0 0 0 0 35 35 35 35 25 25 500682 6 500682 6 0 0 0 0 35 35 35 35 25 25 500682 6 500682 6 0 0 0 0
146 0 1000 0 0 1000 0 1000 36 36 36 36 25 25 107491 101 0 0 80291 1 27200 100 36 36 36 36 25 25 107491 101 0 0 80291 1 27200 100 36 36 36 36 25 25 107491 101 0 0 80291 1 27200 100 36 36 36 36 25 25 107491 101 0 0 80291 1 27200 100 36 36 36 36 25 25 107491 101 0 0 80291 1 27200 100 36 36 36 36 25 25 107491 101 0 0 80291 1 27200 100
147 0 1000 0 0 1000 0 1000 36 36 36 36 26 26 0 0 0 0 0 0 0 0 36 36 36 36 26 26 0 0 0 0 0 0 0 0 36 36 36 36 26 26 0 0 0 0 0 0 0 0 36 36 36 36 26 26 0 0 0 0 0 0 0 0 36 36 36 36 26 26 0 0 0 0 0 0 0 0 36 36 36 36 26 26 0 0 0 0 0 0 0 0
148 0 1000 0 0 1000 0 1000 36 36 36 36 26 26 0 0 0 0 0 0 0 0 36 36 36 36 26 26 0 0 0 0 0 0 0 0 36 36 36 36 26 26 0 0 0 0 0 0 0 0 36 36 36 36 26 26 0 0 0 0 0 0 0 0 36 36 36 36 26 26 0 0 0 0 0 0 0 0 36 36 36 36 26 26 0 0 0 0 0 0 0 0
149 0 1000 0 0 1000 0 1000 36 36 36 36 26 26 1170946 14 1170946 14 0 0 0 0 36 36 36 36 26 26 1170946 14 1170946 14 0 0 0 0 36 36 36 36 26 26 1170946 14 1170946 14 0 0 0 0 36 36 36 36 26 26 1170946 14 1170946 14 0 0 0 0 36 36 36 36 26 26 1170946 14 1170946 14 0 0 0 0 36 36 36 36 26 26 1170946 14 1170946 14 0 0 0 0
150 0 1000 0 0 1000 0 1000 37 37 37 37 26 26 111571 116 0 0 80291 1 31280 115 37 37 37 37 26 26 111571 116 0 0 80291 1 31280 115 37 37 37 37 26 26 111571 116 0 0 80291 1 31280 115 37 37 37 37 26 26 111571 116 0 0 80291 1 31280 115 37 37 37 37 26 26 111571 116 0 0 80291 1 31280 115 37 37 37 37 26 26 111571 116 0 0 80291 1 31280 115
151 0 1000 0 0 1000 0 1000 37 37 37 37 27 27 0 0 0 0 0 0 0 0 37 37 37 37 27 27 0 0 0 0 0 0 0 0 37 37 37 37 27 27 0 0 0 0 0 0 0 0 37 37 37 37 27 27 0 0 0 0 0 0 0 0 37 37 37 37 27 27 0 0 0 0 0 0 0 0 37 37 37 37 27 27 0 0 0 0 0 0 0 0
152 0 1000 0 0 1000 0 1000 37 37 37 37 27 27 0 0 0 0 0 0 0 0 37 37 37 37 27 27 0 0 0 0 0 0 0 0 37 37 37 37 27 27 0 0 0 0 0 0 0 0 37 37 37 37 27 27 0 0 0 0 0 0 0 0 37 37 37 37 27 27 0 0 0 0 0 0 0 0 37 37 37 37 27 27 0 0 0 0 0 0 0 0
153 0 1000 0 0 1000 0 1000 37 37 37 37 27 27 841188 10 841188 10 0 0 0 0 37 37 37 37 27 27 841188 10 841188 10 0 0 0 0 37 37 37 37 27 27 841188 10 841188 10 0 0 0 0 37 37 37 37 27 27 841188 10 841188 10 0 0 0 0 37 37 37 37 27 27 841188 10 841188 10 0 0 0 0 37 37 37 37 27 27 841188 10 841188 10 0 0 0 0
154 0 1000 0 0 1000 0 1000 38 38 38 38 27 27 111299 115 0 0 80291 1 31008 114 38 38 38 38 27 27 111299 115 0 0 80291 1 31008 114 38 38 38 38 27 27 111299 115 0 0 80291 1 31008 114 38 38 38 38 27 27 111299 115 0 0 80291 1 31008 114 38 38 38 38 27 27 111299 115 0 0 80291 1 31008 114 38 38 38 38 27 27 111299 115 0 0 80291 1 31008 114
155 0 1000 0 0 1000 0 1000 38 38 38 38 28 28 0 0 0 0 0 0 0 0 38 38 38 38 28 28 0 0 0 0 0 0 0 0 38 38 38 38 28 28 0 0 0 0 0 0 0 0 38 38 38 38 28 28 0 0 0 0 0 0 0 0 38 38 38 38 28 28 0 0 0 0 0 0 0 0 38 38 38 38 28 28 0 0 0 0 0 0 0 0
156 0 1000 0 0 1000 0 1000 38 38 38 38 28 28 0 0 0 0 0 0 0 0 38 38 38 38 28 28 0 0 0 0 0 0 0 0 38 38 38 38 28 28 0 0 0 0 0 0 0 0 38 38 38 38 28 28 0 0 0 0 0 0 0 0 38 38 38 38 28 28 0 0 0 0 0 0 0 0 38 38 38 38 28 28 0 0 0 0 0 0 0 0
157 0 1000 0 0 1000 0 1000 38 38 38 38 28 28 588608 7 588608 7 0 0 0 0 38 38 38 38 28 28 588608 7 588608 7 0 0 0 0 38 38 38 38 28 28 588608 7 588608 7 0 0 0 0 38 38 38 38 28 28 588608 7 588608 7 0 0 0 0 38 38 38 38 28 28 588608 7 588608 7 0 0 0 0 38 38 38 38 28 28 588608 7 588608 7 0 0 0 0
158 0 1000 0 0 1000 0 1000 39 39 39 39 28 28 110755 113 0 0 80291 1 30464 112 39 39 39 39 28 28 110755 113 0 0 80291 1 30464 112 39 39 39 39 28 28 110755 113 0 0 80291 1 30464 112 39 39 39 39 28 28 110755 113 0 0 80291 1 30464 112 39 39 39 39 28 28 110755 113 0 0 80291 1 30464 112 39 39 39 39 28 28 110755 113 0 0 80291 1 30464 112
159 0 1000 0 0 1000 0 1000 39 39 39 39 29 29 0 0 0 0 0 0 0 0 39 39 39 39 29 29 0 0 0 0 0 0 0 0 39 39 39 39 29 29 0 0 0 0 0 0 0 0 39 39 39 39 29 29 0 0 0 0 0 0 0 0 39 39 39 39 29 29 0 0 0 0 0 0 0 0 39 39 39 39 29 29 0 0 0 0 0 0 0 0
160 0 1000 0 0 1000 0 1000 39 39 39 39 29 29 0 0 0 0 0 0 0 0 39 39 39 39 29 29 0 0 0 0 0 0 0 0 39 39 39 39 29 29 0 0 0 0 0 0 0 0 39 39 39 39 29 29 0 0 0 0 0 0 0 0 39 39 39 39 29 29 0 0 0 0 0 0 0 0 39 39 39 39 29 29 0 0 0 0 0 0 0 0
161 0 1000 0 0 1000 0 1000 39 39 39 39 29 29 756206 9 756206 9 0 0 0 0 39 39 39 39 29 29 756206 9 756206 9 0 0 0 0 39 39 39 39 29 29 756206 9 756206 9 0 0 0 0 39 39 39 39 29 29 756206 9 756206 9 0 0 0 0 39 39 39 39 29 29 756206 9 756206 9 0 0 0 0 39 39 39 39 29 29 756206 9 756206 9 0 0 0 0
162 0 1000 0 0 1000 0 1000 40 40 40 40 29 29 108851 106 0 0 80291 1 28560 105 40 40 40 40 29 29 108851 106 0 0 80291 1 28560 105 40 40 40 40 29 29 108851 106 0 0 80291 1 28560 105 40 40 40 40 29 29 108851 106 0 0 80291 1 28560 105 40 40 40 40 29 29 108851 106 0 0 80291 1 28560 105 40 40 40 40 29 29 108851 106 0 0 80291 1 28560 105
163 0 1000 0 0 1000 0 1000 40 40 40 40 30 30 0 0 0 0 0 0 0 0 40 40 40 40 30 30 0 0 0 0 0 0 0 0 40 40 40 40 30 30 0 0 0 0 0 0 0 0 40 40 40 40 30 30 0 0 0 0 0 0 0 0 40 40 40 40 30 30 0 0 0 0 0 0 0 0 40 40 40 40 30 30 0 0 0 0 0 0 0 0
164 0 1000 0 0 1000 0 1000 40 40 40 40 30 30 0 0 0 0 0 0 0 0 40 40 40 40 30 30 0 0 0 0 0 0 0 0 40 40 40 40 30 30 0 0 0 0 0 0 0 0 40 40 40 40 30 30 0 0 0 0 0 0 0 0 40 40 40 40 30 30 0 0 0 0 0 0 0 0 40 40 40 40 30 30 0 0 0 0 0 0 0 0
165 0 1000 0 0 1000 0 1000 40 40 40 40 30 30 1005586 12 1005586 12 0 0 0 0 40 40 40 40 30 30 1005586 12 1005586 12 0 0 0 0 40 40 40 40 30 30 1005586 12 1005586 12 0 0 0 0 40 40 40 40 30 30 1005586 12 1005586 12 0 0 0 0 40 40 40 40 30 30 1005586 12 1005586 12 0 0 0 0 40 40 40 40 30 30 1005586 12 1005586 12 0 0 0 0
166 0 1000 0 0 1000 0 1000 41 41 41 41 30 30 103682 87 0 0 80290 1 23392 86 41 41 41 41 30 30 103682 87 0 0 80290 1 23392 86 41 41 41 41 30 30 103682 87 0 0 80290 1 23392 86 41 41 41 41 30 30 103682 87 0 0 80290 1 23392 86 41 41 41 41 30 30 103682 87 0 0 80290 1 23392 86 41 41 41 41 30 30 103682 87 0 0 80290 1 23392 86
167 0 1000 0 0 1000 0 1000 41 41 41 41 31 31 0 0 0 0 0 0 0 0 41 41 41 41 31 31 0 0 0 0 0 0 0 0 41 41 41 41 31 31 0 0 0 0 0 0 0 0 41 41 41 41 31 31 0 0 0 0 0 0 0 0 41 41 41 41 31 31 0 0 0 0 0 0 0 0 41 41 41 41 31 31 0 0 0 0 0 0 0 0
168 0 1000 0 0 1000 0 1000 41 41 41 41 31 31 0 0 0 0 0 0 0 0 41 41 41 41 31 31 0 0 0 0 0 0 0 0 41 41 41 41 31 31 0 0 0 0 0 0 0 0 41 41 41 41 31 31 0 0 0 0 0 0 0 0 41 41 41 41 31 31 0 0 0 0 0 0 0 0 41 41 41 41 31 31 0 0 0 0 0 0 0 0
169 0 1000 0 0 1000 0 1000 41 41 41 41 31 31 998292 12 998292 12 0 0 0 0 41 41 41 41 31 31 998292 12 998292 12 0 0 0 0 41 41 41 41 31 31 998292 12 998292 12 0 0 0 0 41 41 41 41 31 31 998292 12 998292 12 0 0 0 0 41 41 41 41 31 31 998292 12 998292 12 0 0 0 0 41 41 41 41 31 31 998292 12 998292 12 0 0 0 0
170 0 1000 0 0 1000 0 1000 42 42 42 42 31 31 112387 119 0 0 80291 1 32096 118 42 42 42 42 31 31 112387 119 0 0 80291 1 32096 118 42 42 42 42 31 31 112387 119 0 0 80291 1 32096 118 42 42 42 42 31 31 112387 119 0 0 80291 1 32096 118 42 42 42 42 31 31 112387 119 0 0 80291 1 32096 118 42 42 42 42 31 31 112387 119 0 0 80291 1 32096 118
171 0 1000 0 0 1000 0 1000 42 42 42 42 32 32 0 0 0 0 0 0 0 0 42 42 42 42 32 32 0 0 0 0 0 0 0 0 42 42 42 42 32 32 0 0 0 0 0 0 0 0 42 42 42 42 32 32 0 0 0 0 0 0 0 0 42 42 42 42 32 32 0 0 0 0 0 0 0 0 42 42 42 42 32 32 0 0 0 0 0 0 0 0
172 0 1000 0 0 1000 0 1000 42 42 42 42 32 32 0 0 0 0 0 0 0 0 42 42 42 42 32 32 0 0 0 0 0 0 0 0 42 42 42 42 32 32 0 0 0 0 0 0 0 0 42 42 42 42 32 32 0 0 0 0 0 0 0 0 42 42 42 42 32 32 0 0 0 0 0 0 0 0 42 42 42 42 32 32 0 0 0 0 0 0 0 0
173 0 1000 0 0 1000 0 1000 42 42 42 42 32 32 589504 7 589504 7 0 0 0 0 42 42 42 42 32 32 589504 7 589504 7 0 0 0 0 42 42 42 42 32 32 589504 7 589504 7 0 0 0 0 42 42 42 42 32 32 589504 7 589504 7 0 0 0 0 42 42 42 42 32 32 589504 7 589504 7 0 0 0 0 42 42 42 42 32 32 589504 7 589504 7 0 0 0 0
174 0 1000 0 0 1000 0 1000 43 43 43 43 32 32 106675 98 0 0 80291 1 26384 97 43 43 43 43 32 32 106675 98 0 0 80291 1 26384 97 43 43 43 43 32 32 106675 98 0 0 80291 1 26384 97 43 43 43 43 32 32 106675 98 0 0 80291 1 26384 97 43 43 43 43 32 32 106675 98 0 0 80291 1 26384 97 43 43 43 43 32 32 106675 98 0 0 80291 1 26384 97
175 0 1000 0 0 1000 0 1000 43 43 43 43 33 33 0 0 0 0 0 0 0 0 43 43 43 43 33 33 0 0 0 0 0 0 0 0 43 43 43 43 33 33 0 0 0 0 0 0 0 0 43 43 43 43 33 33 0 0 0 0 0 0 0 0 43 43 43 43 33 33 0 0 0 0 0 0 0 0 43 43 43 43 33 33 0 0 0 0 0 0 0 0
176 0 1000 0 0 1000 0 1000 43 43 43 43 33 33 0 0 0 0 0 0 0 0 43 43 43 43 33 33 0 0 0 0 0 0 0 0 43 43 43 43 33 33 0 0 0 0 0 0 0 0 43 43 43 43 33 33 0 0 0 0 0 0 0 0 43 43 43 43 33 33 0 0 0 0 0 0 0 0 43 43 43 43 33 33 0 0 0 0 0 0 0 0
177 0 1000 0 0 1000 0 1000 43 43 43 43 33 33 1002515 12 1002515 12 0 0 0 0 43 43 43 43 33 33 1002515 12 1002515 12 0 0 0 0 43 43 43 43 33 33 1002515 12 1002515 12 0 0 0 0 43 43 43 43 33 33 1002515 12 1002515 12 0 0 0 0 43 43 43 43 33 33 1002515 12 1002515 12 0 0 0 0 43 43 43 43 33 33 1002515 12 1002515 12 0 0 0 0
178 0 1000 0 0 1000 0 1000 44 44 44 44 33 33 107762 102 0 0 80290 1 27472 101 44 44 44 44 33 33 107762 102 0 0 80290 1 27472 101 44 44 44 44 33 33 107762 102 0 0 80290 1 27472 101 44 44 44 44 33 33 107762 102 0 0 80290 1 27472 101 44 44 44 44 33 33 107762 102 0 0 80290 1 27472 101 44 44 44 44 33 33 107762 102 0 0 80290 1 27472 101
179 0 1000 0 0 1000 0 1000 44 44 44 44 34 34 0 0 0 0 0 0 0 0 44 44 44 44 34 34 0 0 0 0 0 0 0 0 44 44 44 44 34 34 0 0 0 0 0 0 0 0 44 44 44 44 34 34 0 0 0 0 0 0 0 0 44 44 44 44 34 34 0 0 0 0 0 0 0 0 44 44 44 44 34 34 0 0 0 0 0 0 0 0
180 0 1000 0 0 1000 0 1000 44 44 44 44 34 34 0 0 0 0 0 0 0 0 44 44 44 44 34 34 0 0 0 0 0 0 0 0 44 44 44 44 34 34 0 0 0 0 0 0 0 0 44 44 44 44 34 34 0 0 0 0 0 0 0 0 44 44 44 44 34 34 0 0 0 0 0 0 0 0 44 44 44 44 34 34 0 0 0 0 0 0 0 0
181 0 1000 0 0 1000 0 1000 44 44 44 44 34 34 753039 9 753039 9 0 0 0 0 44 44 44 44 34 34 753039 9 753039 9 0 0 0 0 44 44 44 44 34 34 753039 9 753039 9 0 0 0 0 44 44 44 44 34 34 753039 9 753039 9 0 0 0 0 44 44 44 44 34 34 753039 9 753039 9 0 0 0 0 44 44 44 44 34 34 753039 9 753039 9 0 0 0 0
182 0 1000 0 0 1000 0 1000 45 45 45 45 34 34 115923 132 0 0 80291 1 35632 131 45 45 45 45 34 34 115923 132 0 0 80291 1 35632 131 45 45 45 45 34 34 115923 132 0 0 80291 1 35632 131 45 45 45 45 34 34 115923 132 0 0 80291 1 35632 131 45 45 45 45 34 34 115923 132 0 0 80291 1 35632 131 45 45 45 45 34 34 115923 132 0 0 80291 1 35632 131
183 0 1000 0 0 1000 0 1000 45 45 45 45 35 35 0 0 0 0 0 0 0 0 45 45 45 45 35 35 0 0 0 0 0 0 0 0 45 45 45 45 35 35 0 0 0 0 0 0 0 0 45 45 45 45 35 35 0 0 0 0 0 0 0 0 45 45 45 45 35 35 0 0 0 0 0 0 0 0 45 45 45 45 35 35 0 0 0 0 0 0 0 0
184 0 1000 0 0 1000 0 1000 45 45 45 45 35 35 0 0 0 0 0 0 0 0 45 45 45 45 35 35 0 0 0 0 0 0 0 0 45 45 45 45 35 35 0 0 0 0 0 0 0 0 45 45 45 45 35 35 0 0 0 0 0 0 0 0 45 45 45 45 35 35 0 0 0 0 0 0 0 0 45 45 45 45 35 35 0 0 0 0 0 0 0 0
185 0 1000 0 0 1000 0 1000 45 45 45 45 35 35 507785 6 507785 6 0 0 0 0 45 45 45 45 35 35 507785 6 507785 6 0 0 0 0 45 45 45 45 35 35 507785 6 507785 6 0 0 0 0 45 45 45 45 35 35 507785 6 507785 6 0 0 0 0 45 45 45 45 35 35 507785 6 507785 6 0 0 0 0 45 45 45 45 35 35 507785 6 507785 6 0 0 0 0
186 0 1000 0 0 1000 0 1000 46 46 46 46 35 35 107763 102 0 0 80291 1 27472 101 46 46 46 46 35 35 107763 102 0 0 80291 1 27472 101 46 46 46 46 35 35 107763 102 0 0 80291 1 27472 101 46 46 46 46 35 35 107763 102 0 0 80291 1 27472 101 46 46 46 46 35 35 107763 102 0 0 80291 1 27472 101 46 46 46 46 35 35 107763 102 0 0 80291 1 27472 101
187 800 200 800 0 200 0 1000 46 46 46 46 35 35 0 0 0 0 0 0 0 0 46 46 46 46 36 36 0 0 0 0 0 0 0 0 46 46 46 46 35 35 0 0 0 0 0 0 0 0 46 46 46 46 35 35 0 0 0 0 0 0 0 0 46 46 46 46 35 35 0 0 0 0 0 0 0 0 46 46 46 46 36 36 0 0 0 0 0 0 0 0
188 800 200 800 0 200 0 1000 46 46 46 46 35 35 0 0 0 0 0 0 0 0 46 46 46 46 36 36 0 0 0 0 0 0 0 0 46 46 46 46 35 35 0 0 0 0 0 0 0 0 46 46 46 46 35 35 0 0 0 0 0 0 0 0 46 46 46 46 35 35 0 0 0 0 0 0 0 0 46 46 46 46 36 36 0 0 0 0 0 0 0 0
189 800 200 800 0 200 0 1000 46 46 46 46 35 35 83671 1 83671 1 0 0 0 0 46 46 46 46 36 36 83671 1 83671 1 0 0 0 0 46 46 46 46 35 35 83671 1 83671 1 0 0 0 0 46 46 46 46 35 35 83671 1 83671 1 0 0 0 0 46 46 46 46 35 35 83671 1 83671 1 0 0 0 0 46 46 46 46 36 36 83671 1 83671 1 0 0 0 0
190 800 200 800 0 200 0 1000 46 46 46 46 35 35 89811 36 0 0 80291 1 9520 35 46 46 46 46 36 36 89811 36 0 0 80291 1 9520 35 46 46 46 46 35 35 89811 36 0 0 80291 1 9520 35 46 46 46 46 35 35 89811 36 0 0 80291 1 9520 35 46 46 46 46 35 35 89811 36 0 0 80291 1 9520 35 46 46 46 46 36 36 89811 36 0 0 80291 1 9520 35
191 800 200 800 0 200 0 1000 46 46 46 46 35 35 0 0 0 0 0 0 0 0 46 46 46 46 37 37 0 0 0 0 0 0 0 0 46 46 46 46 35 35 0 0 0 0 0 0 0 0 46 46 46 46 35 35 0 0 0 0 0 0 0 0 46 46 46 46 35 35 0 0 0 0 0 0 0 0 46 46 46 46 37 37 0 0 0 0 0 0 0 0
192 800 200 800 0 200 0 1000 46 46 46 46 35 35 0 0 0 0 0 0 0 0 46 46 46 46 37 37 0 0 0 0 0 0 0 0 46 46 46 46 35 35 0 0 0 0 0 0 0 0 46 46 46 46 35 35 0 0 0 0 0 0 0 0 46 46 46 46 35 35 0 0 0 0 0 0 0 0 46 46 46 46 37 37 0 0 0 0 0 0 0 0
193 800 200 800 0 200 0 1000 46 46 46 46 35 35 326233 4 326233 4 0 0 0 0 46 46 46 46 37 37 326233 4 326233 4 0 0 0 0 46 46 46 46 35 35 326233 4 326233 4 0 0 0 0 46 46 46 46 35 35 326233 4 326233 4 0 0 0 0 46 46 46 46 35 35 326233 4 326233 4 0 0 0 0 46 46 46 46 37 37 326233 4 326233 4 0 0 0 0
194 800 200 800 0 200 0 1000 46 46 46 46 35 35 84915 18 0 0 80291 1 4624 17 46 46 46 46 37 37 84915 18 0 0 80291 1 4624 17 46 46 46 46 35 35 84915 18 0 0 80291 1 4624 17 46 46 46 46 35 35 84915 18 0 0 80291 1 4624 17 46 46 46 46 35 35 84915 18 0 0 80291 1 4624 17 46 46 46 46 37 37 84915 18 0 0 80291 1 4624 17
195 800 200 800 0 200 0 1000 46 46 46 46 35 35 0 0 0 0 0 0 0 0 46 46 46 46 38 38 0 0 0 0 0 0 0 0 46 46 46 46 35 35 0 0 0 0 0 0 0 0 46 46 46 46 35 35 0 0 0 0 0 0 0 0 46 46 46 46 35 35 0 0 0 0 0 0 0 0 46 46 46 46 38 38 0 0 0 0 0 0 0 0
196 800 200 800 0 200 0 1000 46 46 46 46 35 35 0 0 0 0 0 0 0 0 46 46 46 46 38 38 0 0 0 0 0 0 0 0 46 46 46 46 35 35 0 0 0 0 0 0 0 0 46 46 46 46 35 35 0 0 0 0 0 0 0 0 46 46 46 46 35 35 0 0 0 0 0 0 0 0 46 46 46 46 38 38 0 0 0 0 0 0 0 0
197 800 200 800 0 200 0 1000 46 46 46 46 35 35 161966 2 161966 2 0 0 0 0 46 46 46 46 38 38 161966 2 161966 2 0 0 0 0 46 46 46 46 35 35 161966 2 161966 2 0 0 0 0 46 46 46 46 35 35 161966 2 161966 2 0 0 0 0 46 46 46 46 35 35 161966 2 161966 2 0 0 0 0 46 46 46 46 38 38 161966 2 161966 2 0 0 0 0
198 800 200 800 0 200 0 1000 46 46 46 46 35 35 85187 19 0 0 80291 1 4896 18 46 46 46 46 38 38 85187 19 0 0 80291 1 4896 18 46 46 46 46 35 35 85187 19 0 0 80291 1 4896 18 46 46 46 46 35 35 85187 19 0 0 80291 1 4896 18 46 46 46 46 35 35 85187 19 0 0 80291 1 4896 18 46 46 46 46 38 38 85187 19 0 0 80291 1 4896 18
199 800 200 800 0 200 0 1000 46 46 46 46 35 35 0 0 0 0 0 0 0 0 46 46 46 46 39 39 0 0 0 0 0 0 0 0 46 46 46 46 35 35 0 0 0 0 0 0 0 0 46 46 46 46 35 35 0 0 0 0 0 0 0 0 46 46 46 46 35 35 0 0 0 0 0 0 0 0 46 46 46 46 39 39 0 0 0 0 0 0 0 0
200 800 200 800 0 200 0 1000 46 46 46 46 35 35 0 0 0 0 0 0 0 0 46 46 46 46 39 39 0 0 0 0 0 0 0 0 46 46 46 46 35 35 0 0 0 0 0 0 0 0 46 46 46 46 35 35 0 0 0 0 0 0 0 0 46 46 46 46 35 35 0 0 0 0 0 0 0 0 46 46 46 46 39 39 0 0 0 0 0 0 0 0
201 800 200 800 0 200 0 1000 46 46 46 46 35 35 81014 1 81014 1 0 0 0 0 46 46 46 46 39 39 81014 1 81014 1 0 0 0 0 46 46 46 46 35 35 81014 1 81014 1 0 0 0 0 46 46 46 46 35 35 81014 1 81014 1 0 0 0 0 46 46 46 46 35 35 81014 1 81014 1 0 0 0 0 46 46 46 46 39 39 81014 1 81014 1 0 0 0 0
202 800 200 800 0 200 0 1000 46 46 46 46 35 35 87090 26 0 0 80290 1 6800 25 46 46 46 46 39 39 87090 26 0 0 80290 1 6800 25 46 46 46 46 35 35 87090 26 0 0 80290 1 6800 25 46 46 46 46 35 35 87090 26 0 0 80290 1 6800 25 46 46 46 46 35 35 87090 26 0 0 80290 1 6800 25 46 46 46 46 39 39 87090 26 0 0 80290 1 6800 25
203 800 200 800 0 200 0 1000 46 46 46 46 35 35 0 0 0 0 0 0 0 0 46 46 46 46 40 40 0 0 0 0 0 0 0 0 46 46 46 46 35 35 0 0 0 0 0 0 0 0 46 46 46 46 35 35 0 0 0 0 0 0 0 0 46 46 46 46 35 35 0 0 0 0 0 0 0 0 46 46 46 46 40 40 0 0 0 0 0 0 0 0
204 800 200 800 0 200 0 1000 46 46 46 46 35 35 0 0 0 0 0 0 0 0 46 46 46 46 40 40 0 0 0 0 0 0 0 0 46 46 46 46 35 35 0 0 0 0 0 0 0 0 46 46 46 46 35 35 0 0 0 0 0 0 0 0 46 46 46 46 35 35 0 0 0 0 0 0 0 0 46 46 46 46 40 40 0 0 0 0 0 0 0 0
205 800 200 800 0 200 0 1000 46 46 46 46 35 35 81239 1 81239 1 0 0 0 0 46 46 46 46 40 40 81239 1 81239 1 0 0 0 0 46 46 46 46 35 35 81239 1 81239 1 0 0 0 0 46 46 46 46 35 35 81239 1 81239 1 0 0 0 0 46 46 46 46 35 35 81239 1 81239 1 0 0 0 0 46 46 46 46 40 40 81239 1 81239 1 0 0 0 0
206 800 200 800 0 200 0 1000 46 46 46 46 35 35 87363 27 0 0 80291 1 7072 26 46 46 46 46 40 40 87363 27 0 0 80291 1 7072 26 46 46 46 46 35 35 87363 27 0 0 80291 1 7072 26 46 46 46 46 35 35 87363 27 0 0 80291 1 7072 26 46 46 46 46 35 35 87363 27 0 0 80291 1 7072 26 46 46 46 46 40 40 87363 27 0 0 80291 1 7072 26
207 800 200 800 0 200 0 1000 46 46 46 46 35 35 0 0 0 0 0 0 0 0 46 46 46 46 41 41 0 0 0 0 0 0 0 0 46 46 46 46 35 35 0 0 0 0 0 0 0 0 46 46 46 46 35 35 0 0 0 0 0 0 0 0 46 46 46 46 35 35 0 0 0 0 0 0 0 0 46 46 46 46 41 41 0 0 0 0 0 0 0 0
208 800 200 800 0 200 0 1000 46 46 46 46 35 35 0 0 0 0 0 0 0 0 46 46 46 46 41 41 0 0 0 0 0 0 0 0 46 46 46 46 35 35 0 0 0 0 0 0 0 0 46 46 46 46 35 35 0 0 0 0 0 0 0 0 46 46 46 46 35 35 0 0 0 0 0 0 0 0 46 46 46 46 41 41 0 0 0 0 0 0 0 0
209 800 200 800 0 200 0 1000 46 46 46 46 35 35 0 0 0 0 0 0 0 0 46 46 46 46 41 41 0 0 0 0 0 0 0 0 46 46 46 46 35 35 0 0 0 0 0 0 0 0 46 46 46 46 35 35 0 0 0 0 0 0 0 0 46 46 46 46 35 35 0 0 0 0 0 0 0 0 46 46 46 46 41 41 0 0 0 0 0 0 0 0
210 800 200 800 0 200 0 1000 46 46 46 46 35 35 6528 24 0 0 0 0 6528 24 46 46 46 46 41 41 6528 24 0 0 0 0 6528 24 46 46 46 46 35 35 6528 24 0 0 0 0 6528 24 46 46 46 46 35 35 6528 24 0 0 0 0 6528 24 46 46 46 46 35 35 6528 24 0 0 0 0 6528 24 46 46 46 46 41 41 6528 24 0 0 0 0 6528 24
211 800 200 800 0 200 0 1000 46 46 46 46 35 35 0 0 0 0 0 0 0 0 46 46 46 46 42 42 0 0 0 0 0 0 0 0 46 46 46 46 35 35 0 0 0 0 0 0 0 0 46 46 46 46 35 35 0 0 0 0 0 0 0 0 46 46 46 46 35 35 0 0 0 0 0 0 0 0 46 46 46 46 42 42 0 0 0 0 0 0 0 0
212 800 200 800 0 200 0 1000 46 46 46 46 35 35 0 0 0 0 0 0 0 0 46 46 46 46 42 42 0 0 0 0 0 0 0 0 46 46 46 46 35 35 0 0 0 0 0 0 0 0 46 46 46 46 35 35 0 0 0 0 0 0 0 0 46 46 46 46 35 35 0 0 0 0 0 0 0 0 46 46 46 46 42 42 0 0 0 0 0 0 0 0
213 800 200 800 0 200 0 1000 46 46 46 46 35 35 162413 2 162413 2 0 0 0 0 46 46 46 46 42 42 162413 2 162413 2 0 0 0 0 46 46 46 46 35 35 162413 2 162413 2 0 0 0 0 46 46 46 46 35 35 162413 2 162413 2 0 0 0 0 46 46 46 46 35 35 162413 2 162413 2 0 0 0 0 46 46 46 46 42 42 162413 2 162413 2 0 0 0 0
214 800 200 800 0 200 0 1000 46 46 46 46 35 35 86003 22 0 0 80291 1 5712 21 46 46 46 46 42 42 86003 22 0 0 80291 1 5712 21 46 46 46 46 35 35 86003 22 0 0 80291 1 5712 21 46 46 46 46 35 35 86003 22 0 0 80291 1 5712 21 46 46 46 46 35 35 86003 22 0 0 80291 1 5712 21 46 46 46 46 42 42 86003 22 0 0 80291 1 5712 21
215 800 200 800 0 200 0 1000 46 46 46 46 35 35 0 0 0 0 0 0 0 0 46 46 46 46 43 43 0 0 0 0 0 0 0 0 46 46 46 46 35 35 0 0 0 0 0 0 0 0 46 46 46 46 35 35 0 0 0 0 0 0 0 0 46 46 46 46 35 35 0 0 0 0 0 0 0 0 46 46 46 46 43 43 0 0 0 0 0 0 0 0
216 800 200 800 0 200 0 1000 46 46 46 46 35 35 0 0 0 0 0 0 0 0 46 46 46 46 43 43 0 0 0 0 0 0 0 0 46 46 46 46 35 35 0 0 0 0 0 0 0 0 46 46 46 46 35 35 0 0 0 0 0 0 0 0 46 46 46 46 35 35 0 0 0 0 0 0 0 0 46 46 46 46 43 43 0 0 0 0 0 0 0 0
217 800 200 800 0 200 0 1000 46 46 46 46 35 35 0 0 0 0 0 0 0 0 46 46 46 46 43 43 0 0 0 0 0 0 0 0 46 46 46 46 35 35 0 0 0 0 0 0 0 0 46 46 46 46 35 35 0 0 0 0 0 0 0 0 46 46 46 46 35 35 0 0 0 0 0 0 0 0 46 46 46 46 43 43 0 0 0 0 0 0 0 0
218 800 200 800 0 200 0 1000 46 46 46 46 35 35 5712 21 0 0 0 0 5712 21 46 46 46 46 43 43 5712 21 0 0 0 0 5712 21 46 46 46 46 35 35 5712 21 0 0 0 0 5712 21 46 46 46 46 35 35 5712 21 0 0 0 0 5712 21 46 46 46 46 35 35 5712 21 0 0 0 0 5712 21 46 46 46 46 43 43 5712 21 0 0 0 0 5712 21
219 800 200 800 0 200 0 1000 46 46 46 46 35 35 0 0 0 0 0 0 0 0 46 46 46 46 44 44 0 0 0 0 0 0 0 0 46 46 46 46 35 35 0 0 0 0 0 0 0 0 46 46 46 46 35 35 0 0 0 0 0 0 0 0 46 46 46 46 35 35 0 0 0 0 0 0 0 0 46 46 46 46 44 44 0 0 0 0 0 0 0 0
220 800 200 800 0 200 0 1000 46 46 46 46 35 35 0 0 0 0 0 0 0 0 46 46 46 46 44 44 0 0 0 0 0 0 0 0 46 46 46 46 35 35 0 0 0 0 0 0 0 0 46 46 46 46 35 35 0 0 0 0 0 0 0 0 46 46 46 46 35 35 0 0 0 0 0 0 0 0 46 46 46 46 44 44 0 0 0 0 0 0 0 0
221 800 200 800 0 200 0 1000 46 46 46 46 35 35 243333 3 243333 3 0 0 0 0 46 46 46 46 44 44 243333 3 243333 3 0 0 0 0 46 46 46 46 35 35 243333 3 243333 3 0 0 0 0 46 46 46 46 35 35 243333 3 243333 3 0 0 0 0 46 46 46 46 35 35 243333 3 243333 3 0 0 0 0 46 46 46 46 44 44 243333 3 243333 3 0 0 0 0
222 800 200 800 0 200 0 1000 46 46 46 46 35 35 87091 26 0 0 80291 1 6800 25 46 46 46 46 44 44 87091 26 0 0 80291 1 6800 25 46 46 46 46 35 35 87091 26 0 0 80291 1 6800 25 46 46 46 46 35 35 87091 26 0 0 80291 1 6800 25 46 46 46 46 35 35 87091 26 0 0 80291 1 6800 25 46 46 46 46 44 44 87091 26 0 0 80291 1 6800 25
223 800 200 800 0 200 0 1000 46 46 46 46 35 35 0 0 0 0 0 0 0 0 46 46 46 46 45 45 0 0 0 0 0 0 0 0 46 46 46 46 35 35 0 0 0 0 0 0 0 0 46 46 46 46 35 35 0 0 0 0 0 0 0 0 46 46 46 46 35 35 0 0 0 0 0 0 0 0 46 46 46 46 45 45 0 0 0 0 0 0 0 0
224 800 200 800 0 200 0 1000 46 46 46 46 35 35 0 0 0 0 0 0 0 0 46 46 46 46 45 45 0 0 0 0 0 0 0 0 46 46 46 46 35 35 0 0 0 0 0 0 0 0 46 46 46 46 35 35 0 0 0 0 0 0 0 0 46 46 46 46 35 35 0 0 0 0 0 0 0 0 46 46 46 46 45 45 0 0 0 0 0 0 0 0
225 800 200 800 0 200 0 1000 46 46 46 46 35 35 0 0 0 0 0 0 0 0 46 46 46 46 45 45 0 0 0 0 0 0 0 0 46 46 46 46 35 35 0 0 0 0 0 0 0 0 46 46 46 46 35 35 0 0 0 0 0 0 0 0 46 46 46 46 35 35 0 0 0 0 0 0 0 0 46 46 46 46 45 45 0 0 0 0 0 0 0 0
226 800 200 800 0 200 0 1000 46 46 46 46 35 35 5440 20 0 0 0 0 5440 20 46 46 46 46 45 45 5440 20 0 0 0 0 5440 20 46 46 46 46 35 35 5440 20 0 0 0 0 5440 20 46 46 46 46 35 35 5440 20 0 0 0 0 5440 20 46 46 46 46 35 35 5440 20 0 0 0 0 5440 20 46 46 46 46 45 45 5440 20 0 0 0 0 5440 20
227 800 200 800 0 200 0 1000 46 46 46 46 35 35 0 0 0 0 0 0 0 0 46 46 46 46 46 46 0 0 0 0 0 0 0 0 46 46 46 46 35 35 0 0 0 0 0 0 0 0 46 46 46 46 35 35 0 0 0 0 0 0 0 0 46 46 46 46 35 35 0 0 0 0 0 0 0 0 46 46 46 46 46 46 0 0 0 0 0 0 0 0
228 800 200 800 0 200 0 1000 46 46 46 46 35 35 0 0 0 0 0 0 0 0 46 46 46 46 46 46 0 0 0 0 0 0 0 0 46 46 46 46 35 35 0 0 0 0 0 0 0 0 46 46 46 46 35 35 0 0 0 0 0 0 0 0 46 46 46 46 35 35 0 0 0 0 0 0 0 0 46 46 46 46 46 46 0 0 0 0 0 0 0 0
229 800 200 800 0 200 0 1000 46 46 46 46 35 35 162158 2 162158 2 0 0 0 0 46 46 46 46 46 46 162158 2 162158 2 0 0 0 0 46 46 46 46 35 35 162158 2 162158 2 0 0 0 0 46 46 46 46 35 35 162158 2 162158 2 0 0 0 0 46 46 46 46 35 35 162158 2 162158 2 0 0 0 0 46 46 46 46 46 46 162158 2 162158 2 0 0 0 0
230 800 200 800 0 200 0 1000 46 46 46 46 35 35 86547 24 0 0 80291 1 6256 23 46 46 46 46 46 46 86547 24 0 0 80291 1 6256 23 46 46 46 46 35 35 86547 24 0 0 80291 1 6256 23 46 46 46 46 35 35 86547 24 0 0 80291 1 6256 23 46 46 46 46 35 35 86547 24 0 0 80291 1 6256 23 46 46 46 46 46 46 86547 24 0 0 80291 1 6256 23
231 800 200 800 0 200 0 1000 46 46 46 46 35 35 0 0 0 0 0 0 0 0 47 47 46 46 47 47 0 0 0 0 0 0 0 0 46 46 46 46 35 35 0 0 0 0 0 0 0 0 46 46 46 46 35 35 0 0 0 0 0 0 0 0 46 46 46 46 35 35 0 0 0 0 0 0 0 0 47 47 46 46 47 47 0 0 0 0 0 0 0 0
232 800 200 800 0 200 0 1000 46 46 46 46 35 35 0 0 0 0 0 0 0 0 47 47 46 46 47 47 0 0 0 0 0 0 0 0 46 46 46 46 35 35 0 0 0 0 0 0 0 0 46 46 46 46 35 35 0 0 0 0 0 0 0 0 46 46 46 46 35 35 0 0 0 0 0 0 0 0 47 47 46 46 47 47 0 0 0 0 0 0 0 0
233 800 200 800 0 200 0 1000 46 46 46 46 35 35 81175 1 81175 1 0 0 0 0 47 47 46 46 47 47 81175 1 81175 1 0 0 0 0 46 46 46 46 35 35 81175 1 81175 1 0 0 0 0 46 46 46 46 35 35 81175 1 81175 1 0 0 0 0 46 46 46 46 35 35 81175 1 81175 1 0 0 0 0 47 47 46 46 47 47 81175 1 81175 1 0 0 0 0
234 800 200 800 0 200 0 1000 46 46 46 46 35 35 86003 22 0 0 80291 1 5712 21 47 47 46 46 47 47 86003 22 0 0 80291 1 5712 21 46 46 46 46 35 35 86003 22 0 0 80291 1 5712 21 46 46 46 46 35 35 86003 22 0 0 80291 1 5712 21 46 46 46 46 35 35 86003 22 0 0 80291 1 5712 21 47 47 46 46 47 47 86003 22 0 0 80291 1 5712 21
235 800 200 800 0 200 0 1000 46 46 46 46 35 35 0 0 0 0 0 0 0 0 48 48 46 46 48 48 0 0 0 0 0 0 0 0 46 46 46 46 35 35 0 0 0 0 0 0 0 0 46 46 46 46 35 35 0 0 0 0 0 0 0 0 46 46 46 46 35 35 0 0 0 0 0 0 0 0 48 48 46 46 48 48 0 0 0 0 0 0 0 0
236 800 200 800 0 200 0 1000 46 46 46 46 35 35 0 0 0 0 0 0 0 0 48 48 46 46 48 48 0 0 0 0 0 0 0 0 46 46 46 46 35 35 0 0 0 0 0 0 0 0 46 46 46 46 35 35 0 0 0 0 0 0 0 0 46 46 46 46 35 35 0 0 0 0 0 0 0 0 48 48 46 46 48 48 0 0 0 0 0 0 0 0
237 800 200 800 0 200 0 1000 46 46 46 46 35 35 324444 4 324444 4 0 0 0 0 48 48 46 46 48 48 324444 4 324444 4 0 0 0 0 46 46 46 46 35 35 324444 4 324444 4 0 0 0 0 46 46 46 46 35 35 324444 4 324444 4 0 0 0 0 46 46 46 46 35 35 324444 4 324444 4 0 0 0 0 48 48 46 46 48 48 324444 4 324444 4 0 0 0 0
238 800 200 800 0 200 0 1000 46 46 46 46 35 35 85731 21 0 0 80291 1 5440 20 48 48 46 46 48 48 85731 21 0 0 80291 1 5440 20 46 46 46 46 35 35 85731 21 0 0 80291 1 5440 20 46 46 46 46 35 35 85731 21 0 0 80291 1 5440 20 46 46 46 46 35 35 85731 21 0 0 80291 1 5440 20 48 48 46 46 48 48 85731 21 0 0 80291 1 5440 20
239 800 200 800 0 200 0 1000 46 46 46 46 35 35 0 0 0 0 0 0 0 0 49 49 46 46 49 49 0 0 0 0 0 0 0 0 46 46 46 46 35 35 0 0 0 0 0 0 0 0 46 46 46 46 35 35 0 0 0 0 0 0 0 0 46 46 46 46 35 35 0 0 0 0 0 0 0 0 49 49 46 46 49 49 0 0 0 0 0 0 0 0
240 800 200 800 0 200 0 1000 46 46 46 46 35 35 0 0 0 0 0 0 0 0 49 49 46 46 49 49 0 0 0 0 0 0 0 0 46 46 46 46 35 35 0 0 0 0 0 0 0 0 46 46 46 46 35 35 0 0 0 0 0 0 0 0 46 46 46 46 35 35 0 0 0 0 0 0 0 0 49 49 46 46 49 49 0 0 0 0 0 0 0 0
241 800 200 800 0 200 0 1000 46 46 46 46 35 35 162158 2 162158 2 0 0 0 0 49 49 46 46 49 49 162158 2 162158 2 0 0 0 0 46 46 46 46 35 35 162158 2 162158 2 0 0 0 0 46 46 46 46 35 35 162158 2 162158 2 0 0 0 0 46 46 46 46 35 35 162158 2 162158 2 0 0 0 0 49 49 46 46 49 49 162158 2 162158 2 0 0 0 0
242 800 200 800 0 200 0 1000 46 46 46 46 35 35 86819 25 0 0 80291 1 6528 24 49 49 46 46 49 49 86819 25 0 0 80291 1 6528 24 46 46 46 46 35 35 86819 25 0 0 80291 1 6528 24 46 46 46 46 35 35 86819 25 0 0 80291 1 6528 24 46 46 46 46 35 35 86819 25 0 0 80291 1 6528 24 49 49 46 46 49 49 86819 25 0 0 80291 1 6528 24
243 800 200 800 0 200 0 1000 46 46 46 46 35 35 0 0 0 0 0 0 0 0 50 50 46 46 50 50 0 0 0 0 0 0 0 0 46 46 46 46 35 35 0 0 0 0 0 0 0 0 46 46 46 46 35 35 0 0 0 0 0 0 0 0 46 46 46 46 35 35 0 0 0 0 0 0 0 0 50 50 46 46 50 50 0 0 0 0 0 0 0 0
244 800 200 800 0 200 0 1000 46 46 46 46 35 35 0 0 0 0 0 0 0 0 50 50 46 46 50 50 0 0 0 0 0 0 0 0 46 46 46 46 35 35 0 0 0 0 0 0 0 0 46 46 46 46 35 35 0 0 0 0 0 0 0 0 46 46 46 46 35 35 0 0 0 0 0 0 0 0 50 50 46 46 50 50 0 0 0 0 0 0 0 0
245 800 200 800 0 200 0 1000 46 46 46 46 35 35 406035 5 406035 5 0 0 0 0 50 50 46 46 50 50 406035 5 406035 5 0 0 0 0 46 46 46 46 35 35 406035 5 406035 5 0 0 0 0 46 46 46 46 35 35 406035 5 406035 5 0 0 0 0 46 46 46 46 35 35 406035 5 406035 5 0 0 0 0 50 50 46 46 50 50 406035 5 406035 5 0 0 0 0
246 800 200 800 0 200 0 1000 46 46 46 46 35 35 84099 15 0 0 80291 1 3808 14 50 50 46 46 50 50 84099 15 0 0 80291 1 3808 14 46 46 46 46 35 35 84099 15 0 0 80291 1 3808 14 46 46 46 46 35 35 84099 15 0 0 80291 1 3808 14 46 46 46 46 35 35 84099 15 0 0 80291 1 3808 14 50 50 46 46 50 50 84099 15 0 0 80291 1 3808 14
247 800 200 800 0 200 0 1000 46 46 46 46 35 35 0 0 0 0 0 0 0 0 51 51 46 46 51 51 0 0 0 0 0 0 0 0 46 46 46 46 35 35 0 0 0 0 0 0 0 0 46 46 46 46 35 35 0 0 0 0 0 0 0 0 46 46 46 46 35 35 0 0 0 0 0 0 0 0 51 51 46 46 51 51 0 0 0 0 0 0 0 0
248 0 1000 0 800 200 0 1000 46 46 46 46 35 35 0 0 0 0 0 0 0 0 51 51 46 46 51 51 0 0 0 0 0 0 0 0 46 46 46 46 35 35 0 0 0 0 0 0 0 0 46 46 46 46 35 35 0 0 0 0 0 0 0 0 46 46 46 46 35 35 0 0 0 0 0 0 0 0 51 51 46 46 51 51 0 0 0 0 0 0 0 0
249 0 1000 0 800 200 0 1000 46 46 46 46 35 35 80887 1 80887 1 0 0 0 0 51 51 46 46 51 51 80887 1 80887 1 0 0 0 0 46 46 46 46 35 35 80887 1 80887 1 0 0 0 0 46 46 46 46 35 35 80887 1 80887 1 0 0 0 0 46 46 46 46 35 35 80887 1 80887 1 0 0 0 0 51 51 46 46 51 51 80887 1 80887 1 0 0 0 0
250 0 1000 0 800 200 0 1000 46 46 46 46 35 35 85187 19 0 0 80291 1 4896 18 51 51 46 46 51 51 85187 19 0 0 80291 1 4896 18 46 46 46 46 35 35 85187 19 0 0 80291 1 4896 18 46 46 46 46 35 35 85187 19 0 0 80291 1 4896 18 46 46 46 46 35 35 85187 19 0 0 80291 1 4896 18 51 51 46 46 51 51 85187 19 0 0 80291 1 4896 18
251 0 1000 0 0 1000 0 1000 51 51 46 46 51 51 0 0 0 0 0 0 0 0 51 51 46 46 51 51 0 0 0 0 0 0 0 0 51 51 46 46 51 51 0 0 0 0 0 0 0 0 51 51 46 46 51 51 0 0 0 0 0 0 0 0 51 51 46 46 51 51 0 0 0 0 0 0 0 0 51 51 46 46 51 51 0 0 0 0 0 0 0 0
252 0 1000 0 0 1000 0 1000 51 51 46 46 51 51 0 0 0 0 0 0 0 0 51 51 46 46 51 51 0 0 0 0 0 0 0 0 51 51 46 46 51 51 0 0 0 0 0 0 0 0 51 51 46 46 51 51 0 0 0 0 0 0 0 0 51 51 46 46 51 51 0 0 0 0 0 0 0 0 51 51 46 46 51 51 0 0 0 0 0 0 0 0
253 0 1000 0 0 1000 0 1000 51 51 46 46 51 51 1296238 16 1296238 16 0 0 0 0 51 51 46 46 51 51 1296238 16 1296238 16 0 0 0 0 51 51 46 46 51 51 1296238 16 1296238 16 0 0 0 0 51 51 46 46 51 51 1296238 16 1296238 16 0 0 0 0 51 51 46 46 51 51 1296238 16 1296238 16 0 0 0 0 51 51 46 46 51 51 1296238 16 1296238 16 0 0 0 0
254 0 1000 0 0 1000 0 1000 60 63 60 63 51 51 106947 99 0 0 80291 1 26656 98 60 63 60 63 51 51 106947 99 0 0 80291 1 26656 98 60 63 60 63 51 51 106947 99 0 0 80291 1 26656 98 60 63 60 63 51 51 106947 99 0 0 80291 1 26656 98 60 63 60 63 51 51 106947 99 0 0 80291 1 26656 98 60 63 60 63 51 51 106947 99 0 0 80291 1 26656 98
255 0 1000 0 0 1000 0 1000 60 63 60 63 52 53 0 0 0 0 0 0 0 0 60 63 60 63 52 53 0 0 0 0 0 0 0 0 60 63 60 63 52 53 0 0 0 0 0 0 0 0 60 63 60 63 52 53 0 0 0 0 0 0 0 0 60 63 60 63 52 53 0 0 0 0 0 0 0 0 60 63 60 63 52 53 0 0 0 0 0 0 0 0
256 0 1000 0 0 1000 0 1000 60 63 60 63 52 53 0 0 0 0 0 0 0 0 60 63 60 63 52 53 0 0 0 0 0 0 0 0 60 63 60 63 52 53 0 0 0 0 0 0 0 0 60 63 60 63 52 53 0 0 0 0 0 0 0 0 60 63 60 63 52 53 0 0 0 0 0 0 0 0 60 63 60 63 52 53 0 0 0 0 0 0 0 0
257 0 1000 0 0 1000 0 1000 60 63 60 63 52 53 668600 8 668600 8 0 0 0 0 60 63 60 63 52 53 668600 8 668600 8 0 0 0 0 60 63 60 63 52 53 668600 8 668600 8 0 0 0 0 60 63 60 63 52 53 668600 8 668600 8 0 0 0 0 60 63 60 63 52 53 668600 8 668600 8 0 0 0 0 60 63 60 63 52 53 668600 8 668600 8 0 0 0 0
258 0 1000 0 0 1000 0 1000 61 64 61 64 52 53 106131 96 0 0 80291 1 25840 95 61 64 61 64 52 53 106131 96 0 0 80291 1 25840 95 61 64 61 64 52 53 106131 96 0 0 80291 1 25840 95 61 64 61 64 52 53 106131 96 0 0 80291 1 25840 95 61 64 61 64 52 53 106131 96 0 0 80291 1 25840 95 61 64 61 64 52 53 106131 96 0 0 80291 1 25840 95
259 0 1000 0 0 1000 0 1000 61 64 61 64 52 53 0 0 0 0 0 0 0 0 61 64 61 64 52 53 0 0 0 0 0 0 0 0 61 64 61 64 52 53 0 0 0 0 0 0 0 0 61 64 61 64 52 53 0 0 0 0 0 0 0 0 61 64 61 64 52 53 0 0 0 0 0 0 0 0 61 64 61 64 52 53 0 0 0 0 0 0 0 0
260 0 1000 0 0 1000 0 1000 61 64 61 64 52 53 0 0 0 0 0 0 0 0 61 64 61 64 52 53 0 0 0 0 0 0 0 0 61 64 61 64 52 53 0 0 0 0 0 0 0 0 61 64 61 64 52 53 0 0 0 0 0 0 0 0 61 64 61 64 52 53 0 0 0 0 0 0 0 0 61 64 61 64 52 53 0 0 0 0 0 0 0 0
261 0 1000 0 0 1000 0 1000 61 64 61 64 52 53 751311 9 751311 9 0 0 0 0 61 64 61 64 52 53 751311 9 751311 9 0 0 0 0 61 64 61 64 52 53 751311 9 751311 9 0 0 0 0 61 64 61 64 52 53 751311 9 751311 9 0 0 0 0 61 64 61 64 52 53 751311 9 751311 9 0 0 0 0 61 64 61 64 52 53 751311 9 751311 9 0 0 0 0
262 0 1000 0 0 1000 0 1000 62 65 62 65 52 53 104771 91 0 0 80291 1 24480 90 62 65 62 65 52 53 104771 91 0 0 80291 1 24480 90 62 65 62 65 52 53 104771 91 0 0 80291 1 24480 90 62 65 62 65 52 53 104771 91 0 0 80291 1 24480 90 62 65 62 65 52 53 104771 91 0 0 80291 1 24480 90 62 65 62 65 52 53 104771 91 0 0 80291 1 24480 90
263 0 1000 0 0 1000 0 1000 62 65 62 65 53 55 0 0 0 0 0 0 0 0 62 65 62 65 53 55 0 0 0 0 0 0 0 0 62 65 62 65 53 55 0 0 0 0 0 0 0 0 62 65 62 65 53 55 0 0 0 0 0 0 0 0 62 65 62 65 53 55 0 0 0 0 0 0 0 0 62 65 62 65 53 55 0 0 0 0 0 0 0 0
264 0 1000 0 0 1000 0 1000 62 65 62 65 53 55 0 0 0 0 0 0 0 0 62 65 62 65 53 55 0 0 0 0 0 0 0 0 62 65 62 65 53 55 0 0 0 0 0 0 0 0 62 65 62 65 53 55 0 0 0 0 0 0 0 0 62 65 62 65 53 55 0 0 0 0 0 0 0 0 62 65 62 65 53 55 0 0 0 0 0 0 0 0
265 0 1000 0 0 1000 0 1000 62 65 62 65 53 55 416594 5 416594 5 0 0 0 0 62 65 62 65 53 55 416594 5 416594 5 0 0 0 0 62 65 62 65 53 55 416594 5 416594 5 0 0 0 0 62 65 62 65 53 55 416594 5 416594 5 0 0 0 0 62 65 62 65 53 55 416594 5 416594 5 0 0 0 0 62 65 62 65 53 55 416594 5 416594 5 0 0 0 0
266 0 1000 0 0 1000 0 1000 63 66 63 66 53 55 105587 94 0 0 80291 1 25296 93 63 66 63 66 53 55 105587 94 0 0 80291 1 25296 93 63 66 63 66 53 55 105587 94 0 0 80291 1 25296 93 63 66 63 66 53 55 105587 94 0 0 80291 1 25296 93 63 66 63 66 53 55 105587 94 0 0 80291 1 25296 93 63 66 63 66 53 55 105587 94 0 0 80291 1 25296 93
267 0 1000 0 0 1000 0 1000 63 66 63 66 53 55 0 0 0 0 0 0 0 0 63 66 63 66 53 55 0 0 0 0 0 0 0 0 63 66 63 66 53 55 0 0 0 0 0 0 0 0 63 66 63 66 53 55 0 0 0 0 0 0 0 0 63 66 63 66 53 55 0 0 0 0 0 0 0 0 63 66 63 66 53 55 0 0 0 0 0 0 0 0
268 0 1000 0 0 1000 0 1000 63 66 63 66 53 55 0 0 0 0 0 0 0 0 63 66 63 66 53 55 0 0 0 0 0 0 0 0 63 66 63 66 53 55 0 0 0 0 0 0 0 0 63 66 63 66 53 55 0 0 0 0 0 0 0 0 63 66 63 66 53 55 0 0 0 0 0 0 0 0 63 66 63 66 53 55 0 0 0 0 0 0 0 0
269 0 1000 0 0 1000 0 1000 63 66 63 66 53 55 1501469 18 1501469 18 0 0 0 0 63 66 63 66 53 55 1501469 18 1501469 18 0 0 0 0 63 66 63 66 53 55 1501469 18 1501469 18 0 0 0 0 63 66 63 66 53 55 1501469 18 1501469 18 0 0 0 0 63 66 63 66 53 55 1501469 18 1501469 18 0 0 0 0 63 66 63 66 53 55 1501469 18 1501469 18 0 0 0 0
270 0 1000 0 0 1000 0 1000 64 67 64 67 53 55 113747 124 0 0 80291 1 33456 123 64 67 64 67 53 55 113747 124 0 0 80291 1 33456 123 64 67 64 67 53 55 113747 124 0 0 80291 1 33456 123 64 67 64 67 53 55 113747 124 0 0 80291 1 33456 123 64 67 64 67 53 55 113747 124 0 0 80291 1 33456 123 64 67 64 67 53 55 113747 124 0 0 80291 1 33456 123
271 0 1000 0 0 1000 0 1000 64 67 64 67 54 57 0 0 0 0 0 0 0 0 64 67 64 67 54 57 0 0 0 0 0 0 0 0 64 67 64 67 54 57 0 0 0 0 0 0 0 0 64 67 64 67 54 57 0 0 0 0 0 0 0 0 64 67 64 67 54 57 0 0 0 0 0 0 0 0 64 67 64 67 54 57 0 0 0 0 0 0 0 0
272 0 1000 0 0 1000 0 1000 64 67 64 67 54 57 0 0 0 0 0 0 0 0 64 67 64 67 54 57 0 0 0 0 0 0 0 0 64 67 64 67 54 57 0 0 0 0 0 0 0 0 64 67 64 67 54 57 0 0 0 0 0 0 0 0 64 67 64 67 54 57 0 0 0 0 0 0 0 0 64 67 64 67 54 57 0 0 0 0 0 0 0 0
273 0 1000 0 0 1000 0 1000 64 67 64 67 54 57 1012499 12 1012499 12 0 0 0 0 64 67 64 67 54 57 1012499 12 1012499 12 0 0 0 0 64 67 64 67 54 57 1012499 12 1012499 12 0 0 0 0 64 67 64 67 54 57 1012499 12 1012499 12 0 0 0 0 64 67 64 67 54 57 1012499 12 1012499 12 0 0 0 0 64 67 64 67 54 57 1012499 12 1012499 12 0 0 0 0
274 0 1000 0 0 1000 0 1000 65 68 65 68 54 57 105859 95 0 0 80291 1 25568 94 65 68 65 68 54 57 105859 95 0 0 80291 1 25568 94 65 68 65 68 54 57 105859 95 0 0 80291 1 25568 94 65 68 65 68 54 57 105859 95 0 0 80291 1 25568 94 65 68 65 68 54 57 105859 95 0 0 80291 1 25568 94 65 68 65 68 54 57 105859 95 0 0 80291 1 25568 94
275 0 1000 0 0 1000 0 1000 65 68 65 68 55 58 0 0 0 0 0 0 0 0 65 68 65 68 55 58 0 0 0 0 0 0 0 0 65 68 65 68 55 58 0 0 0 0 0 0 0 0 65 68 65 68 55 58 0 0 0 0 0 0 0 0 65 68 65 68 55 58 0 0 0 0 0 0 0 0 65 68 65 68 55 58 0 0 0 0 0 0 0 0
276 0 1000 0 0 1000 0 1000 65 68 65 68 55 58 0 0 0 0 0 0 0 0 65 68 65 68 55 58 0 0 0 0 0 0 0 0 65 68 65 68 55 58 0 0 0 0 0 0 0 0 65 68 65 68 55 58 0 0 0 0 0 0 0 0 65 68 65 68 55 58 0 0 0 0 0 0 0 0 65 68 65 68 55 58 0 0 0 0 0 0 0 0
277 0 1000 0 0 1000 0 1000 65 68 65 68 55 58 667574 8 667574 8 0 0 0 0 65 68 65 68 55 58 667574 8 667574 8 0 0 0 0 65 68 65 68 55 58 667574 8 667574 8 0 0 0 0 65 68 65 68 55 58 667574 8 667574 8 0 0 0 0 65 68 65 68 55 58 667574 8 667574 8 0 0 0 0 65 68 65 68 55 58 667574 8 667574 8 0 0 0 0
278 0 1000 0 0 1000 0 1000 66 69 66 69 55 58 108035 103 0 0 80291 1 27744 102 66 69 66 69 55 58 108035 103 0 0 80291 1 27744 102 66 69 66 69 55 58 108035 103 0 0 80291 1 27744 102 66 69 66 69 55 58 108035 103 0 0 80291 1 27744 102 66 69 66 69 55 58 108035 103 0 0 80291 1 27744 102 66 69 66 69 55 58 108035 103 0 0 80291 1 27744 102
279 0 1000 0 0 1000 0 1000 66 69 66 69 56 59 0 0 0 0 0 0 0 0 66 69 66 69 56 59 0 0 0 0 0 0 0 0 66 69 66 69 56 59 0 0 0 0 0 0 0 0 66 69 66 69 56 59 0 0 0 0 0 0 0 0 66 69 66 69 56 59 0 0 0 0 0 0 0 0 66 69 66 69 56 59 0 0 0 0 0 0 0 0
280 0 1000 0 0 1000 0 1000 66 69 66 69 56 59 0 0 0 0 0 0 0 0 66 69 66 69 56 59 0 0 0 0 0 0 0 0 66 69 66 69 56 59 0 0 0 0 0 0 0 0 66 69 66 69 56 59 0 0 0 0 0 0 0 0 66 69 66 69 56 59 0 0 0 0 0 0 0 0 66 69 66 69 56 59 0 0 0 0 0 0 0 0
281 0 1000 0 0 1000 0 1000 66 69 66 69 56 59 753327 9 753327 9 0 0 0 0 66 69 66 69 56 59 753327 9 753327 9 0 0 0 0 66 69 66 69 56 59 753327 9 753327 9 0 0 0 0 66 69 66 69 56 59 753327 9 753327 9 0 0 0 0 66 69 66 69 56 59 753327 9 753327 9 0 0 0 0 66 69 66 69 56 59 753327 9 753327 9 0 0 0 0
282 0 1000 0 0 1000 0 1000 67 70 67 70 56 59 108307 104 0 0 80291 1 28016 103 67 70 67 70 56 59 108307 104 0 0 80291 1 28016 103 67 70 67 70 56 59 108307 104 0 0 80291 1 28016 103 67 70 67 70 56 59 108307 104 0 0 80291 1 28016 103 67 70 67 70 56 59 108307 104 0 0 80291 1 28016 103 67 70 67 70 56 59 108307 104 0 0 80291 1 28016 103
283 0 1000 0 0 1000 0 1000 67 70 67 70 57 60 0 0 0 0 0 0 0 0 67 70 67 70 57 60 0 0 0 0 0 0 0 0 67 70 67 70 57 60 0 0 0 0 0 0 0 0 67 70 67 70 57 60 0 0 0 0 0 0 0 0 67 70 67 70 57 60 0 0 0 0 0 0 0 0 67 70 67 70 57 60 0 0 0 0 0 0 0 0
284 0 1000 0 0 1000 0 1000 67 70 67 70 57 60 0 0 0 0 0 0 0 0 67 70 67 70 57 60 0 0 0 0 0 0 0 0 67 70 67 70 57 60 0 0 0 0 0 0 0 0 67 70 67 70 57 60 0 0 0 0 0 0 0 0 67 70 67 70 57 60 0 0 0 0 0 0 0 0 67 70 67 70 57 60 0 0 0 0 0 0 0 0
285 0 1000 0 0 1000 0 1000 67 70 67 70 57 60 1004820 12 1004820 12 0 0 0 0 67 70 67 70 57 60 1004820 12 1004820 12 0 0 0 0 67 70 67 70 57 60 1004820 12 1004820 12 0 0 0 0 67 70 67 70 57 60 1004820 12 1004820 12 0 0 0 0 67 70 67 70 57 60 1004820 12 1004820 12 0 0 0 0 67 70 67 70 57 60 1004820 12 1004820 12 0 0 0 0
286 0 1000 0 0 1000 0 1000 68 71 68 71 57 60 106403 97 0 0 80291 1 26112 96 68 71 68 71 57 60 106403 97 0 0 80291 1 26112 96 68 71 68 71 57 60 106403 97 0 0 80291 1 26112 96 68 71 68 71 57 60 106403 97 0 0 80291 1 26112 96 68 71 68 71 57 60 106403 97 0 0 80291 1 26112 96 68 71 68 71 57 60 106403 97 0 0 80291 1 26112 96
287 0 1000 0 0 1000 0 1000 68 71 68 71 58 61 0 0 0 0 0 0 0 0 68 71 68 71 58 61 0 0 0 0 0 0 0 0 68 71 68 71 58 61 0 0 0 0 0 0 0 0 68 71 68 71 58 61 0 0 0 0 0 0 0 0 68 71 68 71 58 61 0 0 0 0 0 0 0 0 68 71 68 71 58 61 0 0 0 0 0 0 0 0
288 0 1000 0 0 1000 0 1000 68 71 68 71 58 61 0 0 0 0 0 0 0 0 68 71 68 71 58 61 0 0 0 0 0 0 0 0 68 71 68 71 58 61 0 0 0 0 0 0 0 0 68 71 68 71 58 61 0 0 0 0 0 0 0 0 68 71 68 71 58 61 0 0 0 0 0 0 0 0 68 71 68 71 58 61 0 0 0 0 0 0 0 0
289 0 1000 0 0 1000 0 1000 68 71 68 71 58 61 1252664 15 1252664 15 0 0 0 0 68 71 68 71 58 61 1252664 15 1252664 15 0 0 0 0 68 71 68 71 58 61 1252664 15 1252664 15 0 0 0 0 68 71 68 71 58 61 1252664 15 1252664 15 0 0 0 0 68 71 68 71 58 61 1252664 15 1252664 15 0 0 0 0 68 71 68 71 58 61 1252664 15 1252664 15 0 0 0 0
290 0 1000 0 0 1000 0 1000 69 72 69 72 58 61 106675 98 0 0 80291 1 26384 97 69 72 69 72 58 61 106675 98 0 0 80291 1 26384 97 69 72 69 72 58 61 106675 98 0 0 80291 1 26384 97 69 72 69 72 58 61 106675 98 0 0 80291 1 26384 97 69 72 69 72 58 61 106675 98 0 0 80291 1 26384 97 69 72 69 72 58 61 106675 98 0 0 80291 1 26384 97
291 0 1000 0 0 1000 0 1000 69 72 69 72 59 62 0 0 0 0 0 0 0 0 69 72 69 72 59 62 0 0 0 0 0 0 0 0 69 72 69 72 59 62 0 0 0 0 0 0 0 0 69 72 69 72 59 62 0 0 0 0 0 0 0 0 69 72 69 72 59 62 0 0 0 0 0 0 0 0 69 72 69 72 59 62 0 0 0 0 0 0 0 0
292 0 1000 0 0 1000 0 1000 69 72 69 72 59 62 0 0 0 0 0 0 0 0 69 72 69 72 59 62 0 0 0 0 0 0 0 0 69 72 69 72 59 62 0 0 0 0 0 0 0 0 69 72 69 72 59 62 0 0 0 0 0 0 0 0 69 72 69 72 59 62 0 0 0 0 0 0 0 0 69 72 69 72 59 62 0 0 0 0 0 0 0 0
293 0 1000 0 0 1000 0 1000 69 72 69 72 59 62 835430 10 835430 10 0 0 0 0 69 72 69 72 59 62 835430 10 835430 10 0 0 0 0 69 72 69 72 59 62 835430 10 835430 10 0 0 0 0 69 72 69 72 59 62 835430 10 835430 10 0 0 0 0 69 72 69 72 59 62 835430 10 835430 10 0 0 0 0 69 72 69 72 59 62 835430 10 835430 10 0 0 0 0
294 0 1000 0 0 1000 0 1000 70 73 70 73 59 62 108579 105 0 0 80291 1 28288 104 70 73 70 73 59 62 108579 105 0 0 80291 1 28288 104 70 73 70 73 59 62 108579 105 0 0 80291 1 28288 104 70 73 70 73 59 62 108579 105 0 0 80291 1 28288 104 70 73 70 73 59 62 108579 105 0 0 80291 1 28288 104 70 73 70 73 59 62 108579 105 0 0 80291 1 28288 104
295 0 1000 0 0 1000 0 1000 70 73 70 73 60 63 0 0 0 0 0 0 0 0 70 73 70 73 60 63 0 0 0 0 0 0 0 0 70 73 70 73 60 63 0 0 0 0 0 0 0 0 70 73 70 73 60 63 0 0 0 0 0 0 0 0 70 73 70 73 60 63 0 0 0 0 0 0 0 0 70 73 70 73 60 63 0 0 0 0 0 0 0 0
296 0 1000 0 0 1000 0 1000 70 73 70 73 60 63 0 0 0 0 0 0 0 0 70 73 70 73 60 63 0 0 0 0 0 0 0 0 70 73 70 73 60 63 0 0 0 0 0 0 0 0 70 73 70 73 60 63 0 0 0 0 0 0 0 0 70 73 70 73 60 63 0 0 0 0 0 0 0 0 70 73 70 73 60 63 0 0 0 0 0 0 0 0
297 0 1000 0 0 1000 0 1000 70 73 70 73 60 63 921437 11 921437 11 0 0 0 0 70 73 70 73 60 63 921437 11 921437 11 0 0 0 0 70 73 70 73 60 63 921437 11 921437 11 0 0 0 0 70 73 70 73 60 63 921437 11 921437 11 0 0 0 0 70 73 70 73 60 63 921437 11 921437 11 0 0 0 0 70 73 70 73 60 63 921437 11 921437 11 0 0 0 0
298 0 1000 0 0 1000 0 1000 71 74 71 74 60 63 103411 86 0 0 80291 1 23120 85 71 74 71 74 60 63 103411 86 0 0 80291 1 23120 85 71 74 71 74 60 63 103411 86 0 0 80291 1 23120 85 71 74 71 74 60 63 103411 86 0 0 80291 1 23120 85 71 74 71 74 60 63 103411 86 0 0 80291 1 23120 85 71 74 71 74 60 63 103411 86 0 0 80291 1 23120 85
299 0 1000 0 0 1000 0 1000 71 74 71 74 61 64 0 0 0 0 0 0 0 0 71 74 71 74 61 64 0 0 0 0 0 0 0 0 71 74 71 74 61 64 0 0 0 0 0 0 0 0 71 74 71 74 61 64 0 0 0 0 0 0 0 0 71 74 71 74 61 64 0 0 0 0 0 0 0 0 71 74 71 74 61 64 0 0 0 0 0 0 0 0
300 0 1000 0 0 1000 0 1000 71 74 71 74 61 64 0 0 0 0 0 0 0 0 71 74 71 74 61 64 0 0 0 0 0 0 0 0 71 74 71 74 61 64 0 0 0 0 0 0 0 0 71 74 71 74 61 64 0 0 0 0 0 0 0 0 71 74 71 74 61 64 0 0 0 0 0 0 0 0 71 74 71 74 61 64 0 0 0 0 0 0 0 0
301 0 1000 0 0 1000 0 1000 71 74 71 74 61 64 1164226 14 1164226 14 0 0 0 0 71 74 71 74 61 64 1164226 14 1164226 14 0 0 0 0 71 74 71 74 61 64 1164226 14 1164226 14 0 0 0 0 71 74 71 74 61 64 1164226 14 1164226 14 0 0 0 0 71 74 71 74 61 64 1164226 14 1164226 14 0 0 0 0 71 74 71 74 61 64 1164226 14 1164226 14 0 0 0 0
302 0 1000 0 0 1000 0 1000 72 75 72 75 61 64 109667 109 0 0 80291 1 29376 108 72 75 72 75 61 64 109667 109 0 0 80291 1 29376 108 72 75 72 75 61 64 109667 109 0 0 80291 1 29376 108 72 75 72 75 61 64 109667 109 0 0 80291 1 29376 108 72 75 72 75 61 64 109667 109 0 0 80291 1 29376 108 72 75 72 75 61 64 109667 109 0 0 80291 1 29376 108
303 0 1000 0 0 1000 0 1000 72 75 72 75 62 65 0 0 0 0 0 0 0 0 72 75 72 75 62 65 0 0 0 0 0 0 0 0 72 75 72 75 62 65 0 0 0 0 0 0 0 0 72 75 72 75 62 65 0 0 0 0 0 0 0 0 72 75 72 75 62 65 0 0 0 0 0 0 0 0 72 75 72 75 62 65 0 0 0 0 0 0 0 0
