r n_asleep n_awake n_honest_asleep n_honest_dreamy n_honest_awake n_adversary n_all party0_ledger_best_length party0_ledger_best_age party0_ledger_fast_length party0_ledger_fast_age party0_ledger_slow_length party0_ledger_slow_age party0_comms_all_size party0_comms_all_count party0_comms_proposal_size party0_comms_proposal_count party0_comms_piece_block_size party0_comms_piece_block_count party0_comms_piece_vote_size party0_comms_piece_vote_count party1_ledger_best_length party1_ledger_best_age party1_ledger_fast_length party1_ledger_fast_age party1_ledger_slow_length party1_ledger_slow_age party1_comms_all_size party1_comms_all_count party1_comms_proposal_size party1_comms_proposal_count party1_comms_piece_block_size party1_comms_piece_block_count party1_comms_piece_vote_size party1_comms_piece_vote_count party2_ledger_best_length party2_ledger_best_age party2_ledger_fast_length party2_ledger_fast_age party2_ledger_slow_length party2_ledger_slow_age party2_comms_all_size party2_comms_all_count party2_comms_proposal_size party2_comms_proposal_count party2_comms_piece_block_size party2_comms_piece_block_count party2_comms_piece_vote_size party2_comms_piece_vote_count party3_ledger_best_length party3_ledger_best_age party3_ledger_fast_length party3_ledger_fast_age party3_ledger_slow_length party3_ledger_slow_age party3_comms_all_size party3_comms_all_count party3_comms_proposal_size party3_comms_proposal_count party3_comms_piece_block_size party3_comms_piece_block_count party3_comms_piece_vote_size party3_comms_piece_vote_count party4_ledger_best_length party4_ledger_best_age party4_ledger_fast_length party4_ledger_fast_age party4_ledger_slow_length party4_ledger_slow_age party4_comms_all_size party4_comms_all_count party4_comms_proposal_size party4_comms_proposal_count party4_comms_piece_block_size party4_comms_piece_block_count party4_comms_piece_vote_size party4_comms_piece_vote_count partyALWAYSAWAKE_ledger_best_length partyALWAYSAWAKE_ledger_best_age partyALWAYSAWAKE_ledger_fast_length partyALWAYSAWAKE_ledger_fast_age partyALWAYSAWAKE_ledger_slow_length partyALWAYSAWAKE_ledger_slow_age partyALWAYSAWAKE_comms_all_size partyALWAYSAWAKE_comms_all_count partyALWAYSAWAKE_comms_proposal_size partyALWAYSAWAKE_comms_proposal_count partyALWAYSAWAKE_comms_piece_block_size partyALWAYSAWAKE_comms_piece_block_count partyALWAYSAWAKE_comms_piece_vote_size partyALWAYSAWAKE_comms_piece_vote_count
4 0 1000 0 0 1000 0 1000 0 0 0 0 0 0 0 0 0 0 0 0 0 0 0 0 0 0 0 0 0 0 0 0 0 0 0 0 0 0 0 0 0 0 0 0 0 0 0 0 0 0 0 0 0 0 0 0 0 0 0 0 0 0 0 0 0 0 0 0 0 0 0 0 0 0 0 0 0 0 0 0 0 0 0 0 0 0 0 0 0 0 0 0
5 0 1000 0 0 1000 0 1000 0 0 0 0 0 0 0 0 0 0 0 0 0 0 0 0 0 0 0 0 0 0 0 0 0 0 0 0 0 0 0 0 0 0 0 0 0 0 0 0 0 0 0 0 0 0 0 0 0 0 0 0 0 0 0 0 0 0 0 0 0 0 0 0 0 0 0 0 0 0 0 0 0 0 0 0 0 0 0 0 0 0 0 0
6 0 1000 0 0 1000 0 1000 0 0 0 0 0 0 30192 111 0 0 0 0 30192 111 0 0 0 0 0 0 30192 111 0 0 0 0 30192 111 0 0 0 0 0 0 30192 111 0 0 0 0 30192 111 0 0 0 0 0 0 30192 111 0 0 0 0 30192 111 0 0 0 0 0 0 30192 111 0 0 0 0 30192 111 0 0 0 0 0 0 30192 111 0 0 0 0 30192 111
7 0 1000 0 0 1000 0 1000 0 0 0 0 0 0 0 0 0 0 0 0 0 0 0 0 0 0 0 0 0 0 0 0 0 0 0 0 0 0 0 0 0 0 0 0 0 0 0 0 0 0 0 0 0 0 0 0 0 0 0 0 0 0 0 0 0 0 0 0 0 0 0 0 0 0 0 0 0 0 0 0 0 0 0 0 0 0 0 0 0 0 0 0
8 0 1000 0 0 1000 0 1000 0 0 0 0 0 0 0 0 0 0 0 0 0 0 0 0 0 0 0 0 0 0 0 0 0 0 0 0 0 0 0 0 0 0 0 0 0 0 0 0 0 0 0 0 0 0 0 0 0 0 0 0 0 0 0 0 0 0 0 0 0 0 0 0 0 0 0 0 0 0 0 0 0 0 0 0 0 0 0 0 0 0 0 0
9 0 1000 0 0 1000 0 1000 0 0 0 0 0 0 0 0 0 0 0 0 0 0 0 0 0 0 0 0 0 0 0 0 0 0 0 0 0 0 0 0 0 0 0 0 0 0 0 0 0 0 0 0 0 0 0 0 0 0 0 0 0 0 0 0 0 0 0 0 0 0 0 0 0 0 0 0 0 0 0 0 0 0 0 0 0 0 0 0 0 0 0 0
10 0 1000 0 0 1000 0 1000 0 0 0 0 0 0 31280 115 0 0 0 0 31280 115 0 0 0 0 0 0 31280 115 0 0 0 0 31280 115 0 0 0 0 0 0 31280 115 0 0 0 0 31280 115 0 0 0 0 0 0 31280 115 0 0 0 0 31280 115 0 0 0 0 0 0 31280 115 0 0 0 0 31280 115 0 0 0 0 0 0 31280 115 0 0 0 0 31280 115
11 0 1000 0 0 1000 0 1000 0 0 0 0 0 0 0 0 0 0 0 0 0 0 0 0 0 0 0 0 0 0 0 0 0 0 0 0 0 0 0 0 0 0 0 0 0 0 0 0 0 0 0 0 0 0 0 0 0 0 0 0 0 0 0 0 0 0 0 0 0 0 0 0 0 0 0 0 0 0 0 0 0 0 0 0 0 0 0 0 0 0 0 0
12 0 1000 0 0 1000 0 1000 0 0 0 0 0 0 0 0 0 0 0 0 0 0 0 0 0 0 0 0 0 0 0 0 0 0 0 0 0 0 0 0 0 0 0 0 0 0 0 0 0 0 0 0 0 0 0 0 0 0 0 0 0 0 0 0 0 0 0 0 0 0 0 0 0 0 0 0 0 0 0 0 0 0 0 0 0 0 0 0 0 0 0 0
13 0 1000 0 0 1000 0 1000 0 0 0 0 0 0 0 0 0 0 0 0 0 0 0 0 0 0 0 0 0 0 0 0 0 0 0 0 0 0 0 0 0 0 0 0 0 0 0 0 0 0 0 0 0 0 0 0 0 0 0 0 0 0 0 0 0 0 0 0 0 0 0 0 0 0 0 0 0 0 0 0 0 0 0 0 0 0 0 0 0 0 0 0
14 0 1000 0 0 1000 0 1000 0 0 0 0 0 0 30192 111 0 0 0 0 30192 111 0 0 0 0 0 0 30192 111 0 0 0 0 30192 111 0 0 0 0 0 0 30192 111 0 0 0 0 30192 111 0 0 0 0 0 0 30192 111 0 0 0 0 30192 111 0 0 0 0 0 0 30192 111 0 0 0 0 30192 111 0 0 0 0 0 0 30192 111 0 0 0 0 30192 111
15 0 1000 0 0 1000 0 1000 0 0 0 0 0 0 0 0 0 0 0 0 0 0 0 0 0 0 0 0 0 0 0 0 0 0 0 0 0 0 0 0 0 0 0 0 0 0 0 0 0 0 0 0 0 0 0 0 0 0 0 0 0 0 0 0 0 0 0 0 0 0 0 0 0 0 0 0 0 0 0 0 0 0 0 0 0 0 0 0 0 0 0 0
16 0 1000 0 0 1000 0 1000 0 0 0 0 0 0 0 0 0 0 0 0 0 0 0 0 0 0 0 0 0 0 0 0 0 0 0 0 0 0 0 0 0 0 0 0 0 0 0 0 0 0 0 0 0 0 0 0 0 0 0 0 0 0 0 0 0 0 0 0 0 0 0 0 0 0 0 0 0 0 0 0 0 0 0 0 0 0 0 0 0 0 0 0
17 0 1000 0 0 1000 0 1000 0 0 0 0 0 0 3989 1 3989 1 0 0 0 0 0 0 0 0 0 0 3989 1 3989 1 0 0 0 0 0 0 0 0 0 0 3989 1 3989 1 0 0 0 0 0 0 0 0 0 0 3989 1 3989 1 0 0 0 0 0 0 0 0 0 0 3989 1 3989 1 0 0 0 0 0 0 0 0 0 0 3989 1 3989 1 0 0 0 0
18 0 1000 0 0 1000 0 1000 1 4 1 4 0 0 28305 104 0 0 289 1 28016 103 1 4 1 4 0 0 28305 104 0 0 289 1 28016 103 1 4 1 4 0 0 28305 104 0 0 289 1 28016 103 1 4 1 4 0 0 28305 104 0 0 289 1 28016 103 1 4 1 4 0 0 28305 104 0 0 289 1 28016 103 1 4 1 4 0 0 28305 104 0 0 289 1 28016 103
19 0 1000 0 0 1000 0 1000 1 4 1 4 0 0 0 0 0 0 0 0 0 0 1 4 1 4 0 0 0 0 0 0 0 0 0 0 1 4 1 4 0 0 0 0 0 0 0 0 0 0 1 4 1 4 0 0 0 0 0 0 0 0 0 0 1 4 1 4 0 0 0 0 0 0 0 0 0 0 1 4 1 4 0 0 0 0 0 0 0 0 0 0
20 0 1000 0 0 1000 0 1000 1 4 1 4 0 0 0 0 0 0 0 0 0 0 1 4 1 4 0 0 0 0 0 0 0 0 0 0 1 4 1 4 0 0 0 0 0 0 0 0 0 0 1 4 1 4 0 0 0 0 0 0 0 0 0 0 1 4 1 4 0 0 0 0 0 0 0 0 0 0 1 4 1 4 0 0 0 0 0 0 0 0 0 0
21 0 1000 0 0 1000 0 1000 1 4 1 4 0 0 0 0 0 0 0 0 0 0 1 4 1 4 0 0 0 0 0 0 0 0 0 0 1 4 1 4 0 0 0 0 0 0 0 0 0 0 1 4 1 4 0 0 0 0 0 0 0 0 0 0 1 4 1 4 0 0 0 0 0 0 0 0 0 0 1 4 1 4 0 0 0 0 0 0 0 0 0 0
22 0 1000 0 0 1000 0 1000 1 4 1 4 0 0 31552 116 0 0 0 0 31552 116 1 4 1 4 0 0 31552 116 0 0 0 0 31552 116 1 4 1 4 0 0 31552 116 0 0 0 0 31552 116 1 4 1 4 0 0 31552 116 0 0 0 0 31552 116 1 4 1 4 0 0 31552 116 0 0 0 0 31552 116 1 4 1 4 0 0 31552 116 0 0 0 0 31552 116
23 0 1000 0 0 1000 0 1000 1 4 1 4 0 0 0 0 0 0 0 0 0 0 1 4 1 4 0 0 0 0 0 0 0 0 0 0 1 4 1 4 0 0 0 0 0 0 0 0 0 0 1 4 1 4 0 0 0 0 0 0 0 0 0 0 1 4 1 4 0 0 0 0 0 0 0 0 0 0 1 4 1 4 0 0 0 0 0 0 0 0 0 0
24 0 1000 0 0 1000 0 1000 1 4 1 4 0 0 0 0 0 0 0 0 0 0 1 4 1 4 0 0 0 0 0 0 0 0 0 0 1 4 1 4 0 0 0 0 0 0 0 0 0 0 1 4 1 4 0 0 0 0 0 0 0 0 0 0 1 4 1 4 0 0 0 0 0 0 0 0 0 0 1 4 1 4 0 0 0 0 0 0 0 0 0 0
25 0 1000 0 0 1000 0 1000 1 4 1 4 0 0 0 0 0 0 0 0 0 0 1 4 1 4 0 0 0 0 0 0 0 0 0 0 1 4 1 4 0 0 0 0 0 0 0 0 0 0 1 4 1 4 0 0 0 0 0 0 0 0 0 0 1 4 1 4 0 0 0 0 0 0 0 0 0 0 1 4 1 4 0 0 0 0 0 0 0 0 0 0
26 0 1000 0 0 1000 0 1000 1 4 1 4 0 0 29648 109 0 0 0 0 29648 109 1 4 1 4 0 0 29648 109 0 0 0 0 29648 109 1 4 1 4 0 0 29648 109 0 0 0 0 29648 109 1 4 1 4 0 0 29648 109 0 0 0 0 29648 109 1 4 1 4 0 0 29648 109 0 0 0 0 29648 109 1 4 1 4 0 0 29648 109 0 0 0 0 29648 109
27 0 1000 0 0 1000 0 1000 1 4 1 4 0 0 0 0 0 0 0 0 0 0 1 4 1 4 0 0 0 0 0 0 0 0 0 0 1 4 1 4 0 0 0 0 0 0 0 0 0 0 1 4 1 4 0 0 0 0 0 0 0 0 0 0 1 4 1 4 0 0 0 0 0 0 0 0 0 0 1 4 1 4 0 0 0 0 0 0 0 0 0 0
28 0 1000 0 0 1000 0 1000 1 4 1 4 0 0 0 0 0 0 0 0 0 0 1 4 1 4 0 0 0 0 0 0 0 0 0 0 1 4 1 4 0 0 0 0 0 0 0 0 0 0 1 4 1 4 0 0 0 0 0 0 0 0 0 0 1 4 1 4 0 0 0 0 0 0 0 0 0 0 1 4 1 4 0 0 0 0 0 0 0 0 0 0
29 0 1000 0 0 1000 0 1000 1 4 1 4 0 0 0 0 0 0 0 0 0 0 1 4 1 4 0 0 0 0 0 0 0 0 0 0 1 4 1 4 0 0 0 0 0 0 0 0 0 0 1 4 1 4 0 0 0 0 0 0 0 0 0 0 1 4 1 4 0 0 0 0 0 0 0 0 0 0 1 4 1 4 0 0 0 0 0 0 0 0 0 0
30 0 1000 0 0 1000 0 1000 1 4 1 4 0 0 26384 97 0 0 0 0 26384 97 1 4 1 4 0 0 26384 97 0 0 0 0 26384 97 1 4 1 4 0 0 26384 97 0 0 0 0 26384 97 1 4 1 4 0 0 26384 97 0 0 0 0 26384 97 1 4 1 4 0 0 26384 97 0 0 0 0 26384 97 1 4 1 4 0 0 26384 97 0 0 0 0 26384 97
31 0 1000 0 0 1000 0 1000 1 4 1 4 0 0 0 0 0 0 0 0 0 0 1 4 1 4 0 0 0 0 0 0 0 0 0 0 1 4 1 4 0 0 0 0 0 0 0 0 0 0 1 4 1 4 0 0 0 0 0 0 0 0 0 0 1 4 1 4 0 0 0 0 0 0 0 0 0 0 1 4 1 4 0 0 0 0 0 0 0 0 0 0
32 0 1000 0 0 1000 0 1000 1 4 1 4 0 0 0 0 0 0 0 0 0 0 1 4 1 4 0 0 0 0 0 0 0 0 0 0 1 4 1 4 0 0 0 0 0 0 0 0 0 0 1 4 1 4 0 0 0 0 0 0 0 0 0 0 1 4 1 4 0 0 0 0 0 0 0 0 0 0 1 4 1 4 0 0 0 0 0 0 0 0 0 0
33 0 1000 0 0 1000 0 1000 1 4 1 4 0 0 3542 1 3542 1 0 0 0 0 1 4 1 4 0 0 3542 1 3542 1 0 0 0 0 1 4 1 4 0 0 3542 1 3542 1 0 0 0 0 1 4 1 4 0 0 3542 1 3542 1 0 0 0 0 1 4 1 4 0 0 3542 1 3542 1 0 0 0 0 1 4 1 4 0 0 3542 1 3542 1 0 0 0 0
34 0 1000 0 0 1000 0 1000 2 8 2 8 0 0 27762 102 0 0 290 1 27472 101 2 8 2 8 0 0 27762 102 0 0 290 1 27472 101 2 8 2 8 0 0 27762 102 0 0 290 1 27472 101 2 8 2 8 0 0 27762 102 0 0 290 1 27472 101 2 8 2 8 0 0 27762 102 0 0 290 1 27472 101 2 8 2 8 0 0 27762 102 0 0 290 1 27472 101
35 0 1000 0 0 1000 0 1000 2 8 2 8 0 0 0 0 0 0 0 0 0 0 2 8 2 8 0 0 0 0 0 0 0 0 0 0 2 8 2 8 0 0 0 0 0 0 0 0 0 0 2 8 2 8 0 0 0 0 0 0 0 0 0 0 2 8 2 8 0 0 0 0 0 0 0 0 0 0 2 8 2 8 0 0 0 0 0 0 0 0 0 0
36 0 1000 0 0 1000 0 1000 2 8 2 8 0 0 0 0 0 0 0 0 0 0 2 8 2 8 0 0 0 0 0 0 0 0 0 0 2 8 2 8 0 0 0 0 0 0 0 0 0 0 2 8 2 8 0 0 0 0 0 0 0 0 0 0 2 8 2 8 0 0 0 0 0 0 0 0 0 0 2 8 2 8 0 0 0 0 0 0 0 0 0 0
37 0 1000 0 0 1000 0 1000 2 8 2 8 0 0 3670 1 3670 1 0 0 0 0 2 8 2 8 0 0 3670 1 3670 1 0 0 0 0 2 8 2 8 0 0 3670 1 3670 1 0 0 0 0 2 8 2 8 0 0 3670 1 3670 1 0 0 0 0 2 8 2 8 0 0 3670 1 3670 1 0 0 0 0 2 8 2 8 0 0 3670 1 3670 1 0 0 0 0
38 0 1000 0 0 1000 0 1000 3 9 3 9 0 0 29122 107 0 0 290 1 28832 106 3 9 3 9 0 0 29122 107 0 0 290 1 28832 106 3 9 3 9 0 0 29122 107 0 0 290 1 28832 106 3 9 3 9 0 0 29122 107 0 0 290 1 28832 106 3 9 3 9 0 0 29122 107 0 0 290 1 28832 106 3 9 3 9 0 0 29122 107 0 0 290 1 28832 106
39 0 1000 0 0 1000 0 1000 3 9 3 9 0 0 0 0 0 0 0 0 0 0 3 9 3 9 0 0 0 0 0 0 0 0 0 0 3 9 3 9 0 0 0 0 0 0 0 0 0 0 3 9 3 9 0 0 0 0 0 0 0 0 0 0 3 9 3 9 0 0 0 0 0 0 0 0 0 0 3 9 3 9 0 0 0 0 0 0 0 0 0 0
40 0 1000 0 0 1000 0 1000 3 9 3 9 0 0 0 0 0 0 0 0 0 0 3 9 3 9 0 0 0 0 0 0 0 0 0 0 3 9 3 9 0 0 0 0 0 0 0 0 0 0 3 9 3 9 0 0 0 0 0 0 0 0 0 0 3 9 3 9 0 0 0 0 0 0 0 0 0 0 3 9 3 9 0 0 0 0 0 0 0 0 0 0
41 0 1000 0 0 1000 0 1000 3 9 3 9 0 0 0 0 0 0 0 0 0 0 3 9 3 9 0 0 0 0 0 0 0 0 0 0 3 9 3 9 0 0 0 0 0 0 0 0 0 0 3 9 3 9 0 0 0 0 0 0 0 0 0 0 3 9 3 9 0 0 0 0 0 0 0 0 0 0 3 9 3 9 0 0 0 0 0 0 0 0 0 0
42 0 1000 0 0 1000 0 1000 3 9 3 9 0 0 33184 122 0 0 0 0 33184 122 3 9 3 9 0 0 33184 122 0 0 0 0 33184 122 3 9 3 9 0 0 33184 122 0 0 0 0 33184 122 3 9 3 9 0 0 33184 122 0 0 0 0 33184 122 3 9 3 9 0 0 33184 122 0 0 0 0 33184 122 3 9 3 9 0 0 33184 122 0 0 0 0 33184 122
43 0 1000 0 0 1000 0 1000 3 9 3 9 0 0 0 0 0 0 0 0 0 0 3 9 3 9 0 0 0 0 0 0 0 0 0 0 3 9 3 9 0 0 0 0 0 0 0 0 0 0 3 9 3 9 0 0 0 0 0 0 0 0 0 0 3 9 3 9 0 0 0 0 0 0 0 0 0 0 3 9 3 9 0 0 0 0 0 0 0 0 0 0
44 0 1000 0 0 1000 0 1000 3 9 3 9 0 0 0 0 0 0 0 0 0 0 3 9 3 9 0 0 0 0 0 0 0 0 0 0 3 9 3 9 0 0 0 0 0 0 0 0 0 0 3 9 3 9 0 0 0 0 0 0 0 0 0 0 3 9 3 9 0 0 0 0 0 0 0 0 0 0 3 9 3 9 0 0 0 0 0 0 0 0 0 0
45 0 1000 0 0 1000 0 1000 3 9 3 9 0 0 4343 1 4343 1 0 0 0 0 3 9 3 9 0 0 4343 1 4343 1 0 0 0 0 3 9 3 9 0 0 4343 1 4343 1 0 0 0 0 3 9 3 9 0 0 4343 1 4343 1 0 0 0 0 3 9 3 9 0 0 4343 1 4343 1 0 0 0 0 3 9 3 9 0 0 4343 1 4343 1 0 0 0 0
46 0 1000 0 0 1000 0 1000 4 11 4 11 0 0 27219 100 0 0 291 1 26928 99 4 11 4 11 0 0 27219 100 0 0 291 1 26928 99 4 11 4 11 0 0 27219 100 0 0 291 1 26928 99 4 11 4 11 0 0 27219 100 0 0 291 1 26928 99 4 11 4 11 0 0 27219 100 0 0 291 1 26928 99 4 11 4 11 0 0 27219 100 0 0 291 1 26928 99
47 0 1000 0 0 1000 0 1000 4 11 4 11 0 0 0 0 0 0 0 0 0 0 4 11 4 11 0 0 0 0 0 0 0 0 0 0 4 11 4 11 0 0 0 0 0 0 0 0 0 0 4 11 4 11 0 0 0 0 0 0 0 0 0 0 4 11 4 11 0 0 0 0 0 0 0 0 0 0 4 11 4 11 0 0 0 0 0 0 0 0 0 0
48 0 1000 0 0 1000 0 1000 4 11 4 11 0 0 0 0 0 0 0 0 0 0 4 11 4 11 0 0 0 0 0 0 0 0 0 0 4 11 4 11 0 0 0 0 0 0 0 0 0 0 4 11 4 11 0 0 0 0 0 0 0 0 0 0 4 11 4 11 0 0 0 0 0 0 0 0 0 0 4 11 4 11 0 0 0 0 0 0 0 0 0 0
49 0 1000 0 0 1000 0 1000 4 11 4 11 0 0 7214 2 7214 2 0 0 0 0 4 11 4 11 0 0 7214 2 7214 2 0 0 0 0 4 11 4 11 0 0 7214 2 7214 2 0 0 0 0 4 11 4 11 0 0 7214 2 7214 2 0 0 0 0 4 11 4 11 0 0 7214 2 7214 2 0 0 0 0 4 11 4 11 0 0 7214 2 7214 2 0 0 0 0
50 0 1000 0 0 1000 0 1000 5 12 5 12 0 0 25315 93 0 0 291 1 25024 92 5 12 5 12 0 0 25315 93 0 0 291 1 25024 92 5 12 5 12 0 0 25315 93 0 0 291 1 25024 92 5 12 5 12 0 0 25315 93 0 0 291 1 25024 92 5 12 5 12 0 0 25315 93 0 0 291 1 25024 92 5 12 5 12 0 0 25315 93 0 0 291 1 25024 92
51 0 1000 0 0 1000 0 1000 5 12 5 12 0 0 0 0 0 0 0 0 0 0 5 12 5 12 0 0 0 0 0 0 0 0 0 0 5 12 5 12 0 0 0 0 0 0 0 0 0 0 5 12 5 12 0 0 0 0 0 0 0 0 0 0 5 12 5 12 0 0 0 0 0 0 0 0 0 0 5 12 5 12 0 0 0 0 0 0 0 0 0 0
52 0 1000 0 0 1000 0 1000 5 12 5 12 0 0 0 0 0 0 0 0 0 0 5 12 5 12 0 0 0 0 0 0 0 0 0 0 5 12 5 12 0 0 0 0 0 0 0 0 0 0 5 12 5 12 0 0 0 0 0 0 0 0 0 0 5 12 5 12 0 0 0 0 0 0 0 0 0 0 5 12 5 12 0 0 0 0 0 0 0 0 0 0
53 0 1000 0 0 1000 0 1000 5 12 5 12 0 0 3383 1 3383 1 0 0 0 0 5 12 5 12 0 0 3383 1 3383 1 0 0 0 0 5 12 5 12 0 0 3383 1 3383 1 0 0 0 0 5 12 5 12 0 0 3383 1 3383 1 0 0 0 0 5 12 5 12 0 0 3383 1 3383 1 0 0 0 0 5 12 5 12 0 0 3383 1 3383 1 0 0 0 0
54 0 1000 0 0 1000 0 1000 6 13 6 13 0 0 25859 95 0 0 291 1 25568 94 6 13 6 13 0 0 25859 95 0 0 291 1 25568 94 6 13 6 13 0 0 25859 95 0 0 291 1 25568 94 6 13 6 13 0 0 25859 95 0 0 291 1 25568 94 6 13 6 13 0 0 25859 95 0 0 291 1 25568 94 6 13 6 13 0 0 25859 95 0 0 291 1 25568 94
55 0 1000 0 0 1000 0 1000 6 13 6 13 0 0 0 0 0 0 0 0 0 0 6 13 6 13 0 0 0 0 0 0 0 0 0 0 6 13 6 13 0 0 0 0 0 0 0 0 0 0 6 13 6 13 0 0 0 0 0 0 0 0 0 0 6 13 6 13 0 0 0 0 0 0 0 0 0 0 6 13 6 13 0 0 0 0 0 0 0 0 0 0
56 0 1000 0 0 1000 0 1000 6 13 6 13 0 0 0 0 0 0 0 0 0 0 6 13 6 13 0 0 0 0 0 0 0 0 0 0 6 13 6 13 0 0 0 0 0 0 0 0 0 0 6 13 6 13 0 0 0 0 0 0 0 0 0 0 6 13 6 13 0 0 0 0 0 0 0 0 0 0 6 13 6 13 0 0 0 0 0 0 0 0 0 0
57 0 1000 0 0 1000 0 1000 6 13 6 13 0 0 0 0 0 0 0 0 0 0 6 13 6 13 0 0 0 0 0 0 0 0 0 0 6 13 6 13 0 0 0 0 0 0 0 0 0 0 6 13 6 13 0 0 0 0 0 0 0 0 0 0 6 13 6 13 0 0 0 0 0 0 0 0 0 0 6 13 6 13 0 0 0 0 0 0 0 0 0 0
58 0 1000 0 0 1000 0 1000 6 13 6 13 0 0 28016 103 0 0 0 0 28016 103 6 13 6 13 0 0 28016 103 0 0 0 0 28016 103 6 13 6 13 0 0 28016 103 0 0 0 0 28016 103 6 13 6 13 0 0 28016 103 0 0 0 0 28016 103 6 13 6 13 0 0 28016 103 0 0 0 0 28016 103 6 13 6 13 0 0 28016 103 0 0 0 0 28016 103
59 0 1000 0 0 1000 0 1000 6 13 6 13 1 4 0 0 0 0 0 0 0 0 6 13 6 13 1 4 0 0 0 0 0 0 0 0 6 13 6 13 1 4 0 0 0 0 0 0 0 0 6 13 6 13 1 4 0 0 0 0 0 0 0 0 6 13 6 13 1 4 0 0 0 0 0 0 0 0 6 13 6 13 1 4 0 0 0 0 0 0 0 0
60 0 1000 0 0 1000 0 1000 6 13 6 13 1 4 0 0 0 0 0 0 0 0 6 13 6 13 1 4 0 0 0 0 0 0 0 0 6 13 6 13 1 4 0 0 0 0 0 0 0 0 6 13 6 13 1 4 0 0 0 0 0 0 0 0 6 13 6 13 1 4 0 0 0 0 0 0 0 0 6 13 6 13 1 4 0 0 0 0 0 0 0 0
61 0 1000 0 0 1000 0 1000 6 13 6 13 1 4 0 0 0 0 0 0 0 0 6 13 6 13 1 4 0 0 0 0 0 0 0 0 6 13 6 13 1 4 0 0 0 0 0 0 0 0 6 13 6 13 1 4 0 0 0 0 0 0 0 0 6 13 6 13 1 4 0 0 0 0 0 0 0 0 6 13 6 13 1 4 0 0 0 0 0 0 0 0
62 0 1000 0 0 1000 0 1000 6 13 6 13 1 4 30736 113 0 0 0 0 30736 113 6 13 6 13 1 4 30736 113 0 0 0 0 30736 113 6 13 6 13 1 4 30736 113 0 0 0 0 30736 113 6 13 6 13 1 4 30736 113 0 0 0 0 30736 113 6 13 6 13 1 4 30736 113 0 0 0 0 30736 113 6 13 6 13 1 4 30736 113 0 0 0 0 30736 113
63 0 1000 0 0 1000 0 1000 6 13 6 13 1 4 0 0 0 0 0 0 0 0 6 13 6 13 1 4 0 0 0 0 0 0 0 0 6 13 6 13 1 4 0 0 0 0 0 0 0 0 6 13 6 13 1 4 0 0 0 0 0 0 0 0 6 13 6 13 1 4 0 0 0 0 0 0 0 0 6 13 6 13 1 4 0 0 0 0 0 0 0 0
64 0 1000 0 0 1000 0 1000 6 13 6 13 1 4 0 0 0 0 0 0 0 0 6 13 6 13 1 4 0 0 0 0 0 0 0 0 6 13 6 13 1 4 0 0 0 0 0 0 0 0 6 13 6 13 1 4 0 0 0 0 0 0 0 0 6 13 6 13 1 4 0 0 0 0 0 0 0 0 6 13 6 13 1 4 0 0 0 0 0 0 0 0
65 900 100 900 0 100 0 1000 6 13 6 13 1 4 4055 1 4055 1 0 0 0 0 6 13 6 13 1 4 4055 1 4055 1 0 0 0 0 6 13 6 13 1 4 4055 1 4055 1 0 0 0 0 6 13 6 13 1 4 4055 1 4055 1 0 0 0 0 6 13 6 13 1 4 4055 1 4055 1 0 0 0 0 6 13 6 13 1 4 4055 1 4055 1 0 0 0 0
66 900 100 900 0 100 0 1000 6 13 6 13 1 4 3011 11 0 0 291 1 2720 10 6 13 6 13 1 4 3011 11 0 0 291 1 2720 10 6 13 6 13 1 4 3011 11 0 0 291 1 2720 10 6 13 6 13 1 4 3011 11 0 0 291 1 2720 10 6 13 6 13 1 4 3011 11 0 0 291 1 2720 10 6 13 6 13 1 4 3011 11 0 0 291 1 2720 10
67 900 100 900 0 100 0 1000 6 13 6 13 1 4 0 0 0 0 0 0 0 0 6 13 6 13 1 4 0 0 0 0 0 0 0 0 6 13 6 13 1 4 0 0 0 0 0 0 0 0 6 13 6 13 1 4 0 0 0 0 0 0 0 0 6 13 6 13 1 4 0 0 0 0 0 0 0 0 6 13 6 13 1 4 0 0 0 0 0 0 0 0
68 900 100 900 0 100 0 1000 6 13 6 13 1 4 0 0 0 0 0 0 0 0 6 13 6 13 1 4 0 0 0 0 0 0 0 0 6 13 6 13 1 4 0 0 0 0 0 0 0 0 6 13 6 13 1 4 0 0 0 0 0 0 0 0 6 13 6 13 1 4 0 0 0 0 0 0 0 0 6 13 6 13 1 4 0 0 0 0 0 0 0 0
69 900 100 900 0 100 0 1000 6 13 6 13 1 4 0 0 0 0 0 0 0 0 6 13 6 13 1 4 0 0 0 0 0 0 0 0 6 13 6 13 1 4 0 0 0 0 0 0 0 0 6 13 6 13 1 4 0 0 0 0 0 0 0 0 6 13 6 13 1 4 0 0 0 0 0 0 0 0 6 13 6 13 1 4 0 0 0 0 0 0 0 0
70 900 100 900 0 100 0 1000 6 13 6 13 1 4 3808 14 0 0 0 0 3808 14 6 13 6 13 1 4 3808 14 0 0 0 0 3808 14 6 13 6 13 1 4 3808 14 0 0 0 0 3808 14 6 13 6 13 1 4 3808 14 0 0 0 0 3808 14 6 13 6 13 1 4 3808 14 0 0 0 0 3808 14 6 13 6 13 1 4 3808 14 0 0 0 0 3808 14
71 900 100 900 0 100 0 1000 6 13 6 13 1 4 0 0 0 0 0 0 0 0 6 13 6 13 1 4 0 0 0 0 0 0 0 0 6 13 6 13 1 4 0 0 0 0 0 0 0 0 6 13 6 13 1 4 0 0 0 0 0 0 0 0 6 13 6 13 1 4 0 0 0 0 0 0 0 0 6 13 6 13 1 4 0 0 0 0 0 0 0 0
72 900 100 900 0 100 0 1000 6 13 6 13 1 4 0 0 0 0 0 0 0 0 6 13 6 13 1 4 0 0 0 0 0 0 0 0 6 13 6 13 1 4 0 0 0 0 0 0 0 0 6 13 6 13 1 4 0 0 0 0 0 0 0 0 6 13 6 13 1 4 0 0 0 0 0 0 0 0 6 13 6 13 1 4 0 0 0 0 0 0 0 0
73 900 100 900 0 100 0 1000 6 13 6 13 1 4 0 0 0 0 0 0 0 0 6 13 6 13 1 4 0 0 0 0 0 0 0 0 6 13 6 13 1 4 0 0 0 0 0 0 0 0 6 13 6 13 1 4 0 0 0 0 0 0 0 0 6 13 6 13 1 4 0 0 0 0 0 0 0 0 6 13 6 13 1 4 0 0 0 0 0 0 0 0
74 900 100 900 0 100 0 1000 6 13 6 13 1 4 4352 16 0 0 0 0 4352 16 6 13 6 13 1 4 4352 16 0 0 0 0 4352 16 6 13 6 13 1 4 4352 16 0 0 0 0 4352 16 6 13 6 13 1 4 4352 16 0 0 0 0 4352 16 6 13 6 13 1 4 4352 16 0 0 0 0 4352 16 6 13 6 13 1 4 4352 16 0 0 0 0 4352 16
75 900 100 900 0 100 0 1000 6 13 6 13 1 4 0 0 0 0 0 0 0 0 6 13 6 13 1 4 0 0 0 0 0 0 0 0 6 13 6 13 1 4 0 0 0 0 0 0 0 0 6 13 6 13 1 4 0 0 0 0 0 0 0 0 6 13 6 13 1 4 0 0 0 0 0 0 0 0 6 13 6 13 2 8 0 0 0 0 0 0 0 0
76 900 100 900 0 100 0 1000 6 13 6 13 1 4 0 0 0 0 0 0 0 0 6 13 6 13 1 4 0 0 0 0 0 0 0 0 6 13 6 13 1 4 0 0 0 0 0 0 0 0 6 13 6 13 1 4 0 0 0 0 0 0 0 0 6 13 6 13 1 4 0 0 0 0 0 0 0 0 6 13 6 13 2 8 0 0 0 0 0 0 0 0
77 900 100 900 0 100 0 1000 6 13 6 13 1 4 0 0 0 0 0 0 0 0 6 13 6 13 1 4 0 0 0 0 0 0 0 0 6 13 6 13 1 4 0 0 0 0 0 0 0 0 6 13 6 13 1 4 0 0 0 0 0 0 0 0 6 13 6 13 1 4 0 0 0 0 0 0 0 0 6 13 6 13 2 8 0 0 0 0 0 0 0 0
78 900 100 900 0 100 0 1000 6 13 6 13 1 4 3264 12 0 0 0 0 3264 12 6 13 6 13 1 4 3264 12 0 0 0 0 3264 12 6 13 6 13 1 4 3264 12 0 0 0 0 3264 12 6 13 6 13 1 4 3264 12 0 0 0 0 3264 12 6 13 6 13 1 4 3264 12 0 0 0 0 3264 12 6 13 6 13 2 8 3264 12 0 0 0 0 3264 12
79 900 100 900 0 100 0 1000 6 13 6 13 1 4 0 0 0 0 0 0 0 0 6 13 6 13 1 4 0 0 0 0 0 0 0 0 6 13 6 13 1 4 0 0 0 0 0 0 0 0 6 13 6 13 1 4 0 0 0 0 0 0 0 0 6 13 6 13 1 4 0 0 0 0 0 0 0 0 6 13 6 13 3 9 0 0 0 0 0 0 0 0
80 900 100 900 0 100 0 1000 6 13 6 13 1 4 0 0 0 0 0 0 0 0 6 13 6 13 1 4 0 0 0 0 0 0 0 0 6 13 6 13 1 4 0 0 0 0 0 0 0 0 6 13 6 13 1 4 0 0 0 0 0 0 0 0 6 13 6 13 1 4 0 0 0 0 0 0 0 0 6 13 6 13 3 9 0 0 0 0 0 0 0 0
81 900 100 900 0 100 0 1000 6 13 6 13 1 4 0 0 0 0 0 0 0 0 6 13 6 13 1 4 0 0 0 0 0 0 0 0 6 13 6 13 1 4 0 0 0 0 0 0 0 0 6 13 6 13 1 4 0 0 0 0 0 0 0 0 6 13 6 13 1 4 0 0 0 0 0 0 0 0 6 13 6 13 3 9 0 0 0 0 0 0 0 0
82 900 100 900 0 100 0 1000 6 13 6 13 1 4 2992 11 0 0 0 0 2992 11 6 13 6 13 1 4 2992 11 0 0 0 0 2992 11 6 13 6 13 1 4 2992 11 0 0 0 0 2992 11 6 13 6 13 1 4 2992 11 0 0 0 0 2992 11 6 13 6 13 1 4 2992 11 0 0 0 0 2992 11 6 13 6 13 3 9 2992 11 0 0 0 0 2992 11
83 900 100 900 0 100 0 1000 6 13 6 13 1 4 0 0 0 0 0 0 0 0 6 13 6 13 1 4 0 0 0 0 0 0 0 0 6 13 6 13 1 4 0 0 0 0 0 0 0 0 6 13 6 13 1 4 0 0 0 0 0 0 0 0 6 13 6 13 1 4 0 0 0 0 0 0 0 0 6 13 6 13 3 9 0 0 0 0 0 0 0 0
84 900 100 900 0 100 0 1000 6 13 6 13 1 4 0 0 0 0 0 0 0 0 6 13 6 13 1 4 0 0 0 0 0 0 0 0 6 13 6 13 1 4 0 0 0 0 0 0 0 0 6 13 6 13 1 4 0 0 0 0 0 0 0 0 6 13 6 13 1 4 0 0 0 0 0 0 0 0 6 13 6 13 3 9 0 0 0 0 0 0 0 0
85 900 100 900 0 100 0 1000 6 13 6 13 1 4 0 0 0 0 0 0 0 0 6 13 6 13 1 4 0 0 0 0 0 0 0 0 6 13 6 13 1 4 0 0 0 0 0 0 0 0 6 13 6 13 1 4 0 0 0 0 0 0 0 0 6 13 6 13 1 4 0 0 0 0 0 0 0 0 6 13 6 13 3 9 0 0 0 0 0 0 0 0
86 900 100 900 0 100 0 1000 6 13 6 13 1 4 3808 14 0 0 0 0 3808 14 6 13 6 13 1 4 3808 14 0 0 0 0 3808 14 6 13 6 13 1 4 3808 14 0 0 0 0 3808 14 6 13 6 13 1 4 3808 14 0 0 0 0 3808 14 6 13 6 13 1 4 3808 14 0 0 0 0 3808 14 6 13 6 13 3 9 3808 14 0 0 0 0 3808 14
87 900 100 900 0 100 0 1000 6 13 6 13 1 4 0 0 0 0 0 0 0 0 6 13 6 13 1 4 0 0 0 0 0 0 0 0 6 13 6 13 1 4 0 0 0 0 0 0 0 0 6 13 6 13 1 4 0 0 0 0 0 0 0 0 6 13 6 13 1 4 0 0 0 0 0 0 0 0 6 13 6 13 4 11 0 0 0 0 0 0 0 0
88 900 100 900 0 100 0 1000 6 13 6 13 1 4 0 0 0 0 0 0 0 0 6 13 6 13 1 4 0 0 0 0 0 0 0 0 6 13 6 13 1 4 0 0 0 0 0 0 0 0 6 13 6 13 1 4 0 0 0 0 0 0 0 0 6 13 6 13 1 4 0 0 0 0 0 0 0 0 6 13 6 13 4 11 0 0 0 0 0 0 0 0
89 900 100 900 0 100 0 1000 6 13 6 13 1 4 0 0 0 0 0 0 0 0 6 13 6 13 1 4 0 0 0 0 0 0 0 0 6 13 6 13 1 4 0 0 0 0 0 0 0 0 6 13 6 13 1 4 0 0 0 0 0 0 0 0 6 13 6 13 1 4 0 0 0 0 0 0 0 0 6 13 6 13 4 11 0 0 0 0 0 0 0 0
90 900 100 900 0 100 0 1000 6 13 6 13 1 4 1904 7 0 0 0 0 1904 7 6 13 6 13 1 4 1904 7 0 0 0 0 1904 7 6 13 6 13 1 4 1904 7 0 0 0 0 1904 7 6 13 6 13 1 4 1904 7 0 0 0 0 1904 7 6 13 6 13 1 4 1904 7 0 0 0 0 1904 7 6 13 6 13 4 11 1904 7 0 0 0 0 1904 7
91 900 100 900 0 100 0 1000 6 13 6 13 1 4 0 0 0 0 0 0 0 0 6 13 6 13 1 4 0 0 0 0 0 0 0 0 6 13 6 13 1 4 0 0 0 0 0 0 0 0 6 13 6 13 1 4 0 0 0 0 0 0 0 0 6 13 6 13 1 4 0 0 0 0 0 0 0 0 6 13 6 13 5 12 0 0 0 0 0 0 0 0
92 900 100 900 0 100 0 1000 6 13 6 13 1 4 0 0 0 0 0 0 0 0 6 13 6 13 1 4 0 0 0 0 0 0 0 0 6 13 6 13 1 4 0 0 0 0 0 0 0 0 6 13 6 13 1 4 0 0 0 0 0 0 0 0 6 13 6 13 1 4 0 0 0 0 0 0 0 0 6 13 6 13 5 12 0 0 0 0 0 0 0 0
93 900 100 900 0 100 0 1000 6 13 6 13 1 4 0 0 0 0 0 0 0 0 6 13 6 13 1 4 0 0 0 0 0 0 0 0 6 13 6 13 1 4 0 0 0 0 0 0 0 0 6 13 6 13 1 4 0 0 0 0 0 0 0 0 6 13 6 13 1 4 0 0 0 0 0 0 0 0 6 13 6 13 5 12 0 0 0 0 0 0 0 0
94 900 100 900 0 100 0 1000 6 13 6 13 1 4 2176 8 0 0 0 0 2176 8 6 13 6 13 1 4 2176 8 0 0 0 0 2176 8 6 13 6 13 1 4 2176 8 0 0 0 0 2176 8 6 13 6 13 1 4 2176 8 0 0 0 0 2176 8 6 13 6 13 1 4 2176 8 0 0 0 0 2176 8 6 13 6 13 5 12 2176 8 0 0 0 0 2176 8
95 900 100 900 0 100 0 1000 6 13 6 13 1 4 0 0 0 0 0 0 0 0 6 13 6 13 1 4 0 0 0 0 0 0 0 0 6 13 6 13 1 4 0 0 0 0 0 0 0 0 6 13 6 13 1 4 0 0 0 0 0 0 0 0 6 13 6 13 1 4 0 0 0 0 0 0 0 0 6 13 6 13 6 13 0 0 0 0 0 0 0 0
96 900 100 900 0 100 0 1000 6 13 6 13 1 4 0 0 0 0 0 0 0 0 6 13 6 13 1 4 0 0 0 0 0 0 0 0 6 13 6 13 1 4 0 0 0 0 0 0 0 0 6 13 6 13 1 4 0 0 0 0 0 0 0 0 6 13 6 13 1 4 0 0 0 0 0 0 0 0 6 13 6 13 6 13 0 0 0 0 0 0 0 0
97 900 100 900 0 100 0 1000 6 13 6 13 1 4 0 0 0 0 0 0 0 0 6 13 6 13 1 4 0 0 0 0 0 0 0 0 6 13 6 13 1 4 0 0 0 0 0 0 0 0 6 13 6 13 1 4 0 0 0 0 0 0 0 0 6 13 6 13 1 4 0 0 0 0 0 0 0 0 6 13 6 13 6 13 0 0 0 0 0 0 0 0
98 900 100 900 0 100 0 1000 6 13 6 13 1 4 3536 13 0 0 0 0 3536 13 6 13 6 13 1 4 3536 13 0 0 0 0 3536 13 6 13 6 13 1 4 3536 13 0 0 0 0 3536 13 6 13 6 13 1 4 3536 13 0 0 0 0 3536 13 6 13 6 13 1 4 3536 13 0 0 0 0 3536 13 6 13 6 13 6 13 3536 13 0 0 0 0 3536 13
99 900 100 900 0 100 0 1000 6 13 6 13 1 4 0 0 0 0 0 0 0 0 6 13 6 13 1 4 0 0 0 0 0 0 0 0 6 13 6 13 1 4 0 0 0 0 0 0 0 0 6 13 6 13 1 4 0 0 0 0 0 0 0 0 6 13 6 13 1 4 0 0 0 0 0 0 0 0 6 13 6 13 6 13 0 0 0 0 0 0 0 0
100 900 100 900 0 100 0 1000 6 13 6 13 1 4 0 0 0 0 0 0 0 0 6 13 6 13 1 4 0 0 0 0 0 0 0 0 6 13 6 13 1 4 0 0 0 0 0 0 0 0 6 13 6 13 1 4 0 0 0 0 0 0 0 0 6 13 6 13 1 4 0 0 0 0 0 0 0 0 6 13 6 13 6 13 0 0 0 0 0 0 0 0
101 900 100 900 0 100 0 1000 6 13 6 13 1 4 0 0 0 0 0 0 0 0 6 13 6 13 1 4 0 0 0 0 0 0 0 0 6 13 6 13 1 4 0 0 0 0 0 0 0 0 6 13 6 13 1 4 0 0 0 0 0 0 0 0 6 13 6 13 1 4 0 0 0 0 0 0 0 0 6 13 6 13 6 13 0 0 0 0 0 0 0 0
102 900 100 900 0 100 0 1000 6 13 6 13 1 4 1360 5 0 0 0 0 1360 5 6 13 6 13 1 4 1360 5 0 0 0 0 1360 5 6 13 6 13 1 4 1360 5 0 0 0 0 1360 5 6 13 6 13 1 4 1360 5 0 0 0 0 1360 5 6 13 6 13 1 4 1360 5 0 0 0 0 1360 5 6 13 6 13 6 13 1360 5 0 0 0 0 1360 5
103 900 100 900 0 100 0 1000 6 13 6 13 1 4 0 0 0 0 0 0 0 0 6 13 6 13 1 4 0 0 0 0 0 0 0 0 6 13 6 13 1 4 0 0 0 0 0 0 0 0 6 13 6 13 1 4 0 0 0 0 0 0 0 0 6 13 6 13 1 4 0 0 0 0 0 0 0 0 6 13 6 13 6 13 0 0 0 0 0 0 0 0
104 900 100 900 0 100 0 1000 6 13 6 13 1 4 0 0 0 0 0 0 0 0 6 13 6 13 1 4 0 0 0 0 0 0 0 0 6 13 6 13 1 4 0 0 0 0 0 0 0 0 6 13 6 13 1 4 0 0 0 0 0 0 0 0 6 13 6 13 1 4 0 0 0 0 0 0 0 0 6 13 6 13 6 13 0 0 0 0 0 0 0 0
105 900 100 900 0 100 0 1000 6 13 6 13 1 4 0 0 0 0 0 0 0 0 6 13 6 13 1 4 0 0 0 0 0 0 0 0 6 13 6 13 1 4 0 0 0 0 0 0 0 0 6 13 6 13 1 4 0 0 0 0 0 0 0 0 6 13 6 13 1 4 0 0 0 0 0 0 0 0 6 13 6 13 6 13 0 0 0 0 0 0 0 0
106 900 100 900 0 100 0 1000 6 13 6 13 1 4 2992 11 0 0 0 0 2992 11 6 13 6 13 1 4 2992 11 0 0 0 0 2992 11 6 13 6 13 1 4 2992 11 0 0 0 0 2992 11 6 13 6 13 1 4 2992 11 0 0 0 0 2992 11 6 13 6 13 1 4 2992 11 0 0 0 0 2992 11 6 13 6 13 6 13 2992 11 0 0 0 0 2992 11
107 900 100 900 0 100 0 1000 6 13 6 13 1 4 0 0 0 0 0 0 0 0 6 13 6 13 1 4 0 0 0 0 0 0 0 0 6 13 6 13 1 4 0 0 0 0 0 0 0 0 6 13 6 13 1 4 0 0 0 0 0 0 0 0 6 13 6 13 1 4 0 0 0 0 0 0 0 0 7 16 6 13 7 16 0 0 0 0 0 0 0 0
108 900 100 900 0 100 0 1000 6 13 6 13 1 4 0 0 0 0 0 0 0 0 6 13 6 13 1 4 0 0 0 0 0 0 0 0 6 13 6 13 1 4 0 0 0 0 0 0 0 0 6 13 6 13 1 4 0 0 0 0 0 0 0 0 6 13 6 13 1 4 0 0 0 0 0 0 0 0 7 16 6 13 7 16 0 0 0 0 0 0 0 0
109 900 100 900 0 100 0 1000 6 13 6 13 1 4 0 0 0 0 0 0 0 0 6 13 6 13 1 4 0 0 0 0 0 0 0 0 6 13 6 13 1 4 0 0 0 0 0 0 0 0 6 13 6 13 1 4 0 0 0 0 0 0 0 0 6 13 6 13 1 4 0 0 0 0 0 0 0 0 7 16 6 13 7 16 0 0 0 0 0 0 0 0
110 900 100 900 0 100 0 1000 6 13 6 13 1 4 3264 12 0 0 0 0 3264 12 6 13 6 13 1 4 3264 12 0 0 0 0 3264 12 6 13 6 13 1 4 3264 12 0 0 0 0 3264 12 6 13 6 13 1 4 3264 12 0 0 0 0 3264 12 6 13 6 13 1 4 3264 12 0 0 0 0 3264 12 7 16 6 13 7 16 3264 12 0 0 0 0 3264 12
111 900 100 900 0 100 0 1000 6 13 6 13 1 4 0 0 0 0 0 0 0 0 6 13 6 13 1 4 0 0 0 0 0 0 0 0 6 13 6 13 1 4 0 0 0 0 0 0 0 0 6 13 6 13 1 4 0 0 0 0 0 0 0 0 6 13 6 13 1 4 0 0 0 0 0 0 0 0 7 16 6 13 7 16 0 0 0 0 0 0 0 0
112 900 100 900 0 100 0 1000 6 13 6 13 1 4 0 0 0 0 0 0 0 0 6 13 6 13 1 4 0 0 0 0 0 0 0 0 6 13 6 13 1 4 0 0 0 0 0 0 0 0 6 13 6 13 1 4 0 0 0 0 0 0 0 0 6 13 6 13 1 4 0 0 0 0 0 0 0 0 7 16 6 13 7 16 0 0 0 0 0 0 0 0
113 900 100 900 0 100 0 1000 6 13 6 13 1 4 0 0 0 0 0 0 0 0 6 13 6 13 1 4 0 0 0 0 0 0 0 0 6 13 6 13 1 4 0 0 0 0 0 0 0 0 6 13 6 13 1 4 0 0 0 0 0 0 0 0 6 13 6 13 1 4 0 0 0 0 0 0 0 0 7 16 6 13 7 16 0 0 0 0 0 0 0 0
114 900 100 900 0 100 0 1000 6 13 6 13 1 4 3536 13 0 0 0 0 3536 13 6 13 6 13 1 4 3536 13 0 0 0 0 3536 13 6 13 6 13 1 4 3536 13 0 0 0 0 3536 13 6 13 6 13 1 4 3536 13 0 0 0 0 3536 13 6 13 6 13 1 4 3536 13 0 0 0 0 3536 13 7 16 6 13 7 16 3536 13 0 0 0 0 3536 13
115 900 100 900 0 100 0 1000 6 13 6 13 1 4 0 0 0 0 0 0 0 0 6 13 6 13 1 4 0 0 0 0 0 0 0 0 6 13 6 13 1 4 0 0 0 0 0 0 0 0 6 13 6 13 1 4 0 0 0 0 0 0 0 0 6 13 6 13 1 4 0 0 0 0 0 0 0 0 7 16 6 13 7 16 0 0 0 0 0 0 0 0
116 900 100 900 0 100 0 1000 6 13 6 13 1 4 0 0 0 0 0 0 0 0 6 13 6 13 1 4 0 0 0 0 0 0 0 0 6 13 6 13 1 4 0 0 0 0 0 0 0 0 6 13 6 13 1 4 0 0 0 0 0 0 0 0 6 13 6 13 1 4 0 0 0 0 0 0 0 0 7 16 6 13 7 16 0 0 0 0 0 0 0 0
117 900 100 900 0 100 0 1000 6 13 6 13 1 4 0 0 0 0 0 0 0 0 6 13 6 13 1 4 0 0 0 0 0 0 0 0 6 13 6 13 1 4 0 0 0 0 0 0 0 0 6 13 6 13 1 4 0 0 0 0 0 0 0 0 6 13 6 13 1 4 0 0 0 0 0 0 0 0 7 16 6 13 7 16 0 0 0 0 0 0 0 0
118 900 100 900 0 100 0 1000 6 13 6 13 1 4 4080 15 0 0 0 0 4080 15 6 13 6 13 1 4 4080 15 0 0 0 0 4080 15 6 13 6 13 1 4 4080 15 0 0 0 0 4080 15 6 13 6 13 1 4 4080 15 0 0 0 0 4080 15 6 13 6 13 1 4 4080 15 0 0 0 0 4080 15 7 16 6 13 7 16 4080 15 0 0 0 0 4080 15
119 900 100 900 0 100 0 1000 6 13 6 13 1 4 0 0 0 0 0 0 0 0 6 13 6 13 1 4 0 0 0 0 0 0 0 0 6 13 6 13 1 4 0 0 0 0 0 0 0 0 6 13 6 13 1 4 0 0 0 0 0 0 0 0 6 13 6 13 1 4 0 0 0 0 0 0 0 0 7 16 6 13 7 16 0 0 0 0 0 0 0 0
120 900 100 900 0 100 0 1000 6 13 6 13 1 4 0 0 0 0 0 0 0 0 6 13 6 13 1 4 0 0 0 0 0 0 0 0 6 13 6 13 1 4 0 0 0 0 0 0 0 0 6 13 6 13 1 4 0 0 0 0 0 0 0 0 6 13 6 13 1 4 0 0 0 0 0 0 0 0 7 16 6 13 7 16 0 0 0 0 0 0 0 0
121 900 100 900 0 100 0 1000 6 13 6 13 1 4 0 0 0 0 0 0 0 0 6 13 6 13 1 4 0 0 0 0 0 0 0 0 6 13 6 13 1 4 0 0 0 0 0 0 0 0 6 13 6 13 1 4 0 0 0 0 0 0 0 0 6 13 6 13 1 4 0 0 0 0 0 0 0 0 7 16 6 13 7 16 0 0 0 0 0 0 0 0
122 900 100 900 0 100 0 1000 6 13 6 13 1 4 1904 7 0 0 0 0 1904 7 6 13 6 13 1 4 1904 7 0 0 0 0 1904 7 6 13 6 13 1 4 1904 7 0 0 0 0 1904 7 6 13 6 13 1 4 1904 7 0 0 0 0 1904 7 6 13 6 13 1 4 1904 7 0 0 0 0 1904 7 7 16 6 13 7 16 1904 7 0 0 0 0 1904 7
123 900 100 900 0 100 0 1000 6 13 6 13 1 4 0 0 0 0 0 0 0 0 6 13 6 13 1 4 0 0 0 0 0 0 0 0 6 13 6 13 1 4 0 0 0 0 0 0 0 0 6 13 6 13 1 4 0 0 0 0 0 0 0 0 6 13 6 13 1 4 0 0 0 0 0 0 0 0 7 16 6 13 7 16 0 0 0 0 0 0 0 0
124 900 100 900 0 100 0 1000 6 13 6 13 1 4 0 0 0 0 0 0 0 0 6 13 6 13 1 4 0 0 0 0 0 0 0 0 6 13 6 13 1 4 0 0 0 0 0 0 0 0 6 13 6 13 1 4 0 0 0 0 0 0 0 0 6 13 6 13 1 4 0 0 0 0 0 0 0 0 7 16 6 13 7 16 0 0 0 0 0 0 0 0
125 900 100 900 0 100 0 1000 6 13 6 13 1 4 0 0 0 0 0 0 0 0 6 13 6 13 1 4 0 0 0 0 0 0 0 0 6 13 6 13 1 4 0 0 0 0 0 0 0 0 6 13 6 13 1 4 0 0 0 0 0 0 0 0 6 13 6 13 1 4 0 0 0 0 0 0 0 0 7 16 6 13 7 16 0 0 0 0 0 0 0 0
126 0 1000 0 900 100 0 1000 6 13 6 13 1 4 3808 14 0 0 0 0 3808 14 6 13 6 13 1 4 3808 14 0 0 0 0 3808 14 6 13 6 13 1 4 3808 14 0 0 0 0 3808 14 6 13 6 13 1 4 3808 14 0 0 0 0 3808 14 6 13 6 13 1 4 3808 14 0 0 0 0 3808 14 7 16 6 13 7 16 3808 14 0 0 0 0 3808 14
127 0 1000 0 0 1000 0 1000 7 16 6 13 7 16 0 0 0 0 0 0 0 0 7 16 6 13 7 16 0 0 0 0 0 0 0 0 7 16 6 13 7 16 0 0 0 0 0 0 0 0 7 16 6 13 7 16 0 0 0 0 0 0 0 0 7 16 6 13 7 16 0 0 0 0 0 0 0 0 7 16 6 13 7 16 0 0 0 0 0 0 0 0
128 0 1000 0 0 1000 0 1000 7 16 6 13 7 16 0 0 0 0 0 0 0 0 7 16 6 13 7 16 0 0 0 0 0 0 0 0 7 16 6 13 7 16 0 0 0 0 0 0 0 0 7 16 6 13 7 16 0 0 0 0 0 0 0 0 7 16 6 13 7 16 0 0 0 0 0 0 0 0 7 16 6 13 7 16 0 0 0 0 0 0 0 0
129 0 1000 0 0 1000 0 1000 7 16 6 13 7 16 0 0 0 0 0 0 0 0 7 16 6 13 7 16 0 0 0 0 0 0 0 0 7 16 6 13 7 16 0 0 0 0 0 0 0 0 7 16 6 13 7 16 0 0 0 0 0 0 0 0 7 16 6 13 7 16 0 0 0 0 0 0 0 0 7 16 6 13 7 16 0 0 0 0 0 0 0 0
130 0 1000 0 0 1000 0 1000 7 16 7 16 7 16 26384 97 0 0 0 0 26384 97 7 16 7 16 7 16 26384 97 0 0 0 0 26384 97 7 16 7 16 7 16 26384 97 0 0 0 0 26384 97 7 16 7 16 7 16 26384 97 0 0 0 0 26384 97 7 16 7 16 7 16 26384 97 0 0 0 0 26384 97 7 16 7 16 7 16 26384 97 0 0 0 0 26384 97
131 0 1000 0 0 1000 0 1000 7 16 7 16 7 16 0 0 0 0 0 0 0 0 7 16 7 16 7 16 0 0 0 0 0 0 0 0 7 16 7 16 7 16 0 0 0 0 0 0 0 0 7 16 7 16 7 16 0 0 0 0 0 0 0 0 7 16 7 16 7 16 0 0 0 0 0 0 0 0 7 16 7 16 7 16 0 0 0 0 0 0 0 0
132 0 1000 0 0 1000 0 1000 7 16 7 16 7 16 0 0 0 0 0 0 0 0 7 16 7 16 7 16 0 0 0 0 0 0 0 0 7 16 7 16 7 16 0 0 0 0 0 0 0 0 7 16 7 16 7 16 0 0 0 0 0 0 0 0 7 16 7 16 7 16 0 0 0 0 0 0 0 0 7 16 7 16 7 16 0 0 0 0 0 0 0 0
133 0 1000 0 0 1000 0 1000 7 16 7 16 7 16 0 0 0 0 0 0 0 0 7 16 7 16 7 16 0 0 0 0 0 0 0 0 7 16 7 16 7 16 0 0 0 0 0 0 0 0 7 16 7 16 7 16 0 0 0 0 0 0 0 0 7 16 7 16 7 16 0 0 0 0 0 0 0 0 7 16 7 16 7 16 0 0 0 0 0 0 0 0
134 0 1000 0 0 1000 0 1000 7 16 7 16 7 16 27744 102 0 0 0 0 27744 102 7 16 7 16 7 16 27744 102 0 0 0 0 27744 102 7 16 7 16 7 16 27744 102 0 0 0 0 27744 102 7 16 7 16 7 16 27744 102 0 0 0 0 27744 102 7 16 7 16 7 16 27744 102 0 0 0 0 27744 102 7 16 7 16 7 16 27744 102 0 0 0 0 27744 102
135 0 1000 0 0 1000 0 1000 7 16 7 16 7 16 0 0 0 0 0 0 0 0 7 16 7 16 7 16 0 0 0 0 0 0 0 0 7 16 7 16 7 16 0 0 0 0 0 0 0 0 7 16 7 16 7 16 0 0 0 0 0 0 0 0 7 16 7 16 7 16 0 0 0 0 0 0 0 0 7 16 7 16 7 16 0 0 0 0 0 0 0 0
136 0 1000 0 0 1000 0 1000 7 16 7 16 7 16 0 0 0 0 0 0 0 0 7 16 7 16 7 16 0 0 0 0 0 0 0 0 7 16 7 16 7 16 0 0 0 0 0 0 0 0 7 16 7 16 7 16 0 0 0 0 0 0 0 0 7 16 7 16 7 16 0 0 0 0 0 0 0 0 7 16 7 16 7 16 0 0 0 0 0 0 0 0
137 0 1000 0 0 1000 0 1000 7 16 7 16 7 16 0 0 0 0 0 0 0 0 7 16 7 16 7 16 0 0 0 0 0 0 0 0 7 16 7 16 7 16 0 0 0 0 0 0 0 0 7 16 7 16 7 16 0 0 0 0 0 0 0 0 7 16 7 16 7 16 0 0 0 0 0 0 0 0 7 16 7 16 7 16 0 0 0 0 0 0 0 0
138 0 1000 0 0 1000 0 1000 7 16 7 16 7 16 28560 105 0 0 0 0 28560 105 7 16 7 16 7 16 28560 105 0 0 0 0 28560 105 7 16 7 16 7 16 28560 105 0 0 0 0 28560 105 7 16 7 16 7 16 28560 105 0 0 0 0 28560 105 7 16 7 16 7 16 28560 105 0 0 0 0 28560 105 7 16 7 16 7 16 28560 105 0 0 0 0 28560 105
139 0 1000 0 0 1000 0 1000 7 16 7 16 7 16 0 0 0 0 0 0 0 0 7 16 7 16 7 16 0 0 0 0 0 0 0 0 7 16 7 16 7 16 0 0 0 0 0 0 0 0 7 16 7 16 7 16 0 0 0 0 0 0 0 0 7 16 7 16 7 16 0 0 0 0 0 0 0 0 7 16 7 16 7 16 0 0 0 0 0 0 0 0
140 0 1000 0 0 1000 0 1000 7 16 7 16 7 16 0 0 0 0 0 0 0 0 7 16 7 16 7 16 0 0 0 0 0 0 0 0 7 16 7 16 7 16 0 0 0 0 0 0 0 0 7 16 7 16 7 16 0 0 0 0 0 0 0 0 7 16 7 16 7 16 0 0 0 0 0 0 0 0 7 16 7 16 7 16 0 0 0 0 0 0 0 0
141 0 1000 0 0 1000 0 1000 7 16 7 16 7 16 3799 1 3799 1 0 0 0 0 7 16 7 16 7 16 3799 1 3799 1 0 0 0 0 7 16 7 16 7 16 3799 1 3799 1 0 0 0 0 7 16 7 16 7 16 3799 1 3799 1 0 0 0 0 7 16 7 16 7 16 3799 1 3799 1 0 0 0 0 7 16 7 16 7 16 3799 1 3799 1 0 0 0 0
142 0 1000 0 0 1000 0 1000 8 35 8 35 7 16 26947 99 0 0 291 1 26656 98 8 35 8 35 7 16 26947 99 0 0 291 1 26656 98 8 35 8 35 7 16 26947 99 0 0 291 1 26656 98 8 35 8 35 7 16 26947 99 0 0 291 1 26656 98 8 35 8 35 7 16 26947 99 0 0 291 1 26656 98 8 35 8 35 7 16 26947 99 0 0 291 1 26656 98
143 0 1000 0 0 1000 0 1000 8 35 8 35 7 16 0 0 0 0 0 0 0 0 8 35 8 35 7 16 0 0 0 0 0 0 0 0 8 35 8 35 7 16 0 0 0 0 0 0 0 0 8 35 8 35 7 16 0 0 0 0 0 0 0 0 8 35 8 35 7 16 0 0 0 0 0 0 0 0 8 35 8 35 7 16 0 0 0 0 0 0 0 0
144 0 1000 0 0 1000 0 1000 8 35 8 35 7 16 0 0 0 0 0 0 0 0 8 35 8 35 7 16 0 0 0 0 0 0 0 0 8 35 8 35 7 16 0 0 0 0 0 0 0 0 8 35 8 35 7 16 0 0 0 0 0 0 0 0 8 35 8 35 7 16 0 0 0 0 0 0 0 0 8 35 8 35 7 16 0 0 0 0 0 0 0 0
145 0 1000 0 0 1000 0 1000 8 35 8 35 7 16 3574 1 3574 1 0 0 0 0 8 35 8 35 7 16 3574 1 3574 1 0 0 0 0 8 35 8 35 7 16 3574 1 3574 1 0 0 0 0 8 35 8 35 7 16 3574 1 3574 1 0 0 0 0 8 35 8 35 7 16 3574 1 3574 1 0 0 0 0 8 35 8 35 7 16 3574 1 3574 1 0 0 0 0
146 0 1000 0 0 1000 0 1000 9 36 9 36 7 16 27762 102 0 0 290 1 27472 101 9 36 9 36 7 16 27762 102 0 0 290 1 27472 101 9 36 9 36 7 16 27762 102 0 0 290 1 27472 101 9 36 9 36 7 16 27762 102 0 0 290 1 27472 101 9 36 9 36 7 16 27762 102 0 0 290 1 27472 101 9 36 9 36 7 16 27762 102 0 0 290 1 27472 101
147 0 1000 0 0 1000 0 1000 9 36 9 36 7 16 0 0 0 0 0 0 0 0 9 36 9 36 7 16 0 0 0 0 0 0 0 0 9 36 9 36 7 16 0 0 0 0 0 0 0 0 9 36 9 36 7 16 0 0 0 0 0 0 0 0 9 36 9 36 7 16 0 0 0 0 0 0 0 0 9 36 9 36 7 16 0 0 0 0 0 0 0 0
148 0 1000 0 0 1000 0 1000 9 36 9 36 7 16 0 0 0 0 0 0 0 0 9 36 9 36 7 16 0 0 0 0 0 0 0 0 9 36 9 36 7 16 0 0 0 0 0 0 0 0 9 36 9 36 7 16 0 0 0 0 0 0 0 0 9 36 9 36 7 16 0 0 0 0 0 0 0 0 9 36 9 36 7 16 0 0 0 0 0 0 0 0
149 0 1000 0 0 1000 0 1000 9 36 9 36 7 16 0 0 0 0 0 0 0 0 9 36 9 36 7 16 0 0 0 0 0 0 0 0 9 36 9 36 7 16 0 0 0 0 0 0 0 0 9 36 9 36 7 16 0 0 0 0 0 0 0 0 9 36 9 36 7 16 0 0 0 0 0 0 0 0 9 36 9 36 7 16 0 0 0 0 0 0 0 0
150 0 1000 0 0 1000 0 1000 9 36 9 36 7 16 26112 96 0 0 0 0 26112 96 9 36 9 36 7 16 26112 96 0 0 0 0 26112 96 9 36 9 36 7 16 26112 96 0 0 0 0 26112 96 9 36 9 36 7 16 26112 96 0 0 0 0 26112 96 9 36 9 36 7 16 26112 96 0 0 0 0 26112 96 9 36 9 36 7 16 26112 96 0 0 0 0 26112 96
151 0 1000 0 0 1000 0 1000 9 36 9 36 7 16 0 0 0 0 0 0 0 0 9 36 9 36 7 16 0 0 0 0 0 0 0 0 9 36 9 36 7 16 0 0 0 0 0 0 0 0 9 36 9 36 7 16 0 0 0 0 0 0 0 0 9 36 9 36 7 16 0 0 0 0 0 0 0 0 9 36 9 36 7 16 0 0 0 0 0 0 0 0
152 0 1000 0 0 1000 0 1000 9 36 9 36 7 16 0 0 0 0 0 0 0 0 9 36 9 36 7 16 0 0 0 0 0 0 0 0 9 36 9 36 7 16 0 0 0 0 0 0 0 0 9 36 9 36 7 16 0 0 0 0 0 0 0 0 9 36 9 36 7 16 0 0 0 0 0 0 0 0 9 36 9 36 7 16 0 0 0 0 0 0 0 0
153 0 1000 0 0 1000 0 1000 9 36 9 36 7 16 0 0 0 0 0 0 0 0 9 36 9 36 7 16 0 0 0 0 0 0 0 0 9 36 9 36 7 16 0 0 0 0 0 0 0 0 9 36 9 36 7 16 0 0 0 0 0 0 0 0 9 36 9 36 7 16 0 0 0 0 0 0 0 0 9 36 9 36 7 16 0 0 0 0 0 0 0 0
154 0 1000 0 0 1000 0 1000 9 36 9 36 7 16 26656 98 0 0 0 0 26656 98 9 36 9 36 7 16 26656 98 0 0 0 0 26656 98 9 36 9 36 7 16 26656 98 0 0 0 0 26656 98 9 36 9 36 7 16 26656 98 0 0 0 0 26656 98 9 36 9 36 7 16 26656 98 0 0 0 0 26656 98 9 36 9 36 7 16 26656 98 0 0 0 0 26656 98
155 0 1000 0 0 1000 0 1000 9 36 9 36 7 16 0 0 0 0 0 0 0 0 9 36 9 36 7 16 0 0 0 0 0 0 0 0 9 36 9 36 7 16 0 0 0 0 0 0 0 0 9 36 9 36 7 16 0 0 0 0 0 0 0 0 9 36 9 36 7 16 0 0 0 0 0 0 0 0 9 36 9 36 7 16 0 0 0 0 0 0 0 0
156 0 1000 0 0 1000 0 1000 9 36 9 36 7 16 0 0 0 0 0 0 0 0 9 36 9 36 7 16 0 0 0 0 0 0 0 0 9 36 9 36 7 16 0 0 0 0 0 0 0 0 9 36 9 36 7 16 0 0 0 0 0 0 0 0 9 36 9 36 7 16 0 0 0 0 0 0 0 0 9 36 9 36 7 16 0 0 0 0 0 0 0 0
157 0 1000 0 0 1000 0 1000 9 36 9 36 7 16 0 0 0 0 0 0 0 0 9 36 9 36 7 16 0 0 0 0 0 0 0 0 9 36 9 36 7 16 0 0 0 0 0 0 0 0 9 36 9 36 7 16 0 0 0 0 0 0 0 0 9 36 9 36 7 16 0 0 0 0 0 0 0 0 9 36 9 36 7 16 0 0 0 0 0 0 0 0
158 0 1000 0 0 1000 0 1000 9 36 9 36 7 16 25568 94 0 0 0 0 25568 94 9 36 9 36 7 16 25568 94 0 0 0 0 25568 94 9 36 9 36 7 16 25568 94 0 0 0 0 25568 94 9 36 9 36 7 16 25568 94 0 0 0 0 25568 94 9 36 9 36 7 16 25568 94 0 0 0 0 25568 94 9 36 9 36 7 16 25568 94 0 0 0 0 25568 94
159 0 1000 0 0 1000 0 1000 9 36 9 36 7 16 0 0 0 0 0 0 0 0 9 36 9 36 7 16 0 0 0 0 0 0 0 0 9 36 9 36 7 16 0 0 0 0 0 0 0 0 9 36 9 36 7 16 0 0 0 0 0 0 0 0 9 36 9 36 7 16 0 0 0 0 0 0 0 0 9 36 9 36 7 16 0 0 0 0 0 0 0 0
160 0 1000 0 0 1000 0 1000 9 36 9 36 7 16 0 0 0 0 0 0 0 0 9 36 9 36 7 16 0 0 0 0 0 0 0 0 9 36 9 36 7 16 0 0 0 0 0 0 0 0 9 36 9 36 7 16 0 0 0 0 0 0 0 0 9 36 9 36 7 16 0 0 0 0 0 0 0 0 9 36 9 36 7 16 0 0 0 0 0 0 0 0
161 0 1000 0 0 1000 0 1000 9 36 9 36 7 16 3447 1 3447 1 0 0 0 0 9 36 9 36 7 16 3447 1 3447 1 0 0 0 0 9 36 9 36 7 16 3447 1 3447 1 0 0 0 0 9 36 9 36 7 16 3447 1 3447 1 0 0 0 0 9 36 9 36 7 16 3447 1 3447 1 0 0 0 0 9 36 9 36 7 16 3447 1 3447 1 0 0 0 0
162 0 1000 0 0 1000 0 1000 10 40 10 40 7 16 26403 97 0 0 291 1 26112 96 10 40 10 40 7 16 26403 97 0 0 291 1 26112 96 10 40 10 40 7 16 26403 97 0 0 291 1 26112 96 10 40 10 40 7 16 26403 97 0 0 291 1 26112 96 10 40 10 40 7 16 26403 97 0 0 291 1 26112 96 10 40 10 40 7 16 26403 97 0 0 291 1 26112 96
163 0 1000 0 0 1000 0 1000 10 40 10 40 7 16 0 0 0 0 0 0 0 0 10 40 10 40 7 16 0 0 0 0 0 0 0 0 10 40 10 40 7 16 0 0 0 0 0 0 0 0 10 40 10 40 7 16 0 0 0 0 0 0 0 0 10 40 10 40 7 16 0 0 0 0 0 0 0 0 10 40 10 40 7 16 0 0 0 0 0 0 0 0
164 0 1000 0 0 1000 0 1000 10 40 10 40 7 16 0 0 0 0 0 0 0 0 10 40 10 40 7 16 0 0 0 0 0 0 0 0 10 40 10 40 7 16 0 0 0 0 0 0 0 0 10 40 10 40 7 16 0 0 0 0 0 0 0 0 10 40 10 40 7 16 0 0 0 0 0 0 0 0 10 40 10 40 7 16 0 0 0 0 0 0 0 0
165 0 1000 0 0 1000 0 1000 10 40 10 40 7 16 0 0 0 0 0 0 0 0 10 40 10 40 7 16 0 0 0 0 0 0 0 0 10 40 10 40 7 16 0 0 0 0 0 0 0 0 10 40 10 40 7 16 0 0 0 0 0 0 0 0 10 40 10 40 7 16 0 0 0 0 0 0 0 0 10 40 10 40 7 16 0 0 0 0 0 0 0 0
166 0 1000 0 0 1000 0 1000 10 40 10 40 7 16 22576 83 0 0 0 0 22576 83 10 40 10 40 7 16 22576 83 0 0 0 0 22576 83 10 40 10 40 7 16 22576 83 0 0 0 0 22576 83 10 40 10 40 7 16 22576 83 0 0 0 0 22576 83 10 40 10 40 7 16 22576 83 0 0 0 0 22576 83 10 40 10 40 7 16 22576 83 0 0 0 0 22576 83
167 0 1000 0 0 1000 0 1000 10 40 10 40 7 16 0 0 0 0 0 0 0 0 10 40 10 40 7 16 0 0 0 0 0 0 0 0 10 40 10 40 7 16 0 0 0 0 0 0 0 0 10 40 10 40 7 16 0 0 0 0 0 0 0 0 10 40 10 40 7 16 0 0 0 0 0 0 0 0 10 40 10 40 7 16 0 0 0 0 0 0 0 0
168 0 1000 0 0 1000 0 1000 10 40 10 40 7 16 0 0 0 0 0 0 0 0 10 40 10 40 7 16 0 0 0 0 0 0 0 0 10 40 10 40 7 16 0 0 0 0 0 0 0 0 10 40 10 40 7 16 0 0 0 0 0 0 0 0 10 40 10 40 7 16 0 0 0 0 0 0 0 0 10 40 10 40 7 16 0 0 0 0 0 0 0 0
169 0 1000 0 0 1000 0 1000 10 40 10 40 7 16 0 0 0 0 0 0 0 0 10 40 10 40 7 16 0 0 0 0 0 0 0 0 10 40 10 40 7 16 0 0 0 0 0 0 0 0 10 40 10 40 7 16 0 0 0 0 0 0 0 0 10 40 10 40 7 16 0 0 0 0 0 0 0 0 10 40 10 40 7 16 0 0 0 0 0 0 0 0
170 0 1000 0 0 1000 0 1000 10 40 10 40 7 16 30464 112 0 0 0 0 30464 112 10 40 10 40 7 16 30464 112 0 0 0 0 30464 112 10 40 10 40 7 16 30464 112 0 0 0 0 30464 112 10 40 10 40 7 16 30464 112 0 0 0 0 30464 112 10 40 10 40 7 16 30464 112 0 0 0 0 30464 112 10 40 10 40 7 16 30464 112 0 0 0 0 30464 112
171 0 1000 0 0 1000 0 1000 10 40 10 40 7 16 0 0 0 0 0 0 0 0 10 40 10 40 7 16 0 0 0 0 0 0 0 0 10 40 10 40 7 16 0 0 0 0 0 0 0 0 10 40 10 40 7 16 0 0 0 0 0 0 0 0 10 40 10 40 7 16 0 0 0 0 0 0 0 0 10 40 10 40 7 16 0 0 0 0 0 0 0 0
172 0 1000 0 0 1000 0 1000 10 40 10 40 7 16 0 0 0 0 0 0 0 0 10 40 10 40 7 16 0 0 0 0 0 0 0 0 10 40 10 40 7 16 0 0 0 0 0 0 0 0 10 40 10 40 7 16 0 0 0 0 0 0 0 0 10 40 10 40 7 16 0 0 0 0 0 0 0 0 10 40 10 40 7 16 0 0 0 0 0 0 0 0
173 0 1000 0 0 1000 0 1000 10 40 10 40 7 16 8046 2 8046 2 0 0 0 0 10 40 10 40 7 16 8046 2 8046 2 0 0 0 0 10 40 10 40 7 16 8046 2 8046 2 0 0 0 0 10 40 10 40 7 16 8046 2 8046 2 0 0 0 0 10 40 10 40 7 16 8046 2 8046 2 0 0 0 0 10 40 10 40 7 16 8046 2 8046 2 0 0 0 0
174 0 1000 0 0 1000 0 1000 11 43 11 43 7 16 26403 97 0 0 291 1 26112 96 11 43 11 43 7 16 26403 97 0 0 291 1 26112 96 11 43 11 43 7 16 26403 97 0 0 291 1 26112 96 11 43 11 43 7 16 26403 97 0 0 291 1 26112 96 11 43 11 43 7 16 26403 97 0 0 291 1 26112 96 11 43 11 43 7 16 26403 97 0 0 291 1 26112 96
175 0 1000 0 0 1000 0 1000 11 43 11 43 7 16 0 0 0 0 0 0 0 0 11 43 11 43 7 16 0 0 0 0 0 0 0 0 11 43 11 43 7 16 0 0 0 0 0 0 0 0 11 43 11 43 7 16 0 0 0 0 0 0 0 0 11 43 11 43 7 16 0 0 0 0 0 0 0 0 11 43 11 43 7 16 0 0 0 0 0 0 0 0
176 0 1000 0 0 1000 0 1000 11 43 11 43 7 16 0 0 0 0 0 0 0 0 11 43 11 43 7 16 0 0 0 0 0 0 0 0 11 43 11 43 7 16 0 0 0 0 0 0 0 0 11 43 11 43 7 16 0 0 0 0 0 0 0 0 11 43 11 43 7 16 0 0 0 0 0 0 0 0 11 43 11 43 7 16 0 0 0 0 0 0 0 0
177 0 1000 0 0 1000 0 1000 11 43 11 43 7 16 0 0 0 0 0 0 0 0 11 43 11 43 7 16 0 0 0 0 0 0 0 0 11 43 11 43 7 16 0 0 0 0 0 0 0 0 11 43 11 43 7 16 0 0 0 0 0 0 0 0 11 43 11 43 7 16 0 0 0 0 0 0 0 0 11 43 11 43 7 16 0 0 0 0 0 0 0 0
178 0 1000 0 0 1000 0 1000 11 43 11 43 7 16 24208 89 0 0 0 0 24208 89 11 43 11 43 7 16 24208 89 0 0 0 0 24208 89 11 43 11 43 7 16 24208 89 0 0 0 0 24208 89 11 43 11 43 7 16 24208 89 0 0 0 0 24208 89 11 43 11 43 7 16 24208 89 0 0 0 0 24208 89 11 43 11 43 7 16 24208 89 0 0 0 0 24208 89
179 0 1000 0 0 1000 0 1000 11 43 11 43 7 16 0 0 0 0 0 0 0 0 11 43 11 43 7 16 0 0 0 0 0 0 0 0 11 43 11 43 7 16 0 0 0 0 0 0 0 0 11 43 11 43 7 16 0 0 0 0 0 0 0 0 11 43 11 43 7 16 0 0 0 0 0 0 0 0 11 43 11 43 7 16 0 0 0 0 0 0 0 0
180 0 1000 0 0 1000 0 1000 11 43 11 43 7 16 0 0 0 0 0 0 0 0 11 43 11 43 7 16 0 0 0 0 0 0 0 0 11 43 11 43 7 16 0 0 0 0 0 0 0 0 11 43 11 43 7 16 0 0 0 0 0 0 0 0 11 43 11 43 7 16 0 0 0 0 0 0 0 0 11 43 11 43 7 16 0 0 0 0 0 0 0 0
181 0 1000 0 0 1000 0 1000 11 43 11 43 7 16 0 0 0 0 0 0 0 0 11 43 11 43 7 16 0 0 0 0 0 0 0 0 11 43 11 43 7 16 0 0 0 0 0 0 0 0 11 43 11 43 7 16 0 0 0 0 0 0 0 0 11 43 11 43 7 16 0 0 0 0 0 0 0 0 11 43 11 43 7 16 0 0 0 0 0 0 0 0
182 0 1000 0 0 1000 0 1000 11 43 11 43 7 16 26928 99 0 0 0 0 26928 99 11 43 11 43 7 16 26928 99 0 0 0 0 26928 99 11 43 11 43 7 16 26928 99 0 0 0 0 26928 99 11 43 11 43 7 16 26928 99 0 0 0 0 26928 99 11 43 11 43 7 16 26928 99 0 0 0 0 26928 99 11 43 11 43 7 16 26928 99 0 0 0 0 26928 99
183 0 1000 0 0 1000 0 1000 11 43 11 43 8 35 0 0 0 0 0 0 0 0 11 43 11 43 8 35 0 0 0 0 0 0 0 0 11 43 11 43 8 35 0 0 0 0 0 0 0 0 11 43 11 43 8 35 0 0 0 0 0 0 0 0 11 43 11 43 8 35 0 0 0 0 0 0 0 0 11 43 11 43 8 35 0 0 0 0 0 0 0 0
184 0 1000 0 0 1000 0 1000 11 43 11 43 8 35 0 0 0 0 0 0 0 0 11 43 11 43 8 35 0 0 0 0 0 0 0 0 11 43 11 43 8 35 0 0 0 0 0 0 0 0 11 43 11 43 8 35 0 0 0 0 0 0 0 0 11 43 11 43 8 35 0 0 0 0 0 0 0 0 11 43 11 43 8 35 0 0 0 0 0 0 0 0
185 0 1000 0 0 1000 0 1000 11 43 11 43 8 35 0 0 0 0 0 0 0 0 11 43 11 43 8 35 0 0 0 0 0 0 0 0 11 43 11 43 8 35 0 0 0 0 0 0 0 0 11 43 11 43 8 35 0 0 0 0 0 0 0 0 11 43 11 43 8 35 0 0 0 0 0 0 0 0 11 43 11 43 8 35 0 0 0 0 0 0 0 0
186 0 1000 0 0 1000 0 1000 11 43 11 43 8 35 25296 93 0 0 0 0 25296 93 11 43 11 43 8 35 25296 93 0 0 0 0 25296 93 11 43 11 43 8 35 25296 93 0 0 0 0 25296 93 11 43 11 43 8 35 25296 93 0 0 0 0 25296 93 11 43 11 43 8 35 25296 93 0 0 0 0 25296 93 11 43 11 43 8 35 25296 93 0 0 0 0 25296 93
187 900 100 900 0 100 0 1000 11 43 11 43 8 35 0 0 0 0 0 0 0 0 11 43 11 43 8 35 0 0 0 0 0 0 0 0 11 43 11 43 8 35 0 0 0 0 0 0 0 0 11 43 11 43 8 35 0 0 0 0 0 0 0 0 11 43 11 43 8 35 0 0 0 0 0 0 0 0 11 43 11 43 9 36 0 0 0 0 0 0 0 0
188 900 100 900 0 100 0 1000 11 43 11 43 8 35 0 0 0 0 0 0 0 0 11 43 11 43 8 35 0 0 0 0 0 0 0 0 11 43 11 43 8 35 0 0 0 0 0 0 0 0 11 43 11 43 8 35 0 0 0 0 0 0 0 0 11 43 11 43 8 35 0 0 0 0 0 0 0 0 11 43 11 43 9 36 0 0 0 0 0 0 0 0
189 900 100 900 0 100 0 1000 11 43 11 43 8 35 0 0 0 0 0 0 0 0 11 43 11 43 8 35 0 0 0 0 0 0 0 0 11 43 11 43 8 35 0 0 0 0 0 0 0 0 11 43 11 43 8 35 0 0 0 0 0 0 0 0 11 43 11 43 8 35 0 0 0 0 0 0 0 0 11 43 11 43 9 36 0 0 0 0 0 0 0 0
190 900 100 900 0 100 0 1000 11 43 11 43 8 35 2176 8 0 0 0 0 2176 8 11 43 11 43 8 35 2176 8 0 0 0 0 2176 8 11 43 11 43 8 35 2176 8 0 0 0 0 2176 8 11 43 11 43 8 35 2176 8 0 0 0 0 2176 8 11 43 11 43 8 35 2176 8 0 0 0 0 2176 8 11 43 11 43 9 36 2176 8 0 0 0 0 2176 8
191 900 100 900 0 100 0 1000 11 43 11 43 8 35 0 0 0 0 0 0 0 0 11 43 11 43 8 35 0 0 0 0 0 0 0 0 11 43 11 43 8 35 0 0 0 0 0 0 0 0 11 43 11 43 8 35 0 0 0 0 0 0 0 0 11 43 11 43 8 35 0 0 0 0 0 0 0 0 11 43 11 43 9 36 0 0 0 0 0 0 0 0
192 900 100 900 0 100 0 1000 11 43 11 43 8 35 0 0 0 0 0 0 0 0 11 43 11 43 8 35 0 0 0 0 0 0 0 0 11 43 11 43 8 35 0 0 0 0 0 0 0 0 11 43 11 43 8 35 0 0 0 0 0 0 0 0 11 43 11 43 8 35 0 0 0 0 0 0 0 0 11 43 11 43 9 36 0 0 0 0 0 0 0 0
193 900 100 900 0 100 0 1000 11 43 11 43 8 35 0 0 0 0 0 0 0 0 11 43 11 43 8 35 0 0 0 0 0 0 0 0 11 43 11 43 8 35 0 0 0 0 0 0 0 0 11 43 11 43 8 35 0 0 0 0 0 0 0 0 11 43 11 43 8 35 0 0 0 0 0 0 0 0 11 43 11 43 9 36 0 0 0 0 0 0 0 0
194 900 100 900 0 100 0 1000 11 43 11 43 8 35 4352 16 0 0 0 0 4352 16 11 43 11 43 8 35 4352 16 0 0 0 0 4352 16 11 43 11 43 8 35 4352 16 0 0 0 0 4352 16 11 43 11 43 8 35 4352 16 0 0 0 0 4352 16 11 43 11 43 8 35 4352 16 0 0 0 0 4352 16 11 43 11 43 9 36 4352 16 0 0 0 0 4352 16
195 900 100 900 0 100 0 1000 11 43 11 43 8 35 0 0 0 0 0 0 0 0 11 43 11 43 8 35 0 0 0 0 0 0 0 0 11 43 11 43 8 35 0 0 0 0 0 0 0 0 11 43 11 43 8 35 0 0 0 0 0 0 0 0 11 43 11 43 8 35 0 0 0 0 0 0 0 0 11 43 11 43 9 36 0 0 0 0 0 0 0 0
196 900 100 900 0 100 0 1000 11 43 11 43 8 35 0 0 0 0 0 0 0 0 11 43 11 43 8 35 0 0 0 0 0 0 0 0 11 43 11 43 8 35 0 0 0 0 0 0 0 0 11 43 11 43 8 35 0 0 0 0 0 0 0 0 11 43 11 43 8 35 0 0 0 0 0 0 0 0 11 43 11 43 9 36 0 0 0 0 0 0 0 0
197 900 100 900 0 100 0 1000 11 43 11 43 8 35 0 0 0 0 0 0 0 0 11 43 11 43 8 35 0 0 0 0 0 0 0 0 11 43 11 43 8 35 0 0 0 0 0 0 0 0 11 43 11 43 8 35 0 0 0 0 0 0 0 0 11 43 11 43 8 35 0 0 0 0 0 0 0 0 11 43 11 43 9 36 0 0 0 0 0 0 0 0
198 900 100 900 0 100 0 1000 11 43 11 43 8 35 1904 7 0 0 0 0 1904 7 11 43 11 43 8 35 1904 7 0 0 0 0 1904 7 11 43 11 43 8 35 1904 7 0 0 0 0 1904 7 11 43 11 43 8 35 1904 7 0 0 0 0 1904 7 11 43 11 43 8 35 1904 7 0 0 0 0 1904 7 11 43 11 43 9 36 1904 7 0 0 0 0 1904 7
199 900 100 900 0 100 0 1000 11 43 11 43 8 35 0 0 0 0 0 0 0 0 11 43 11 43 8 35 0 0 0 0 0 0 0 0 11 43 11 43 8 35 0 0 0 0 0 0 0 0 11 43 11 43 8 35 0 0 0 0 0 0 0 0 11 43 11 43 8 35 0 0 0 0 0 0 0 0 11 43 11 43 9 36 0 0 0 0 0 0 0 0
200 900 100 900 0 100 0 1000 11 43 11 43 8 35 0 0 0 0 0 0 0 0 11 43 11 43 8 35 0 0 0 0 0 0 0 0 11 43 11 43 8 35 0 0 0 0 0 0 0 0 11 43 11 43 8 35 0 0 0 0 0 0 0 0 11 43 11 43 8 35 0 0 0 0 0 0 0 0 11 43 11 43 9 36 0 0 0 0 0 0 0 0
201 900 100 900 0 100 0 1000 11 43 11 43 8 35 0 0 0 0 0 0 0 0 11 43 11 43 8 35 0 0 0 0 0 0 0 0 11 43 11 43 8 35 0 0 0 0 0 0 0 0 11 43 11 43 8 35 0 0 0 0 0 0 0 0 11 43 11 43 8 35 0 0 0 0 0 0 0 0 11 43 11 43 9 36 0 0 0 0 0 0 0 0
202 900 100 900 0 100 0 1000 11 43 11 43 8 35 2448 9 0 0 0 0 2448 9 11 43 11 43 8 35 2448 9 0 0 0 0 2448 9 11 43 11 43 8 35 2448 9 0 0 0 0 2448 9 11 43 11 43 8 35 2448 9 0 0 0 0 2448 9 11 43 11 43 8 35 2448 9 0 0 0 0 2448 9 11 43 11 43 9 36 2448 9 0 0 0 0 2448 9
203 900 100 900 0 100 0 1000 11 43 11 43 8 35 0 0 0 0 0 0 0 0 11 43 11 43 8 35 0 0 0 0 0 0 0 0 11 43 11 43 8 35 0 0 0 0 0 0 0 0 11 43 11 43 8 35 0 0 0 0 0 0 0 0 11 43 11 43 8 35 0 0 0 0 0 0 0 0 11 43 11 43 10 40 0 0 0 0 0 0 0 0
204 900 100 900 0 100 0 1000 11 43 11 43 8 35 0 0 0 0 0 0 0 0 11 43 11 43 8 35 0 0 0 0 0 0 0 0 11 43 11 43 8 35 0 0 0 0 0 0 0 0 11 43 11 43 8 35 0 0 0 0 0 0 0 0 11 43 11 43 8 35 0 0 0 0 0 0 0 0 11 43 11 43 10 40 0 0 0 0 0 0 0 0
205 900 100 900 0 100 0 1000 11 43 11 43 8 35 0 0 0 0 0 0 0 0 11 43 11 43 8 35 0 0 0 0 0 0 0 0 11 43 11 43 8 35 0 0 0 0 0 0 0 0 11 43 11 43 8 35 0 0 0 0 0 0 0 0 11 43 11 43 8 35 0 0 0 0 0 0 0 0 11 43 11 43 10 40 0 0 0 0 0 0 0 0
206 900 100 900 0 100 0 1000 11 43 11 43 8 35 1904 7 0 0 0 0 1904 7 11 43 11 43 8 35 1904 7 0 0 0 0 1904 7 11 43 11 43 8 35 1904 7 0 0 0 0 1904 7 11 43 11 43 8 35 1904 7 0 0 0 0 1904 7 11 43 11 43 8 35 1904 7 0 0 0 0 1904 7 11 43 11 43 10 40 1904 7 0 0 0 0 1904 7
207 900 100 900 0 100 0 1000 11 43 11 43 8 35 0 0 0 0 0 0 0 0 11 43 11 43 8 35 0 0 0 0 0 0 0 0 11 43 11 43 8 35 0 0 0 0 0 0 0 0 11 43 11 43 8 35 0 0 0 0 0 0 0 0 11 43 11 43 8 35 0 0 0 0 0 0 0 0 11 43 11 43 10 40 0 0 0 0 0 0 0 0
208 900 100 900 0 100 0 1000 11 43 11 43 8 35 0 0 0 0 0 0 0 0 11 43 11 43 8 35 0 0 0 0 0 0 0 0 11 43 11 43 8 35 0 0 0 0 0 0 0 0 11 43 11 43 8 35 0 0 0 0 0 0 0 0 11 43 11 43 8 35 0 0 0 0 0 0 0 0 11 43 11 43 10 40 0 0 0 0 0 0 0 0
209 900 100 900 0 100 0 1000 11 43 11 43 8 35 0 0 0 0 0 0 0 0 11 43 11 43 8 35 0 0 0 0 0 0 0 0 11 43 11 43 8 35 0 0 0 0 0 0 0 0 11 43 11 43 8 35 0 0 0 0 0 0 0 0 11 43 11 43 8 35 0 0 0 0 0 0 0 0 11 43 11 43 10 40 0 0 0 0 0 0 0 0
210 900 100 900 0 100 0 1000 11 43 11 43 8 35 2720 10 0 0 0 0 2720 10 11 43 11 43 8 35 2720 10 0 0 0 0 2720 10 11 43 11 43 8 35 2720 10 0 0 0 0 2720 10 11 43 11 43 8 35 2720 10 0 0 0 0 2720 10 11 43 11 43 8 35 2720 10 0 0 0 0 2720 10 11 43 11 43 10 40 2720 10 0 0 0 0 2720 10
211 900 100 900 0 100 0 1000 11 43 11 43 8 35 0 0 0 0 0 0 0 0 11 43 11 43 8 35 0 0 0 0 0 0 0 0 11 43 11 43 8 35 0 0 0 0 0 0 0 0 11 43 11 43 8 35 0 0 0 0 0 0 0 0 11 43 11 43 8 35 0 0 0 0 0 0 0 0 11 43 11 43 10 40 0 0 0 0 0 0 0 0
212 900 100 900 0 100 0 1000 11 43 11 43 8 35 0 0 0 0 0 0 0 0 11 43 11 43 8 35 0 0 0 0 0 0 0 0 11 43 11 43 8 35 0 0 0 0 0 0 0 0 11 43 11 43 8 35 0 0 0 0 0 0 0 0 11 43 11 43 8 35 0 0 0 0 0 0 0 0 11 43 11 43 10 40 0 0 0 0 0 0 0 0
213 900 100 900 0 100 0 1000 11 43 11 43 8 35 0 0 0 0 0 0 0 0 11 43 11 43 8 35 0 0 0 0 0 0 0 0 11 43 11 43 8 35 0 0 0 0 0 0 0 0 11 43 11 43 8 35 0 0 0 0 0 0 0 0 11 43 11 43 8 35 0 0 0 0 0 0 0 0 11 43 11 43 10 40 0 0 0 0 0 0 0 0
214 900 100 900 0 100 0 1000 11 43 11 43 8 35 4080 15 0 0 0 0 4080 15 11 43 11 43 8 35 4080 15 0 0 0 0 4080 15 11 43 11 43 8 35 4080 15 0 0 0 0 4080 15 11 43 11 43 8 35 4080 15 0 0 0 0 4080 15 11 43 11 43 8 35 4080 15 0 0 0 0 4080 15 11 43 11 43 10 40 4080 15 0 0 0 0 4080 15
215 900 100 900 0 100 0 1000 11 43 11 43 8 35 0 0 0 0 0 0 0 0 11 43 11 43 8 35 0 0 0 0 0 0 0 0 11 43 11 43 8 35 0 0 0 0 0 0 0 0 11 43 11 43 8 35 0 0 0 0 0 0 0 0 11 43 11 43 8 35 0 0 0 0 0 0 0 0 11 43 11 43 11 43 0 0 0 0 0 0 0 0
216 900 100 900 0 100 0 1000 11 43 11 43 8 35 0 0 0 0 0 0 0 0 11 43 11 43 8 35 0 0 0 0 0 0 0 0 11 43 11 43 8 35 0 0 0 0 0 0 0 0 11 43 11 43 8 35 0 0 0 0 0 0 0 0 11 43 11 43 8 35 0 0 0 0 0 0 0 0 11 43 11 43 11 43 0 0 0 0 0 0 0 0
217 900 100 900 0 100 0 1000 11 43 11 43 8 35 0 0 0 0 0 0 0 0 11 43 11 43 8 35 0 0 0 0 0 0 0 0 11 43 11 43 8 35 0 0 0 0 0 0 0 0 11 43 11 43 8 35 0 0 0 0 0 0 0 0 11 43 11 43 8 35 0 0 0 0 0 0 0 0 11 43 11 43 11 43 0 0 0 0 0 0 0 0
218 900 100 900 0 100 0 1000 11 43 11 43 8 35 1632 6 0 0 0 0 1632 6 11 43 11 43 8 35 1632 6 0 0 0 0 1632 6 11 43 11 43 8 35 1632 6 0 0 0 0 1632 6 11 43 11 43 8 35 1632 6 0 0 0 0 1632 6 11 43 11 43 8 35 1632 6 0 0 0 0 1632 6 11 43 11 43 11 43 1632 6 0 0 0 0 1632 6
219 900 100 900 0 100 0 1000 11 43 11 43 8 35 0 0 0 0 0 0 0 0 11 43 11 43 8 35 0 0 0 0 0 0 0 0 11 43 11 43 8 35 0 0 0 0 0 0 0 0 11 43 11 43 8 35 0 0 0 0 0 0 0 0 11 43 11 43 8 35 0 0 0 0 0 0 0 0 11 43 11 43 11 43 0 0 0 0 0 0 0 0
220 900 100 900 0 100 0 1000 11 43 11 43 8 35 0 0 0 0 0 0 0 0 11 43 11 43 8 35 0 0 0 0 0 0 0 0 11 43 11 43 8 35 0 0 0 0 0 0 0 0 11 43 11 43 8 35 0 0 0 0 0 0 0 0 11 43 11 43 8 35 0 0 0 0 0 0 0 0 11 43 11 43 11 43 0 0 0 0 0 0 0 0
221 900 100 900 0 100 0 1000 11 43 11 43 8 35 0 0 0 0 0 0 0 0 11 43 11 43 8 35 0 0 0 0 0 0 0 0 11 43 11 43 8 35 0 0 0 0 0 0 0 0 11 43 11 43 8 35 0 0 0 0 0 0 0 0 11 43 11 43 8 35 0 0 0 0 0 0 0 0 11 43 11 43 11 43 0 0 0 0 0 0 0 0
222 900 100 900 0 100 0 1000 11 43 11 43 8 35 2176 8 0 0 0 0 2176 8 11 43 11 43 8 35 2176 8 0 0 0 0 2176 8 11 43 11 43 8 35 2176 8 0 0 0 0 2176 8 11 43 11 43 8 35 2176 8 0 0 0 0 2176 8 11 43 11 43 8 35 2176 8 0 0 0 0 2176 8 11 43 11 43 11 43 2176 8 0 0 0 0 2176 8
223 900 100 900 0 100 0 1000 11 43 11 43 8 35 0 0 0 0 0 0 0 0 11 43 11 43 8 35 0 0 0 0 0 0 0 0 11 43 11 43 8 35 0 0 0 0 0 0 0 0 11 43 11 43 8 35 0 0 0 0 0 0 0 0 11 43 11 43 8 35 0 0 0 0 0 0 0 0 11 43 11 43 11 43 0 0 0 0 0 0 0 0
224 900 100 900 0 100 0 1000 11 43 11 43 8 35 0 0 0 0 0 0 0 0 11 43 11 43 8 35 0 0 0 0 0 0 0 0 11 43 11 43 8 35 0 0 0 0 0 0 0 0 11 43 11 43 8 35 0 0 0 0 0 0 0 0 11 43 11 43 8 35 0 0 0 0 0 0 0 0 11 43 11 43 11 43 0 0 0 0 0 0 0 0
225 900 100 900 0 100 0 1000 11 43 11 43 8 35 0 0 0 0 0 0 0 0 11 43 11 43 8 35 0 0 0 0 0 0 0 0 11 43 11 43 8 35 0 0 0 0 0 0 0 0 11 43 11 43 8 35 0 0 0 0 0 0 0 0 11 43 11 43 8 35 0 0 0 0 0 0 0 0 11 43 11 43 11 43 0 0 0 0 0 0 0 0
226 900 100 900 0 100 0 1000 11 43 11 43 8 35 3264 12 0 0 0 0 3264 12 11 43 11 43 8 35 3264 12 0 0 0 0 3264 12 11 43 11 43 8 35 3264 12 0 0 0 0 3264 12 11 43 11 43 8 35 3264 12 0 0 0 0 3264 12 11 43 11 43 8 35 3264 12 0 0 0 0 3264 12 11 43 11 43 11 43 3264 12 0 0 0 0 3264 12
227 900 100 900 0 100 0 1000 11 43 11 43 8 35 0 0 0 0 0 0 0 0 11 43 11 43 8 35 0 0 0 0 0 0 0 0 11 43 11 43 8 35 0 0 0 0 0 0 0 0 11 43 11 43 8 35 0 0 0 0 0 0 0 0 11 43 11 43 8 35 0 0 0 0 0 0 0 0 11 43 11 43 11 43 0 0 0 0 0 0 0 0
228 900 100 900 0 100 0 1000 11 43 11 43 8 35 0 0 0 0 0 0 0 0 11 43 11 43 8 35 0 0 0 0 0 0 0 0 11 43 11 43 8 35 0 0 0 0 0 0 0 0 11 43 11 43 8 35 0 0 0 0 0 0 0 0 11 43 11 43 8 35 0 0 0 0 0 0 0 0 11 43 11 43 11 43 0 0 0 0 0 0 0 0
229 900 100 900 0 100 0 1000 11 43 11 43 8 35 823 1 823 1 0 0 0 0 11 43 11 43 8 35 823 1 823 1 0 0 0 0 11 43 11 43 8 35 823 1 823 1 0 0 0 0 11 43 11 43 8 35 823 1 823 1 0 0 0 0 11 43 11 43 8 35 823 1 823 1 0 0 0 0 11 43 11 43 11 43 823 1 823 1 0 0 0 0
230 900 100 900 0 100 0 1000 11 43 11 43 8 35 2739 10 0 0 291 1 2448 9 11 43 11 43 8 35 2739 10 0 0 291 1 2448 9 11 43 11 43 8 35 2739 10 0 0 291 1 2448 9 11 43 11 43 8 35 2739 10 0 0 291 1 2448 9 11 43 11 43 8 35 2739 10 0 0 291 1 2448 9 11 43 11 43 11 43 2739 10 0 0 291 1 2448 9
231 900 100 900 0 100 0 1000 11 43 11 43 8 35 0 0 0 0 0 0 0 0 11 43 11 43 8 35 0 0 0 0 0 0 0 0 11 43 11 43 8 35 0 0 0 0 0 0 0 0 11 43 11 43 8 35 0 0 0 0 0 0 0 0 11 43 11 43 8 35 0 0 0 0 0 0 0 0 11 43 11 43 11 43 0 0 0 0 0 0 0 0
232 900 100 900 0 100 0 1000 11 43 11 43 8 35 0 0 0 0 0 0 0 0 11 43 11 43 8 35 0 0 0 0 0 0 0 0 11 43 11 43 8 35 0 0 0 0 0 0 0 0 11 43 11 43 8 35 0 0 0 0 0 0 0 0 11 43 11 43 8 35 0 0 0 0 0 0 0 0 11 43 11 43 11 43 0 0 0 0 0 0 0 0
233 900 100 900 0 100 0 1000 11 43 11 43 8 35 0 0 0 0 0 0 0 0 11 43 11 43 8 35 0 0 0 0 0 0 0 0 11 43 11 43 8 35 0 0 0 0 0 0 0 0 11 43 11 43 8 35 0 0 0 0 0 0 0 0 11 43 11 43 8 35 0 0 0 0 0 0 0 0 11 43 11 43 11 43 0 0 0 0 0 0 0 0
234 900 100 900 0 100 0 1000 11 43 11 43 8 35 1904 7 0 0 0 0 1904 7 11 43 11 43 8 35 1904 7 0 0 0 0 1904 7 11 43 11 43 8 35 1904 7 0 0 0 0 1904 7 11 43 11 43 8 35 1904 7 0 0 0 0 1904 7 11 43 11 43 8 35 1904 7 0 0 0 0 1904 7 11 43 11 43 11 43 1904 7 0 0 0 0 1904 7
235 900 100 900 0 100 0 1000 11 43 11 43 8 35 0 0 0 0 0 0 0 0 11 43 11 43 8 35 0 0 0 0 0 0 0 0 11 43 11 43 8 35 0 0 0 0 0 0 0 0 11 43 11 43 8 35 0 0 0 0 0 0 0 0 11 43 11 43 8 35 0 0 0 0 0 0 0 0 11 43 11 43 11 43 0 0 0 0 0 0 0 0
236 900 100 900 0 100 0 1000 11 43 11 43 8 35 0 0 0 0 0 0 0 0 11 43 11 43 8 35 0 0 0 0 0 0 0 0 11 43 11 43 8 35 0 0 0 0 0 0 0 0 11 43 11 43 8 35 0 0 0 0 0 0 0 0 11 43 11 43 8 35 0 0 0 0 0 0 0 0 11 43 11 43 11 43 0 0 0 0 0 0 0 0
237 900 100 900 0 100 0 1000 11 43 11 43 8 35 0 0 0 0 0 0 0 0 11 43 11 43 8 35 0 0 0 0 0 0 0 0 11 43 11 43 8 35 0 0 0 0 0 0 0 0 11 43 11 43 8 35 0 0 0 0 0 0 0 0 11 43 11 43 8 35 0 0 0 0 0 0 0 0 11 43 11 43 11 43 0 0 0 0 0 0 0 0
238 900 100 900 0 100 0 1000 11 43 11 43 8 35 2448 9 0 0 0 0 2448 9 11 43 11 43 8 35 2448 9 0 0 0 0 2448 9 11 43 11 43 8 35 2448 9 0 0 0 0 2448 9 11 43 11 43 8 35 2448 9 0 0 0 0 2448 9 11 43 11 43 8 35 2448 9 0 0 0 0 2448 9 11 43 11 43 11 43 2448 9 0 0 0 0 2448 9
239 900 100 900 0 100 0 1000 11 43 11 43 8 35 0 0 0 0 0 0 0 0 11 43 11 43 8 35 0 0 0 0 0 0 0 0 11 43 11 43 8 35 0 0 0 0 0 0 0 0 11 43 11 43 8 35 0 0 0 0 0 0 0 0 11 43 11 43 8 35 0 0 0 0 0 0 0 0 11 43 11 43 11 43 0 0 0 0 0 0 0 0
240 900 100 900 0 100 0 1000 11 43 11 43 8 35 0 0 0 0 0 0 0 0 11 43 11 43 8 35 0 0 0 0 0 0 0 0 11 43 11 43 8 35 0 0 0 0 0 0 0 0 11 43 11 43 8 35 0 0 0 0 0 0 0 0 11 43 11 43 8 35 0 0 0 0 0 0 0 0 11 43 11 43 11 43 0 0 0 0 0 0 0 0
241 900 100 900 0 100 0 1000 11 43 11 43 8 35 0 0 0 0 0 0 0 0 11 43 11 43 8 35 0 0 0 0 0 0 0 0 11 43 11 43 8 35 0 0 0 0 0 0 0 0 11 43 11 43 8 35 0 0 0 0 0 0 0 0 11 43 11 43 8 35 0 0 0 0 0 0 0 0 11 43 11 43 11 43 0 0 0 0 0 0 0 0
242 900 100 900 0 100 0 1000 11 43 11 43 8 35 3808 14 0 0 0 0 3808 14 11 43 11 43 8 35 3808 14 0 0 0 0 3808 14 11 43 11 43 8 35 3808 14 0 0 0 0 3808 14 11 43 11 43 8 35 3808 14 0 0 0 0 3808 14 11 43 11 43 8 35 3808 14 0 0 0 0 3808 14 11 43 11 43 11 43 3808 14 0 0 0 0 3808 14
243 900 100 900 0 100 0 1000 11 43 11 43 8 35 0 0 0 0 0 0 0 0 11 43 11 43 8 35 0 0 0 0 0 0 0 0 11 43 11 43 8 35 0 0 0 0 0 0 0 0 11 43 11 43 8 35 0 0 0 0 0 0 0 0 11 43 11 43 8 35 0 0 0 0 0 0 0 0 11 43 11 43 11 43 0 0 0 0 0 0 0 0
244 900 100 900 0 100 0 1000 11 43 11 43 8 35 0 0 0 0 0 0 0 0 11 43 11 43 8 35 0 0 0 0 0 0 0 0 11 43 11 43 8 35 0 0 0 0 0 0 0 0 11 43 11 43 8 35 0 0 0 0 0 0 0 0 11 43 11 43 8 35 0 0 0 0 0 0 0 0 11 43 11 43 11 43 0 0 0 0 0 0 0 0
245 900 100 900 0 100 0 1000 11 43 11 43 8 35 0 0 0 0 0 0 0 0 11 43 11 43 8 35 0 0 0 0 0 0 0 0 11 43 11 43 8 35 0 0 0 0 0 0 0 0 11 43 11 43 8 35 0 0 0 0 0 0 0 0 11 43 11 43 8 35 0 0 0 0 0 0 0 0 11 43 11 43 11 43 0 0 0 0 0 0 0 0
246 900 100 900 0 100 0 1000 11 43 11 43 8 35 2992 11 0 0 0 0 2992 11 11 43 11 43 8 35 2992 11 0 0 0 0 2992 11 11 43 11 43 8 35 2992 11 0 0 0 0 2992 11 11 43 11 43 8 35 2992 11 0 0 0 0 2992 11 11 43 11 43 8 35 2992 11 0 0 0 0 2992 11 11 43 11 43 11 43 2992 11 0 0 0 0 2992 11
247 900 100 900 0 100 0 1000 11 43 11 43 8 35 0 0 0 0 0 0 0 0 11 43 11 43 8 35 0 0 0 0 0 0 0 0 11 43 11 43 8 35 0 0 0 0 0 0 0 0 11 43 11 43 8 35 0 0 0 0 0 0 0 0 11 43 11 43 8 35 0 0 0 0 0 0 0 0 11 43 11 43 11 43 0 0 0 0 0 0 0 0
248 0 1000 0 900 100 0 1000 11 43 11 43 8 35 0 0 0 0 0 0 0 0 11 43 11 43 8 35 0 0 0 0 0 0 0 0 11 43 11 43 8 35 0 0 0 0 0 0 0 0 11 43 11 43 8 35 0 0 0 0 0 0 0 0 11 43 11 43 8 35 0 0 0 0 0 0 0 0 11 43 11 43 11 43 0 0 0 0 0 0 0 0
249 0 1000 0 900 100 0 1000 11 43 11 43 8 35 0 0 0 0 0 0 0 0 11 43 11 43 8 35 0 0 0 0 0 0 0 0 11 43 11 43 8 35 0 0 0 0 0 0 0 0 11 43 11 43 8 35 0 0 0 0 0 0 0 0 11 43 11 43 8 35 0 0 0 0 0 0 0 0 11 43 11 43 11 43 0 0 0 0 0 0 0 0
250 0 1000 0 900 100 0 1000 11 43 11 43 8 35 2720 10 0 0 0 0 2720 10 11 43 11 43 8 35 2720 10 0 0 0 0 2720 10 11 43 11 43 8 35 2720 10 0 0 0 0 2720 10 11 43 11 43 8 35 2720 10 0 0 0 0 2720 10 11 43 11 43 8 35 2720 10 0 0 0 0 2720 10 11 43 11 43 11 43 2720 10 0 0 0 0 2720 10
251 0 1000 0 0 1000 0 1000 11 43 11 43 11 43 0 0 0 0 0 0 0 0 11 43 11 43 11 43 0 0 0 0 0 0 0 0 11 43 11 43 11 43 0 0 0 0 0 0 0 0 11 43 11 43 11 43 0 0 0 0 0 0 0 0 11 43 11 43 11 43 0 0 0 0 0 0 0 0 11 43 11 43 11 43 0 0 0 0 0 0 0 0
252 0 1000 0 0 1000 0 1000 11 43 11 43 11 43 0 0 0 0 0 0 0 0 11 43 11 43 11 43 0 0 0 0 0 0 0 0 11 43 11 43 11 43 0 0 0 0 0 0 0 0 11 43 11 43 11 43 0 0 0 0 0 0 0 0 11 43 11 43 11 43 0 0 0 0 0 0 0 0 11 43 11 43 11 43 0 0 0 0 0 0 0 0
253 0 1000 0 0 1000 0 1000 11 43 11 43 11 43 0 0 0 0 0 0 0 0 11 43 11 43 11 43 0 0 0 0 0 0 0 0 11 43 11 43 11 43 0 0 0 0 0 0 0 0 11 43 11 43 11 43 0 0 0 0 0 0 0 0 11 43 11 43 11 43 0 0 0 0 0 0 0 0 11 43 11 43 11 43 0 0 0 0 0 0 0 0
254 0 1000 0 0 1000 0 1000 12 57 12 57 11 43 31824 117 0 0 0 0 31824 117 12 57 12 57 11 43 31824 117 0 0 0 0 31824 117 12 57 12 57 11 43 31824 117 0 0 0 0 31824 117 12 57 12 57 11 43 31824 117 0 0 0 0 31824 117 12 57 12 57 11 43 31824 117 0 0 0 0 31824 117 12 57 12 57 11 43 31824 117 0 0 0 0 31824 117
255 0 1000 0 0 1000 0 1000 12 57 12 57 11 43 0 0 0 0 0 0 0 0 12 57 12 57 11 43 0 0 0 0 0 0 0 0 12 57 12 57 11 43 0 0 0 0 0 0 0 0 12 57 12 57 11 43 0 0 0 0 0 0 0 0 12 57 12 57 11 43 0 0 0 0 0 0 0 0 12 57 12 57 11 43 0 0 0 0 0 0 0 0
256 0 1000 0 0 1000 0 1000 12 57 12 57 11 43 0 0 0 0 0 0 0 0 12 57 12 57 11 43 0 0 0 0 0 0 0 0 12 57 12 57 11 43 0 0 0 0 0 0 0 0 12 57 12 57 11 43 0 0 0 0 0 0 0 0 12 57 12 57 11 43 0 0 0 0 0 0 0 0 12 57 12 57 11 43 0 0 0 0 0 0 0 0
257 0 1000 0 0 1000 0 1000 12 57 12 57 11 43 0 0 0 0 0 0 0 0 12 57 12 57 11 43 0 0 0 0 0 0 0 0 12 57 12 57 11 43 0 0 0 0 0 0 0 0 12 57 12 57 11 43 0 0 0 0 0 0 0 0 12 57 12 57 11 43 0 0 0 0 0 0 0 0 12 57 12 57 11 43 0 0 0 0 0 0 0 0
258 0 1000 0 0 1000 0 1000 12 57 12 57 11 43 26112 96 0 0 0 0 26112 96 12 57 12 57 11 43 26112 96 0 0 0 0 26112 96 12 57 12 57 11 43 26112 96 0 0 0 0 26112 96 12 57 12 57 11 43 26112 96 0 0 0 0 26112 96 12 57 12 57 11 43 26112 96 0 0 0 0 26112 96 12 57 12 57 11 43 26112 96 0 0 0 0 26112 96
259 0 1000 0 0 1000 0 1000 12 57 12 57 11 43 0 0 0 0 0 0 0 0 12 57 12 57 11 43 0 0 0 0 0 0 0 0 12 57 12 57 11 43 0 0 0 0 0 0 0 0 12 57 12 57 11 43 0 0 0 0 0 0 0 0 12 57 12 57 11 43 0 0 0 0 0 0 0 0 12 57 12 57 11 43 0 0 0 0 0 0 0 0
260 0 1000 0 0 1000 0 1000 12 57 12 57 11 43 0 0 0 0 0 0 0 0 12 57 12 57 11 43 0 0 0 0 0 0 0 0 12 57 12 57 11 43 0 0 0 0 0 0 0 0 12 57 12 57 11 43 0 0 0 0 0 0 0 0 12 57 12 57 11 43 0 0 0 0 0 0 0 0 12 57 12 57 11 43 0 0 0 0 0 0 0 0
261 0 1000 0 0 1000 0 1000 12 57 12 57 11 43 0 0 0 0 0 0 0 0 12 57 12 57 11 43 0 0 0 0 0 0 0 0 12 57 12 57 11 43 0 0 0 0 0 0 0 0 12 57 12 57 11 43 0 0 0 0 0 0 0 0 12 57 12 57 11 43 0 0 0 0 0 0 0 0 12 57 12 57 11 43 0 0 0 0 0 0 0 0
262 0 1000 0 0 1000 0 1000 12 57 12 57 11 43 28560 105 0 0 0 0 28560 105 12 57 12 57 11 43 28560 105 0 0 0 0 28560 105 12 57 12 57 11 43 28560 105 0 0 0 0 28560 105 12 57 12 57 11 43 28560 105 0 0 0 0 28560 105 12 57 12 57 11 43 28560 105 0 0 0 0 28560 105 12 57 12 57 11 43 28560 105 0 0 0 0 28560 105
263 0 1000 0 0 1000 0 1000 12 57 12 57 11 43 0 0 0 0 0 0 0 0 12 57 12 57 11 43 0 0 0 0 0 0 0 0 12 57 12 57 11 43 0 0 0 0 0 0 0 0 12 57 12 57 11 43 0 0 0 0 0 0 0 0 12 57 12 57 11 43 0 0 0 0 0 0 0 0 12 57 12 57 11 43 0 0 0 0 0 0 0 0
264 0 1000 0 0 1000 0 1000 12 57 12 57 11 43 0 0 0 0 0 0 0 0 12 57 12 57 11 43 0 0 0 0 0 0 0 0 12 57 12 57 11 43 0 0 0 0 0 0 0 0 12 57 12 57 11 43 0 0 0 0 0 0 0 0 12 57 12 57 11 43 0 0 0 0 0 0 0 0 12 57 12 57 11 43 0 0 0 0 0 0 0 0
265 0 1000 0 0 1000 0 1000 12 57 12 57 11 43 0 0 0 0 0 0 0 0 12 57 12 57 11 43 0 0 0 0 0 0 0 0 12 57 12 57 11 43 0 0 0 0 0 0 0 0 12 57 12 57 11 43 0 0 0 0 0 0 0 0 12 57 12 57 11 43 0 0 0 0 0 0 0 0 12 57 12 57 11 43 0 0 0 0 0 0 0 0
266 0 1000 0 0 1000 0 1000 12 57 12 57 11 43 29648 109 0 0 0 0 29648 109 12 57 12 57 11 43 29648 109 0 0 0 0 29648 109 12 57 12 57 11 43 29648 109 0 0 0 0 29648 109 12 57 12 57 11 43 29648 109 0 0 0 0 29648 109 12 57 12 57 11 43 29648 109 0 0 0 0 29648 109 12 57 12 57 11 43 29648 109 0 0 0 0 29648 109
267 0 1000 0 0 1000 0 1000 12 57 12 57 11 43 0 0 0 0 0 0 0 0 12 57 12 57 11 43 0 0 0 0 0 0 0 0 12 57 12 57 11 43 0 0 0 0 0 0 0 0 12 57 12 57 11 43 0 0 0 0 0 0 0 0 12 57 12 57 11 43 0 0 0 0 0 0 0 0 12 57 12 57 11 43 0 0 0 0 0 0 0 0
268 0 1000 0 0 1000 0 1000 12 57 12 57 11 43 0 0 0 0 0 0 0 0 12 57 12 57 11 43 0 0 0 0 0 0 0 0 12 57 12 57 11 43 0 0 0 0 0 0 0 0 12 57 12 57 11 43 0 0 0 0 0 0 0 0 12 57 12 57 11 43 0 0 0 0 0 0 0 0 12 57 12 57 11 43 0 0 0 0 0 0 0 0
269 0 1000 0 0 1000 0 1000 12 57 12 57 11 43 0 0 0 0 0 0 0 0 12 57 12 57 11 43 0 0 0 0 0 0 0 0 12 57 12 57 11 43 0 0 0 0 0 0 0 0 12 57 12 57 11 43 0 0 0 0 0 0 0 0 12 57 12 57 11 43 0 0 0 0 0 0 0 0 12 57 12 57 11 43 0 0 0 0 0 0 0 0
270 0 1000 0 0 1000 0 1000 12 57 12 57 11 43 25568 94 0 0 0 0 25568 94 12 57 12 57 11 43 25568 94 0 0 0 0 25568 94 12 57 12 57 11 43 25568 94 0 0 0 0 25568 94 12 57 12 57 11 43 25568 94 0 0 0 0 25568 94 12 57 12 57 11 43 25568 94 0 0 0 0 25568 94 12 57 12 57 11 43 25568 94 0 0 0 0 25568 94
271 0 1000 0 0 1000 0 1000 12 57 12 57 12 57 0 0 0 0 0 0 0 0 12 57 12 57 12 57 0 0 0 0 0 0 0 0 12 57 12 57 12 57 0 0 0 0 0 0 0 0 12 57 12 57 12 57 0 0 0 0 0 0 0 0 12 57 12 57 12 57 0 0 0 0 0 0 0 0 12 57 12 57 12 57 0 0 0 0 0 0 0 0
272 0 1000 0 0 1000 0 1000 12 57 12 57 12 57 0 0 0 0 0 0 0 0 12 57 12 57 12 57 0 0 0 0 0 0 0 0 12 57 12 57 12 57 0 0 0 0 0 0 0 0 12 57 12 57 12 57 0 0 0 0 0 0 0 0 12 57 12 57 12 57 0 0 0 0 0 0 0 0 12 57 12 57 12 57 0 0 0 0 0 0 0 0
273 0 1000 0 0 1000 0 1000 12 57 12 57 12 57 0 0 0 0 0 0 0 0 12 57 12 57 12 57 0 0 0 0 0 0 0 0 12 57 12 57 12 57 0 0 0 0 0 0 0 0 12 57 12 57 12 57 0 0 0 0 0 0 0 0 12 57 12 57 12 57 0 0 0 0 0 0 0 0 12 57 12 57 12 57 0 0 0 0 0 0 0 0
274 0 1000 0 0 1000 0 1000 12 57 12 57 12 57 30464 112 0 0 0 0 30464 112 12 57 12 57 12 57 30464 112 0 0 0 0 30464 112 12 57 12 57 12 57 30464 112 0 0 0 0 30464 112 12 57 12 57 12 57 30464 112 0 0 0 0 30464 112 12 57 12 57 12 57 30464 112 0 0 0 0 30464 112 12 57 12 57 12 57 30464 112 0 0 0 0 30464 112
275 0 1000 0 0 1000 0 1000 12 57 12 57 12 57 0 0 0 0 0 0 0 0 12 57 12 57 12 57 0 0 0 0 0 0 0 0 12 57 12 57 12 57 0 0 0 0 0 0 0 0 12 57 12 57 12 57 0 0 0 0 0 0 0 0 12 57 12 57 12 57 0 0 0 0 0 0 0 0 12 57 12 57 12 57 0 0 0 0 0 0 0 0
276 0 1000 0 0 1000 0 1000 12 57 12 57 12 57 0 0 0 0 0 0 0 0 12 57 12 57 12 57 0 0 0 0 0 0 0 0 12 57 12 57 12 57 0 0 0 0 0 0 0 0 12 57 12 57 12 57 0 0 0 0 0 0 0 0 12 57 12 57 12 57 0 0 0 0 0 0 0 0 12 57 12 57 12 57 0 0 0 0 0 0 0 0
277 0 1000 0 0 1000 0 1000 12 57 12 57 12 57 8046 2 8046 2 0 0 0 0 12 57 12 57 12 57 8046 2 8046 2 0 0 0 0 12 57 12 57 12 57 8046 2 8046 2 0 0 0 0 12 57 12 57 12 57 8046 2 8046 2 0 0 0 0 12 57 12 57 12 57 8046 2 8046 2 0 0 0 0 12 57 12 57 12 57 8046 2 8046 2 0 0 0 0
278 0 1000 0 0 1000 0 1000 13 69 13 69 12 57 27491 101 0 0 291 1 27200 100 13 69 13 69 12 57 27491 101 0 0 291 1 27200 100 13 69 13 69 12 57 27491 101 0 0 291 1 27200 100 13 69 13 69 12 57 27491 101 0 0 291 1 27200 100 13 69 13 69 12 57 27491 101 0 0 291 1 27200 100 13 69 13 69 12 57 27491 101 0 0 291 1 27200 100
279 0 1000 0 0 1000 0 1000 13 69 13 69 12 57 0 0 0 0 0 0 0 0 13 69 13 69 12 57 0 0 0 0 0 0 0 0 13 69 13 69 12 57 0 0 0 0 0 0 0 0 13 69 13 69 12 57 0 0 0 0 0 0 0 0 13 69 13 69 12 57 0 0 0 0 0 0 0 0 13 69 13 69 12 57 0 0 0 0 0 0 0 0
280 0 1000 0 0 1000 0 1000 13 69 13 69 12 57 0 0 0 0 0 0 0 0 13 69 13 69 12 57 0 0 0 0 0 0 0 0 13 69 13 69 12 57 0 0 0 0 0 0 0 0 13 69 13 69 12 57 0 0 0 0 0 0 0 0 13 69 13 69 12 57 0 0 0 0 0 0 0 0 13 69 13 69 12 57 0 0 0 0 0 0 0 0
281 0 1000 0 0 1000 0 1000 13 69 13 69 12 57 0 0 0 0 0 0 0 0 13 69 13 69 12 57 0 0 0 0 0 0 0 0 13 69 13 69 12 57 0 0 0 0 0 0 0 0 13 69 13 69 12 57 0 0 0 0 0 0 0 0 13 69 13 69 12 57 0 0 0 0 0 0 0 0 13 69 13 69 12 57 0 0 0 0 0 0 0 0
282 0 1000 0 0 1000 0 1000 13 69 13 69 12 57 26656 98 0 0 0 0 26656 98 13 69 13 69 12 57 26656 98 0 0 0 0 26656 98 13 69 13 69 12 57 26656 98 0 0 0 0 26656 98 13 69 13 69 12 57 26656 98 0 0 0 0 26656 98 13 69 13 69 12 57 26656 98 0 0 0 0 26656 98 13 69 13 69 12 57 26656 98 0 0 0 0 26656 98
283 0 1000 0 0 1000 0 1000 13 69 13 69 12 57 0 0 0 0 0 0 0 0 13 69 13 69 12 57 0 0 0 0 0 0 0 0 13 69 13 69 12 57 0 0 0 0 0 0 0 0 13 69 13 69 12 57 0 0 0 0 0 0 0 0 13 69 13 69 12 57 0 0 0 0 0 0 0 0 13 69 13 69 12 57 0 0 0 0 0 0 0 0
284 0 1000 0 0 1000 0 1000 13 69 13 69 12 57 0 0 0 0 0 0 0 0 13 69 13 69 12 57 0 0 0 0 0 0 0 0 13 69 13 69 12 57 0 0 0 0 0 0 0 0 13 69 13 69 12 57 0 0 0 0 0 0 0 0 13 69 13 69 12 57 0 0 0 0 0 0 0 0 13 69 13 69 12 57 0 0 0 0 0 0 0 0
285 0 1000 0 0 1000 0 1000 13 69 13 69 12 57 0 0 0 0 0 0 0 0 13 69 13 69 12 57 0 0 0 0 0 0 0 0 13 69 13 69 12 57 0 0 0 0 0 0 0 0 13 69 13 69 12 57 0 0 0 0 0 0 0 0 13 69 13 69 12 57 0 0 0 0 0 0 0 0 13 69 13 69 12 57 0 0 0 0 0 0 0 0
286 0 1000 0 0 1000 0 1000 13 69 13 69 12 57 20672 76 0 0 0 0 20672 76 13 69 13 69 12 57 20672 76 0 0 0 0 20672 76 13 69 13 69 12 57 20672 76 0 0 0 0 20672 76 13 69 13 69 12 57 20672 76 0 0 0 0 20672 76 13 69 13 69 12 57 20672 76 0 0 0 0 20672 76 13 69 13 69 12 57 20672 76 0 0 0 0 20672 76
287 0 1000 0 0 1000 0 1000 13 69 13 69 12 57 0 0 0 0 0 0 0 0 13 69 13 69 12 57 0 0 0 0 0 0 0 0 13 69 13 69 12 57 0 0 0 0 0 0 0 0 13 69 13 69 12 57 0 0 0 0 0 0 0 0 13 69 13 69 12 57 0 0 0 0 0 0 0 0 13 69 13 69 12 57 0 0 0 0 0 0 0 0
288 0 1000 0 0 1000 0 1000 13 69 13 69 12 57 0 0 0 0 0 0 0 0 13 69 13 69 12 57 0 0 0 0 0 0 0 0 13 69 13 69 12 57 0 0 0 0 0 0 0 0 13 69 13 69 12 57 0 0 0 0 0 0 0 0 13 69 13 69 12 57 0 0 0 0 0 0 0 0 13 69 13 69 12 57 0 0 0 0 0 0 0 0
289 0 1000 0 0 1000 0 1000 13 69 13 69 12 57 0 0 0 0 0 0 0 0 13 69 13 69 12 57 0 0 0 0 0 0 0 0 13 69 13 69 12 57 0 0 0 0 0 0 0 0 13 69 13 69 12 57 0 0 0 0 0 0 0 0 13 69 13 69 12 57 0 0 0 0 0 0 0 0 13 69 13 69 12 57 0 0 0 0 0 0 0 0
290 0 1000 0 0 1000 0 1000 13 69 13 69 12 57 25840 95 0 0 0 0 25840 95 13 69 13 69 12 57 25840 95 0 0 0 0 25840 95 13 69 13 69 12 57 25840 95 0 0 0 0 25840 95 13 69 13 69 12 57 25840 95 0 0 0 0 25840 95 13 69 13 69 12 57 25840 95 0 0 0 0 25840 95 13 69 13 69 12 57 25840 95 0 0 0 0 25840 95
291 0 1000 0 0 1000 0 1000 13 69 13 69 12 57 0 0 0 0 0 0 0 0 13 69 13 69 12 57 0 0 0 0 0 0 0 0 13 69 13 69 12 57 0 0 0 0 0 0 0 0 13 69 13 69 12 57 0 0 0 0 0 0 0 0 13 69 13 69 12 57 0 0 0 0 0 0 0 0 13 69 13 69 12 57 0 0 0 0 0 0 0 0
292 0 1000 0 0 1000 0 1000 13 69 13 69 12 57 0 0 0 0 0 0 0 0 13 69 13 69 12 57 0 0 0 0 0 0 0 0 13 69 13 69 12 57 0 0 0 0 0 0 0 0 13 69 13 69 12 57 0 0 0 0 0 0 0 0 13 69 13 69 12 57 0 0 0 0 0 0 0 0 13 69 13 69 12 57 0 0 0 0 0 0 0 0
293 0 1000 0 0 1000 0 1000 13 69 13 69 12 57 6957 2 6957 2 0 0 0 0 13 69 13 69 12 57 6957 2 6957 2 0 0 0 0 13 69 13 69 12 57 6957 2 6957 2 0 0 0 0 13 69 13 69 12 57 6957 2 6957 2 0 0 0 0 13 69 13 69 12 57 6957 2 6957 2 0 0 0 0 13 69 13 69 12 57 6957 2 6957 2 0 0 0 0
294 0 1000 0 0 1000 0 1000 14 73 14 73 12 57 26403 97 0 0 291 1 26112 96 14 73 14 73 12 57 26403 97 0 0 291 1 26112 96 14 73 14 73 12 57 26403 97 0 0 291 1 26112 96 14 73 14 73 12 57 26403 97 0 0 291 1 26112 96 14 73 14 73 12 57 26403 97 0 0 291 1 26112 96 14 73 14 73 12 57 26403 97 0 0 291 1 26112 96
295 0 1000 0 0 1000 0 1000 14 73 14 73 12 57 0 0 0 0 0 0 0 0 14 73 14 73 12 57 0 0 0 0 0 0 0 0 14 73 14 73 12 57 0 0 0 0 0 0 0 0 14 73 14 73 12 57 0 0 0 0 0 0 0 0 14 73 14 73 12 57 0 0 0 0 0 0 0 0 14 73 14 73 12 57 0 0 0 0 0 0 0 0
296 0 1000 0 0 1000 0 1000 14 73 14 73 12 57 0 0 0 0 0 0 0 0 14 73 14 73 12 57 0 0 0 0 0 0 0 0 14 73 14 73 12 57 0 0 0 0 0 0 0 0 14 73 14 73 12 57 0 0 0 0 0 0 0 0 14 73 14 73 12 57 0 0 0 0 0 0 0 0 14 73 14 73 12 57 0 0 0 0 0 0 0 0
297 0 1000 0 0 1000 0 1000 14 73 14 73 12 57 0 0 0 0 0 0 0 0 14 73 14 73 12 57 0 0 0 0 0 0 0 0 14 73 14 73 12 57 0 0 0 0 0 0 0 0 14 73 14 73 12 57 0 0 0 0 0 0 0 0 14 73 14 73 12 57 0 0 0 0 0 0 0 0 14 73 14 73 12 57 0 0 0 0 0 0 0 0
298 0 1000 0 0 1000 0 1000 14 73 14 73 12 57 31008 114 0 0 0 0 31008 114 14 73 14 73 12 57 31008 114 0 0 0 0 31008 114 14 73 14 73 12 57 31008 114 0 0 0 0 31008 114 14 73 14 73 12 57 31008 114 0 0 0 0 31008 114 14 73 14 73 12 57 31008 114 0 0 0 0 31008 114 14 73 14 73 12 57 31008 114 0 0 0 0 31008 114
299 0 1000 0 0 1000 0 1000 14 73 14 73 12 57 0 0 0 0 0 0 0 0 14 73 14 73 12 57 0 0 0 0 0 0 0 0 14 73 14 73 12 57 0 0 0 0 0 0 0 0 14 73 14 73 12 57 0 0 0 0 0 0 0 0 14 73 14 73 12 57 0 0 0 0 0 0 0 0 14 73 14 73 12 57 0 0 0 0 0 0 0 0
300 0 1000 0 0 1000 0 1000 14 73 14 73 12 57 0 0 0 0 0 0 0 0 14 73 14 73 12 57 0 0 0 0 0 0 0 0 14 73 14 73 12 57 0 0 0 0 0 0 0 0 14 73 14 73 12 57 0 0 0 0 0 0 0 0 14 73 14 73 12 57 0 0 0 0 0 0 0 0 14 73 14 73 12 57 0 0 0 0 0 0 0 0
301 0 1000 0 0 1000 0 1000 14 73 14 73 12 57 0 0 0 0 0 0 0 0 14 73 14 73 12 57 0 0 0 0 0 0 0 0 14 73 14 73 12 57 0 0 0 0 0 0 0 0 14 73 14 73 12 57 0 0 0 0 0 0 0 0 14 73 14 73 12 57 0 0 0 0 0 0 0 0 14 73 14 73 12 57 0 0 0 0 0 0 0 0
302 0 1000 0 0 1000 0 1000 14 73 14 73 12 57 29376 108 0 0 0 0 29376 108 14 73 14 73 12 57 29376 108 0 0 0 0 29376 108 14 73 14 73 12 57 29376 108 0 0 0 0 29376 108 14 73 14 73 12 57 29376 108 0 0 0 0 29376 108 14 73 14 73 12 57 29376 108 0 0 0 0 29376 108 14 73 14 73 12 57 29376 108 0 0 0 0 29376 108
303 0 1000 0 0 1000 0 1000 14 73 14 73 12 57 0 0 0 0 0 0 0 0 14 73 14 73 12 57 0 0 0 0 0 0 0 0 14 73 14 73 12 57 0 0 0 0 0 0 0 0 14 73 14 73 12 57 0 0 0 0 0 0 0 0 14 73 14 73 12 57 0 0 0 0 0 0 0 0 14 73 14 73 12 57 0 0 0 0 0 0 0 0
