r n_asleep n_awake n_honest_asleep n_honest_dreamy n_honest_awake n_adversary n_all party0_ledger_best_length party0_ledger_best_age party0_ledger_fast_length party0_ledger_fast_age party0_ledger_slow_length party0_ledger_slow_age party0_comms_all_size party0_comms_all_count party0_comms_proposal_size party0_comms_proposal_count party0_comms_piece_block_size party0_comms_piece_block_count party0_comms_piece_vote_size party0_comms_piece_vote_count party1_ledger_best_length party1_ledger_best_age party1_ledger_fast_length party1_ledger_fast_age party1_ledger_slow_length party1_ledger_slow_age party1_comms_all_size party1_comms_all_count party1_comms_proposal_size party1_comms_proposal_count party1_comms_piece_block_size party1_comms_piece_block_count party1_comms_piece_vote_size party1_comms_piece_vote_count party2_ledger_best_length party2_ledger_best_age party2_ledger_fast_length party2_ledger_fast_age party2_ledger_slow_length party2_ledger_slow_age party2_comms_all_size party2_comms_all_count party2_comms_proposal_size party2_comms_proposal_count party2_comms_piece_block_size party2_comms_piece_block_count party2_comms_piece_vote_size party2_comms_piece_vote_count party3_ledger_best_length party3_ledger_best_age party3_ledger_fast_length party3_ledger_fast_age party3_ledger_slow_length party3_ledger_slow_age party3_comms_all_size party3_comms_all_count party3_comms_proposal_size party3_comms_proposal_count party3_comms_piece_block_size party3_comms_piece_block_count party3_comms_piece_vote_size party3_comms_piece_vote_count party4_ledger_best_length party4_ledger_best_age party4_ledger_fast_length party4_ledger_fast_age party4_ledger_slow_length party4_ledger_slow_age party4_comms_all_size party4_comms_all_count party4_comms_proposal_size party4_comms_proposal_count party4_comms_piece_block_size party4_comms_piece_block_count party4_comms_piece_vote_size party4_comms_piece_vote_count partyALWAYSAWAKE_ledger_best_length partyALWAYSAWAKE_ledger_best_age partyALWAYSAWAKE_ledger_fast_length partyALWAYSAWAKE_ledger_fast_age partyALWAYSAWAKE_ledger_slow_length partyALWAYSAWAKE_ledger_slow_age partyALWAYSAWAKE_comms_all_size partyALWAYSAWAKE_comms_all_count partyALWAYSAWAKE_comms_proposal_size partyALWAYSAWAKE_comms_proposal_count partyALWAYSAWAKE_comms_piece_block_size partyALWAYSAWAKE_comms_piece_block_count partyALWAYSAWAKE_comms_piece_vote_size partyALWAYSAWAKE_comms_piece_vote_count
4 0 1000 0 0 1000 0 1000 0 0 0 0 0 0 0 0 0 0 0 0 0 0 0 0 0 0 0 0 0 0 0 0 0 0 0 0 0 0 0 0 0 0 0 0 0 0 0 0 0 0 0 0 0 0 0 0 0 0 0 0 0 0 0 0 0 0 0 0 0 0 0 0 0 0 0 0 0 0 0 0 0 0 0 0 0 0 0 0 0 0 0 0
5 0 1000 0 0 1000 0 1000 0 0 0 0 0 0 3066 7 3066 7 0 0 0 0 0 0 0 0 0 0 3066 7 3066 7 0 0 0 0 0 0 0 0 0 0 3066 7 3066 7 0 0 0 0 0 0 0 0 0 0 3066 7 3066 7 0 0 0 0 0 0 0 0 0 0 3066 7 3066 7 0 0 0 0 0 0 0 0 0 0 3066 7 3066 7 0 0 0 0
6 0 1000 0 0 1000 0 1000 1 1 1 1 0 0 29938 110 0 0 290 1 29648 109 1 1 1 1 0 0 29938 110 0 0 290 1 29648 109 1 1 1 1 0 0 29938 110 0 0 290 1 29648 109 1 1 1 1 0 0 29938 110 0 0 290 1 29648 109 1 1 1 1 0 0 29938 110 0 0 290 1 29648 109 1 1 1 1 0 0 29938 110 0 0 290 1 29648 109
7 0 1000 0 0 1000 0 1000 1 1 1 1 0 0 0 0 0 0 0 0 0 0 1 1 1 1 0 0 0 0 0 0 0 0 0 0 1 1 1 1 0 0 0 0 0 0 0 0 0 0 1 1 1 1 0 0 0 0 0 0 0 0 0 0 1 1 1 1 0 0 0 0 0 0 0 0 0 0 1 1 1 1 0 0 0 0 0 0 0 0 0 0
8 0 1000 0 0 1000 0 1000 1 1 1 1 0 0 0 0 0 0 0 0 0 0 1 1 1 1 0 0 0 0 0 0 0 0 0 0 1 1 1 1 0 0 0 0 0 0 0 0 0 0 1 1 1 1 0 0 0 0 0 0 0 0 0 0 1 1 1 1 0 0 0 0 0 0 0 0 0 0 1 1 1 1 0 0 0 0 0 0 0 0 0 0
9 0 1000 0 0 1000 0 1000 1 1 1 1 0 0 23556 6 23556 6 0 0 0 0 1 1 1 1 0 0 23556 6 23556 6 0 0 0 0 1 1 1 1 0 0 23556 6 23556 6 0 0 0 0 1 1 1 1 0 0 23556 6 23556 6 0 0 0 0 1 1 1 1 0 0 23556 6 23556 6 0 0 0 0 1 1 1 1 0 0 23556 6 23556 6 0 0 0 0
10 0 1000 0 0 1000 0 1000 2 2 2 2 0 0 25858 95 0 0 290 1 25568 94 2 2 2 2 0 0 25858 95 0 0 290 1 25568 94 2 2 2 2 0 0 25858 95 0 0 290 1 25568 94 2 2 2 2 0 0 25858 95 0 0 290 1 25568 94 2 2 2 2 0 0 25858 95 0 0 290 1 25568 94 2 2 2 2 0 0 25858 95 0 0 290 1 25568 94
11 0 1000 0 0 1000 0 1000 2 2 2 2 0 0 0 0 0 0 0 0 0 0 2 2 2 2 0 0 0 0 0 0 0 0 0 0 2 2 2 2 0 0 0 0 0 0 0 0 0 0 2 2 2 2 0 0 0 0 0 0 0 0 0 0 2 2 2 2 0 0 0 0 0 0 0 0 0 0 2 2 2 2 0 0 0 0 0 0 0 0 0 0
12 0 1000 0 0 1000 0 1000 2 2 2 2 0 0 0 0 0 0 0 0 0 0 2 2 2 2 0 0 0 0 0 0 0 0 0 0 2 2 2 2 0 0 0 0 0 0 0 0 0 0 2 2 2 2 0 0 0 0 0 0 0 0 0 0 2 2 2 2 0 0 0 0 0 0 0 0 0 0 2 2 2 2 0 0 0 0 0 0 0 0 0 0
13 0 1000 0 0 1000 0 1000 2 2 2 2 0 0 20676 6 20676 6 0 0 0 0 2 2 2 2 0 0 20676 6 20676 6 0 0 0 0 2 2 2 2 0 0 20676 6 20676 6 0 0 0 0 2 2 2 2 0 0 20676 6 20676 6 0 0 0 0 2 2 2 2 0 0 20676 6 20676 6 0 0 0 0 2 2 2 2 0 0 20676 6 20676 6 0 0 0 0
14 0 1000 0 0 1000 0 1000 3 3 3 3 0 0 27762 102 0 0 290 1 27472 101 3 3 3 3 0 0 27762 102 0 0 290 1 27472 101 3 3 3 3 0 0 27762 102 0 0 290 1 27472 101 3 3 3 3 0 0 27762 102 0 0 290 1 27472 101 3 3 3 3 0 0 27762 102 0 0 290 1 27472 101 3 3 3 3 0 0 27762 102 0 0 290 1 27472 101
15 0 1000 0 0 1000 0 1000 3 3 3 3 0 0 0 0 0 0 0 0 0 0 3 3 3 3 0 0 0 0 0 0 0 0 0 0 3 3 3 3 0 0 0 0 0 0 0 0 0 0 3 3 3 3 0 0 0 0 0 0 0 0 0 0 3 3 3 3 0 0 0 0 0 0 0 0 0 0 3 3 3 3 0 0 0 0 0 0 0 0 0 0
16 0 1000 0 0 1000 0 1000 3 3 3 3 0 0 0 0 0 0 0 0 0 0 3 3 3 3 0 0 0 0 0 0 0 0 0 0 3 3 3 3 0 0 0 0 0 0 0 0 0 0 3 3 3 3 0 0 0 0 0 0 0 0 0 0 3 3 3 3 0 0 0 0 0 0 0 0 0 0 3 3 3 3 0 0 0 0 0 0 0 0 0 0
17 0 1000 0 0 1000 0 1000 3 3 3 3 0 0 33027 9 33027 9 0 0 0 0 3 3 3 3 0 0 33027 9 33027 9 0 0 0 0 3 3 3 3 0 0 33027 9 33027 9 0 0 0 0 3 3 3 3 0 0 33027 9 33027 9 0 0 0 0 3 3 3 3 0 0 33027 9 33027 9 0 0 0 0 3 3 3 3 0 0 33027 9 33027 9 0 0 0 0
18 0 1000 0 0 1000 0 1000 4 4 4 4 0 0 28032 103 0 0 288 1 27744 102 4 4 4 4 0 0 28032 103 0 0 288 1 27744 102 4 4 4 4 0 0 28032 103 0 0 288 1 27744 102 4 4 4 4 0 0 28032 103 0 0 288 1 27744 102 4 4 4 4 0 0 28032 103 0 0 288 1 27744 102 4 4 4 4 0 0 28032 103 0 0 288 1 27744 102
19 0 1000 0 0 1000 0 1000 4 4 4 4 0 0 0 0 0 0 0 0 0 0 4 4 4 4 0 0 0 0 0 0 0 0 0 0 4 4 4 4 0 0 0 0 0 0 0 0 0 0 4 4 4 4 0 0 0 0 0 0 0 0 0 0 4 4 4 4 0 0 0 0 0 0 0 0 0 0 4 4 4 4 0 0 0 0 0 0 0 0 0 0
20 0 1000 0 0 1000 0 1000 4 4 4 4 0 0 0 0 0 0 0 0 0 0 4 4 4 4 0 0 0 0 0 0 0 0 0 0 4 4 4 4 0 0 0 0 0 0 0 0 0 0 4 4 4 4 0 0 0 0 0 0 0 0 0 0 4 4 4 4 0 0 0 0 0 0 0 0 0 0 4 4 4 4 0 0 0 0 0 0 0 0 0 0
21 0 1000 0 0 1000 0 1000 4 4 4 4 0 0 18510 5 18510 5 0 0 0 0 4 4 4 4 0 0 18510 5 18510 5 0 0 0 0 4 4 4 4 0 0 18510 5 18510 5 0 0 0 0 4 4 4 4 0 0 18510 5 18510 5 0 0 0 0 4 4 4 4 0 0 18510 5 18510 5 0 0 0 0 4 4 4 4 0 0 18510 5 18510 5 0 0 0 0
22 0 1000 0 0 1000 0 1000 5 5 5 5 0 0 28578 105 0 0 290 1 28288 104 5 5 5 5 0 0 28578 105 0 0 290 1 28288 104 5 5 5 5 0 0 28578 105 0 0 290 1 28288 104 5 5 5 5 0 0 28578 105 0 0 290 1 28288 104 5 5 5 5 0 0 28578 105 0 0 290 1 28288 104 5 5 5 5 0 0 28578 105 0 0 290 1 28288 104
23 0 1000 0 0 1000 0 1000 5 5 5 5 0 0 0 0 0 0 0 0 0 0 5 5 5 5 0 0 0 0 0 0 0 0 0 0 5 5 5 5 0 0 0 0 0 0 0 0 0 0 5 5 5 5 0 0 0 0 0 0 0 0 0 0 5 5 5 5 0 0 0 0 0 0 0 0 0 0 5 5 5 5 0 0 0 0 0 0 0 0 0 0
24 0 1000 0 0 1000 0 1000 5 5 5 5 0 0 0 0 0 0 0 0 0 0 5 5 5 5 0 0 0 0 0 0 0 0 0 0 5 5 5 5 0 0 0 0 0 0 0 0 0 0 5 5 5 5 0 0 0 0 0 0 0 0 0 0 5 5 5 5 0 0 0 0 0 0 0 0 0 0 5 5 5 5 0 0 0 0 0 0 0 0 0 0
25 0 1000 0 0 1000 0 1000 5 5 5 5 0 0 26361 7 26361 7 0 0 0 0 5 5 5 5 0 0 26361 7 26361 7 0 0 0 0 5 5 5 5 0 0 26361 7 26361 7 0 0 0 0 5 5 5 5 0 0 26361 7 26361 7 0 0 0 0 5 5 5 5 0 0 26361 7 26361 7 0 0 0 0 5 5 5 5 0 0 26361 7 26361 7 0 0 0 0
26 0 1000 0 0 1000 0 1000 6 6 6 6 0 0 23681 87 0 0 289 1 23392 86 6 6 6 6 0 0 23681 87 0 0 289 1 23392 86 6 6 6 6 0 0 23681 87 0 0 289 1 23392 86 6 6 6 6 0 0 23681 87 0 0 289 1 23392 86 6 6 6 6 0 0 23681 87 0 0 289 1 23392 86 6 6 6 6 0 0 23681 87 0 0 289 1 23392 86
27 0 1000 0 0 1000 0 1000 6 6 6 6 0 0 0 0 0 0 0 0 0 0 6 6 6 6 0 0 0 0 0 0 0 0 0 0 6 6 6 6 0 0 0 0 0 0 0 0 0 0 6 6 6 6 0 0 0 0 0 0 0 0 0 0 6 6 6 6 0 0 0 0 0 0 0 0 0 0 6 6 6 6 0 0 0 0 0 0 0 0 0 0
28 0 1000 0 0 1000 0 1000 6 6 6 6 0 0 0 0 0 0 0 0 0 0 6 6 6 6 0 0 0 0 0 0 0 0 0 0 6 6 6 6 0 0 0 0 0 0 0 0 0 0 6 6 6 6 0 0 0 0 0 0 0 0 0 0 6 6 6 6 0 0 0 0 0 0 0 0 0 0 6 6 6 6 0 0 0 0 0 0 0 0 0 0
29 0 1000 0 0 1000 0 1000 6 6 6 6 0 0 22329 7 22329 7 0 0 0 0 6 6 6 6 0 0 22329 7 22329 7 0 0 0 0 6 6 6 6 0 0 22329 7 22329 7 0 0 0 0 6 6 6 6 0 0 22329 7 22329 7 0 0 0 0 6 6 6 6 0 0 22329 7 22329 7 0 0 0 0 6 6 6 6 0 0 22329 7 22329 7 0 0 0 0
30 0 1000 0 0 1000 0 1000 7 7 7 7 0 0 28577 105 0 0 289 1 28288 104 7 7 7 7 0 0 28577 105 0 0 289 1 28288 104 7 7 7 7 0 0 28577 105 0 0 289 1 28288 104 7 7 7 7 0 0 28577 105 0 0 289 1 28288 104 7 7 7 7 0 0 28577 105 0 0 289 1 28288 104 7 7 7 7 0 0 28577 105 0 0 289 1 28288 104
31 0 1000 0 0 1000 0 1000 7 7 7 7 0 0 0 0 0 0 0 0 0 0 7 7 7 7 0 0 0 0 0 0 0 0 0 0 7 7 7 7 0 0 0 0 0 0 0 0 0 0 7 7 7 7 0 0 0 0 0 0 0 0 0 0 7 7 7 7 0 0 0 0 0 0 0 0 0 0 7 7 7 7 0 0 0 0 0 0 0 0 0 0
32 0 1000 0 0 1000 0 1000 7 7 7 7 0 0 0 0 0 0 0 0 0 0 7 7 7 7 0 0 0 0 0 0 0 0 0 0 7 7 7 7 0 0 0 0 0 0 0 0 0 0 7 7 7 7 0 0 0 0 0 0 0 0 0 0 7 7 7 7 0 0 0 0 0 0 0 0 0 0 7 7 7 7 0 0 0 0 0 0 0 0 0 0
33 0 1000 0 0 1000 0 1000 7 7 7 7 0 0 30128 8 30128 8 0 0 0 0 7 7 7 7 0 0 30128 8 30128 8 0 0 0 0 7 7 7 7 0 0 30128 8 30128 8 0 0 0 0 7 7 7 7 0 0 30128 8 30128 8 0 0 0 0 7 7 7 7 0 0 30128 8 30128 8 0 0 0 0 7 7 7 7 0 0 30128 8 30128 8 0 0 0 0
34 0 1000 0 0 1000 0 1000 8 8 8 8 0 0 26674 98 0 0 290 1 26384 97 8 8 8 8 0 0 26674 98 0 0 290 1 26384 97 8 8 8 8 0 0 26674 98 0 0 290 1 26384 97 8 8 8 8 0 0 26674 98 0 0 290 1 26384 97 8 8 8 8 0 0 26674 98 0 0 290 1 26384 97 8 8 8 8 0 0 26674 98 0 0 290 1 26384 97
35 0 1000 0 0 1000 0 1000 8 8 8 8 0 0 0 0 0 0 0 0 0 0 8 8 8 8 0 0 0 0 0 0 0 0 0 0 8 8 8 8 0 0 0 0 0 0 0 0 0 0 8 8 8 8 0 0 0 0 0 0 0 0 0 0 8 8 8 8 0 0 0 0 0 0 0 0 0 0 8 8 8 8 0 0 0 0 0 0 0 0 0 0
36 0 1000 0 0 1000 0 1000 8 8 8 8 0 0 0 0 0 0 0 0 0 0 8 8 8 8 0 0 0 0 0 0 0 0 0 0 8 8 8 8 0 0 0 0 0 0 0 0 0 0 8 8 8 8 0 0 0 0 0 0 0 0 0 0 8 8 8 8 0 0 0 0 0 0 0 0 0 0 8 8 8 8 0 0 0 0 0 0 0 0 0 0
37 0 1000 0 0 1000 0 1000 8 8 8 8 0 0 17710 5 17710 5 0 0 0 0 8 8 8 8 0 0 17710 5 17710 5 0 0 0 0 8 8 8 8 0 0 17710 5 17710 5 0 0 0 0 8 8 8 8 0 0 17710 5 17710 5 0 0 0 0 8 8 8 8 0 0 17710 5 17710 5 0 0 0 0 8 8 8 8 0 0 17710 5 17710 5 0 0 0 0
38 0 1000 0 0 1000 0 1000 9 9 9 9 0 0 31298 115 0 0 290 1 31008 114 9 9 9 9 0 0 31298 115 0 0 290 1 31008 114 9 9 9 9 0 0 31298 115 0 0 290 1 31008 114 9 9 9 9 0 0 31298 115 0 0 290 1 31008 114 9 9 9 9 0 0 31298 115 0 0 290 1 31008 114 9 9 9 9 0 0 31298 115 0 0 290 1 31008 114
39 0 1000 0 0 1000 0 1000 9 9 9 9 0 0 0 0 0 0 0 0 0 0 9 9 9 9 0 0 0 0 0 0 0 0 0 0 9 9 9 9 0 0 0 0 0 0 0 0 0 0 9 9 9 9 0 0 0 0 0 0 0 0 0 0 9 9 9 9 0 0 0 0 0 0 0 0 0 0 9 9 9 9 0 0 0 0 0 0 0 0 0 0
40 0 1000 0 0 1000 0 1000 9 9 9 9 0 0 0 0 0 0 0 0 0 0 9 9 9 9 0 0 0 0 0 0 0 0 0 0 9 9 9 9 0 0 0 0 0 0 0 0 0 0 9 9 9 9 0 0 0 0 0 0 0 0 0 0 9 9 9 9 0 0 0 0 0 0 0 0 0 0 9 9 9 9 0 0 0 0 0 0 0 0 0 0
41 0 1000 0 0 1000 0 1000 9 9 9 9 0 0 44956 11 44956 11 0 0 0 0 9 9 9 9 0 0 44956 11 44956 11 0 0 0 0 9 9 9 9 0 0 44956 11 44956 11 0 0 0 0 9 9 9 9 0 0 44956 11 44956 11 0 0 0 0 9 9 9 9 0 0 44956 11 44956 11 0 0 0 0 9 9 9 9 0 0 44956 11 44956 11 0 0 0 0
42 0 1000 0 0 1000 0 1000 10 10 10 10 0 0 23955 88 0 0 291 1 23664 87 10 10 10 10 0 0 23955 88 0 0 291 1 23664 87 10 10 10 10 0 0 23955 88 0 0 291 1 23664 87 10 10 10 10 0 0 23955 88 0 0 291 1 23664 87 10 10 10 10 0 0 23955 88 0 0 291 1 23664 87 10 10 10 10 0 0 23955 88 0 0 291 1 23664 87
43 0 1000 0 0 1000 0 1000 10 10 10 10 0 0 0 0 0 0 0 0 0 0 10 10 10 10 0 0 0 0 0 0 0 0 0 0 10 10 10 10 0 0 0 0 0 0 0 0 0 0 10 10 10 10 0 0 0 0 0 0 0 0 0 0 10 10 10 10 0 0 0 0 0 0 0 0 0 0 10 10 10 10 0 0 0 0 0 0 0 0 0 0
44 0 1000 0 0 1000 0 1000 10 10 10 10 0 0 0 0 0 0 0 0 0 0 10 10 10 10 0 0 0 0 0 0 0 0 0 0 10 10 10 10 0 0 0 0 0 0 0 0 0 0 10 10 10 10 0 0 0 0 0 0 0 0 0 0 10 10 10 10 0 0 0 0 0 0 0 0 0 0 10 10 10 10 0 0 0 0 0 0 0 0 0 0
45 0 1000 0 0 1000 0 1000 10 10 10 10 0 0 19338 6 19338 6 0 0 0 0 10 10 10 10 0 0 19338 6 19338 6 0 0 0 0 10 10 10 10 0 0 19338 6 19338 6 0 0 0 0 10 10 10 10 0 0 19338 6 19338 6 0 0 0 0 10 10 10 10 0 0 19338 6 19338 6 0 0 0 0 10 10 10 10 0 0 19338 6 19338 6 0 0 0 0
46 0 1000 0 0 1000 0 1000 11 11 11 11 0 0 25315 93 0 0 291 1 25024 92 11 11 11 11 0 0 25315 93 0 0 291 1 25024 92 11 11 11 11 0 0 25315 93 0 0 291 1 25024 92 11 11 11 11 0 0 25315 93 0 0 291 1 25024 92 11 11 11 11 0 0 25315 93 0 0 291 1 25024 92 11 11 11 11 0 0 25315 93 0 0 291 1 25024 92
47 0 1000 0 0 1000 0 1000 11 11 11 11 1 1 0 0 0 0 0 0 0 0 11 11 11 11 1 1 0 0 0 0 0 0 0 0 11 11 11 11 1 1 0 0 0 0 0 0 0 0 11 11 11 11 1 1 0 0 0 0 0 0 0 0 11 11 11 11 1 1 0 0 0 0 0 0 0 0 11 11 11 11 1 1 0 0 0 0 0 0 0 0
48 0 1000 0 0 1000 0 1000 11 11 11 11 1 1 0 0 0 0 0 0 0 0 11 11 11 11 1 1 0 0 0 0 0 0 0 0 11 11 11 11 1 1 0 0 0 0 0 0 0 0 11 11 11 11 1 1 0 0 0 0 0 0 0 0 11 11 11 11 1 1 0 0 0 0 0 0 0 0 11 11 11 11 1 1 0 0 0 0 0 0 0 0
49 0 1000 0 0 1000 0 1000 11 11 11 11 1 1 64272 19 64272 19 0 0 0 0 11 11 11 11 1 1 64272 19 64272 19 0 0 0 0 11 11 11 11 1 1 64272 19 64272 19 0 0 0 0 11 11 11 11 1 1 64272 19 64272 19 0 0 0 0 11 11 11 11 1 1 64272 19 64272 19 0 0 0 0 11 11 11 11 1 1 64272 19 64272 19 0 0 0 0
50 0 1000 0 0 1000 0 1000 12 12 12 12 1 1 26403 97 0 0 291 1 26112 96 12 12 12 12 1 1 26403 97 0 0 291 1 26112 96 12 12 12 12 1 1 26403 97 0 0 291 1 26112 96 12 12 12 12 1 1 26403 97 0 0 291 1 26112 96 12 12 12 12 1 1 26403 97 0 0 291 1 26112 96 12 12 12 12 1 1 26403 97 0 0 291 1 26112 96
51 0 1000 0 0 1000 0 1000 12 12 12 12 2 2 0 0 0 0 0 0 0 0 12 12 12 12 2 2 0 0 0 0 0 0 0 0 12 12 12 12 2 2 0 0 0 0 0 0 0 0 12 12 12 12 2 2 0 0 0 0 0 0 0 0 12 12 12 12 2 2 0 0 0 0 0 0 0 0 12 12 12 12 2 2 0 0 0 0 0 0 0 0
52 0 1000 0 0 1000 0 1000 12 12 12 12 2 2 0 0 0 0 0 0 0 0 12 12 12 12 2 2 0 0 0 0 0 0 0 0 12 12 12 12 2 2 0 0 0 0 0 0 0 0 12 12 12 12 2 2 0 0 0 0 0 0 0 0 12 12 12 12 2 2 0 0 0 0 0 0 0 0 12 12 12 12 2 2 0 0 0 0 0 0 0 0
53 0 1000 0 0 1000 0 1000 12 12 12 12 2 2 28088 8 28088 8 0 0 0 0 12 12 12 12 2 2 28088 8 28088 8 0 0 0 0 12 12 12 12 2 2 28088 8 28088 8 0 0 0 0 12 12 12 12 2 2 28088 8 28088 8 0 0 0 0 12 12 12 12 2 2 28088 8 28088 8 0 0 0 0 12 12 12 12 2 2 28088 8 28088 8 0 0 0 0
54 0 1000 0 0 1000 0 1000 13 13 13 13 2 2 26403 97 0 0 291 1 26112 96 13 13 13 13 2 2 26403 97 0 0 291 1 26112 96 13 13 13 13 2 2 26403 97 0 0 291 1 26112 96 13 13 13 13 2 2 26403 97 0 0 291 1 26112 96 13 13 13 13 2 2 26403 97 0 0 291 1 26112 96 13 13 13 13 2 2 26403 97 0 0 291 1 26112 96
55 0 1000 0 0 1000 0 1000 13 13 13 13 3 3 0 0 0 0 0 0 0 0 13 13 13 13 3 3 0 0 0 0 0 0 0 0 13 13 13 13 3 3 0 0 0 0 0 0 0 0 13 13 13 13 3 3 0 0 0 0 0 0 0 0 13 13 13 13 3 3 0 0 0 0 0 0 0 0 13 13 13 13 3 3 0 0 0 0 0 0 0 0
56 0 1000 0 0 1000 0 1000 13 13 13 13 3 3 0 0 0 0 0 0 0 0 13 13 13 13 3 3 0 0 0 0 0 0 0 0 13 13 13 13 3 3 0 0 0 0 0 0 0 0 13 13 13 13 3 3 0 0 0 0 0 0 0 0 13 13 13 13 3 3 0 0 0 0 0 0 0 0 13 13 13 13 3 3 0 0 0 0 0 0 0 0
57 0 1000 0 0 1000 0 1000 13 13 13 13 3 3 21066 6 21066 6 0 0 0 0 13 13 13 13 3 3 21066 6 21066 6 0 0 0 0 13 13 13 13 3 3 21066 6 21066 6 0 0 0 0 13 13 13 13 3 3 21066 6 21066 6 0 0 0 0 13 13 13 13 3 3 21066 6 21066 6 0 0 0 0 13 13 13 13 3 3 21066 6 21066 6 0 0 0 0
58 0 1000 0 0 1000 0 1000 14 14 14 14 3 3 28307 104 0 0 291 1 28016 103 14 14 14 14 3 3 28307 104 0 0 291 1 28016 103 14 14 14 14 3 3 28307 104 0 0 291 1 28016 103 14 14 14 14 3 3 28307 104 0 0 291 1 28016 103 14 14 14 14 3 3 28307 104 0 0 291 1 28016 103 14 14 14 14 3 3 28307 104 0 0 291 1 28016 103
59 0 1000 0 0 1000 0 1000 14 14 14 14 4 4 0 0 0 0 0 0 0 0 14 14 14 14 4 4 0 0 0 0 0 0 0 0 14 14 14 14 4 4 0 0 0 0 0 0 0 0 14 14 14 14 4 4 0 0 0 0 0 0 0 0 14 14 14 14 4 4 0 0 0 0 0 0 0 0 14 14 14 14 4 4 0 0 0 0 0 0 0 0
60 0 1000 0 0 1000 0 1000 14 14 14 14 4 4 0 0 0 0 0 0 0 0 14 14 14 14 4 4 0 0 0 0 0 0 0 0 14 14 14 14 4 4 0 0 0 0 0 0 0 0 14 14 14 14 4 4 0 0 0 0 0 0 0 0 14 14 14 14 4 4 0 0 0 0 0 0 0 0 14 14 14 14 4 4 0 0 0 0 0 0 0 0
61 0 1000 0 0 1000 0 1000 14 14 14 14 4 4 14940 4 14940 4 0 0 0 0 14 14 14 14 4 4 14940 4 14940 4 0 0 0 0 14 14 14 14 4 4 14940 4 14940 4 0 0 0 0 14 14 14 14 4 4 14940 4 14940 4 0 0 0 0 14 14 14 14 4 4 14940 4 14940 4 0 0 0 0 14 14 14 14 4 4 14940 4 14940 4 0 0 0 0
62 0 1000 0 0 1000 0 1000 15 15 15 15 4 4 28579 105 0 0 291 1 28288 104 15 15 15 15 4 4 28579 105 0 0 291 1 28288 104 15 15 15 15 4 4 28579 105 0 0 291 1 28288 104 15 15 15 15 4 4 28579 105 0 0 291 1 28288 104 15 15 15 15 4 4 28579 105 0 0 291 1 28288 104 15 15 15 15 4 4 28579 105 0 0 291 1 28288 104
63 0 1000 0 0 1000 0 1000 15 15 15 15 5 5 0 0 0 0 0 0 0 0 15 15 15 15 5 5 0 0 0 0 0 0 0 0 15 15 15 15 5 5 0 0 0 0 0 0 0 0 15 15 15 15 5 5 0 0 0 0 0 0 0 0 15 15 15 15 5 5 0 0 0 0 0 0 0 0 15 15 15 15 5 5 0 0 0 0 0 0 0 0
64 0 1000 0 0 1000 0 1000 15 15 15 15 5 5 0 0 0 0 0 0 0 0 15 15 15 15 5 5 0 0 0 0 0 0 0 0 15 15 15 15 5 5 0 0 0 0 0 0 0 0 15 15 15 15 5 5 0 0 0 0 0 0 0 0 15 15 15 15 5 5 0 0 0 0 0 0 0 0 15 15 15 15 5 5 0 0 0 0 0 0 0 0
65 900 100 900 0 100 0 1000 15 15 15 15 5 5 30135 8 30135 8 0 0 0 0 15 15 15 15 5 5 30135 8 30135 8 0 0 0 0 15 15 15 15 5 5 30135 8 30135 8 0 0 0 0 15 15 15 15 5 5 30135 8 30135 8 0 0 0 0 15 15 15 15 5 5 30135 8 30135 8 0 0 0 0 15 15 15 15 5 5 30135 8 30135 8 0 0 0 0
66 900 100 900 0 100 0 1000 15 15 15 15 5 5 3011 11 0 0 291 1 2720 10 15 15 15 15 5 5 3011 11 0 0 291 1 2720 10 15 15 15 15 5 5 3011 11 0 0 291 1 2720 10 15 15 15 15 5 5 3011 11 0 0 291 1 2720 10 15 15 15 15 5 5 3011 11 0 0 291 1 2720 10 15 15 15 15 5 5 3011 11 0 0 291 1 2720 10
67 900 100 900 0 100 0 1000 15 15 15 15 5 5 0 0 0 0 0 0 0 0 15 15 15 15 5 5 0 0 0 0 0 0 0 0 15 15 15 15 5 5 0 0 0 0 0 0 0 0 15 15 15 15 5 5 0 0 0 0 0 0 0 0 15 15 15 15 5 5 0 0 0 0 0 0 0 0 15 15 15 15 6 6 0 0 0 0 0 0 0 0
68 900 100 900 0 100 0 1000 15 15 15 15 5 5 0 0 0 0 0 0 0 0 15 15 15 15 5 5 0 0 0 0 0 0 0 0 15 15 15 15 5 5 0 0 0 0 0 0 0 0 15 15 15 15 5 5 0 0 0 0 0 0 0 0 15 15 15 15 5 5 0 0 0 0 0 0 0 0 15 15 15 15 6 6 0 0 0 0 0 0 0 0
69 900 100 900 0 100 0 1000 15 15 15 15 5 5 758 1 758 1 0 0 0 0 15 15 15 15 5 5 758 1 758 1 0 0 0 0 15 15 15 15 5 5 758 1 758 1 0 0 0 0 15 15 15 15 5 5 758 1 758 1 0 0 0 0 15 15 15 15 5 5 758 1 758 1 0 0 0 0 15 15 15 15 6 6 758 1 758 1 0 0 0 0
70 900 100 900 0 100 0 1000 15 15 15 15 5 5 3282 12 0 0 290 1 2992 11 15 15 15 15 5 5 3282 12 0 0 290 1 2992 11 15 15 15 15 5 5 3282 12 0 0 290 1 2992 11 15 15 15 15 5 5 3282 12 0 0 290 1 2992 11 15 15 15 15 5 5 3282 12 0 0 290 1 2992 11 15 15 15 15 6 6 3282 12 0 0 290 1 2992 11
71 900 100 900 0 100 0 1000 15 15 15 15 5 5 0 0 0 0 0 0 0 0 15 15 15 15 5 5 0 0 0 0 0 0 0 0 15 15 15 15 5 5 0 0 0 0 0 0 0 0 15 15 15 15 5 5 0 0 0 0 0 0 0 0 15 15 15 15 5 5 0 0 0 0 0 0 0 0 15 15 15 15 7 7 0 0 0 0 0 0 0 0
72 900 100 900 0 100 0 1000 15 15 15 15 5 5 0 0 0 0 0 0 0 0 15 15 15 15 5 5 0 0 0 0 0 0 0 0 15 15 15 15 5 5 0 0 0 0 0 0 0 0 15 15 15 15 5 5 0 0 0 0 0 0 0 0 15 15 15 15 5 5 0 0 0 0 0 0 0 0 15 15 15 15 7 7 0 0 0 0 0 0 0 0
73 900 100 900 0 100 0 1000 15 15 15 15 5 5 791 1 791 1 0 0 0 0 15 15 15 15 5 5 791 1 791 1 0 0 0 0 15 15 15 15 5 5 791 1 791 1 0 0 0 0 15 15 15 15 5 5 791 1 791 1 0 0 0 0 15 15 15 15 5 5 791 1 791 1 0 0 0 0 15 15 15 15 7 7 791 1 791 1 0 0 0 0
74 900 100 900 0 100 0 1000 15 15 15 15 5 5 1651 6 0 0 291 1 1360 5 15 15 15 15 5 5 1651 6 0 0 291 1 1360 5 15 15 15 15 5 5 1651 6 0 0 291 1 1360 5 15 15 15 15 5 5 1651 6 0 0 291 1 1360 5 15 15 15 15 5 5 1651 6 0 0 291 1 1360 5 15 15 15 15 7 7 1651 6 0 0 291 1 1360 5
75 900 100 900 0 100 0 1000 15 15 15 15 5 5 0 0 0 0 0 0 0 0 15 15 15 15 5 5 0 0 0 0 0 0 0 0 15 15 15 15 5 5 0 0 0 0 0 0 0 0 15 15 15 15 5 5 0 0 0 0 0 0 0 0 15 15 15 15 5 5 0 0 0 0 0 0 0 0 15 15 15 15 8 8 0 0 0 0 0 0 0 0
76 900 100 900 0 100 0 1000 15 15 15 15 5 5 0 0 0 0 0 0 0 0 15 15 15 15 5 5 0 0 0 0 0 0 0 0 15 15 15 15 5 5 0 0 0 0 0 0 0 0 15 15 15 15 5 5 0 0 0 0 0 0 0 0 15 15 15 15 5 5 0 0 0 0 0 0 0 0 15 15 15 15 8 8 0 0 0 0 0 0 0 0
77 900 100 900 0 100 0 1000 15 15 15 15 5 5 0 0 0 0 0 0 0 0 15 15 15 15 5 5 0 0 0 0 0 0 0 0 15 15 15 15 5 5 0 0 0 0 0 0 0 0 15 15 15 15 5 5 0 0 0 0 0 0 0 0 15 15 15 15 5 5 0 0 0 0 0 0 0 0 15 15 15 15 8 8 0 0 0 0 0 0 0 0
78 900 100 900 0 100 0 1000 15 15 15 15 5 5 2992 11 0 0 0 0 2992 11 15 15 15 15 5 5 2992 11 0 0 0 0 2992 11 15 15 15 15 5 5 2992 11 0 0 0 0 2992 11 15 15 15 15 5 5 2992 11 0 0 0 0 2992 11 15 15 15 15 5 5 2992 11 0 0 0 0 2992 11 15 15 15 15 8 8 2992 11 0 0 0 0 2992 11
79 900 100 900 0 100 0 1000 15 15 15 15 5 5 0 0 0 0 0 0 0 0 15 15 15 15 5 5 0 0 0 0 0 0 0 0 15 15 15 15 5 5 0 0 0 0 0 0 0 0 15 15 15 15 5 5 0 0 0 0 0 0 0 0 15 15 15 15 5 5 0 0 0 0 0 0 0 0 15 15 15 15 9 9 0 0 0 0 0 0 0 0
80 900 100 900 0 100 0 1000 15 15 15 15 5 5 0 0 0 0 0 0 0 0 15 15 15 15 5 5 0 0 0 0 0 0 0 0 15 15 15 15 5 5 0 0 0 0 0 0 0 0 15 15 15 15 5 5 0 0 0 0 0 0 0 0 15 15 15 15 5 5 0 0 0 0 0 0 0 0 15 15 15 15 9 9 0 0 0 0 0 0 0 0
81 900 100 900 0 100 0 1000 15 15 15 15 5 5 0 0 0 0 0 0 0 0 15 15 15 15 5 5 0 0 0 0 0 0 0 0 15 15 15 15 5 5 0 0 0 0 0 0 0 0 15 15 15 15 5 5 0 0 0 0 0 0 0 0 15 15 15 15 5 5 0 0 0 0 0 0 0 0 15 15 15 15 9 9 0 0 0 0 0 0 0 0
82 900 100 900 0 100 0 1000 15 15 15 15 5 5 2448 9 0 0 0 0 2448 9 15 15 15 15 5 5 2448 9 0 0 0 0 2448 9 15 15 15 15 5 5 2448 9 0 0 0 0 2448 9 15 15 15 15 5 5 2448 9 0 0 0 0 2448 9 15 15 15 15 5 5 2448 9 0 0 0 0 2448 9 15 15 15 15 9 9 2448 9 0 0 0 0 2448 9
83 900 100 900 0 100 0 1000 15 15 15 15 5 5 0 0 0 0 0 0 0 0 15 15 15 15 5 5 0 0 0 0 0 0 0 0 15 15 15 15 5 5 0 0 0 0 0 0 0 0 15 15 15 15 5 5 0 0 0 0 0 0 0 0 15 15 15 15 5 5 0 0 0 0 0 0 0 0 15 15 15 15 10 10 0 0 0 0 0 0 0 0
84 900 100 900 0 100 0 1000 15 15 15 15 5 5 0 0 0 0 0 0 0 0 15 15 15 15 5 5 0 0 0 0 0 0 0 0 15 15 15 15 5 5 0 0 0 0 0 0 0 0 15 15 15 15 5 5 0 0 0 0 0 0 0 0 15 15 15 15 5 5 0 0 0 0 0 0 0 0 15 15 15 15 10 10 0 0 0 0 0 0 0 0
85 900 100 900 0 100 0 1000 15 15 15 15 5 5 1454 2 1454 2 0 0 0 0 15 15 15 15 5 5 1454 2 1454 2 0 0 0 0 15 15 15 15 5 5 1454 2 1454 2 0 0 0 0 15 15 15 15 5 5 1454 2 1454 2 0 0 0 0 15 15 15 15 5 5 1454 2 1454 2 0 0 0 0 15 15 15 15 10 10 1454 2 1454 2 0 0 0 0
86 900 100 900 0 100 0 1000 15 15 15 15 5 5 4371 16 0 0 291 1 4080 15 15 15 15 15 5 5 4371 16 0 0 291 1 4080 15 15 15 15 15 5 5 4371 16 0 0 291 1 4080 15 15 15 15 15 5 5 4371 16 0 0 291 1 4080 15 15 15 15 15 5 5 4371 16 0 0 291 1 4080 15 15 15 15 15 10 10 4371 16 0 0 291 1 4080 15
87 900 100 900 0 100 0 1000 15 15 15 15 5 5 0 0 0 0 0 0 0 0 15 15 15 15 5 5 0 0 0 0 0 0 0 0 15 15 15 15 5 5 0 0 0 0 0 0 0 0 15 15 15 15 5 5 0 0 0 0 0 0 0 0 15 15 15 15 5 5 0 0 0 0 0 0 0 0 15 15 15 15 11 11 0 0 0 0 0 0 0 0
88 900 100 900 0 100 0 1000 15 15 15 15 5 5 0 0 0 0 0 0 0 0 15 15 15 15 5 5 0 0 0 0 0 0 0 0 15 15 15 15 5 5 0 0 0 0 0 0 0 0 15 15 15 15 5 5 0 0 0 0 0 0 0 0 15 15 15 15 5 5 0 0 0 0 0 0 0 0 15 15 15 15 11 11 0 0 0 0 0 0 0 0
89 900 100 900 0 100 0 1000 15 15 15 15 5 5 0 0 0 0 0 0 0 0 15 15 15 15 5 5 0 0 0 0 0 0 0 0 15 15 15 15 5 5 0 0 0 0 0 0 0 0 15 15 15 15 5 5 0 0 0 0 0 0 0 0 15 15 15 15 5 5 0 0 0 0 0 0 0 0 15 15 15 15 11 11 0 0 0 0 0 0 0 0
90 900 100 900 0 100 0 1000 15 15 15 15 5 5 2448 9 0 0 0 0 2448 9 15 15 15 15 5 5 2448 9 0 0 0 0 2448 9 15 15 15 15 5 5 2448 9 0 0 0 0 2448 9 15 15 15 15 5 5 2448 9 0 0 0 0 2448 9 15 15 15 15 5 5 2448 9 0 0 0 0 2448 9 15 15 15 15 11 11 2448 9 0 0 0 0 2448 9
91 900 100 900 0 100 0 1000 15 15 15 15 5 5 0 0 0 0 0 0 0 0 15 15 15 15 5 5 0 0 0 0 0 0 0 0 15 15 15 15 5 5 0 0 0 0 0 0 0 0 15 15 15 15 5 5 0 0 0 0 0 0 0 0 15 15 15 15 5 5 0 0 0 0 0 0 0 0 15 15 15 15 12 12 0 0 0 0 0 0 0 0
92 900 100 900 0 100 0 1000 15 15 15 15 5 5 0 0 0 0 0 0 0 0 15 15 15 15 5 5 0 0 0 0 0 0 0 0 15 15 15 15 5 5 0 0 0 0 0 0 0 0 15 15 15 15 5 5 0 0 0 0 0 0 0 0 15 15 15 15 5 5 0 0 0 0 0 0 0 0 15 15 15 15 12 12 0 0 0 0 0 0 0 0
93 900 100 900 0 100 0 1000 15 15 15 15 5 5 0 0 0 0 0 0 0 0 15 15 15 15 5 5 0 0 0 0 0 0 0 0 15 15 15 15 5 5 0 0 0 0 0 0 0 0 15 15 15 15 5 5 0 0 0 0 0 0 0 0 15 15 15 15 5 5 0 0 0 0 0 0 0 0 15 15 15 15 12 12 0 0 0 0 0 0 0 0
94 900 100 900 0 100 0 1000 15 15 15 15 5 5 1632 6 0 0 0 0 1632 6 15 15 15 15 5 5 1632 6 0 0 0 0 1632 6 15 15 15 15 5 5 1632 6 0 0 0 0 1632 6 15 15 15 15 5 5 1632 6 0 0 0 0 1632 6 15 15 15 15 5 5 1632 6 0 0 0 0 1632 6 15 15 15 15 12 12 1632 6 0 0 0 0 1632 6
95 900 100 900 0 100 0 1000 15 15 15 15 5 5 0 0 0 0 0 0 0 0 15 15 15 15 5 5 0 0 0 0 0 0 0 0 15 15 15 15 5 5 0 0 0 0 0 0 0 0 15 15 15 15 5 5 0 0 0 0 0 0 0 0 15 15 15 15 5 5 0 0 0 0 0 0 0 0 15 15 15 15 13 13 0 0 0 0 0 0 0 0
96 900 100 900 0 100 0 1000 15 15 15 15 5 5 0 0 0 0 0 0 0 0 15 15 15 15 5 5 0 0 0 0 0 0 0 0 15 15 15 15 5 5 0 0 0 0 0 0 0 0 15 15 15 15 5 5 0 0 0 0 0 0 0 0 15 15 15 15 5 5 0 0 0 0 0 0 0 0 15 15 15 15 13 13 0 0 0 0 0 0 0 0
97 900 100 900 0 100 0 1000 15 15 15 15 5 5 1262 2 1262 2 0 0 0 0 15 15 15 15 5 5 1262 2 1262 2 0 0 0 0 15 15 15 15 5 5 1262 2 1262 2 0 0 0 0 15 15 15 15 5 5 1262 2 1262 2 0 0 0 0 15 15 15 15 5 5 1262 2 1262 2 0 0 0 0 15 15 15 15 13 13 1262 2 1262 2 0 0 0 0
98 900 100 900 0 100 0 1000 15 15 15 15 5 5 3011 11 0 0 291 1 2720 10 15 15 15 15 5 5 3011 11 0 0 291 1 2720 10 15 15 15 15 5 5 3011 11 0 0 291 1 2720 10 15 15 15 15 5 5 3011 11 0 0 291 1 2720 10 15 15 15 15 5 5 3011 11 0 0 291 1 2720 10 15 15 15 15 13 13 3011 11 0 0 291 1 2720 10
99 900 100 900 0 100 0 1000 15 15 15 15 5 5 0 0 0 0 0 0 0 0 15 15 15 15 5 5 0 0 0 0 0 0 0 0 15 15 15 15 5 5 0 0 0 0 0 0 0 0 15 15 15 15 5 5 0 0 0 0 0 0 0 0 15 15 15 15 5 5 0 0 0 0 0 0 0 0 15 15 15 15 14 14 0 0 0 0 0 0 0 0
100 900 100 900 0 100 0 1000 15 15 15 15 5 5 0 0 0 0 0 0 0 0 15 15 15 15 5 5 0 0 0 0 0 0 0 0 15 15 15 15 5 5 0 0 0 0 0 0 0 0 15 15 15 15 5 5 0 0 0 0 0 0 0 0 15 15 15 15 5 5 0 0 0 0 0 0 0 0 15 15 15 15 14 14 0 0 0 0 0 0 0 0
101 900 100 900 0 100 0 1000 15 15 15 15 5 5 0 0 0 0 0 0 0 0 15 15 15 15 5 5 0 0 0 0 0 0 0 0 15 15 15 15 5 5 0 0 0 0 0 0 0 0 15 15 15 15 5 5 0 0 0 0 0 0 0 0 15 15 15 15 5 5 0 0 0 0 0 0 0 0 15 15 15 15 14 14 0 0 0 0 0 0 0 0
102 900 100 900 0 100 0 1000 15 15 15 15 5 5 3264 12 0 0 0 0 3264 12 15 15 15 15 5 5 3264 12 0 0 0 0 3264 12 15 15 15 15 5 5 3264 12 0 0 0 0 3264 12 15 15 15 15 5 5 3264 12 0 0 0 0 3264 12 15 15 15 15 5 5 3264 12 0 0 0 0 3264 12 15 15 15 15 14 14 3264 12 0 0 0 0 3264 12
103 900 100 900 0 100 0 1000 15 15 15 15 5 5 0 0 0 0 0 0 0 0 15 15 15 15 5 5 0 0 0 0 0 0 0 0 15 15 15 15 5 5 0 0 0 0 0 0 0 0 15 15 15 15 5 5 0 0 0 0 0 0 0 0 15 15 15 15 5 5 0 0 0 0 0 0 0 0 15 15 15 15 15 15 0 0 0 0 0 0 0 0
104 900 100 900 0 100 0 1000 15 15 15 15 5 5 0 0 0 0 0 0 0 0 15 15 15 15 5 5 0 0 0 0 0 0 0 0 15 15 15 15 5 5 0 0 0 0 0 0 0 0 15 15 15 15 5 5 0 0 0 0 0 0 0 0 15 15 15 15 5 5 0 0 0 0 0 0 0 0 15 15 15 15 15 15 0 0 0 0 0 0 0 0
105 900 100 900 0 100 0 1000 15 15 15 15 5 5 0 0 0 0 0 0 0 0 15 15 15 15 5 5 0 0 0 0 0 0 0 0 15 15 15 15 5 5 0 0 0 0 0 0 0 0 15 15 15 15 5 5 0 0 0 0 0 0 0 0 15 15 15 15 5 5 0 0 0 0 0 0 0 0 15 15 15 15 15 15 0 0 0 0 0 0 0 0
106 900 100 900 0 100 0 1000 15 15 15 15 5 5 3536 13 0 0 0 0 3536 13 15 15 15 15 5 5 3536 13 0 0 0 0 3536 13 15 15 15 15 5 5 3536 13 0 0 0 0 3536 13 15 15 15 15 5 5 3536 13 0 0 0 0 3536 13 15 15 15 15 5 5 3536 13 0 0 0 0 3536 13 15 15 15 15 15 15 3536 13 0 0 0 0 3536 13
107 900 100 900 0 100 0 1000 15 15 15 15 5 5 0 0 0 0 0 0 0 0 15 15 15 15 5 5 0 0 0 0 0 0 0 0 15 15 15 15 5 5 0 0 0 0 0 0 0 0 15 15 15 15 5 5 0 0 0 0 0 0 0 0 15 15 15 15 5 5 0 0 0 0 0 0 0 0 16 16 15 15 16 16 0 0 0 0 0 0 0 0
108 900 100 900 0 100 0 1000 15 15 15 15 5 5 0 0 0 0 0 0 0 0 15 15 15 15 5 5 0 0 0 0 0 0 0 0 15 15 15 15 5 5 0 0 0 0 0 0 0 0 15 15 15 15 5 5 0 0 0 0 0 0 0 0 15 15 15 15 5 5 0 0 0 0 0 0 0 0 16 16 15 15 16 16 0 0 0 0 0 0 0 0
109 900 100 900 0 100 0 1000 15 15 15 15 5 5 1710 2 1710 2 0 0 0 0 15 15 15 15 5 5 1710 2 1710 2 0 0 0 0 15 15 15 15 5 5 1710 2 1710 2 0 0 0 0 15 15 15 15 5 5 1710 2 1710 2 0 0 0 0 15 15 15 15 5 5 1710 2 1710 2 0 0 0 0 16 16 15 15 16 16 1710 2 1710 2 0 0 0 0
110 900 100 900 0 100 0 1000 15 15 15 15 5 5 1651 6 0 0 291 1 1360 5 15 15 15 15 5 5 1651 6 0 0 291 1 1360 5 15 15 15 15 5 5 1651 6 0 0 291 1 1360 5 15 15 15 15 5 5 1651 6 0 0 291 1 1360 5 15 15 15 15 5 5 1651 6 0 0 291 1 1360 5 16 16 15 15 16 16 1651 6 0 0 291 1 1360 5
111 900 100 900 0 100 0 1000 15 15 15 15 5 5 0 0 0 0 0 0 0 0 15 15 15 15 5 5 0 0 0 0 0 0 0 0 15 15 15 15 5 5 0 0 0 0 0 0 0 0 15 15 15 15 5 5 0 0 0 0 0 0 0 0 15 15 15 15 5 5 0 0 0 0 0 0 0 0 17 17 15 15 17 17 0 0 0 0 0 0 0 0
112 900 100 900 0 100 0 1000 15 15 15 15 5 5 0 0 0 0 0 0 0 0 15 15 15 15 5 5 0 0 0 0 0 0 0 0 15 15 15 15 5 5 0 0 0 0 0 0 0 0 15 15 15 15 5 5 0 0 0 0 0 0 0 0 15 15 15 15 5 5 0 0 0 0 0 0 0 0 17 17 15 15 17 17 0 0 0 0 0 0 0 0
113 900 100 900 0 100 0 1000 15 15 15 15 5 5 599 1 599 1 0 0 0 0 15 15 15 15 5 5 599 1 599 1 0 0 0 0 15 15 15 15 5 5 599 1 599 1 0 0 0 0 15 15 15 15 5 5 599 1 599 1 0 0 0 0 15 15 15 15 5 5 599 1 599 1 0 0 0 0 17 17 15 15 17 17 599 1 599 1 0 0 0 0
114 900 100 900 0 100 0 1000 15 15 15 15 5 5 2195 8 0 0 291 1 1904 7 15 15 15 15 5 5 2195 8 0 0 291 1 1904 7 15 15 15 15 5 5 2195 8 0 0 291 1 1904 7 15 15 15 15 5 5 2195 8 0 0 291 1 1904 7 15 15 15 15 5 5 2195 8 0 0 291 1 1904 7 17 17 15 15 17 17 2195 8 0 0 291 1 1904 7
115 900 100 900 0 100 0 1000 15 15 15 15 5 5 0 0 0 0 0 0 0 0 15 15 15 15 5 5 0 0 0 0 0 0 0 0 15 15 15 15 5 5 0 0 0 0 0 0 0 0 15 15 15 15 5 5 0 0 0 0 0 0 0 0 15 15 15 15 5 5 0 0 0 0 0 0 0 0 18 18 15 15 18 18 0 0 0 0 0 0 0 0
116 900 100 900 0 100 0 1000 15 15 15 15 5 5 0 0 0 0 0 0 0 0 15 15 15 15 5 5 0 0 0 0 0 0 0 0 15 15 15 15 5 5 0 0 0 0 0 0 0 0 15 15 15 15 5 5 0 0 0 0 0 0 0 0 15 15 15 15 5 5 0 0 0 0 0 0 0 0 18 18 15 15 18 18 0 0 0 0 0 0 0 0
117 900 100 900 0 100 0 1000 15 15 15 15 5 5 1326 2 1326 2 0 0 0 0 15 15 15 15 5 5 1326 2 1326 2 0 0 0 0 15 15 15 15 5 5 1326 2 1326 2 0 0 0 0 15 15 15 15 5 5 1326 2 1326 2 0 0 0 0 15 15 15 15 5 5 1326 2 1326 2 0 0 0 0 18 18 15 15 18 18 1326 2 1326 2 0 0 0 0
118 900 100 900 0 100 0 1000 15 15 15 15 5 5 3011 11 0 0 291 1 2720 10 15 15 15 15 5 5 3011 11 0 0 291 1 2720 10 15 15 15 15 5 5 3011 11 0 0 291 1 2720 10 15 15 15 15 5 5 3011 11 0 0 291 1 2720 10 15 15 15 15 5 5 3011 11 0 0 291 1 2720 10 18 18 15 15 18 18 3011 11 0 0 291 1 2720 10
119 900 100 900 0 100 0 1000 15 15 15 15 5 5 0 0 0 0 0 0 0 0 15 15 15 15 5 5 0 0 0 0 0 0 0 0 15 15 15 15 5 5 0 0 0 0 0 0 0 0 15 15 15 15 5 5 0 0 0 0 0 0 0 0 15 15 15 15 5 5 0 0 0 0 0 0 0 0 18 18 15 15 18 18 0 0 0 0 0 0 0 0
120 900 100 900 0 100 0 1000 15 15 15 15 5 5 0 0 0 0 0 0 0 0 15 15 15 15 5 5 0 0 0 0 0 0 0 0 15 15 15 15 5 5 0 0 0 0 0 0 0 0 15 15 15 15 5 5 0 0 0 0 0 0 0 0 15 15 15 15 5 5 0 0 0 0 0 0 0 0 18 18 15 15 18 18 0 0 0 0 0 0 0 0
121 900 100 900 0 100 0 1000 15 15 15 15 5 5 759 1 759 1 0 0 0 0 15 15 15 15 5 5 759 1 759 1 0 0 0 0 15 15 15 15 5 5 759 1 759 1 0 0 0 0 15 15 15 15 5 5 759 1 759 1 0 0 0 0 15 15 15 15 5 5 759 1 759 1 0 0 0 0 18 18 15 15 18 18 759 1 759 1 0 0 0 0
122 900 100 900 0 100 0 1000 15 15 15 15 5 5 3283 12 0 0 291 1 2992 11 15 15 15 15 5 5 3283 12 0 0 291 1 2992 11 15 15 15 15 5 5 3283 12 0 0 291 1 2992 11 15 15 15 15 5 5 3283 12 0 0 291 1 2992 11 15 15 15 15 5 5 3283 12 0 0 291 1 2992 11 18 18 15 15 18 18 3283 12 0 0 291 1 2992 11
123 900 100 900 0 100 0 1000 15 15 15 15 5 5 0 0 0 0 0 0 0 0 15 15 15 15 5 5 0 0 0 0 0 0 0 0 15 15 15 15 5 5 0 0 0 0 0 0 0 0 15 15 15 15 5 5 0 0 0 0 0 0 0 0 15 15 15 15 5 5 0 0 0 0 0 0 0 0 18 18 15 15 18 18 0 0 0 0 0 0 0 0
124 900 100 900 0 100 0 1000 15 15 15 15 5 5 0 0 0 0 0 0 0 0 15 15 15 15 5 5 0 0 0 0 0 0 0 0 15 15 15 15 5 5 0 0 0 0 0 0 0 0 15 15 15 15 5 5 0 0 0 0 0 0 0 0 15 15 15 15 5 5 0 0 0 0 0 0 0 0 18 18 15 15 18 18 0 0 0 0 0 0 0 0
125 900 100 900 0 100 0 1000 15 15 15 15 5 5 0 0 0 0 0 0 0 0 15 15 15 15 5 5 0 0 0 0 0 0 0 0 15 15 15 15 5 5 0 0 0 0 0 0 0 0 15 15 15 15 5 5 0 0 0 0 0 0 0 0 15 15 15 15 5 5 0 0 0 0 0 0 0 0 18 18 15 15 18 18 0 0 0 0 0 0 0 0
126 0 1000 0 900 100 0 1000 15 15 15 15 5 5 2448 9 0 0 0 0 2448 9 15 15 15 15 5 5 2448 9 0 0 0 0 2448 9 15 15 15 15 5 5 2448 9 0 0 0 0 2448 9 15 15 15 15 5 5 2448 9 0 0 0 0 2448 9 15 15 15 15 5 5 2448 9 0 0 0 0 2448 9 18 18 15 15 18 18 2448 9 0 0 0 0 2448 9
127 0 1000 0 0 1000 0 1000 19 21 15 15 19 21 0 0 0 0 0 0 0 0 19 21 15 15 19 21 0 0 0 0 0 0 0 0 19 21 15 15 19 21 0 0 0 0 0 0 0 0 19 21 15 15 19 21 0 0 0 0 0 0 0 0 19 21 15 15 19 21 0 0 0 0 0 0 0 0 19 21 15 15 19 21 0 0 0 0 0 0 0 0
128 0 1000 0 0 1000 0 1000 19 21 15 15 19 21 0 0 0 0 0 0 0 0 19 21 15 15 19 21 0 0 0 0 0 0 0 0 19 21 15 15 19 21 0 0 0 0 0 0 0 0 19 21 15 15 19 21 0 0 0 0 0 0 0 0 19 21 15 15 19 21 0 0 0 0 0 0 0 0 19 21 15 15 19 21 0 0 0 0 0 0 0 0
129 0 1000 0 0 1000 0 1000 19 21 15 15 19 21 6541 9 6541 9 0 0 0 0 19 21 15 15 19 21 6541 9 6541 9 0 0 0 0 19 21 15 15 19 21 6541 9 6541 9 0 0 0 0 19 21 15 15 19 21 6541 9 6541 9 0 0 0 0 19 21 15 15 19 21 6541 9 6541 9 0 0 0 0 19 21 15 15 19 21 6541 9 6541 9 0 0 0 0
130 0 1000 0 0 1000 0 1000 25 32 25 32 19 21 25859 95 0 0 291 1 25568 94 25 32 25 32 19 21 25859 95 0 0 291 1 25568 94 25 32 25 32 19 21 25859 95 0 0 291 1 25568 94 25 32 25 32 19 21 25859 95 0 0 291 1 25568 94 25 32 25 32 19 21 25859 95 0 0 291 1 25568 94 25 32 25 32 19 21 25859 95 0 0 291 1 25568 94
131 0 1000 0 0 1000 0 1000 25 32 25 32 19 21 0 0 0 0 0 0 0 0 25 32 25 32 19 21 0 0 0 0 0 0 0 0 25 32 25 32 19 21 0 0 0 0 0 0 0 0 25 32 25 32 19 21 0 0 0 0 0 0 0 0 25 32 25 32 19 21 0 0 0 0 0 0 0 0 25 32 25 32 19 21 0 0 0 0 0 0 0 0
132 0 1000 0 0 1000 0 1000 25 32 25 32 19 21 0 0 0 0 0 0 0 0 25 32 25 32 19 21 0 0 0 0 0 0 0 0 25 32 25 32 19 21 0 0 0 0 0 0 0 0 25 32 25 32 19 21 0 0 0 0 0 0 0 0 25 32 25 32 19 21 0 0 0 0 0 0 0 0 25 32 25 32 19 21 0 0 0 0 0 0 0 0
133 0 1000 0 0 1000 0 1000 25 32 25 32 19 21 20682 6 20682 6 0 0 0 0 25 32 25 32 19 21 20682 6 20682 6 0 0 0 0 25 32 25 32 19 21 20682 6 20682 6 0 0 0 0 25 32 25 32 19 21 20682 6 20682 6 0 0 0 0 25 32 25 32 19 21 20682 6 20682 6 0 0 0 0 25 32 25 32 19 21 20682 6 20682 6 0 0 0 0
134 0 1000 0 0 1000 0 1000 26 33 26 33 19 21 29123 107 0 0 291 1 28832 106 26 33 26 33 19 21 29123 107 0 0 291 1 28832 106 26 33 26 33 19 21 29123 107 0 0 291 1 28832 106 26 33 26 33 19 21 29123 107 0 0 291 1 28832 106 26 33 26 33 19 21 29123 107 0 0 291 1 28832 106 26 33 26 33 19 21 29123 107 0 0 291 1 28832 106
135 0 1000 0 0 1000 0 1000 26 33 26 33 19 21 0 0 0 0 0 0 0 0 26 33 26 33 19 21 0 0 0 0 0 0 0 0 26 33 26 33 19 21 0 0 0 0 0 0 0 0 26 33 26 33 19 21 0 0 0 0 0 0 0 0 26 33 26 33 19 21 0 0 0 0 0 0 0 0 26 33 26 33 19 21 0 0 0 0 0 0 0 0
136 0 1000 0 0 1000 0 1000 26 33 26 33 19 21 0 0 0 0 0 0 0 0 26 33 26 33 19 21 0 0 0 0 0 0 0 0 26 33 26 33 19 21 0 0 0 0 0 0 0 0 26 33 26 33 19 21 0 0 0 0 0 0 0 0 26 33 26 33 19 21 0 0 0 0 0 0 0 0 26 33 26 33 19 21 0 0 0 0 0 0 0 0
137 0 1000 0 0 1000 0 1000 26 33 26 33 19 21 49802 13 49802 13 0 0 0 0 26 33 26 33 19 21 49802 13 49802 13 0 0 0 0 26 33 26 33 19 21 49802 13 49802 13 0 0 0 0 26 33 26 33 19 21 49802 13 49802 13 0 0 0 0 26 33 26 33 19 21 49802 13 49802 13 0 0 0 0 26 33 26 33 19 21 49802 13 49802 13 0 0 0 0
138 0 1000 0 0 1000 0 1000 27 34 27 34 19 21 26403 97 0 0 291 1 26112 96 27 34 27 34 19 21 26403 97 0 0 291 1 26112 96 27 34 27 34 19 21 26403 97 0 0 291 1 26112 96 27 34 27 34 19 21 26403 97 0 0 291 1 26112 96 27 34 27 34 19 21 26403 97 0 0 291 1 26112 96 27 34 27 34 19 21 26403 97 0 0 291 1 26112 96
139 0 1000 0 0 1000 0 1000 27 34 27 34 20 24 0 0 0 0 0 0 0 0 27 34 27 34 20 24 0 0 0 0 0 0 0 0 27 34 27 34 20 24 0 0 0 0 0 0 0 0 27 34 27 34 20 24 0 0 0 0 0 0 0 0 27 34 27 34 20 24 0 0 0 0 0 0 0 0 27 34 27 34 20 24 0 0 0 0 0 0 0 0
140 0 1000 0 0 1000 0 1000 27 34 27 34 20 24 0 0 0 0 0 0 0 0 27 34 27 34 20 24 0 0 0 0 0 0 0 0 27 34 27 34 20 24 0 0 0 0 0 0 0 0 27 34 27 34 20 24 0 0 0 0 0 0 0 0 27 34 27 34 20 24 0 0 0 0 0 0 0 0 27 34 27 34 20 24 0 0 0 0 0 0 0 0
141 0 1000 0 0 1000 0 1000 27 34 27 34 20 24 24576 7 24576 7 0 0 0 0 27 34 27 34 20 24 24576 7 24576 7 0 0 0 0 27 34 27 34 20 24 24576 7 24576 7 0 0 0 0 27 34 27 34 20 24 24576 7 24576 7 0 0 0 0 27 34 27 34 20 24 24576 7 24576 7 0 0 0 0 27 34 27 34 20 24 24576 7 24576 7 0 0 0 0
142 0 1000 0 0 1000 0 1000 28 35 28 35 20 24 24499 90 0 0 291 1 24208 89 28 35 28 35 20 24 24499 90 0 0 291 1 24208 89 28 35 28 35 20 24 24499 90 0 0 291 1 24208 89 28 35 28 35 20 24 24499 90 0 0 291 1 24208 89 28 35 28 35 20 24 24499 90 0 0 291 1 24208 89 28 35 28 35 20 24 24499 90 0 0 291 1 24208 89
143 0 1000 0 0 1000 0 1000 28 35 28 35 20 24 0 0 0 0 0 0 0 0 28 35 28 35 20 24 0 0 0 0 0 0 0 0 28 35 28 35 20 24 0 0 0 0 0 0 0 0 28 35 28 35 20 24 0 0 0 0 0 0 0 0 28 35 28 35 20 24 0 0 0 0 0 0 0 0 28 35 28 35 20 24 0 0 0 0 0 0 0 0
144 0 1000 0 0 1000 0 1000 28 35 28 35 20 24 0 0 0 0 0 0 0 0 28 35 28 35 20 24 0 0 0 0 0 0 0 0 28 35 28 35 20 24 0 0 0 0 0 0 0 0 28 35 28 35 20 24 0 0 0 0 0 0 0 0 28 35 28 35 20 24 0 0 0 0 0 0 0 0 28 35 28 35 20 24 0 0 0 0 0 0 0 0
145 0 1000 0 0 1000 0 1000 28 35 28 35 20 24 32870 10 32870 10 0 0 0 0 28 35 28 35 20 24 32870 10 32870 10 0 0 0 0 28 35 28 35 20 24 32870 10 32870 10 0 0 0 0 28 35 28 35 20 24 32870 10 32870 10 0 0 0 0 28 35 28 35 20 24 32870 10 32870 10 0 0 0 0 28 35 28 35 20 24 32870 10 32870 10 0 0 0 0
146 0 1000 0 0 1000 0 1000 29 36 29 36 20 24 29667 109 0 0 291 1 29376 108 29 36 29 36 20 24 29667 109 0 0 291 1 29376 108 29 36 29 36 20 24 29667 109 0 0 291 1 29376 108 29 36 29 36 20 24 29667 109 0 0 291 1 29376 108 29 36 29 36 20 24 29667 109 0 0 291 1 29376 108 29 36 29 36 20 24 29667 109 0 0 291 1 29376 108
147 0 1000 0 0 1000 0 1000 29 36 29 36 20 24 0 0 0 0 0 0 0 0 29 36 29 36 20 24 0 0 0 0 0 0 0 0 29 36 29 36 20 24 0 0 0 0 0 0 0 0 29 36 29 36 20 24 0 0 0 0 0 0 0 0 29 36 29 36 20 24 0 0 0 0 0 0 0 0 29 36 29 36 20 24 0 0 0 0 0 0 0 0
148 0 1000 0 0 1000 0 1000 29 36 29 36 20 24 0 0 0 0 0 0 0 0 29 36 29 36 20 24 0 0 0 0 0 0 0 0 29 36 29 36 20 24 0 0 0 0 0 0 0 0 29 36 29 36 20 24 0 0 0 0 0 0 0 0 29 36 29 36 20 24 0 0 0 0 0 0 0 0 29 36 29 36 20 24 0 0 0 0 0 0 0 0
149 0 1000 0 0 1000 0 1000 29 36 29 36 20 24 31159 8 31159 8 0 0 0 0 29 36 29 36 20 24 31159 8 31159 8 0 0 0 0 29 36 29 36 20 24 31159 8 31159 8 0 0 0 0 29 36 29 36 20 24 31159 8 31159 8 0 0 0 0 29 36 29 36 20 24 31159 8 31159 8 0 0 0 0 29 36 29 36 20 24 31159 8 31159 8 0 0 0 0
150 0 1000 0 0 1000 0 1000 30 37 30 37 20 24 24771 91 0 0 291 1 24480 90 30 37 30 37 20 24 24771 91 0 0 291 1 24480 90 30 37 30 37 20 24 24771 91 0 0 291 1 24480 90 30 37 30 37 20 24 24771 91 0 0 291 1 24480 90 30 37 30 37 20 24 24771 91 0 0 291 1 24480 90 30 37 30 37 20 24 24771 91 0 0 291 1 24480 90
151 0 1000 0 0 1000 0 1000 30 37 30 37 21 27 0 0 0 0 0 0 0 0 30 37 30 37 21 27 0 0 0 0 0 0 0 0 30 37 30 37 21 27 0 0 0 0 0 0 0 0 30 37 30 37 21 27 0 0 0 0 0 0 0 0 30 37 30 37 21 27 0 0 0 0 0 0 0 0 30 37 30 37 21 27 0 0 0 0 0 0 0 0
152 0 1000 0 0 1000 0 1000 30 37 30 37 21 27 0 0 0 0 0 0 0 0 30 37 30 37 21 27 0 0 0 0 0 0 0 0 30 37 30 37 21 27 0 0 0 0 0 0 0 0 30 37 30 37 21 27 0 0 0 0 0 0 0 0 30 37 30 37 21 27 0 0 0 0 0 0 0 0 30 37 30 37 21 27 0 0 0 0 0 0 0 0
153 0 1000 0 0 1000 0 1000 30 37 30 37 21 27 29871 9 29871 9 0 0 0 0 30 37 30 37 21 27 29871 9 29871 9 0 0 0 0 30 37 30 37 21 27 29871 9 29871 9 0 0 0 0 30 37 30 37 21 27 29871 9 29871 9 0 0 0 0 30 37 30 37 21 27 29871 9 29871 9 0 0 0 0 30 37 30 37 21 27 29871 9 29871 9 0 0 0 0
154 0 1000 0 0 1000 0 1000 31 38 31 38 21 27 30755 113 0 0 291 1 30464 112 31 38 31 38 21 27 30755 113 0 0 291 1 30464 112 31 38 31 38 21 27 30755 113 0 0 291 1 30464 112 31 38 31 38 21 27 30755 113 0 0 291 1 30464 112 31 38 31 38 21 27 30755 113 0 0 291 1 30464 112 31 38 31 38 21 27 30755 113 0 0 291 1 30464 112
155 0 1000 0 0 1000 0 1000 31 38 31 38 22 28 0 0 0 0 0 0 0 0 31 38 31 38 22 28 0 0 0 0 0 0 0 0 31 38 31 38 22 28 0 0 0 0 0 0 0 0 31 38 31 38 22 28 0 0 0 0 0 0 0 0 31 38 31 38 22 28 0 0 0 0 0 0 0 0 31 38 31 38 22 28 0 0 0 0 0 0 0 0
156 0 1000 0 0 1000 0 1000 31 38 31 38 22 28 0 0 0 0 0 0 0 0 31 38 31 38 22 28 0 0 0 0 0 0 0 0 31 38 31 38 22 28 0 0 0 0 0 0 0 0 31 38 31 38 22 28 0 0 0 0 0 0 0 0 31 38 31 38 22 28 0 0 0 0 0 0 0 0 31 38 31 38 22 28 0 0 0 0 0 0 0 0
157 0 1000 0 0 1000 0 1000 31 38 31 38 22 28 16092 4 16092 4 0 0 0 0 31 38 31 38 22 28 16092 4 16092 4 0 0 0 0 31 38 31 38 22 28 16092 4 16092 4 0 0 0 0 31 38 31 38 22 28 16092 4 16092 4 0 0 0 0 31 38 31 38 22 28 16092 4 16092 4 0 0 0 0 31 38 31 38 22 28 16092 4 16092 4 0 0 0 0
158 0 1000 0 0 1000 0 1000 32 39 32 39 22 28 32387 119 0 0 291 1 32096 118 32 39 32 39 22 28 32387 119 0 0 291 1 32096 118 32 39 32 39 22 28 32387 119 0 0 291 1 32096 118 32 39 32 39 22 28 32387 119 0 0 291 1 32096 118 32 39 32 39 22 28 32387 119 0 0 291 1 32096 118 32 39 32 39 22 28 32387 119 0 0 291 1 32096 118
159 0 1000 0 0 1000 0 1000 32 39 32 39 23 29 0 0 0 0 0 0 0 0 32 39 32 39 23 29 0 0 0 0 0 0 0 0 32 39 32 39 23 29 0 0 0 0 0 0 0 0 32 39 32 39 23 29 0 0 0 0 0 0 0 0 32 39 32 39 23 29 0 0 0 0 0 0 0 0 32 39 32 39 23 29 0 0 0 0 0 0 0 0
160 0 1000 0 0 1000 0 1000 32 39 32 39 23 29 0 0 0 0 0 0 0 0 32 39 32 39 23 29 0 0 0 0 0 0 0 0 32 39 32 39 23 29 0 0 0 0 0 0 0 0 32 39 32 39 23 29 0 0 0 0 0 0 0 0 32 39 32 39 23 29 0 0 0 0 0 0 0 0 32 39 32 39 23 29 0 0 0 0 0 0 0 0
161 0 1000 0 0 1000 0 1000 32 39 32 39 23 29 25290 6 25290 6 0 0 0 0 32 39 32 39 23 29 25290 6 25290 6 0 0 0 0 32 39 32 39 23 29 25290 6 25290 6 0 0 0 0 32 39 32 39 23 29 25290 6 25290 6 0 0 0 0 32 39 32 39 23 29 25290 6 25290 6 0 0 0 0 32 39 32 39 23 29 25290 6 25290 6 0 0 0 0
162 0 1000 0 0 1000 0 1000 33 40 33 40 23 29 35923 132 0 0 291 1 35632 131 33 40 33 40 23 29 35923 132 0 0 291 1 35632 131 33 40 33 40 23 29 35923 132 0 0 291 1 35632 131 33 40 33 40 23 29 35923 132 0 0 291 1 35632 131 33 40 33 40 23 29 35923 132 0 0 291 1 35632 131 33 40 33 40 23 29 35923 132 0 0 291 1 35632 131
163 0 1000 0 0 1000 0 1000 33 40 33 40 24 30 0 0 0 0 0 0 0 0 33 40 33 40 24 30 0 0 0 0 0 0 0 0 33 40 33 40 24 30 0 0 0 0 0 0 0 0 33 40 33 40 24 30 0 0 0 0 0 0 0 0 33 40 33 40 24 30 0 0 0 0 0 0 0 0 33 40 33 40 24 30 0 0 0 0 0 0 0 0
164 0 1000 0 0 1000 0 1000 33 40 33 40 24 30 0 0 0 0 0 0 0 0 33 40 33 40 24 30 0 0 0 0 0 0 0 0 33 40 33 40 24 30 0 0 0 0 0 0 0 0 33 40 33 40 24 30 0 0 0 0 0 0 0 0 33 40 33 40 24 30 0 0 0 0 0 0 0 0 33 40 33 40 24 30 0 0 0 0 0 0 0 0
165 0 1000 0 0 1000 0 1000 33 40 33 40 24 30 23154 5 23154 5 0 0 0 0 33 40 33 40 24 30 23154 5 23154 5 0 0 0 0 33 40 33 40 24 30 23154 5 23154 5 0 0 0 0 33 40 33 40 24 30 23154 5 23154 5 0 0 0 0 33 40 33 40 24 30 23154 5 23154 5 0 0 0 0 33 40 33 40 24 30 23154 5 23154 5 0 0 0 0
166 0 1000 0 0 1000 0 1000 34 41 34 41 24 30 29123 107 0 0 291 1 28832 106 34 41 34 41 24 30 29123 107 0 0 291 1 28832 106 34 41 34 41 24 30 29123 107 0 0 291 1 28832 106 34 41 34 41 24 30 29123 107 0 0 291 1 28832 106 34 41 34 41 24 30 29123 107 0 0 291 1 28832 106 34 41 34 41 24 30 29123 107 0 0 291 1 28832 106
167 0 1000 0 0 1000 0 1000 34 41 34 41 24 30 0 0 0 0 0 0 0 0 34 41 34 41 24 30 0 0 0 0 0 0 0 0 34 41 34 41 24 30 0 0 0 0 0 0 0 0 34 41 34 41 24 30 0 0 0 0 0 0 0 0 34 41 34 41 24 30 0 0 0 0 0 0 0 0 34 41 34 41 24 30 0 0 0 0 0 0 0 0
168 0 1000 0 0 1000 0 1000 34 41 34 41 24 30 0 0 0 0 0 0 0 0 34 41 34 41 24 30 0 0 0 0 0 0 0 0 34 41 34 41 24 30 0 0 0 0 0 0 0 0 34 41 34 41 24 30 0 0 0 0 0 0 0 0 34 41 34 41 24 30 0 0 0 0 0 0 0 0 34 41 34 41 24 30 0 0 0 0 0 0 0 0
169 0 1000 0 0 1000 0 1000 34 41 34 41 24 30 38308 10 38308 10 0 0 0 0 34 41 34 41 24 30 38308 10 38308 10 0 0 0 0 34 41 34 41 24 30 38308 10 38308 10 0 0 0 0 34 41 34 41 24 30 38308 10 38308 10 0 0 0 0 34 41 34 41 24 30 38308 10 38308 10 0 0 0 0 34 41 34 41 24 30 38308 10 38308 10 0 0 0 0
170 0 1000 0 0 1000 0 1000 35 42 35 42 24 30 26403 97 0 0 291 1 26112 96 35 42 35 42 24 30 26403 97 0 0 291 1 26112 96 35 42 35 42 24 30 26403 97 0 0 291 1 26112 96 35 42 35 42 24 30 26403 97 0 0 291 1 26112 96 35 42 35 42 24 30 26403 97 0 0 291 1 26112 96 35 42 35 42 24 30 26403 97 0 0 291 1 26112 96
171 0 1000 0 0 1000 0 1000 35 42 35 42 25 32 0 0 0 0 0 0 0 0 35 42 35 42 25 32 0 0 0 0 0 0 0 0 35 42 35 42 25 32 0 0 0 0 0 0 0 0 35 42 35 42 25 32 0 0 0 0 0 0 0 0 35 42 35 42 25 32 0 0 0 0 0 0 0 0 35 42 35 42 25 32 0 0 0 0 0 0 0 0
172 0 1000 0 0 1000 0 1000 35 42 35 42 25 32 0 0 0 0 0 0 0 0 35 42 35 42 25 32 0 0 0 0 0 0 0 0 35 42 35 42 25 32 0 0 0 0 0 0 0 0 35 42 35 42 25 32 0 0 0 0 0 0 0 0 35 42 35 42 25 32 0 0 0 0 0 0 0 0 35 42 35 42 25 32 0 0 0 0 0 0 0 0
173 0 1000 0 0 1000 0 1000 35 42 35 42 25 32 38620 11 38620 11 0 0 0 0 35 42 35 42 25 32 38620 11 38620 11 0 0 0 0 35 42 35 42 25 32 38620 11 38620 11 0 0 0 0 35 42 35 42 25 32 38620 11 38620 11 0 0 0 0 35 42 35 42 25 32 38620 11 38620 11 0 0 0 0 35 42 35 42 25 32 38620 11 38620 11 0 0 0 0
174 0 1000 0 0 1000 0 1000 36 43 36 43 25 32 26947 99 0 0 291 1 26656 98 36 43 36 43 25 32 26947 99 0 0 291 1 26656 98 36 43 36 43 25 32 26947 99 0 0 291 1 26656 98 36 43 36 43 25 32 26947 99 0 0 291 1 26656 98 36 43 36 43 25 32 26947 99 0 0 291 1 26656 98 36 43 36 43 25 32 26947 99 0 0 291 1 26656 98
175 0 1000 0 0 1000 0 1000 36 43 36 43 26 33 0 0 0 0 0 0 0 0 36 43 36 43 26 33 0 0 0 0 0 0 0 0 36 43 36 43 26 33 0 0 0 0 0 0 0 0 36 43 36 43 26 33 0 0 0 0 0 0 0 0 36 43 36 43 26 33 0 0 0 0 0 0 0 0 36 43 36 43 26 33 0 0 0 0 0 0 0 0
176 0 1000 0 0 1000 0 1000 36 43 36 43 26 33 0 0 0 0 0 0 0 0 36 43 36 43 26 33 0 0 0 0 0 0 0 0 36 43 36 43 26 33 0 0 0 0 0 0 0 0 36 43 36 43 26 33 0 0 0 0 0 0 0 0 36 43 36 43 26 33 0 0 0 0 0 0 0 0 36 43 36 43 26 33 0 0 0 0 0 0 0 0
177 0 1000 0 0 1000 0 1000 36 43 36 43 26 33 21450 6 21450 6 0 0 0 0 36 43 36 43 26 33 21450 6 21450 6 0 0 0 0 36 43 36 43 26 33 21450 6 21450 6 0 0 0 0 36 43 36 43 26 33 21450 6 21450 6 0 0 0 0 36 43 36 43 26 33 21450 6 21450 6 0 0 0 0 36 43 36 43 26 33 21450 6 21450 6 0 0 0 0
178 0 1000 0 0 1000 0 1000 37 44 37 44 26 33 27491 101 0 0 291 1 27200 100 37 44 37 44 26 33 27491 101 0 0 291 1 27200 100 37 44 37 44 26 33 27491 101 0 0 291 1 27200 100 37 44 37 44 26 33 27491 101 0 0 291 1 27200 100 37 44 37 44 26 33 27491 101 0 0 291 1 27200 100 37 44 37 44 26 33 27491 101 0 0 291 1 27200 100
179 0 1000 0 0 1000 0 1000 37 44 37 44 27 34 0 0 0 0 0 0 0 0 37 44 37 44 27 34 0 0 0 0 0 0 0 0 37 44 37 44 27 34 0 0 0 0 0 0 0 0 37 44 37 44 27 34 0 0 0 0 0 0 0 0 37 44 37 44 27 34 0 0 0 0 0 0 0 0 37 44 37 44 27 34 0 0 0 0 0 0 0 0
180 0 1000 0 0 1000 0 1000 37 44 37 44 27 34 0 0 0 0 0 0 0 0 37 44 37 44 27 34 0 0 0 0 0 0 0 0 37 44 37 44 27 34 0 0 0 0 0 0 0 0 37 44 37 44 27 34 0 0 0 0 0 0 0 0 37 44 37 44 27 34 0 0 0 0 0 0 0 0 37 44 37 44 27 34 0 0 0 0 0 0 0 0
181 0 1000 0 0 1000 0 1000 37 44 37 44 27 34 25472 7 25472 7 0 0 0 0 37 44 37 44 27 34 25472 7 25472 7 0 0 0 0 37 44 37 44 27 34 25472 7 25472 7 0 0 0 0 37 44 37 44 27 34 25472 7 25472 7 0 0 0 0 37 44 37 44 27 34 25472 7 25472 7 0 0 0 0 37 44 37 44 27 34 25472 7 25472 7 0 0 0 0
182 0 1000 0 0 1000 0 1000 38 45 38 45 27 34 28851 106 0 0 291 1 28560 105 38 45 38 45 27 34 28851 106 0 0 291 1 28560 105 38 45 38 45 27 34 28851 106 0 0 291 1 28560 105 38 45 38 45 27 34 28851 106 0 0 291 1 28560 105 38 45 38 45 27 34 28851 106 0 0 291 1 28560 105 38 45 38 45 27 34 28851 106 0 0 291 1 28560 105
183 0 1000 0 0 1000 0 1000 38 45 38 45 28 35 0 0 0 0 0 0 0 0 38 45 38 45 28 35 0 0 0 0 0 0 0 0 38 45 38 45 28 35 0 0 0 0 0 0 0 0 38 45 38 45 28 35 0 0 0 0 0 0 0 0 38 45 38 45 28 35 0 0 0 0 0 0 0 0 38 45 38 45 28 35 0 0 0 0 0 0 0 0
184 0 1000 0 0 1000 0 1000 38 45 38 45 28 35 0 0 0 0 0 0 0 0 38 45 38 45 28 35 0 0 0 0 0 0 0 0 38 45 38 45 28 35 0 0 0 0 0 0 0 0 38 45 38 45 28 35 0 0 0 0 0 0 0 0 38 45 38 45 28 35 0 0 0 0 0 0 0 0 38 45 38 45 28 35 0 0 0 0 0 0 0 0
185 0 1000 0 0 1000 0 1000 38 45 38 45 28 35 37990 10 37990 10 0 0 0 0 38 45 38 45 28 35 37990 10 37990 10 0 0 0 0 38 45 38 45 28 35 37990 10 37990 10 0 0 0 0 38 45 38 45 28 35 37990 10 37990 10 0 0 0 0 38 45 38 45 28 35 37990 10 37990 10 0 0 0 0 38 45 38 45 28 35 37990 10 37990 10 0 0 0 0
186 0 1000 0 0 1000 0 1000 39 46 39 46 28 35 27763 102 0 0 291 1 27472 101 39 46 39 46 28 35 27763 102 0 0 291 1 27472 101 39 46 39 46 28 35 27763 102 0 0 291 1 27472 101 39 46 39 46 28 35 27763 102 0 0 291 1 27472 101 39 46 39 46 28 35 27763 102 0 0 291 1 27472 101 39 46 39 46 28 35 27763 102 0 0 291 1 27472 101
187 900 100 900 0 100 0 1000 39 46 39 46 28 35 0 0 0 0 0 0 0 0 39 46 39 46 28 35 0 0 0 0 0 0 0 0 39 46 39 46 28 35 0 0 0 0 0 0 0 0 39 46 39 46 28 35 0 0 0 0 0 0 0 0 39 46 39 46 28 35 0 0 0 0 0 0 0 0 39 46 39 46 29 36 0 0 0 0 0 0 0 0
188 900 100 900 0 100 0 1000 39 46 39 46 28 35 0 0 0 0 0 0 0 0 39 46 39 46 28 35 0 0 0 0 0 0 0 0 39 46 39 46 28 35 0 0 0 0 0 0 0 0 39 46 39 46 28 35 0 0 0 0 0 0 0 0 39 46 39 46 28 35 0 0 0 0 0 0 0 0 39 46 39 46 29 36 0 0 0 0 0 0 0 0
189 900 100 900 0 100 0 1000 39 46 39 46 28 35 3671 1 3671 1 0 0 0 0 39 46 39 46 28 35 3671 1 3671 1 0 0 0 0 39 46 39 46 28 35 3671 1 3671 1 0 0 0 0 39 46 39 46 28 35 3671 1 3671 1 0 0 0 0 39 46 39 46 28 35 3671 1 3671 1 0 0 0 0 39 46 39 46 29 36 3671 1 3671 1 0 0 0 0
190 900 100 900 0 100 0 1000 39 46 39 46 28 35 2195 8 0 0 291 1 1904 7 39 46 39 46 28 35 2195 8 0 0 291 1 1904 7 39 46 39 46 28 35 2195 8 0 0 291 1 1904 7 39 46 39 46 28 35 2195 8 0 0 291 1 1904 7 39 46 39 46 28 35 2195 8 0 0 291 1 1904 7 39 46 39 46 29 36 2195 8 0 0 291 1 1904 7
191 900 100 900 0 100 0 1000 39 46 39 46 28 35 0 0 0 0 0 0 0 0 39 46 39 46 28 35 0 0 0 0 0 0 0 0 39 46 39 46 28 35 0 0 0 0 0 0 0 0 39 46 39 46 28 35 0 0 0 0 0 0 0 0 39 46 39 46 28 35 0 0 0 0 0 0 0 0 39 46 39 46 30 37 0 0 0 0 0 0 0 0
192 900 100 900 0 100 0 1000 39 46 39 46 28 35 0 0 0 0 0 0 0 0 39 46 39 46 28 35 0 0 0 0 0 0 0 0 39 46 39 46 28 35 0 0 0 0 0 0 0 0 39 46 39 46 28 35 0 0 0 0 0 0 0 0 39 46 39 46 28 35 0 0 0 0 0 0 0 0 39 46 39 46 30 37 0 0 0 0 0 0 0 0
193 900 100 900 0 100 0 1000 39 46 39 46 28 35 0 0 0 0 0 0 0 0 39 46 39 46 28 35 0 0 0 0 0 0 0 0 39 46 39 46 28 35 0 0 0 0 0 0 0 0 39 46 39 46 28 35 0 0 0 0 0 0 0 0 39 46 39 46 28 35 0 0 0 0 0 0 0 0 39 46 39 46 30 37 0 0 0 0 0 0 0 0
194 900 100 900 0 100 0 1000 39 46 39 46 28 35 2176 8 0 0 0 0 2176 8 39 46 39 46 28 35 2176 8 0 0 0 0 2176 8 39 46 39 46 28 35 2176 8 0 0 0 0 2176 8 39 46 39 46 28 35 2176 8 0 0 0 0 2176 8 39 46 39 46 28 35 2176 8 0 0 0 0 2176 8 39 46 39 46 30 37 2176 8 0 0 0 0 2176 8
195 900 100 900 0 100 0 1000 39 46 39 46 28 35 0 0 0 0 0 0 0 0 39 46 39 46 28 35 0 0 0 0 0 0 0 0 39 46 39 46 28 35 0 0 0 0 0 0 0 0 39 46 39 46 28 35 0 0 0 0 0 0 0 0 39 46 39 46 28 35 0 0 0 0 0 0 0 0 39 46 39 46 31 38 0 0 0 0 0 0 0 0
196 900 100 900 0 100 0 1000 39 46 39 46 28 35 0 0 0 0 0 0 0 0 39 46 39 46 28 35 0 0 0 0 0 0 0 0 39 46 39 46 28 35 0 0 0 0 0 0 0 0 39 46 39 46 28 35 0 0 0 0 0 0 0 0 39 46 39 46 28 35 0 0 0 0 0 0 0 0 39 46 39 46 31 38 0 0 0 0 0 0 0 0
197 900 100 900 0 100 0 1000 39 46 39 46 28 35 0 0 0 0 0 0 0 0 39 46 39 46 28 35 0 0 0 0 0 0 0 0 39 46 39 46 28 35 0 0 0 0 0 0 0 0 39 46 39 46 28 35 0 0 0 0 0 0 0 0 39 46 39 46 28 35 0 0 0 0 0 0 0 0 39 46 39 46 31 38 0 0 0 0 0 0 0 0
198 900 100 900 0 100 0 1000 39 46 39 46 28 35 2992 11 0 0 0 0 2992 11 39 46 39 46 28 35 2992 11 0 0 0 0 2992 11 39 46 39 46 28 35 2992 11 0 0 0 0 2992 11 39 46 39 46 28 35 2992 11 0 0 0 0 2992 11 39 46 39 46 28 35 2992 11 0 0 0 0 2992 11 39 46 39 46 31 38 2992 11 0 0 0 0 2992 11
199 900 100 900 0 100 0 1000 39 46 39 46 28 35 0 0 0 0 0 0 0 0 39 46 39 46 28 35 0 0 0 0 0 0 0 0 39 46 39 46 28 35 0 0 0 0 0 0 0 0 39 46 39 46 28 35 0 0 0 0 0 0 0 0 39 46 39 46 28 35 0 0 0 0 0 0 0 0 39 46 39 46 32 39 0 0 0 0 0 0 0 0
200 900 100 900 0 100 0 1000 39 46 39 46 28 35 0 0 0 0 0 0 0 0 39 46 39 46 28 35 0 0 0 0 0 0 0 0 39 46 39 46 28 35 0 0 0 0 0 0 0 0 39 46 39 46 28 35 0 0 0 0 0 0 0 0 39 46 39 46 28 35 0 0 0 0 0 0 0 0 39 46 39 46 32 39 0 0 0 0 0 0 0 0
201 900 100 900 0 100 0 1000 39 46 39 46 28 35 1582 2 1582 2 0 0 0 0 39 46 39 46 28 35 1582 2 1582 2 0 0 0 0 39 46 39 46 28 35 1582 2 1582 2 0 0 0 0 39 46 39 46 28 35 1582 2 1582 2 0 0 0 0 39 46 39 46 28 35 1582 2 1582 2 0 0 0 0 39 46 39 46 32 39 1582 2 1582 2 0 0 0 0
202 900 100 900 0 100 0 1000 39 46 39 46 28 35 3011 11 0 0 291 1 2720 10 39 46 39 46 28 35 3011 11 0 0 291 1 2720 10 39 46 39 46 28 35 3011 11 0 0 291 1 2720 10 39 46 39 46 28 35 3011 11 0 0 291 1 2720 10 39 46 39 46 28 35 3011 11 0 0 291 1 2720 10 39 46 39 46 32 39 3011 11 0 0 291 1 2720 10
203 900 100 900 0 100 0 1000 39 46 39 46 28 35 0 0 0 0 0 0 0 0 39 46 39 46 28 35 0 0 0 0 0 0 0 0 39 46 39 46 28 35 0 0 0 0 0 0 0 0 39 46 39 46 28 35 0 0 0 0 0 0 0 0 39 46 39 46 28 35 0 0 0 0 0 0 0 0 39 46 39 46 33 40 0 0 0 0 0 0 0 0
204 900 100 900 0 100 0 1000 39 46 39 46 28 35 0 0 0 0 0 0 0 0 39 46 39 46 28 35 0 0 0 0 0 0 0 0 39 46 39 46 28 35 0 0 0 0 0 0 0 0 39 46 39 46 28 35 0 0 0 0 0 0 0 0 39 46 39 46 28 35 0 0 0 0 0 0 0 0 39 46 39 46 33 40 0 0 0 0 0 0 0 0
205 900 100 900 0 100 0 1000 39 46 39 46 28 35 759 1 759 1 0 0 0 0 39 46 39 46 28 35 759 1 759 1 0 0 0 0 39 46 39 46 28 35 759 1 759 1 0 0 0 0 39 46 39 46 28 35 759 1 759 1 0 0 0 0 39 46 39 46 28 35 759 1 759 1 0 0 0 0 39 46 39 46 33 40 759 1 759 1 0 0 0 0
206 900 100 900 0 100 0 1000 39 46 39 46 28 35 3827 14 0 0 291 1 3536 13 39 46 39 46 28 35 3827 14 0 0 291 1 3536 13 39 46 39 46 28 35 3827 14 0 0 291 1 3536 13 39 46 39 46 28 35 3827 14 0 0 291 1 3536 13 39 46 39 46 28 35 3827 14 0 0 291 1 3536 13 39 46 39 46 33 40 3827 14 0 0 291 1 3536 13
207 900 100 900 0 100 0 1000 39 46 39 46 28 35 0 0 0 0 0 0 0 0 39 46 39 46 28 35 0 0 0 0 0 0 0 0 39 46 39 46 28 35 0 0 0 0 0 0 0 0 39 46 39 46 28 35 0 0 0 0 0 0 0 0 39 46 39 46 28 35 0 0 0 0 0 0 0 0 39 46 39 46 34 41 0 0 0 0 0 0 0 0
208 900 100 900 0 100 0 1000 39 46 39 46 28 35 0 0 0 0 0 0 0 0 39 46 39 46 28 35 0 0 0 0 0 0 0 0 39 46 39 46 28 35 0 0 0 0 0 0 0 0 39 46 39 46 28 35 0 0 0 0 0 0 0 0 39 46 39 46 28 35 0 0 0 0 0 0 0 0 39 46 39 46 34 41 0 0 0 0 0 0 0 0
209 900 100 900 0 100 0 1000 39 46 39 46 28 35 855 1 855 1 0 0 0 0 39 46 39 46 28 35 855 1 855 1 0 0 0 0 39 46 39 46 28 35 855 1 855 1 0 0 0 0 39 46 39 46 28 35 855 1 855 1 0 0 0 0 39 46 39 46 28 35 855 1 855 1 0 0 0 0 39 46 39 46 34 41 855 1 855 1 0 0 0 0
210 900 100 900 0 100 0 1000 39 46 39 46 28 35 2195 8 0 0 291 1 1904 7 39 46 39 46 28 35 2195 8 0 0 291 1 1904 7 39 46 39 46 28 35 2195 8 0 0 291 1 1904 7 39 46 39 46 28 35 2195 8 0 0 291 1 1904 7 39 46 39 46 28 35 2195 8 0 0 291 1 1904 7 39 46 39 46 34 41 2195 8 0 0 291 1 1904 7
211 900 100 900 0 100 0 1000 39 46 39 46 28 35 0 0 0 0 0 0 0 0 39 46 39 46 28 35 0 0 0 0 0 0 0 0 39 46 39 46 28 35 0 0 0 0 0 0 0 0 39 46 39 46 28 35 0 0 0 0 0 0 0 0 39 46 39 46 28 35 0 0 0 0 0 0 0 0 39 46 39 46 35 42 0 0 0 0 0 0 0 0
212 900 100 900 0 100 0 1000 39 46 39 46 28 35 0 0 0 0 0 0 0 0 39 46 39 46 28 35 0 0 0 0 0 0 0 0 39 46 39 46 28 35 0 0 0 0 0 0 0 0 39 46 39 46 28 35 0 0 0 0 0 0 0 0 39 46 39 46 28 35 0 0 0 0 0 0 0 0 39 46 39 46 35 42 0 0 0 0 0 0 0 0
213 900 100 900 0 100 0 1000 39 46 39 46 28 35 663 1 663 1 0 0 0 0 39 46 39 46 28 35 663 1 663 1 0 0 0 0 39 46 39 46 28 35 663 1 663 1 0 0 0 0 39 46 39 46 28 35 663 1 663 1 0 0 0 0 39 46 39 46 28 35 663 1 663 1 0 0 0 0 39 46 39 46 35 42 663 1 663 1 0 0 0 0
214 900 100 900 0 100 0 1000 39 46 39 46 28 35 3283 12 0 0 291 1 2992 11 39 46 39 46 28 35 3283 12 0 0 291 1 2992 11 39 46 39 46 28 35 3283 12 0 0 291 1 2992 11 39 46 39 46 28 35 3283 12 0 0 291 1 2992 11 39 46 39 46 28 35 3283 12 0 0 291 1 2992 11 39 46 39 46 35 42 3283 12 0 0 291 1 2992 11
215 900 100 900 0 100 0 1000 39 46 39 46 28 35 0 0 0 0 0 0 0 0 39 46 39 46 28 35 0 0 0 0 0 0 0 0 39 46 39 46 28 35 0 0 0 0 0 0 0 0 39 46 39 46 28 35 0 0 0 0 0 0 0 0 39 46 39 46 28 35 0 0 0 0 0 0 0 0 39 46 39 46 36 43 0 0 0 0 0 0 0 0
216 900 100 900 0 100 0 1000 39 46 39 46 28 35 0 0 0 0 0 0 0 0 39 46 39 46 28 35 0 0 0 0 0 0 0 0 39 46 39 46 28 35 0 0 0 0 0 0 0 0 39 46 39 46 28 35 0 0 0 0 0 0 0 0 39 46 39 46 28 35 0 0 0 0 0 0 0 0 39 46 39 46 36 43 0 0 0 0 0 0 0 0
217 900 100 900 0 100 0 1000 39 46 39 46 28 35 791 1 791 1 0 0 0 0 39 46 39 46 28 35 791 1 791 1 0 0 0 0 39 46 39 46 28 35 791 1 791 1 0 0 0 0 39 46 39 46 28 35 791 1 791 1 0 0 0 0 39 46 39 46 28 35 791 1 791 1 0 0 0 0 39 46 39 46 36 43 791 1 791 1 0 0 0 0
218 900 100 900 0 100 0 1000 39 46 39 46 28 35 3011 11 0 0 291 1 2720 10 39 46 39 46 28 35 3011 11 0 0 291 1 2720 10 39 46 39 46 28 35 3011 11 0 0 291 1 2720 10 39 46 39 46 28 35 3011 11 0 0 291 1 2720 10 39 46 39 46 28 35 3011 11 0 0 291 1 2720 10 39 46 39 46 36 43 3011 11 0 0 291 1 2720 10
219 900 100 900 0 100 0 1000 39 46 39 46 28 35 0 0 0 0 0 0 0 0 39 46 39 46 28 35 0 0 0 0 0 0 0 0 39 46 39 46 28 35 0 0 0 0 0 0 0 0 39 46 39 46 28 35 0 0 0 0 0 0 0 0 39 46 39 46 28 35 0 0 0 0 0 0 0 0 39 46 39 46 37 44 0 0 0 0 0 0 0 0
220 900 100 900 0 100 0 1000 39 46 39 46 28 35 0 0 0 0 0 0 0 0 39 46 39 46 28 35 0 0 0 0 0 0 0 0 39 46 39 46 28 35 0 0 0 0 0 0 0 0 39 46 39 46 28 35 0 0 0 0 0 0 0 0 39 46 39 46 28 35 0 0 0 0 0 0 0 0 39 46 39 46 37 44 0 0 0 0 0 0 0 0
221 900 100 900 0 100 0 1000 39 46 39 46 28 35 759 1 759 1 0 0 0 0 39 46 39 46 28 35 759 1 759 1 0 0 0 0 39 46 39 46 28 35 759 1 759 1 0 0 0 0 39 46 39 46 28 35 759 1 759 1 0 0 0 0 39 46 39 46 28 35 759 1 759 1 0 0 0 0 39 46 39 46 37 44 759 1 759 1 0 0 0 0
222 900 100 900 0 100 0 1000 39 46 39 46 28 35 4099 15 0 0 291 1 3808 14 39 46 39 46 28 35 4099 15 0 0 291 1 3808 14 39 46 39 46 28 35 4099 15 0 0 291 1 3808 14 39 46 39 46 28 35 4099 15 0 0 291 1 3808 14 39 46 39 46 28 35 4099 15 0 0 291 1 3808 14 39 46 39 46 37 44 4099 15 0 0 291 1 3808 14
223 900 100 900 0 100 0 1000 39 46 39 46 28 35 0 0 0 0 0 0 0 0 39 46 39 46 28 35 0 0 0 0 0 0 0 0 39 46 39 46 28 35 0 0 0 0 0 0 0 0 39 46 39 46 28 35 0 0 0 0 0 0 0 0 39 46 39 46 28 35 0 0 0 0 0 0 0 0 39 46 39 46 38 45 0 0 0 0 0 0 0 0
224 900 100 900 0 100 0 1000 39 46 39 46 28 35 0 0 0 0 0 0 0 0 39 46 39 46 28 35 0 0 0 0 0 0 0 0 39 46 39 46 28 35 0 0 0 0 0 0 0 0 39 46 39 46 28 35 0 0 0 0 0 0 0 0 39 46 39 46 28 35 0 0 0 0 0 0 0 0 39 46 39 46 38 45 0 0 0 0 0 0 0 0
225 900 100 900 0 100 0 1000 39 46 39 46 28 35 887 1 887 1 0 0 0 0 39 46 39 46 28 35 887 1 887 1 0 0 0 0 39 46 39 46 28 35 887 1 887 1 0 0 0 0 39 46 39 46 28 35 887 1 887 1 0 0 0 0 39 46 39 46 28 35 887 1 887 1 0 0 0 0 39 46 39 46 38 45 887 1 887 1 0 0 0 0
226 900 100 900 0 100 0 1000 39 46 39 46 28 35 3283 12 0 0 291 1 2992 11 39 46 39 46 28 35 3283 12 0 0 291 1 2992 11 39 46 39 46 28 35 3283 12 0 0 291 1 2992 11 39 46 39 46 28 35 3283 12 0 0 291 1 2992 11 39 46 39 46 28 35 3283 12 0 0 291 1 2992 11 39 46 39 46 38 45 3283 12 0 0 291 1 2992 11
227 900 100 900 0 100 0 1000 39 46 39 46 28 35 0 0 0 0 0 0 0 0 39 46 39 46 28 35 0 0 0 0 0 0 0 0 39 46 39 46 28 35 0 0 0 0 0 0 0 0 39 46 39 46 28 35 0 0 0 0 0 0 0 0 39 46 39 46 28 35 0 0 0 0 0 0 0 0 39 46 39 46 39 46 0 0 0 0 0 0 0 0
228 900 100 900 0 100 0 1000 39 46 39 46 28 35 0 0 0 0 0 0 0 0 39 46 39 46 28 35 0 0 0 0 0 0 0 0 39 46 39 46 28 35 0 0 0 0 0 0 0 0 39 46 39 46 28 35 0 0 0 0 0 0 0 0 39 46 39 46 28 35 0 0 0 0 0 0 0 0 39 46 39 46 39 46 0 0 0 0 0 0 0 0
229 900 100 900 0 100 0 1000 39 46 39 46 28 35 790 1 790 1 0 0 0 0 39 46 39 46 28 35 790 1 790 1 0 0 0 0 39 46 39 46 28 35 790 1 790 1 0 0 0 0 39 46 39 46 28 35 790 1 790 1 0 0 0 0 39 46 39 46 28 35 790 1 790 1 0 0 0 0 39 46 39 46 39 46 790 1 790 1 0 0 0 0
230 900 100 900 0 100 0 1000 39 46 39 46 28 35 2194 8 0 0 290 1 1904 7 39 46 39 46 28 35 2194 8 0 0 290 1 1904 7 39 46 39 46 28 35 2194 8 0 0 290 1 1904 7 39 46 39 46 28 35 2194 8 0 0 290 1 1904 7 39 46 39 46 28 35 2194 8 0 0 290 1 1904 7 39 46 39 46 39 46 2194 8 0 0 290 1 1904 7
231 900 100 900 0 100 0 1000 39 46 39 46 28 35 0 0 0 0 0 0 0 0 39 46 39 46 28 35 0 0 0 0 0 0 0 0 39 46 39 46 28 35 0 0 0 0 0 0 0 0 39 46 39 46 28 35 0 0 0 0 0 0 0 0 39 46 39 46 28 35 0 0 0 0 0 0 0 0 40 47 39 46 40 47 0 0 0 0 0 0 0 0
232 900 100 900 0 100 0 1000 39 46 39 46 28 35 0 0 0 0 0 0 0 0 39 46 39 46 28 35 0 0 0 0 0 0 0 0 39 46 39 46 28 35 0 0 0 0 0 0 0 0 39 46 39 46 28 35 0 0 0 0 0 0 0 0 39 46 39 46 28 35 0 0 0 0 0 0 0 0 40 47 39 46 40 47 0 0 0 0 0 0 0 0
233 900 100 900 0 100 0 1000 39 46 39 46 28 35 663 1 663 1 0 0 0 0 39 46 39 46 28 35 663 1 663 1 0 0 0 0 39 46 39 46 28 35 663 1 663 1 0 0 0 0 39 46 39 46 28 35 663 1 663 1 0 0 0 0 39 46 39 46 28 35 663 1 663 1 0 0 0 0 40 47 39 46 40 47 663 1 663 1 0 0 0 0
234 900 100 900 0 100 0 1000 39 46 39 46 28 35 3827 14 0 0 291 1 3536 13 39 46 39 46 28 35 3827 14 0 0 291 1 3536 13 39 46 39 46 28 35 3827 14 0 0 291 1 3536 13 39 46 39 46 28 35 3827 14 0 0 291 1 3536 13 39 46 39 46 28 35 3827 14 0 0 291 1 3536 13 40 47 39 46 40 47 3827 14 0 0 291 1 3536 13
235 900 100 900 0 100 0 1000 39 46 39 46 28 35 0 0 0 0 0 0 0 0 39 46 39 46 28 35 0 0 0 0 0 0 0 0 39 46 39 46 28 35 0 0 0 0 0 0 0 0 39 46 39 46 28 35 0 0 0 0 0 0 0 0 39 46 39 46 28 35 0 0 0 0 0 0 0 0 40 47 39 46 40 47 0 0 0 0 0 0 0 0
236 900 100 900 0 100 0 1000 39 46 39 46 28 35 0 0 0 0 0 0 0 0 39 46 39 46 28 35 0 0 0 0 0 0 0 0 39 46 39 46 28 35 0 0 0 0 0 0 0 0 39 46 39 46 28 35 0 0 0 0 0 0 0 0 39 46 39 46 28 35 0 0 0 0 0 0 0 0 40 47 39 46 40 47 0 0 0 0 0 0 0 0
237 900 100 900 0 100 0 1000 39 46 39 46 28 35 0 0 0 0 0 0 0 0 39 46 39 46 28 35 0 0 0 0 0 0 0 0 39 46 39 46 28 35 0 0 0 0 0 0 0 0 39 46 39 46 28 35 0 0 0 0 0 0 0 0 39 46 39 46 28 35 0 0 0 0 0 0 0 0 40 47 39 46 40 47 0 0 0 0 0 0 0 0
238 900 100 900 0 100 0 1000 39 46 39 46 28 35 2448 9 0 0 0 0 2448 9 39 46 39 46 28 35 2448 9 0 0 0 0 2448 9 39 46 39 46 28 35 2448 9 0 0 0 0 2448 9 39 46 39 46 28 35 2448 9 0 0 0 0 2448 9 39 46 39 46 28 35 2448 9 0 0 0 0 2448 9 40 47 39 46 40 47 2448 9 0 0 0 0 2448 9
239 900 100 900 0 100 0 1000 39 46 39 46 28 35 0 0 0 0 0 0 0 0 39 46 39 46 28 35 0 0 0 0 0 0 0 0 39 46 39 46 28 35 0 0 0 0 0 0 0 0 39 46 39 46 28 35 0 0 0 0 0 0 0 0 39 46 39 46 28 35 0 0 0 0 0 0 0 0 40 47 39 46 40 47 0 0 0 0 0 0 0 0
240 900 100 900 0 100 0 1000 39 46 39 46 28 35 0 0 0 0 0 0 0 0 39 46 39 46 28 35 0 0 0 0 0 0 0 0 39 46 39 46 28 35 0 0 0 0 0 0 0 0 39 46 39 46 28 35 0 0 0 0 0 0 0 0 39 46 39 46 28 35 0 0 0 0 0 0 0 0 40 47 39 46 40 47 0 0 0 0 0 0 0 0
241 900 100 900 0 100 0 1000 39 46 39 46 28 35 1454 2 1454 2 0 0 0 0 39 46 39 46 28 35 1454 2 1454 2 0 0 0 0 39 46 39 46 28 35 1454 2 1454 2 0 0 0 0 39 46 39 46 28 35 1454 2 1454 2 0 0 0 0 39 46 39 46 28 35 1454 2 1454 2 0 0 0 0 40 47 39 46 40 47 1454 2 1454 2 0 0 0 0
242 900 100 900 0 100 0 1000 39 46 39 46 28 35 3555 13 0 0 291 1 3264 12 39 46 39 46 28 35 3555 13 0 0 291 1 3264 12 39 46 39 46 28 35 3555 13 0 0 291 1 3264 12 39 46 39 46 28 35 3555 13 0 0 291 1 3264 12 39 46 39 46 28 35 3555 13 0 0 291 1 3264 12 40 47 39 46 40 47 3555 13 0 0 291 1 3264 12
243 900 100 900 0 100 0 1000 39 46 39 46 28 35 0 0 0 0 0 0 0 0 39 46 39 46 28 35 0 0 0 0 0 0 0 0 39 46 39 46 28 35 0 0 0 0 0 0 0 0 39 46 39 46 28 35 0 0 0 0 0 0 0 0 39 46 39 46 28 35 0 0 0 0 0 0 0 0 41 50 39 46 41 50 0 0 0 0 0 0 0 0
244 900 100 900 0 100 0 1000 39 46 39 46 28 35 0 0 0 0 0 0 0 0 39 46 39 46 28 35 0 0 0 0 0 0 0 0 39 46 39 46 28 35 0 0 0 0 0 0 0 0 39 46 39 46 28 35 0 0 0 0 0 0 0 0 39 46 39 46 28 35 0 0 0 0 0 0 0 0 41 50 39 46 41 50 0 0 0 0 0 0 0 0
245 900 100 900 0 100 0 1000 39 46 39 46 28 35 0 0 0 0 0 0 0 0 39 46 39 46 28 35 0 0 0 0 0 0 0 0 39 46 39 46 28 35 0 0 0 0 0 0 0 0 39 46 39 46 28 35 0 0 0 0 0 0 0 0 39 46 39 46 28 35 0 0 0 0 0 0 0 0 41 50 39 46 41 50 0 0 0 0 0 0 0 0
246 900 100 900 0 100 0 1000 39 46 39 46 28 35 2448 9 0 0 0 0 2448 9 39 46 39 46 28 35 2448 9 0 0 0 0 2448 9 39 46 39 46 28 35 2448 9 0 0 0 0 2448 9 39 46 39 46 28 35 2448 9 0 0 0 0 2448 9 39 46 39 46 28 35 2448 9 0 0 0 0 2448 9 41 50 39 46 41 50 2448 9 0 0 0 0 2448 9
247 900 100 900 0 100 0 1000 39 46 39 46 28 35 0 0 0 0 0 0 0 0 39 46 39 46 28 35 0 0 0 0 0 0 0 0 39 46 39 46 28 35 0 0 0 0 0 0 0 0 39 46 39 46 28 35 0 0 0 0 0 0 0 0 39 46 39 46 28 35 0 0 0 0 0 0 0 0 42 51 39 46 42 51 0 0 0 0 0 0 0 0
248 0 1000 0 900 100 0 1000 39 46 39 46 28 35 0 0 0 0 0 0 0 0 39 46 39 46 28 35 0 0 0 0 0 0 0 0 39 46 39 46 28 35 0 0 0 0 0 0 0 0 39 46 39 46 28 35 0 0 0 0 0 0 0 0 39 46 39 46 28 35 0 0 0 0 0 0 0 0 42 51 39 46 42 51 0 0 0 0 0 0 0 0
249 0 1000 0 900 100 0 1000 39 46 39 46 28 35 0 0 0 0 0 0 0 0 39 46 39 46 28 35 0 0 0 0 0 0 0 0 39 46 39 46 28 35 0 0 0 0 0 0 0 0 39 46 39 46 28 35 0 0 0 0 0 0 0 0 39 46 39 46 28 35 0 0 0 0 0 0 0 0 42 51 39 46 42 51 0 0 0 0 0 0 0 0
250 0 1000 0 900 100 0 1000 39 46 39 46 28 35 4080 15 0 0 0 0 4080 15 39 46 39 46 28 35 4080 15 0 0 0 0 4080 15 39 46 39 46 28 35 4080 15 0 0 0 0 4080 15 39 46 39 46 28 35 4080 15 0 0 0 0 4080 15 39 46 39 46 28 35 4080 15 0 0 0 0 4080 15 42 51 39 46 42 51 4080 15 0 0 0 0 4080 15
251 0 1000 0 0 1000 0 1000 43 52 39 46 43 52 0 0 0 0 0 0 0 0 43 52 39 46 43 52 0 0 0 0 0 0 0 0 43 52 39 46 43 52 0 0 0 0 0 0 0 0 43 52 39 46 43 52 0 0 0 0 0 0 0 0 43 52 39 46 43 52 0 0 0 0 0 0 0 0 43 52 39 46 43 52 0 0 0 0 0 0 0 0
252 0 1000 0 0 1000 0 1000 43 52 39 46 43 52 0 0 0 0 0 0 0 0 43 52 39 46 43 52 0 0 0 0 0 0 0 0 43 52 39 46 43 52 0 0 0 0 0 0 0 0 43 52 39 46 43 52 0 0 0 0 0 0 0 0 43 52 39 46 43 52 0 0 0 0 0 0 0 0 43 52 39 46 43 52 0 0 0 0 0 0 0 0
253 0 1000 0 0 1000 0 1000 43 52 39 46 43 52 4595 5 4595 5 0 0 0 0 43 52 39 46 43 52 4595 5 4595 5 0 0 0 0 43 52 39 46 43 52 4595 5 4595 5 0 0 0 0 43 52 39 46 43 52 4595 5 4595 5 0 0 0 0 43 52 39 46 43 52 4595 5 4595 5 0 0 0 0 43 52 39 46 43 52 4595 5 4595 5 0 0 0 0
254 0 1000 0 0 1000 0 1000 51 63 51 63 43 52 25587 94 0 0 291 1 25296 93 51 63 51 63 43 52 25587 94 0 0 291 1 25296 93 51 63 51 63 43 52 25587 94 0 0 291 1 25296 93 51 63 51 63 43 52 25587 94 0 0 291 1 25296 93 51 63 51 63 43 52 25587 94 0 0 291 1 25296 93 51 63 51 63 43 52 25587 94 0 0 291 1 25296 93
255 0 1000 0 0 1000 0 1000 51 63 51 63 44 53 0 0 0 0 0 0 0 0 51 63 51 63 44 53 0 0 0 0 0 0 0 0 51 63 51 63 44 53 0 0 0 0 0 0 0 0 51 63 51 63 44 53 0 0 0 0 0 0 0 0 51 63 51 63 44 53 0 0 0 0 0 0 0 0 51 63 51 63 44 53 0 0 0 0 0 0 0 0
256 0 1000 0 0 1000 0 1000 51 63 51 63 44 53 0 0 0 0 0 0 0 0 51 63 51 63 44 53 0 0 0 0 0 0 0 0 51 63 51 63 44 53 0 0 0 0 0 0 0 0 51 63 51 63 44 53 0 0 0 0 0 0 0 0 51 63 51 63 44 53 0 0 0 0 0 0 0 0 51 63 51 63 44 53 0 0 0 0 0 0 0 0
257 0 1000 0 0 1000 0 1000 51 63 51 63 44 53 6830 2 6830 2 0 0 0 0 51 63 51 63 44 53 6830 2 6830 2 0 0 0 0 51 63 51 63 44 53 6830 2 6830 2 0 0 0 0 51 63 51 63 44 53 6830 2 6830 2 0 0 0 0 51 63 51 63 44 53 6830 2 6830 2 0 0 0 0 51 63 51 63 44 53 6830 2 6830 2 0 0 0 0
258 0 1000 0 0 1000 0 1000 52 64 52 64 44 53 22323 82 0 0 291 1 22032 81 52 64 52 64 44 53 22323 82 0 0 291 1 22032 81 52 64 52 64 44 53 22323 82 0 0 291 1 22032 81 52 64 52 64 44 53 22323 82 0 0 291 1 22032 81 52 64 52 64 44 53 22323 82 0 0 291 1 22032 81 52 64 52 64 44 53 22323 82 0 0 291 1 22032 81
259 0 1000 0 0 1000 0 1000 52 64 52 64 45 54 0 0 0 0 0 0 0 0 52 64 52 64 45 54 0 0 0 0 0 0 0 0 52 64 52 64 45 54 0 0 0 0 0 0 0 0 52 64 52 64 45 54 0 0 0 0 0 0 0 0 52 64 52 64 45 54 0 0 0 0 0 0 0 0 52 64 52 64 45 54 0 0 0 0 0 0 0 0
260 0 1000 0 0 1000 0 1000 52 64 52 64 45 54 0 0 0 0 0 0 0 0 52 64 52 64 45 54 0 0 0 0 0 0 0 0 52 64 52 64 45 54 0 0 0 0 0 0 0 0 52 64 52 64 45 54 0 0 0 0 0 0 0 0 52 64 52 64 45 54 0 0 0 0 0 0 0 0 52 64 52 64 45 54 0 0 0 0 0 0 0 0
261 0 1000 0 0 1000 0 1000 52 64 52 64 45 54 21216 7 21216 7 0 0 0 0 52 64 52 64 45 54 21216 7 21216 7 0 0 0 0 52 64 52 64 45 54 21216 7 21216 7 0 0 0 0 52 64 52 64 45 54 21216 7 21216 7 0 0 0 0 52 64 52 64 45 54 21216 7 21216 7 0 0 0 0 52 64 52 64 45 54 21216 7 21216 7 0 0 0 0
262 0 1000 0 0 1000 0 1000 53 65 53 65 45 54 26675 98 0 0 291 1 26384 97 53 65 53 65 45 54 26675 98 0 0 291 1 26384 97 53 65 53 65 45 54 26675 98 0 0 291 1 26384 97 53 65 53 65 45 54 26675 98 0 0 291 1 26384 97 53 65 53 65 45 54 26675 98 0 0 291 1 26384 97 53 65 53 65 45 54 26675 98 0 0 291 1 26384 97
263 0 1000 0 0 1000 0 1000 53 65 53 65 46 55 0 0 0 0 0 0 0 0 53 65 53 65 46 55 0 0 0 0 0 0 0 0 53 65 53 65 46 55 0 0 0 0 0 0 0 0 53 65 53 65 46 55 0 0 0 0 0 0 0 0 53 65 53 65 46 55 0 0 0 0 0 0 0 0 53 65 53 65 46 55 0 0 0 0 0 0 0 0
264 0 1000 0 0 1000 0 1000 53 65 53 65 46 55 0 0 0 0 0 0 0 0 53 65 53 65 46 55 0 0 0 0 0 0 0 0 53 65 53 65 46 55 0 0 0 0 0 0 0 0 53 65 53 65 46 55 0 0 0 0 0 0 0 0 53 65 53 65 46 55 0 0 0 0 0 0 0 0 53 65 53 65 46 55 0 0 0 0 0 0 0 0
265 0 1000 0 0 1000 0 1000 53 65 53 65 46 55 14172 4 14172 4 0 0 0 0 53 65 53 65 46 55 14172 4 14172 4 0 0 0 0 53 65 53 65 46 55 14172 4 14172 4 0 0 0 0 53 65 53 65 46 55 14172 4 14172 4 0 0 0 0 53 65 53 65 46 55 14172 4 14172 4 0 0 0 0 53 65 53 65 46 55 14172 4 14172 4 0 0 0 0
266 0 1000 0 0 1000 0 1000 54 66 54 66 46 55 24499 90 0 0 291 1 24208 89 54 66 54 66 46 55 24499 90 0 0 291 1 24208 89 54 66 54 66 46 55 24499 90 0 0 291 1 24208 89 54 66 54 66 46 55 24499 90 0 0 291 1 24208 89 54 66 54 66 46 55 24499 90 0 0 291 1 24208 89 54 66 54 66 46 55 24499 90 0 0 291 1 24208 89
267 0 1000 0 0 1000 0 1000 54 66 54 66 47 56 0 0 0 0 0 0 0 0 54 66 54 66 47 56 0 0 0 0 0 0 0 0 54 66 54 66 47 56 0 0 0 0 0 0 0 0 54 66 54 66 47 56 0 0 0 0 0 0 0 0 54 66 54 66 47 56 0 0 0 0 0 0 0 0 54 66 54 66 47 56 0 0 0 0 0 0 0 0
268 0 1000 0 0 1000 0 1000 54 66 54 66 47 56 0 0 0 0 0 0 0 0 54 66 54 66 47 56 0 0 0 0 0 0 0 0 54 66 54 66 47 56 0 0 0 0 0 0 0 0 54 66 54 66 47 56 0 0 0 0 0 0 0 0 54 66 54 66 47 56 0 0 0 0 0 0 0 0 54 66 54 66 47 56 0 0 0 0 0 0 0 0
269 0 1000 0 0 1000 0 1000 54 66 54 66 47 56 19722 6 19722 6 0 0 0 0 54 66 54 66 47 56 19722 6 19722 6 0 0 0 0 54 66 54 66 47 56 19722 6 19722 6 0 0 0 0 54 66 54 66 47 56 19722 6 19722 6 0 0 0 0 54 66 54 66 47 56 19722 6 19722 6 0 0 0 0 54 66 54 66 47 56 19722 6 19722 6 0 0 0 0
270 0 1000 0 0 1000 0 1000 55 67 55 67 47 56 32115 118 0 0 291 1 31824 117 55 67 55 67 47 56 32115 118 0 0 291 1 31824 117 55 67 55 67 47 56 32115 118 0 0 291 1 31824 117 55 67 55 67 47 56 32115 118 0 0 291 1 31824 117 55 67 55 67 47 56 32115 118 0 0 291 1 31824 117 55 67 55 67 47 56 32115 118 0 0 291 1 31824 117
271 0 1000 0 0 1000 0 1000 55 67 55 67 48 57 0 0 0 0 0 0 0 0 55 67 55 67 48 57 0 0 0 0 0 0 0 0 55 67 55 67 48 57 0 0 0 0 0 0 0 0 55 67 55 67 48 57 0 0 0 0 0 0 0 0 55 67 55 67 48 57 0 0 0 0 0 0 0 0 55 67 55 67 48 57 0 0 0 0 0 0 0 0
272 0 1000 0 0 1000 0 1000 55 67 55 67 48 57 0 0 0 0 0 0 0 0 55 67 55 67 48 57 0 0 0 0 0 0 0 0 55 67 55 67 48 57 0 0 0 0 0 0 0 0 55 67 55 67 48 57 0 0 0 0 0 0 0 0 55 67 55 67 48 57 0 0 0 0 0 0 0 0 55 67 55 67 48 57 0 0 0 0 0 0 0 0
273 0 1000 0 0 1000 0 1000 55 67 55 67 48 57 16731 4 16731 4 0 0 0 0 55 67 55 67 48 57 16731 4 16731 4 0 0 0 0 55 67 55 67 48 57 16731 4 16731 4 0 0 0 0 55 67 55 67 48 57 16731 4 16731 4 0 0 0 0 55 67 55 67 48 57 16731 4 16731 4 0 0 0 0 55 67 55 67 48 57 16731 4 16731 4 0 0 0 0
274 0 1000 0 0 1000 0 1000 56 68 56 68 48 57 30211 111 0 0 291 1 29920 110 56 68 56 68 48 57 30211 111 0 0 291 1 29920 110 56 68 56 68 48 57 30211 111 0 0 291 1 29920 110 56 68 56 68 48 57 30211 111 0 0 291 1 29920 110 56 68 56 68 48 57 30211 111 0 0 291 1 29920 110 56 68 56 68 48 57 30211 111 0 0 291 1 29920 110
275 0 1000 0 0 1000 0 1000 56 68 56 68 49 58 0 0 0 0 0 0 0 0 56 68 56 68 49 58 0 0 0 0 0 0 0 0 56 68 56 68 49 58 0 0 0 0 0 0 0 0 56 68 56 68 49 58 0 0 0 0 0 0 0 0 56 68 56 68 49 58 0 0 0 0 0 0 0 0 56 68 56 68 49 58 0 0 0 0 0 0 0 0
276 0 1000 0 0 1000 0 1000 56 68 56 68 49 58 0 0 0 0 0 0 0 0 56 68 56 68 49 58 0 0 0 0 0 0 0 0 56 68 56 68 49 58 0 0 0 0 0 0 0 0 56 68 56 68 49 58 0 0 0 0 0 0 0 0 56 68 56 68 49 58 0 0 0 0 0 0 0 0 56 68 56 68 49 58 0 0 0 0 0 0 0 0
277 0 1000 0 0 1000 0 1000 56 68 56 68 49 58 23752 6 23752 6 0 0 0 0 56 68 56 68 49 58 23752 6 23752 6 0 0 0 0 56 68 56 68 49 58 23752 6 23752 6 0 0 0 0 56 68 56 68 49 58 23752 6 23752 6 0 0 0 0 56 68 56 68 49 58 23752 6 23752 6 0 0 0 0 56 68 56 68 49 58 23752 6 23752 6 0 0 0 0
278 0 1000 0 0 1000 0 1000 57 69 57 69 49 58 26131 96 0 0 291 1 25840 95 57 69 57 69 49 58 26131 96 0 0 291 1 25840 95 57 69 57 69 49 58 26131 96 0 0 291 1 25840 95 57 69 57 69 49 58 26131 96 0 0 291 1 25840 95 57 69 57 69 49 58 26131 96 0 0 291 1 25840 95 57 69 57 69 49 58 26131 96 0 0 291 1 25840 95
279 0 1000 0 0 1000 0 1000 57 69 57 69 49 58 0 0 0 0 0 0 0 0 57 69 57 69 49 58 0 0 0 0 0 0 0 0 57 69 57 69 49 58 0 0 0 0 0 0 0 0 57 69 57 69 49 58 0 0 0 0 0 0 0 0 57 69 57 69 49 58 0 0 0 0 0 0 0 0 57 69 57 69 49 58 0 0 0 0 0 0 0 0
280 0 1000 0 0 1000 0 1000 57 69 57 69 49 58 0 0 0 0 0 0 0 0 57 69 57 69 49 58 0 0 0 0 0 0 0 0 57 69 57 69 49 58 0 0 0 0 0 0 0 0 57 69 57 69 49 58 0 0 0 0 0 0 0 0 57 69 57 69 49 58 0 0 0 0 0 0 0 0 57 69 57 69 49 58 0 0 0 0 0 0 0 0
281 0 1000 0 0 1000 0 1000 57 69 57 69 49 58 34789 10 34789 10 0 0 0 0 57 69 57 69 49 58 34789 10 34789 10 0 0 0 0 57 69 57 69 49 58 34789 10 34789 10 0 0 0 0 57 69 57 69 49 58 34789 10 34789 10 0 0 0 0 57 69 57 69 49 58 34789 10 34789 10 0 0 0 0 57 69 57 69 49 58 34789 10 34789 10 0 0 0 0
282 0 1000 0 0 1000 0 1000 58 70 58 70 49 58 23955 88 0 0 291 1 23664 87 58 70 58 70 49 58 23955 88 0 0 291 1 23664 87 58 70 58 70 49 58 23955 88 0 0 291 1 23664 87 58 70 58 70 49 58 23955 88 0 0 291 1 23664 87 58 70 58 70 49 58 23955 88 0 0 291 1 23664 87 58 70 58 70 49 58 23955 88 0 0 291 1 23664 87
283 0 1000 0 0 1000 0 1000 58 70 58 70 50 60 0 0 0 0 0 0 0 0 58 70 58 70 50 60 0 0 0 0 0 0 0 0 58 70 58 70 50 60 0 0 0 0 0 0 0 0 58 70 58 70 50 60 0 0 0 0 0 0 0 0 58 70 58 70 50 60 0 0 0 0 0 0 0 0 58 70 58 70 50 60 0 0 0 0 0 0 0 0
284 0 1000 0 0 1000 0 1000 58 70 58 70 50 60 0 0 0 0 0 0 0 0 58 70 58 70 50 60 0 0 0 0 0 0 0 0 58 70 58 70 50 60 0 0 0 0 0 0 0 0 58 70 58 70 50 60 0 0 0 0 0 0 0 0 58 70 58 70 50 60 0 0 0 0 0 0 0 0 58 70 58 70 50 60 0 0 0 0 0 0 0 0
285 0 1000 0 0 1000 0 1000 58 70 58 70 50 60 19338 6 19338 6 0 0 0 0 58 70 58 70 50 60 19338 6 19338 6 0 0 0 0 58 70 58 70 50 60 19338 6 19338 6 0 0 0 0 58 70 58 70 50 60 19338 6 19338 6 0 0 0 0 58 70 58 70 50 60 19338 6 19338 6 0 0 0 0 58 70 58 70 50 60 19338 6 19338 6 0 0 0 0
286 0 1000 0 0 1000 0 1000 59 71 59 71 50 60 33203 122 0 0 291 1 32912 121 59 71 59 71 50 60 33203 122 0 0 291 1 32912 121 59 71 59 71 50 60 33203 122 0 0 291 1 32912 121 59 71 59 71 50 60 33203 122 0 0 291 1 32912 121 59 71 59 71 50 60 33203 122 0 0 291 1 32912 121 59 71 59 71 50 60 33203 122 0 0 291 1 32912 121
287 0 1000 0 0 1000 0 1000 59 71 59 71 50 60 0 0 0 0 0 0 0 0 59 71 59 71 50 60 0 0 0 0 0 0 0 0 59 71 59 71 50 60 0 0 0 0 0 0 0 0 59 71 59 71 50 60 0 0 0 0 0 0 0 0 59 71 59 71 50 60 0 0 0 0 0 0 0 0 59 71 59 71 50 60 0 0 0 0 0 0 0 0
288 0 1000 0 0 1000 0 1000 59 71 59 71 50 60 0 0 0 0 0 0 0 0 59 71 59 71 50 60 0 0 0 0 0 0 0 0 59 71 59 71 50 60 0 0 0 0 0 0 0 0 59 71 59 71 50 60 0 0 0 0 0 0 0 0 59 71 59 71 50 60 0 0 0 0 0 0 0 0 59 71 59 71 50 60 0 0 0 0 0 0 0 0
289 0 1000 0 0 1000 0 1000 59 71 59 71 50 60 47420 11 47420 11 0 0 0 0 59 71 59 71 50 60 47420 11 47420 11 0 0 0 0 59 71 59 71 50 60 47420 11 47420 11 0 0 0 0 59 71 59 71 50 60 47420 11 47420 11 0 0 0 0 59 71 59 71 50 60 47420 11 47420 11 0 0 0 0 59 71 59 71 50 60 47420 11 47420 11 0 0 0 0
290 0 1000 0 0 1000 0 1000 60 72 60 72 50 60 27491 101 0 0 291 1 27200 100 60 72 60 72 50 60 27491 101 0 0 291 1 27200 100 60 72 60 72 50 60 27491 101 0 0 291 1 27200 100 60 72 60 72 50 60 27491 101 0 0 291 1 27200 100 60 72 60 72 50 60 27491 101 0 0 291 1 27200 100 60 72 60 72 50 60 27491 101 0 0 291 1 27200 100
291 0 1000 0 0 1000 0 1000 60 72 60 72 50 60 0 0 0 0 0 0 0 0 60 72 60 72 50 60 0 0 0 0 0 0 0 0 60 72 60 72 50 60 0 0 0 0 0 0 0 0 60 72 60 72 50 60 0 0 0 0 0 0 0 0 60 72 60 72 50 60 0 0 0 0 0 0 0 0 60 72 60 72 50 60 0 0 0 0 0 0 0 0
292 0 1000 0 0 1000 0 1000 60 72 60 72 50 60 0 0 0 0 0 0 0 0 60 72 60 72 50 60 0 0 0 0 0 0 0 0 60 72 60 72 50 60 0 0 0 0 0 0 0 0 60 72 60 72 50 60 0 0 0 0 0 0 0 0 60 72 60 72 50 60 0 0 0 0 0 0 0 0 60 72 60 72 50 60 0 0 0 0 0 0 0 0
293 0 1000 0 0 1000 0 1000 60 72 60 72 50 60 18195 5 18195 5 0 0 0 0 60 72 60 72 50 60 18195 5 18195 5 0 0 0 0 60 72 60 72 50 60 18195 5 18195 5 0 0 0 0 60 72 60 72 50 60 18195 5 18195 5 0 0 0 0 60 72 60 72 50 60 18195 5 18195 5 0 0 0 0 60 72 60 72 50 60 18195 5 18195 5 0 0 0 0
294 0 1000 0 0 1000 0 1000 61 73 61 73 50 60 30755 113 0 0 291 1 30464 112 61 73 61 73 50 60 30755 113 0 0 291 1 30464 112 61 73 61 73 50 60 30755 113 0 0 291 1 30464 112 61 73 61 73 50 60 30755 113 0 0 291 1 30464 112 61 73 61 73 50 60 30755 113 0 0 291 1 30464 112 61 73 61 73 50 60 30755 113 0 0 291 1 30464 112
295 0 1000 0 0 1000 0 1000 61 73 61 73 51 63 0 0 0 0 0 0 0 0 61 73 61 73 51 63 0 0 0 0 0 0 0 0 61 73 61 73 51 63 0 0 0 0 0 0 0 0 61 73 61 73 51 63 0 0 0 0 0 0 0 0 61 73 61 73 51 63 0 0 0 0 0 0 0 0 61 73 61 73 51 63 0 0 0 0 0 0 0 0
296 0 1000 0 0 1000 0 1000 61 73 61 73 51 63 0 0 0 0 0 0 0 0 61 73 61 73 51 63 0 0 0 0 0 0 0 0 61 73 61 73 51 63 0 0 0 0 0 0 0 0 61 73 61 73 51 63 0 0 0 0 0 0 0 0 61 73 61 73 51 63 0 0 0 0 0 0 0 0 61 73 61 73 51 63 0 0 0 0 0 0 0 0
297 0 1000 0 0 1000 0 1000 61 73 61 73 51 63 32184 8 32184 8 0 0 0 0 61 73 61 73 51 63 32184 8 32184 8 0 0 0 0 61 73 61 73 51 63 32184 8 32184 8 0 0 0 0 61 73 61 73 51 63 32184 8 32184 8 0 0 0 0 61 73 61 73 51 63 32184 8 32184 8 0 0 0 0 61 73 61 73 51 63 32184 8 32184 8 0 0 0 0
298 0 1000 0 0 1000 0 1000 62 74 62 74 51 63 24771 91 0 0 291 1 24480 90 62 74 62 74 51 63 24771 91 0 0 291 1 24480 90 62 74 62 74 51 63 24771 91 0 0 291 1 24480 90 62 74 62 74 51 63 24771 91 0 0 291 1 24480 90 62 74 62 74 51 63 24771 91 0 0 291 1 24480 90 62 74 62 74 51 63 24771 91 0 0 291 1 24480 90
299 0 1000 0 0 1000 0 1000 62 74 62 74 52 64 0 0 0 0 0 0 0 0 62 74 62 74 52 64 0 0 0 0 0 0 0 0 62 74 62 74 52 64 0 0 0 0 0 0 0 0 62 74 62 74 52 64 0 0 0 0 0 0 0 0 62 74 62 74 52 64 0 0 0 0 0 0 0 0 62 74 62 74 52 64 0 0 0 0 0 0 0 0
300 0 1000 0 0 1000 0 1000 62 74 62 74 52 64 0 0 0 0 0 0 0 0 62 74 62 74 52 64 0 0 0 0 0 0 0 0 62 74 62 74 52 64 0 0 0 0 0 0 0 0 62 74 62 74 52 64 0 0 0 0 0 0 0 0 62 74 62 74 52 64 0 0 0 0 0 0 0 0 62 74 62 74 52 64 0 0 0 0 0 0 0 0
301 0 1000 0 0 1000 0 1000 62 74 62 74 52 64 19914 6 19914 6 0 0 0 0 62 74 62 74 52 64 19914 6 19914 6 0 0 0 0 62 74 62 74 52 64 19914 6 19914 6 0 0 0 0 62 74 62 74 52 64 19914 6 19914 6 0 0 0 0 62 74 62 74 52 64 19914 6 19914 6 0 0 0 0 62 74 62 74 52 64 19914 6 19914 6 0 0 0 0
302 0 1000 0 0 1000 0 1000 63 75 63 75 52 64 30211 111 0 0 291 1 29920 110 63 75 63 75 52 64 30211 111 0 0 291 1 29920 110 63 75 63 75 52 64 30211 111 0 0 291 1 29920 110 63 75 63 75 52 64 30211 111 0 0 291 1 29920 110 63 75 63 75 52 64 30211 111 0 0 291 1 29920 110 63 75 63 75 52 64 30211 111 0 0 291 1 29920 110
303 0 1000 0 0 1000 0 1000 63 75 63 75 53 65 0 0 0 0 0 0 0 0 63 75 63 75 53 65 0 0 0 0 0 0 0 0 63 75 63 75 53 65 0 0 0 0 0 0 0 0 63 75 63 75 53 65 0 0 0 0 0 0 0 0 63 75 63 75 53 65 0 0 0 0 0 0 0 0 63 75 63 75 53 65 0 0 0 0 0 0 0 0
