r n_asleep n_awake n_honest_asleep n_honest_dreamy n_honest_awake n_adversary n_all party0_ledger_best_length party0_ledger_best_age party0_ledger_fast_length party0_ledger_fast_age party0_ledger_slow_length party0_ledger_slow_age party0_comms_all_size party0_comms_all_count party0_comms_proposal_size party0_comms_proposal_count party0_comms_piece_block_size party0_comms_piece_block_count party0_comms_piece_vote_size party0_comms_piece_vote_count party1_ledger_best_length party1_ledger_best_age party1_ledger_fast_length party1_ledger_fast_age party1_ledger_slow_length party1_ledger_slow_age party1_comms_all_size party1_comms_all_count party1_comms_proposal_size party1_comms_proposal_count party1_comms_piece_block_size party1_comms_piece_block_count party1_comms_piece_vote_size party1_comms_piece_vote_count party2_ledger_best_length party2_ledger_best_age party2_ledger_fast_length party2_ledger_fast_age party2_ledger_slow_length party2_ledger_slow_age party2_comms_all_size party2_comms_all_count party2_comms_proposal_size party2_comms_proposal_count party2_comms_piece_block_size party2_comms_piece_block_count party2_comms_piece_vote_size party2_comms_piece_vote_count party3_ledger_best_length party3_ledger_best_age party3_ledger_fast_length party3_ledger_fast_age party3_ledger_slow_length party3_ledger_slow_age party3_comms_all_size party3_comms_all_count party3_comms_proposal_size party3_comms_proposal_count party3_comms_piece_block_size party3_comms_piece_block_count party3_comms_piece_vote_size party3_comms_piece_vote_count party4_ledger_best_length party4_ledger_best_age party4_ledger_fast_length party4_ledger_fast_age party4_ledger_slow_length party4_ledger_slow_age party4_comms_all_size party4_comms_all_count party4_comms_proposal_size party4_comms_proposal_count party4_comms_piece_block_size party4_comms_piece_block_count party4_comms_piece_vote_size party4_comms_piece_vote_count partyALWAYSAWAKE_ledger_best_length partyALWAYSAWAKE_ledger_best_age partyALWAYSAWAKE_ledger_fast_length partyALWAYSAWAKE_ledger_fast_age partyALWAYSAWAKE_ledger_slow_length partyALWAYSAWAKE_ledger_slow_age partyALWAYSAWAKE_comms_all_size partyALWAYSAWAKE_comms_all_count partyALWAYSAWAKE_comms_proposal_size partyALWAYSAWAKE_comms_proposal_count partyALWAYSAWAKE_comms_piece_block_size partyALWAYSAWAKE_comms_piece_block_count partyALWAYSAWAKE_comms_piece_vote_size partyALWAYSAWAKE_comms_piece_vote_count
4 0 1000 0 0 1000 0 1000 0 0 0 0 0 0 0 0 0 0 0 0 0 0 0 0 0 0 0 0 0 0 0 0 0 0 0 0 0 0 0 0 0 0 0 0 0 0 0 0 0 0 0 0 0 0 0 0 0 0 0 0 0 0 0 0 0 0 0 0 0 0 0 0 0 0 0 0 0 0 0 0 0 0 0 0 0 0 0 0 0 0 0 0
5 0 1000 0 0 1000 0 1000 0 0 0 0 0 0 402190 5 402190 5 0 0 0 0 0 0 0 0 0 0 402190 5 402190 5 0 0 0 0 0 0 0 0 0 0 402190 5 402190 5 0 0 0 0 0 0 0 0 0 0 402190 5 402190 5 0 0 0 0 0 0 0 0 0 0 402190 5 402190 5 0 0 0 0 0 0 0 0 0 0 402190 5 402190 5 0 0 0 0
6 0 1000 0 0 1000 0 1000 1 1 1 1 0 0 109938 110 0 0 80290 1 29648 109 1 1 1 1 0 0 109938 110 0 0 80290 1 29648 109 1 1 1 1 0 0 109938 110 0 0 80290 1 29648 109 1 1 1 1 0 0 109938 110 0 0 80290 1 29648 109 1 1 1 1 0 0 109938 110 0 0 80290 1 29648 109 1 1 1 1 0 0 109938 110 0 0 80290 1 29648 109
7 0 1000 0 0 1000 0 1000 1 1 1 1 0 0 0 0 0 0 0 0 0 0 1 1 1 1 0 0 0 0 0 0 0 0 0 0 1 1 1 1 0 0 0 0 0 0 0 0 0 0 1 1 1 1 0 0 0 0 0 0 0 0 0 0 1 1 1 1 0 0 0 0 0 0 0 0 0 0 1 1 1 1 0 0 0 0 0 0 0 0 0 0
8 0 1000 0 0 1000 0 1000 1 1 1 1 0 0 0 0 0 0 0 0 0 0 1 1 1 1 0 0 0 0 0 0 0 0 0 0 1 1 1 1 0 0 0 0 0 0 0 0 0 0 1 1 1 1 0 0 0 0 0 0 0 0 0 0 1 1 1 1 0 0 0 0 0 0 0 0 0 0 1 1 1 1 0 0 0 0 0 0 0 0 0 0
9 0 1000 0 0 1000 0 1000 1 1 1 1 0 0 587481 7 587481 7 0 0 0 0 1 1 1 1 0 0 587481 7 587481 7 0 0 0 0 1 1 1 1 0 0 587481 7 587481 7 0 0 0 0 1 1 1 1 0 0 587481 7 587481 7 0 0 0 0 1 1 1 1 0 0 587481 7 587481 7 0 0 0 0 1 1 1 1 0 0 587481 7 587481 7 0 0 0 0
10 0 1000 0 0 1000 0 1000 2 2 2 2 0 0 105858 95 0 0 80290 1 25568 94 2 2 2 2 0 0 105858 95 0 0 80290 1 25568 94 2 2 2 2 0 0 105858 95 0 0 80290 1 25568 94 2 2 2 2 0 0 105858 95 0 0 80290 1 25568 94 2 2 2 2 0 0 105858 95 0 0 80290 1 25568 94 2 2 2 2 0 0 105858 95 0 0 80290 1 25568 94
11 0 1000 0 0 1000 0 1000 2 2 2 2 0 0 0 0 0 0 0 0 0 0 2 2 2 2 0 0 0 0 0 0 0 0 0 0 2 2 2 2 0 0 0 0 0 0 0 0 0 0 2 2 2 2 0 0 0 0 0 0 0 0 0 0 2 2 2 2 0 0 0 0 0 0 0 0 0 0 2 2 2 2 0 0 0 0 0 0 0 0 0 0
12 0 1000 0 0 1000 0 1000 2 2 2 2 0 0 0 0 0 0 0 0 0 0 2 2 2 2 0 0 0 0 0 0 0 0 0 0 2 2 2 2 0 0 0 0 0 0 0 0 0 0 2 2 2 2 0 0 0 0 0 0 0 0 0 0 2 2 2 2 0 0 0 0 0 0 0 0 0 0 2 2 2 2 0 0 0 0 0 0 0 0 0 0
13 0 1000 0 0 1000 0 1000 2 2 2 2 0 0 500676 6 500676 6 0 0 0 0 2 2 2 2 0 0 500676 6 500676 6 0 0 0 0 2 2 2 2 0 0 500676 6 500676 6 0 0 0 0 2 2 2 2 0 0 500676 6 500676 6 0 0 0 0 2 2 2 2 0 0 500676 6 500676 6 0 0 0 0 2 2 2 2 0 0 500676 6 500676 6 0 0 0 0
14 0 1000 0 0 1000 0 1000 3 3 3 3 0 0 109394 108 0 0 80290 1 29104 107 3 3 3 3 0 0 109394 108 0 0 80290 1 29104 107 3 3 3 3 0 0 109394 108 0 0 80290 1 29104 107 3 3 3 3 0 0 109394 108 0 0 80290 1 29104 107 3 3 3 3 0 0 109394 108 0 0 80290 1 29104 107 3 3 3 3 0 0 109394 108 0 0 80290 1 29104 107
15 0 1000 0 0 1000 0 1000 3 3 3 3 0 0 0 0 0 0 0 0 0 0 3 3 3 3 0 0 0 0 0 0 0 0 0 0 3 3 3 3 0 0 0 0 0 0 0 0 0 0 3 3 3 3 0 0 0 0 0 0 0 0 0 0 3 3 3 3 0 0 0 0 0 0 0 0 0 0 3 3 3 3 0 0 0 0 0 0 0 0 0 0
16 0 1000 0 0 1000 0 1000 3 3 3 3 0 0 0 0 0 0 0 0 0 0 3 3 3 3 0 0 0 0 0 0 0 0 0 0 3 3 3 3 0 0 0 0 0 0 0 0 0 0 3 3 3 3 0 0 0 0 0 0 0 0 0 0 3 3 3 3 0 0 0 0 0 0 0 0 0 0 3 3 3 3 0 0 0 0 0 0 0 0 0 0
17 0 1000 0 0 1000 0 1000 3 3 3 3 0 0 503171 6 503171 6 0 0 0 0 3 3 3 3 0 0 503171 6 503171 6 0 0 0 0 3 3 3 3 0 0 503171 6 503171 6 0 0 0 0 3 3 3 3 0 0 503171 6 503171 6 0 0 0 0 3 3 3 3 0 0 503171 6 503171 6 0 0 0 0 3 3 3 3 0 0 503171 6 503171 6 0 0 0 0
18 0 1000 0 0 1000 0 1000 4 4 4 4 0 0 104770 91 0 0 80290 1 24480 90 4 4 4 4 0 0 104770 91 0 0 80290 1 24480 90 4 4 4 4 0 0 104770 91 0 0 80290 1 24480 90 4 4 4 4 0 0 104770 91 0 0 80290 1 24480 90 4 4 4 4 0 0 104770 91 0 0 80290 1 24480 90 4 4 4 4 0 0 104770 91 0 0 80290 1 24480 90
19 0 1000 0 0 1000 0 1000 4 4 4 4 0 0 0 0 0 0 0 0 0 0 4 4 4 4 0 0 0 0 0 0 0 0 0 0 4 4 4 4 0 0 0 0 0 0 0 0 0 0 4 4 4 4 0 0 0 0 0 0 0 0 0 0 4 4 4 4 0 0 0 0 0 0 0 0 0 0 4 4 4 4 0 0 0 0 0 0 0 0 0 0
20 0 1000 0 0 1000 0 1000 4 4 4 4 0 0 0 0 0 0 0 0 0 0 4 4 4 4 0 0 0 0 0 0 0 0 0 0 4 4 4 4 0 0 0 0 0 0 0 0 0 0 4 4 4 4 0 0 0 0 0 0 0 0 0 0 4 4 4 4 0 0 0 0 0 0 0 0 0 0 4 4 4 4 0 0 0 0 0 0 0 0 0 0
21 0 1000 0 0 1000 0 1000 4 4 4 4 0 0 249953 3 249953 3 0 0 0 0 4 4 4 4 0 0 249953 3 249953 3 0 0 0 0 4 4 4 4 0 0 249953 3 249953 3 0 0 0 0 4 4 4 4 0 0 249953 3 249953 3 0 0 0 0 4 4 4 4 0 0 249953 3 249953 3 0 0 0 0 4 4 4 4 0 0 249953 3 249953 3 0 0 0 0
22 0 1000 0 0 1000 0 1000 5 5 5 5 0 0 109938 110 0 0 80290 1 29648 109 5 5 5 5 0 0 109938 110 0 0 80290 1 29648 109 5 5 5 5 0 0 109938 110 0 0 80290 1 29648 109 5 5 5 5 0 0 109938 110 0 0 80290 1 29648 109 5 5 5 5 0 0 109938 110 0 0 80290 1 29648 109 5 5 5 5 0 0 109938 110 0 0 80290 1 29648 109
23 0 1000 0 0 1000 0 1000 5 5 5 5 0 0 0 0 0 0 0 0 0 0 5 5 5 5 0 0 0 0 0 0 0 0 0 0 5 5 5 5 0 0 0 0 0 0 0 0 0 0 5 5 5 5 0 0 0 0 0 0 0 0 0 0 5 5 5 5 0 0 0 0 0 0 0 0 0 0 5 5 5 5 0 0 0 0 0 0 0 0 0 0
24 0 1000 0 0 1000 0 1000 5 5 5 5 0 0 0 0 0 0 0 0 0 0 5 5 5 5 0 0 0 0 0 0 0 0 0 0 5 5 5 5 0 0 0 0 0 0 0 0 0 0 5 5 5 5 0 0 0 0 0 0 0 0 0 0 5 5 5 5 0 0 0 0 0 0 0 0 0 0 5 5 5 5 0 0 0 0 0 0 0 0 0 0
25 0 1000 0 0 1000 0 1000 5 5 5 5 0 0 671408 8 671408 8 0 0 0 0 5 5 5 5 0 0 671408 8 671408 8 0 0 0 0 5 5 5 5 0 0 671408 8 671408 8 0 0 0 0 5 5 5 5 0 0 671408 8 671408 8 0 0 0 0 5 5 5 5 0 0 671408 8 671408 8 0 0 0 0 5 5 5 5 0 0 671408 8 671408 8 0 0 0 0
26 0 1000 0 0 1000 0 1000 6 6 6 6 0 0 109938 110 0 0 80290 1 29648 109 6 6 6 6 0 0 109938 110 0 0 80290 1 29648 109 6 6 6 6 0 0 109938 110 0 0 80290 1 29648 109 6 6 6 6 0 0 109938 110 0 0 80290 1 29648 109 6 6 6 6 0 0 109938 110 0 0 80290 1 29648 109 6 6 6 6 0 0 109938 110 0 0 80290 1 29648 109
27 0 1000 0 0 1000 0 1000 6 6 6 6 0 0 0 0 0 0 0 0 0 0 6 6 6 6 0 0 0 0 0 0 0 0 0 0 6 6 6 6 0 0 0 0 0 0 0 0 0 0 6 6 6 6 0 0 0 0 0 0 0 0 0 0 6 6 6 6 0 0 0 0 0 0 0 0 0 0 6 6 6 6 0 0 0 0 0 0 0 0 0 0
28 0 1000 0 0 1000 0 1000 6 6 6 6 0 0 0 0 0 0 0 0 0 0 6 6 6 6 0 0 0 0 0 0 0 0 0 0 6 6 6 6 0 0 0 0 0 0 0 0 0 0 6 6 6 6 0 0 0 0 0 0 0 0 0 0 6 6 6 6 0 0 0 0 0 0 0 0 0 0 6 6 6 6 0 0 0 0 0 0 0 0 0 0
29 0 1000 0 0 1000 0 1000 6 6 6 6 0 0 83926 1 83926 1 0 0 0 0 6 6 6 6 0 0 83926 1 83926 1 0 0 0 0 6 6 6 6 0 0 83926 1 83926 1 0 0 0 0 6 6 6 6 0 0 83926 1 83926 1 0 0 0 0 6 6 6 6 0 0 83926 1 83926 1 0 0 0 0 6 6 6 6 0 0 83926 1 83926 1 0 0 0 0
30 0 1000 0 0 1000 0 1000 7 7 7 7 0 0 109122 107 0 0 80290 1 28832 106 7 7 7 7 0 0 109122 107 0 0 80290 1 28832 106 7 7 7 7 0 0 109122 107 0 0 80290 1 28832 106 7 7 7 7 0 0 109122 107 0 0 80290 1 28832 106 7 7 7 7 0 0 109122 107 0 0 80290 1 28832 106 7 7 7 7 0 0 109122 107 0 0 80290 1 28832 106
31 0 1000 0 0 1000 0 1000 7 7 7 7 0 0 0 0 0 0 0 0 0 0 7 7 7 7 0 0 0 0 0 0 0 0 0 0 7 7 7 7 0 0 0 0 0 0 0 0 0 0 7 7 7 7 0 0 0 0 0 0 0 0 0 0 7 7 7 7 0 0 0 0 0 0 0 0 0 0 7 7 7 7 0 0 0 0 0 0 0 0 0 0
32 0 1000 0 0 1000 0 1000 7 7 7 7 0 0 0 0 0 0 0 0 0 0 7 7 7 7 0 0 0 0 0 0 0 0 0 0 7 7 7 7 0 0 0 0 0 0 0 0 0 0 7 7 7 7 0 0 0 0 0 0 0 0 0 0 7 7 7 7 0 0 0 0 0 0 0 0 0 0 7 7 7 7 0 0 0 0 0 0 0 0 0 0
33 0 1000 0 0 1000 0 1000 7 7 7 7 0 0 335320 4 335320 4 0 0 0 0 7 7 7 7 0 0 335320 4 335320 4 0 0 0 0 7 7 7 7 0 0 335320 4 335320 4 0 0 0 0 7 7 7 7 0 0 335320 4 335320 4 0 0 0 0 7 7 7 7 0 0 335320 4 335320 4 0 0 0 0 7 7 7 7 0 0 335320 4 335320 4 0 0 0 0
34 0 1000 0 0 1000 0 1000 8 8 8 8 0 0 106946 99 0 0 80290 1 26656 98 8 8 8 8 0 0 106946 99 0 0 80290 1 26656 98 8 8 8 8 0 0 106946 99 0 0 80290 1 26656 98 8 8 8 8 0 0 106946 99 0 0 80290 1 26656 98 8 8 8 8 0 0 106946 99 0 0 80290 1 26656 98 8 8 8 8 0 0 106946 99 0 0 80290 1 26656 98
35 0 1000 0 0 1000 0 1000 8 8 8 8 0 0 0 0 0 0 0 0 0 0 8 8 8 8 0 0 0 0 0 0 0 0 0 0 8 8 8 8 0 0 0 0 0 0 0 0 0 0 8 8 8 8 0 0 0 0 0 0 0 0 0 0 8 8 8 8 0 0 0 0 0 0 0 0 0 0 8 8 8 8 0 0 0 0 0 0 0 0 0 0
36 0 1000 0 0 1000 0 1000 8 8 8 8 0 0 0 0 0 0 0 0 0 0 8 8 8 8 0 0 0 0 0 0 0 0 0 0 8 8 8 8 0 0 0 0 0 0 0 0 0 0 8 8 8 8 0 0 0 0 0 0 0 0 0 0 8 8 8 8 0 0 0 0 0 0 0 0 0 0 8 8 8 8 0 0 0 0 0 0 0 0 0 0
37 0 1000 0 0 1000 0 1000 8 8 8 8 0 0 250722 3 250722 3 0 0 0 0 8 8 8 8 0 0 250722 3 250722 3 0 0 0 0 8 8 8 8 0 0 250722 3 250722 3 0 0 0 0 8 8 8 8 0 0 250722 3 250722 3 0 0 0 0 8 8 8 8 0 0 250722 3 250722 3 0 0 0 0 8 8 8 8 0 0 250722 3 250722 3 0 0 0 0
38 0 1000 0 0 1000 0 1000 9 9 9 9 0 0 109938 110 0 0 80290 1 29648 109 9 9 9 9 0 0 109938 110 0 0 80290 1 29648 109 9 9 9 9 0 0 109938 110 0 0 80290 1 29648 109 9 9 9 9 0 0 109938 110 0 0 80290 1 29648 109 9 9 9 9 0 0 109938 110 0 0 80290 1 29648 109 9 9 9 9 0 0 109938 110 0 0 80290 1 29648 109
39 0 1000 0 0 1000 0 1000 9 9 9 9 0 0 0 0 0 0 0 0 0 0 9 9 9 9 0 0 0 0 0 0 0 0 0 0 9 9 9 9 0 0 0 0 0 0 0 0 0 0 9 9 9 9 0 0 0 0 0 0 0 0 0 0 9 9 9 9 0 0 0 0 0 0 0 0 0 0 9 9 9 9 0 0 0 0 0 0 0 0 0 0
40 0 1000 0 0 1000 0 1000 9 9 9 9 0 0 0 0 0 0 0 0 0 0 9 9 9 9 0 0 0 0 0 0 0 0 0 0 9 9 9 9 0 0 0 0 0 0 0 0 0 0 9 9 9 9 0 0 0 0 0 0 0 0 0 0 9 9 9 9 0 0 0 0 0 0 0 0 0 0 9 9 9 9 0 0 0 0 0 0 0 0 0 0
41 0 1000 0 0 1000 0 1000 9 9 9 9 0 0 587487 7 587487 7 0 0 0 0 9 9 9 9 0 0 587487 7 587487 7 0 0 0 0 9 9 9 9 0 0 587487 7 587487 7 0 0 0 0 9 9 9 9 0 0 587487 7 587487 7 0 0 0 0 9 9 9 9 0 0 587487 7 587487 7 0 0 0 0 9 9 9 9 0 0 587487 7 587487 7 0 0 0 0
42 0 1000 0 0 1000 0 1000 10 10 10 10 0 0 106403 97 0 0 80291 1 26112 96 10 10 10 10 0 0 106403 97 0 0 80291 1 26112 96 10 10 10 10 0 0 106403 97 0 0 80291 1 26112 96 10 10 10 10 0 0 106403 97 0 0 80291 1 26112 96 10 10 10 10 0 0 106403 97 0 0 80291 1 26112 96 10 10 10 10 0 0 106403 97 0 0 80291 1 26112 96
43 0 1000 0 0 1000 0 1000 10 10 10 10 0 0 0 0 0 0 0 0 0 0 10 10 10 10 0 0 0 0 0 0 0 0 0 0 10 10 10 10 0 0 0 0 0 0 0 0 0 0 10 10 10 10 0 0 0 0 0 0 0 0 0 0 10 10 10 10 0 0 0 0 0 0 0 0 0 0 10 10 10 10 0 0 0 0 0 0 0 0 0 0
44 0 1000 0 0 1000 0 1000 10 10 10 10 0 0 0 0 0 0 0 0 0 0 10 10 10 10 0 0 0 0 0 0 0 0 0 0 10 10 10 10 0 0 0 0 0 0 0 0 0 0 10 10 10 10 0 0 0 0 0 0 0 0 0 0 10 10 10 10 0 0 0 0 0 0 0 0 0 0 10 10 10 10 0 0 0 0 0 0 0 0 0 0
45 0 1000 0 0 1000 0 1000 10 10 10 10 0 0 501065 6 501065 6 0 0 0 0 10 10 10 10 0 0 501065 6 501065 6 0 0 0 0 10 10 10 10 0 0 501065 6 501065 6 0 0 0 0 10 10 10 10 0 0 501065 6 501065 6 0 0 0 0 10 10 10 10 0 0 501065 6 501065 6 0 0 0 0 10 10 10 10 0 0 501065 6 501065 6 0 0 0 0
46 0 1000 0 0 1000 0 1000 11 11 11 11 0 0 109938 110 0 0 80290 1 29648 109 11 11 11 11 0 0 109938 110 0 0 80290 1 29648 109 11 11 11 11 0 0 109938 110 0 0 80290 1 29648 109 11 11 11 11 0 0 109938 110 0 0 80290 1 29648 109 11 11 11 11 0 0 109938 110 0 0 80290 1 29648 109 11 11 11 11 0 0 109938 110 0 0 80290 1 29648 109
47 0 1000 0 0 1000 0 1000 11 11 11 11 1 1 0 0 0 0 0 0 0 0 11 11 11 11 1 1 0 0 0 0 0 0 0 0 11 11 11 11 1 1 0 0 0 0 0 0 0 0 11 11 11 11 1 1 0 0 0 0 0 0 0 0 11 11 11 11 1 1 0 0 0 0 0 0 0 0 11 11 11 11 1 1 0 0 0 0 0 0 0 0
48 0 1000 0 0 1000 0 1000 11 11 11 11 1 1 0 0 0 0 0 0 0 0 11 11 11 11 1 1 0 0 0 0 0 0 0 0 11 11 11 11 1 1 0 0 0 0 0 0 0 0 11 11 11 11 1 1 0 0 0 0 0 0 0 0 11 11 11 11 1 1 0 0 0 0 0 0 0 0 11 11 11 11 1 1 0 0 0 0 0 0 0 0
49 0 1000 0 0 1000 0 1000 11 11 11 11 1 1 419635 5 419635 5 0 0 0 0 11 11 11 11 1 1 419635 5 419635 5 0 0 0 0 11 11 11 11 1 1 419635 5 419635 5 0 0 0 0 11 11 11 11 1 1 419635 5 419635 5 0 0 0 0 11 11 11 11 1 1 419635 5 419635 5 0 0 0 0 11 11 11 11 1 1 419635 5 419635 5 0 0 0 0
50 0 1000 0 0 1000 0 1000 12 12 12 12 1 1 111571 116 0 0 80291 1 31280 115 12 12 12 12 1 1 111571 116 0 0 80291 1 31280 115 12 12 12 12 1 1 111571 116 0 0 80291 1 31280 115 12 12 12 12 1 1 111571 116 0 0 80291 1 31280 115 12 12 12 12 1 1 111571 116 0 0 80291 1 31280 115 12 12 12 12 1 1 111571 116 0 0 80291 1 31280 115
51 0 1000 0 0 1000 0 1000 12 12 12 12 2 2 0 0 0 0 0 0 0 0 12 12 12 12 2 2 0 0 0 0 0 0 0 0 12 12 12 12 2 2 0 0 0 0 0 0 0 0 12 12 12 12 2 2 0 0 0 0 0 0 0 0 12 12 12 12 2 2 0 0 0 0 0 0 0 0 12 12 12 12 2 2 0 0 0 0 0 0 0 0
52 0 1000 0 0 1000 0 1000 12 12 12 12 2 2 0 0 0 0 0 0 0 0 12 12 12 12 2 2 0 0 0 0 0 0 0 0 12 12 12 12 2 2 0 0 0 0 0 0 0 0 12 12 12 12 2 2 0 0 0 0 0 0 0 0 12 12 12 12 2 2 0 0 0 0 0 0 0 0 12 12 12 12 2 2 0 0 0 0 0 0 0 0
53 0 1000 0 0 1000 0 1000 12 12 12 12 2 2 420594 5 420594 5 0 0 0 0 12 12 12 12 2 2 420594 5 420594 5 0 0 0 0 12 12 12 12 2 2 420594 5 420594 5 0 0 0 0 12 12 12 12 2 2 420594 5 420594 5 0 0 0 0 12 12 12 12 2 2 420594 5 420594 5 0 0 0 0 12 12 12 12 2 2 420594 5 420594 5 0 0 0 0
54 0 1000 0 0 1000 0 1000 13 13 13 13 2 2 103955 88 0 0 80291 1 23664 87 13 13 13 13 2 2 103955 88 0 0 80291 1 23664 87 13 13 13 13 2 2 103955 88 0 0 80291 1 23664 87 13 13 13 13 2 2 103955 88 0 0 80291 1 23664 87 13 13 13 13 2 2 103955 88 0 0 80291 1 23664 87 13 13 13 13 2 2 103955 88 0 0 80291 1 23664 87
55 0 1000 0 0 1000 0 1000 13 13 13 13 3 3 0 0 0 0 0 0 0 0 13 13 13 13 3 3 0 0 0 0 0 0 0 0 13 13 13 13 3 3 0 0 0 0 0 0 0 0 13 13 13 13 3 3 0 0 0 0 0 0 0 0 13 13 13 13 3 3 0 0 0 0 0 0 0 0 13 13 13 13 3 3 0 0 0 0 0 0 0 0
56 0 1000 0 0 1000 0 1000 13 13 13 13 3 3 0 0 0 0 0 0 0 0 13 13 13 13 3 3 0 0 0 0 0 0 0 0 13 13 13 13 3 3 0 0 0 0 0 0 0 0 13 13 13 13 3 3 0 0 0 0 0 0 0 0 13 13 13 13 3 3 0 0 0 0 0 0 0 0 13 13 13 13 3 3 0 0 0 0 0 0 0 0
57 0 1000 0 0 1000 0 1000 13 13 13 13 3 3 582561 7 582561 7 0 0 0 0 13 13 13 13 3 3 582561 7 582561 7 0 0 0 0 13 13 13 13 3 3 582561 7 582561 7 0 0 0 0 13 13 13 13 3 3 582561 7 582561 7 0 0 0 0 13 13 13 13 3 3 582561 7 582561 7 0 0 0 0 13 13 13 13 3 3 582561 7 582561 7 0 0 0 0
58 0 1000 0 0 1000 0 1000 14 14 14 14 3 3 109123 107 0 0 80291 1 28832 106 14 14 14 14 3 3 109123 107 0 0 80291 1 28832 106 14 14 14 14 3 3 109123 107 0 0 80291 1 28832 106 14 14 14 14 3 3 109123 107 0 0 80291 1 28832 106 14 14 14 14 3 3 109123 107 0 0 80291 1 28832 106 14 14 14 14 3 3 109123 107 0 0 80291 1 28832 106
59 0 1000 0 0 1000 0 1000 14 14 14 14 4 4 0 0 0 0 0 0 0 0 14 14 14 14 4 4 0 0 0 0 0 0 0 0 14 14 14 14 4 4 0 0 0 0 0 0 0 0 14 14 14 14 4 4 0 0 0 0 0 0 0 0 14 14 14 14 4 4 0 0 0 0 0 0 0 0 14 14 14 14 4 4 0 0 0 0 0 0 0 0
60 0 1000 0 0 1000 0 1000 14 14 14 14 4 4 0 0 0 0 0 0 0 0 14 14 14 14 4 4 0 0 0 0 0 0 0 0 14 14 14 14 4 4 0 0 0 0 0 0 0 0 14 14 14 14 4 4 0 0 0 0 0 0 0 0 14 14 14 14 4 4 0 0 0 0 0 0 0 0 14 14 14 14 4 4 0 0 0 0 0 0 0 0
61 0 1000 0 0 1000 0 1000 14 14 14 14 4 4 502986 6 502986 6 0 0 0 0 14 14 14 14 4 4 502986 6 502986 6 0 0 0 0 14 14 14 14 4 4 502986 6 502986 6 0 0 0 0 14 14 14 14 4 4 502986 6 502986 6 0 0 0 0 14 14 14 14 4 4 502986 6 502986 6 0 0 0 0 14 14 14 14 4 4 502986 6 502986 6 0 0 0 0
62 0 1000 0 0 1000 0 1000 15 15 15 15 4 4 104499 90 0 0 80291 1 24208 89 15 15 15 15 4 4 104499 90 0 0 80291 1 24208 89 15 15 15 15 4 4 104499 90 0 0 80291 1 24208 89 15 15 15 15 4 4 104499 90 0 0 80291 1 24208 89 15 15 15 15 4 4 104499 90 0 0 80291 1 24208 89 15 15 15 15 4 4 104499 90 0 0 80291 1 24208 89
63 0 1000 0 0 1000 0 1000 15 15 15 15 5 5 0 0 0 0 0 0 0 0 15 15 15 15 5 5 0 0 0 0 0 0 0 0 15 15 15 15 5 5 0 0 0 0 0 0 0 0 15 15 15 15 5 5 0 0 0 0 0 0 0 0 15 15 15 15 5 5 0 0 0 0 0 0 0 0 15 15 15 15 5 5 0 0 0 0 0 0 0 0
64 0 1000 0 0 1000 0 1000 15 15 15 15 5 5 0 0 0 0 0 0 0 0 15 15 15 15 5 5 0 0 0 0 0 0 0 0 15 15 15 15 5 5 0 0 0 0 0 0 0 0 15 15 15 15 5 5 0 0 0 0 0 0 0 0 15 15 15 15 5 5 0 0 0 0 0 0 0 0 15 15 15 15 5 5 0 0 0 0 0 0 0 0
65 800 200 800 0 200 0 1000 15 15 15 15 5 5 416435 5 416435 5 0 0 0 0 15 15 15 15 5 5 416435 5 416435 5 0 0 0 0 15 15 15 15 5 5 416435 5 416435 5 0 0 0 0 15 15 15 15 5 5 416435 5 416435 5 0 0 0 0 15 15 15 15 5 5 416435 5 416435 5 0 0 0 0 15 15 15 15 5 5 416435 5 416435 5 0 0 0 0
66 800 200 800 0 200 0 1000 15 15 15 15 5 5 86547 24 0 0 80291 1 6256 23 15 15 15 15 5 5 86547 24 0 0 80291 1 6256 23 15 15 15 15 5 5 86547 24 0 0 80291 1 6256 23 15 15 15 15 5 5 86547 24 0 0 80291 1 6256 23 15 15 15 15 5 5 86547 24 0 0 80291 1 6256 23 15 15 15 15 5 5 86547 24 0 0 80291 1 6256 23
67 800 200 800 0 200 0 1000 15 15 15 15 5 5 0 0 0 0 0 0 0 0 15 15 15 15 5 5 0 0 0 0 0 0 0 0 15 15 15 15 5 5 0 0 0 0 0 0 0 0 15 15 15 15 5 5 0 0 0 0 0 0 0 0 15 15 15 15 5 5 0 0 0 0 0 0 0 0 15 15 15 15 6 6 0 0 0 0 0 0 0 0
68 800 200 800 0 200 0 1000 15 15 15 15 5 5 0 0 0 0 0 0 0 0 15 15 15 15 5 5 0 0 0 0 0 0 0 0 15 15 15 15 5 5 0 0 0 0 0 0 0 0 15 15 15 15 5 5 0 0 0 0 0 0 0 0 15 15 15 15 5 5 0 0 0 0 0 0 0 0 15 15 15 15 6 6 0 0 0 0 0 0 0 0
69 800 200 800 0 200 0 1000 15 15 15 15 5 5 162350 2 162350 2 0 0 0 0 15 15 15 15 5 5 162350 2 162350 2 0 0 0 0 15 15 15 15 5 5 162350 2 162350 2 0 0 0 0 15 15 15 15 5 5 162350 2 162350 2 0 0 0 0 15 15 15 15 5 5 162350 2 162350 2 0 0 0 0 15 15 15 15 6 6 162350 2 162350 2 0 0 0 0
70 800 200 800 0 200 0 1000 15 15 15 15 5 5 87091 26 0 0 80291 1 6800 25 15 15 15 15 5 5 87091 26 0 0 80291 1 6800 25 15 15 15 15 5 5 87091 26 0 0 80291 1 6800 25 15 15 15 15 5 5 87091 26 0 0 80291 1 6800 25 15 15 15 15 5 5 87091 26 0 0 80291 1 6800 25 15 15 15 15 6 6 87091 26 0 0 80291 1 6800 25
71 800 200 800 0 200 0 1000 15 15 15 15 5 5 0 0 0 0 0 0 0 0 15 15 15 15 5 5 0 0 0 0 0 0 0 0 15 15 15 15 5 5 0 0 0 0 0 0 0 0 15 15 15 15 5 5 0 0 0 0 0 0 0 0 15 15 15 15 5 5 0 0 0 0 0 0 0 0 15 15 15 15 7 7 0 0 0 0 0 0 0 0
72 800 200 800 0 200 0 1000 15 15 15 15 5 5 0 0 0 0 0 0 0 0 15 15 15 15 5 5 0 0 0 0 0 0 0 0 15 15 15 15 5 5 0 0 0 0 0 0 0 0 15 15 15 15 5 5 0 0 0 0 0 0 0 0 15 15 15 15 5 5 0 0 0 0 0 0 0 0 15 15 15 15 7 7 0 0 0 0 0 0 0 0
73 800 200 800 0 200 0 1000 15 15 15 15 5 5 81238 1 81238 1 0 0 0 0 15 15 15 15 5 5 81238 1 81238 1 0 0 0 0 15 15 15 15 5 5 81238 1 81238 1 0 0 0 0 15 15 15 15 5 5 81238 1 81238 1 0 0 0 0 15 15 15 15 5 5 81238 1 81238 1 0 0 0 0 15 15 15 15 7 7 81238 1 81238 1 0 0 0 0
74 800 200 800 0 200 0 1000 15 15 15 15 5 5 84098 15 0 0 80290 1 3808 14 15 15 15 15 5 5 84098 15 0 0 80290 1 3808 14 15 15 15 15 5 5 84098 15 0 0 80290 1 3808 14 15 15 15 15 5 5 84098 15 0 0 80290 1 3808 14 15 15 15 15 5 5 84098 15 0 0 80290 1 3808 14 15 15 15 15 7 7 84098 15 0 0 80290 1 3808 14
75 800 200 800 0 200 0 1000 15 15 15 15 5 5 0 0 0 0 0 0 0 0 15 15 15 15 5 5 0 0 0 0 0 0 0 0 15 15 15 15 5 5 0 0 0 0 0 0 0 0 15 15 15 15 5 5 0 0 0 0 0 0 0 0 15 15 15 15 5 5 0 0 0 0 0 0 0 0 15 15 15 15 8 8 0 0 0 0 0 0 0 0
76 800 200 800 0 200 0 1000 15 15 15 15 5 5 0 0 0 0 0 0 0 0 15 15 15 15 5 5 0 0 0 0 0 0 0 0 15 15 15 15 5 5 0 0 0 0 0 0 0 0 15 15 15 15 5 5 0 0 0 0 0 0 0 0 15 15 15 15 5 5 0 0 0 0 0 0 0 0 15 15 15 15 8 8 0 0 0 0 0 0 0 0
77 800 200 800 0 200 0 1000 15 15 15 15 5 5 80887 1 80887 1 0 0 0 0 15 15 15 15 5 5 80887 1 80887 1 0 0 0 0 15 15 15 15 5 5 80887 1 80887 1 0 0 0 0 15 15 15 15 5 5 80887 1 80887 1 0 0 0 0 15 15 15 15 5 5 80887 1 80887 1 0 0 0 0 15 15 15 15 8 8 80887 1 80887 1 0 0 0 0
78 800 200 800 0 200 0 1000 15 15 15 15 5 5 85187 19 0 0 80291 1 4896 18 15 15 15 15 5 5 85187 19 0 0 80291 1 4896 18 15 15 15 15 5 5 85187 19 0 0 80291 1 4896 18 15 15 15 15 5 5 85187 19 0 0 80291 1 4896 18 15 15 15 15 5 5 85187 19 0 0 80291 1 4896 18 15 15 15 15 8 8 85187 19 0 0 80291 1 4896 18
79 800 200 800 0 200 0 1000 15 15 15 15 5 5 0 0 0 0 0 0 0 0 15 15 15 15 5 5 0 0 0 0 0 0 0 0 15 15 15 15 5 5 0 0 0 0 0 0 0 0 15 15 15 15 5 5 0 0 0 0 0 0 0 0 15 15 15 15 5 5 0 0 0 0 0 0 0 0 15 15 15 15 9 9 0 0 0 0 0 0 0 0
80 800 200 800 0 200 0 1000 15 15 15 15 5 5 0 0 0 0 0 0 0 0 15 15 15 15 5 5 0 0 0 0 0 0 0 0 15 15 15 15 5 5 0 0 0 0 0 0 0 0 15 15 15 15 5 5 0 0 0 0 0 0 0 0 15 15 15 15 5 5 0 0 0 0 0 0 0 0 15 15 15 15 9 9 0 0 0 0 0 0 0 0
81 800 200 800 0 200 0 1000 15 15 15 15 5 5 0 0 0 0 0 0 0 0 15 15 15 15 5 5 0 0 0 0 0 0 0 0 15 15 15 15 5 5 0 0 0 0 0 0 0 0 15 15 15 15 5 5 0 0 0 0 0 0 0 0 15 15 15 15 5 5 0 0 0 0 0 0 0 0 15 15 15 15 9 9 0 0 0 0 0 0 0 0
82 800 200 800 0 200 0 1000 15 15 15 15 5 5 4080 15 0 0 0 0 4080 15 15 15 15 15 5 5 4080 15 0 0 0 0 4080 15 15 15 15 15 5 5 4080 15 0 0 0 0 4080 15 15 15 15 15 5 5 4080 15 0 0 0 0 4080 15 15 15 15 15 5 5 4080 15 0 0 0 0 4080 15 15 15 15 15 9 9 4080 15 0 0 0 0 4080 15
83 800 200 800 0 200 0 1000 15 15 15 15 5 5 0 0 0 0 0 0 0 0 15 15 15 15 5 5 0 0 0 0 0 0 0 0 15 15 15 15 5 5 0 0 0 0 0 0 0 0 15 15 15 15 5 5 0 0 0 0 0 0 0 0 15 15 15 15 5 5 0 0 0 0 0 0 0 0 15 15 15 15 10 10 0 0 0 0 0 0 0 0
84 800 200 800 0 200 0 1000 15 15 15 15 5 5 0 0 0 0 0 0 0 0 15 15 15 15 5 5 0 0 0 0 0 0 0 0 15 15 15 15 5 5 0 0 0 0 0 0 0 0 15 15 15 15 5 5 0 0 0 0 0 0 0 0 15 15 15 15 5 5 0 0 0 0 0 0 0 0 15 15 15 15 10 10 0 0 0 0 0 0 0 0
85 800 200 800 0 200 0 1000 15 15 15 15 5 5 80918 1 80918 1 0 0 0 0 15 15 15 15 5 5 80918 1 80918 1 0 0 0 0 15 15 15 15 5 5 80918 1 80918 1 0 0 0 0 15 15 15 15 5 5 80918 1 80918 1 0 0 0 0 15 15 15 15 5 5 80918 1 80918 1 0 0 0 0 15 15 15 15 10 10 80918 1 80918 1 0 0 0 0
86 800 200 800 0 200 0 1000 15 15 15 15 5 5 86274 23 0 0 80290 1 5984 22 15 15 15 15 5 5 86274 23 0 0 80290 1 5984 22 15 15 15 15 5 5 86274 23 0 0 80290 1 5984 22 15 15 15 15 5 5 86274 23 0 0 80290 1 5984 22 15 15 15 15 5 5 86274 23 0 0 80290 1 5984 22 15 15 15 15 10 10 86274 23 0 0 80290 1 5984 22
87 800 200 800 0 200 0 1000 15 15 15 15 5 5 0 0 0 0 0 0 0 0 15 15 15 15 5 5 0 0 0 0 0 0 0 0 15 15 15 15 5 5 0 0 0 0 0 0 0 0 15 15 15 15 5 5 0 0 0 0 0 0 0 0 15 15 15 15 5 5 0 0 0 0 0 0 0 0 15 15 15 15 11 11 0 0 0 0 0 0 0 0
88 800 200 800 0 200 0 1000 15 15 15 15 5 5 0 0 0 0 0 0 0 0 15 15 15 15 5 5 0 0 0 0 0 0 0 0 15 15 15 15 5 5 0 0 0 0 0 0 0 0 15 15 15 15 5 5 0 0 0 0 0 0 0 0 15 15 15 15 5 5 0 0 0 0 0 0 0 0 15 15 15 15 11 11 0 0 0 0 0 0 0 0
89 800 200 800 0 200 0 1000 15 15 15 15 5 5 0 0 0 0 0 0 0 0 15 15 15 15 5 5 0 0 0 0 0 0 0 0 15 15 15 15 5 5 0 0 0 0 0 0 0 0 15 15 15 15 5 5 0 0 0 0 0 0 0 0 15 15 15 15 5 5 0 0 0 0 0 0 0 0 15 15 15 15 11 11 0 0 0 0 0 0 0 0
90 800 200 800 0 200 0 1000 15 15 15 15 5 5 4352 16 0 0 0 0 4352 16 15 15 15 15 5 5 4352 16 0 0 0 0 4352 16 15 15 15 15 5 5 4352 16 0 0 0 0 4352 16 15 15 15 15 5 5 4352 16 0 0 0 0 4352 16 15 15 15 15 5 5 4352 16 0 0 0 0 4352 16 15 15 15 15 11 11 4352 16 0 0 0 0 4352 16
91 800 200 800 0 200 0 1000 15 15 15 15 5 5 0 0 0 0 0 0 0 0 15 15 15 15 5 5 0 0 0 0 0 0 0 0 15 15 15 15 5 5 0 0 0 0 0 0 0 0 15 15 15 15 5 5 0 0 0 0 0 0 0 0 15 15 15 15 5 5 0 0 0 0 0 0 0 0 15 15 15 15 12 12 0 0 0 0 0 0 0 0
92 800 200 800 0 200 0 1000 15 15 15 15 5 5 0 0 0 0 0 0 0 0 15 15 15 15 5 5 0 0 0 0 0 0 0 0 15 15 15 15 5 5 0 0 0 0 0 0 0 0 15 15 15 15 5 5 0 0 0 0 0 0 0 0 15 15 15 15 5 5 0 0 0 0 0 0 0 0 15 15 15 15 12 12 0 0 0 0 0 0 0 0
93 800 200 800 0 200 0 1000 15 15 15 15 5 5 161902 2 161902 2 0 0 0 0 15 15 15 15 5 5 161902 2 161902 2 0 0 0 0 15 15 15 15 5 5 161902 2 161902 2 0 0 0 0 15 15 15 15 5 5 161902 2 161902 2 0 0 0 0 15 15 15 15 5 5 161902 2 161902 2 0 0 0 0 15 15 15 15 12 12 161902 2 161902 2 0 0 0 0
94 800 200 800 0 200 0 1000 15 15 15 15 5 5 84371 16 0 0 80291 1 4080 15 15 15 15 15 5 5 84371 16 0 0 80291 1 4080 15 15 15 15 15 5 5 84371 16 0 0 80291 1 4080 15 15 15 15 15 5 5 84371 16 0 0 80291 1 4080 15 15 15 15 15 5 5 84371 16 0 0 80291 1 4080 15 15 15 15 15 12 12 84371 16 0 0 80291 1 4080 15
95 800 200 800 0 200 0 1000 15 15 15 15 5 5 0 0 0 0 0 0 0 0 15 15 15 15 5 5 0 0 0 0 0 0 0 0 15 15 15 15 5 5 0 0 0 0 0 0 0 0 15 15 15 15 5 5 0 0 0 0 0 0 0 0 15 15 15 15 5 5 0 0 0 0 0 0 0 0 15 15 15 15 13 13 0 0 0 0 0 0 0 0
96 800 200 800 0 200 0 1000 15 15 15 15 5 5 0 0 0 0 0 0 0 0 15 15 15 15 5 5 0 0 0 0 0 0 0 0 15 15 15 15 5 5 0 0 0 0 0 0 0 0 15 15 15 15 5 5 0 0 0 0 0 0 0 0 15 15 15 15 5 5 0 0 0 0 0 0 0 0 15 15 15 15 13 13 0 0 0 0 0 0 0 0
97 800 200 800 0 200 0 1000 15 15 15 15 5 5 161838 2 161838 2 0 0 0 0 15 15 15 15 5 5 161838 2 161838 2 0 0 0 0 15 15 15 15 5 5 161838 2 161838 2 0 0 0 0 15 15 15 15 5 5 161838 2 161838 2 0 0 0 0 15 15 15 15 5 5 161838 2 161838 2 0 0 0 0 15 15 15 15 13 13 161838 2 161838 2 0 0 0 0
98 800 200 800 0 200 0 1000 15 15 15 15 5 5 86003 22 0 0 80291 1 5712 21 15 15 15 15 5 5 86003 22 0 0 80291 1 5712 21 15 15 15 15 5 5 86003 22 0 0 80291 1 5712 21 15 15 15 15 5 5 86003 22 0 0 80291 1 5712 21 15 15 15 15 5 5 86003 22 0 0 80291 1 5712 21 15 15 15 15 13 13 86003 22 0 0 80291 1 5712 21
99 800 200 800 0 200 0 1000 15 15 15 15 5 5 0 0 0 0 0 0 0 0 15 15 15 15 5 5 0 0 0 0 0 0 0 0 15 15 15 15 5 5 0 0 0 0 0 0 0 0 15 15 15 15 5 5 0 0 0 0 0 0 0 0 15 15 15 15 5 5 0 0 0 0 0 0 0 0 15 15 15 15 14 14 0 0 0 0 0 0 0 0
100 800 200 800 0 200 0 1000 15 15 15 15 5 5 0 0 0 0 0 0 0 0 15 15 15 15 5 5 0 0 0 0 0 0 0 0 15 15 15 15 5 5 0 0 0 0 0 0 0 0 15 15 15 15 5 5 0 0 0 0 0 0 0 0 15 15 15 15 5 5 0 0 0 0 0 0 0 0 15 15 15 15 14 14 0 0 0 0 0 0 0 0
101 800 200 800 0 200 0 1000 15 15 15 15 5 5 0 0 0 0 0 0 0 0 15 15 15 15 5 5 0 0 0 0 0 0 0 0 15 15 15 15 5 5 0 0 0 0 0 0 0 0 15 15 15 15 5 5 0 0 0 0 0 0 0 0 15 15 15 15 5 5 0 0 0 0 0 0 0 0 15 15 15 15 14 14 0 0 0 0 0 0 0 0
102 800 200 800 0 200 0 1000 15 15 15 15 5 5 6256 23 0 0 0 0 6256 23 15 15 15 15 5 5 6256 23 0 0 0 0 6256 23 15 15 15 15 5 5 6256 23 0 0 0 0 6256 23 15 15 15 15 5 5 6256 23 0 0 0 0 6256 23 15 15 15 15 5 5 6256 23 0 0 0 0 6256 23 15 15 15 15 14 14 6256 23 0 0 0 0 6256 23
103 800 200 800 0 200 0 1000 15 15 15 15 5 5 0 0 0 0 0 0 0 0 15 15 15 15 5 5 0 0 0 0 0 0 0 0 15 15 15 15 5 5 0 0 0 0 0 0 0 0 15 15 15 15 5 5 0 0 0 0 0 0 0 0 15 15 15 15 5 5 0 0 0 0 0 0 0 0 15 15 15 15 15 15 0 0 0 0 0 0 0 0
104 800 200 800 0 200 0 1000 15 15 15 15 5 5 0 0 0 0 0 0 0 0 15 15 15 15 5 5 0 0 0 0 0 0 0 0 15 15 15 15 5 5 0 0 0 0 0 0 0 0 15 15 15 15 5 5 0 0 0 0 0 0 0 0 15 15 15 15 5 5 0 0 0 0 0 0 0 0 15 15 15 15 15 15 0 0 0 0 0 0 0 0
105 800 200 800 0 200 0 1000 15 15 15 15 5 5 81174 1 81174 1 0 0 0 0 15 15 15 15 5 5 81174 1 81174 1 0 0 0 0 15 15 15 15 5 5 81174 1 81174 1 0 0 0 0 15 15 15 15 5 5 81174 1 81174 1 0 0 0 0 15 15 15 15 5 5 81174 1 81174 1 0 0 0 0 15 15 15 15 15 15 81174 1 81174 1 0 0 0 0
106 800 200 800 0 200 0 1000 15 15 15 15 5 5 86274 23 0 0 80290 1 5984 22 15 15 15 15 5 5 86274 23 0 0 80290 1 5984 22 15 15 15 15 5 5 86274 23 0 0 80290 1 5984 22 15 15 15 15 5 5 86274 23 0 0 80290 1 5984 22 15 15 15 15 5 5 86274 23 0 0 80290 1 5984 22 15 15 15 15 15 15 86274 23 0 0 80290 1 5984 22
107 800 200 800 0 200 0 1000 15 15 15 15 5 5 0 0 0 0 0 0 0 0 15 15 15 15 5 5 0 0 0 0 0 0 0 0 15 15 15 15 5 5 0 0 0 0 0 0 0 0 15 15 15 15 5 5 0 0 0 0 0 0 0 0 15 15 15 15 5 5 0 0 0 0 0 0 0 0 16 16 15 15 16 16 0 0 0 0 0 0 0 0
108 800 200 800 0 200 0 1000 15 15 15 15 5 5 0 0 0 0 0 0 0 0 15 15 15 15 5 5 0 0 0 0 0 0 0 0 15 15 15 15 5 5 0 0 0 0 0 0 0 0 15 15 15 15 5 5 0 0 0 0 0 0 0 0 15 15 15 15 5 5 0 0 0 0 0 0 0 0 16 16 15 15 16 16 0 0 0 0 0 0 0 0
109 800 200 800 0 200 0 1000 15 15 15 15 5 5 81142 1 81142 1 0 0 0 0 15 15 15 15 5 5 81142 1 81142 1 0 0 0 0 15 15 15 15 5 5 81142 1 81142 1 0 0 0 0 15 15 15 15 5 5 81142 1 81142 1 0 0 0 0 15 15 15 15 5 5 81142 1 81142 1 0 0 0 0 16 16 15 15 16 16 81142 1 81142 1 0 0 0 0
110 800 200 800 0 200 0 1000 15 15 15 15 5 5 83826 14 0 0 80290 1 3536 13 15 15 15 15 5 5 83826 14 0 0 80290 1 3536 13 15 15 15 15 5 5 83826 14 0 0 80290 1 3536 13 15 15 15 15 5 5 83826 14 0 0 80290 1 3536 13 15 15 15 15 5 5 83826 14 0 0 80290 1 3536 13 16 16 15 15 16 16 83826 14 0 0 80290 1 3536 13
111 800 200 800 0 200 0 1000 15 15 15 15 5 5 0 0 0 0 0 0 0 0 15 15 15 15 5 5 0 0 0 0 0 0 0 0 15 15 15 15 5 5 0 0 0 0 0 0 0 0 15 15 15 15 5 5 0 0 0 0 0 0 0 0 15 15 15 15 5 5 0 0 0 0 0 0 0 0 17 17 15 15 17 17 0 0 0 0 0 0 0 0
112 800 200 800 0 200 0 1000 15 15 15 15 5 5 0 0 0 0 0 0 0 0 15 15 15 15 5 5 0 0 0 0 0 0 0 0 15 15 15 15 5 5 0 0 0 0 0 0 0 0 15 15 15 15 5 5 0 0 0 0 0 0 0 0 15 15 15 15 5 5 0 0 0 0 0 0 0 0 17 17 15 15 17 17 0 0 0 0 0 0 0 0
113 800 200 800 0 200 0 1000 15 15 15 15 5 5 80855 1 80855 1 0 0 0 0 15 15 15 15 5 5 80855 1 80855 1 0 0 0 0 15 15 15 15 5 5 80855 1 80855 1 0 0 0 0 15 15 15 15 5 5 80855 1 80855 1 0 0 0 0 15 15 15 15 5 5 80855 1 80855 1 0 0 0 0 17 17 15 15 17 17 80855 1 80855 1 0 0 0 0
114 800 200 800 0 200 0 1000 15 15 15 15 5 5 87363 27 0 0 80291 1 7072 26 15 15 15 15 5 5 87363 27 0 0 80291 1 7072 26 15 15 15 15 5 5 87363 27 0 0 80291 1 7072 26 15 15 15 15 5 5 87363 27 0 0 80291 1 7072 26 15 15 15 15 5 5 87363 27 0 0 80291 1 7072 26 17 17 15 15 17 17 87363 27 0 0 80291 1 7072 26
115 800 200 800 0 200 0 1000 15 15 15 15 5 5 0 0 0 0 0 0 0 0 15 15 15 15 5 5 0 0 0 0 0 0 0 0 15 15 15 15 5 5 0 0 0 0 0 0 0 0 15 15 15 15 5 5 0 0 0 0 0 0 0 0 15 15 15 15 5 5 0 0 0 0 0 0 0 0 18 18 15 15 18 18 0 0 0 0 0 0 0 0
116 800 200 800 0 200 0 1000 15 15 15 15 5 5 0 0 0 0 0 0 0 0 15 15 15 15 5 5 0 0 0 0 0 0 0 0 15 15 15 15 5 5 0 0 0 0 0 0 0 0 15 15 15 15 5 5 0 0 0 0 0 0 0 0 15 15 15 15 5 5 0 0 0 0 0 0 0 0 18 18 15 15 18 18 0 0 0 0 0 0 0 0
117 800 200 800 0 200 0 1000 15 15 15 15 5 5 162541 2 162541 2 0 0 0 0 15 15 15 15 5 5 162541 2 162541 2 0 0 0 0 15 15 15 15 5 5 162541 2 162541 2 0 0 0 0 15 15 15 15 5 5 162541 2 162541 2 0 0 0 0 15 15 15 15 5 5 162541 2 162541 2 0 0 0 0 18 18 15 15 18 18 162541 2 162541 2 0 0 0 0
118 800 200 800 0 200 0 1000 15 15 15 15 5 5 85458 20 0 0 80290 1 5168 19 15 15 15 15 5 5 85458 20 0 0 80290 1 5168 19 15 15 15 15 5 5 85458 20 0 0 80290 1 5168 19 15 15 15 15 5 5 85458 20 0 0 80290 1 5168 19 15 15 15 15 5 5 85458 20 0 0 80290 1 5168 19 18 18 15 15 18 18 85458 20 0 0 80290 1 5168 19
119 800 200 800 0 200 0 1000 15 15 15 15 5 5 0 0 0 0 0 0 0 0 15 15 15 15 5 5 0 0 0 0 0 0 0 0 15 15 15 15 5 5 0 0 0 0 0 0 0 0 15 15 15 15 5 5 0 0 0 0 0 0 0 0 15 15 15 15 5 5 0 0 0 0 0 0 0 0 19 19 15 15 19 19 0 0 0 0 0 0 0 0
120 800 200 800 0 200 0 1000 15 15 15 15 5 5 0 0 0 0 0 0 0 0 15 15 15 15 5 5 0 0 0 0 0 0 0 0 15 15 15 15 5 5 0 0 0 0 0 0 0 0 15 15 15 15 5 5 0 0 0 0 0 0 0 0 15 15 15 15 5 5 0 0 0 0 0 0 0 0 19 19 15 15 19 19 0 0 0 0 0 0 0 0
121 800 200 800 0 200 0 1000 15 15 15 15 5 5 0 0 0 0 0 0 0 0 15 15 15 15 5 5 0 0 0 0 0 0 0 0 15 15 15 15 5 5 0 0 0 0 0 0 0 0 15 15 15 15 5 5 0 0 0 0 0 0 0 0 15 15 15 15 5 5 0 0 0 0 0 0 0 0 19 19 15 15 19 19 0 0 0 0 0 0 0 0
122 800 200 800 0 200 0 1000 15 15 15 15 5 5 4896 18 0 0 0 0 4896 18 15 15 15 15 5 5 4896 18 0 0 0 0 4896 18 15 15 15 15 5 5 4896 18 0 0 0 0 4896 18 15 15 15 15 5 5 4896 18 0 0 0 0 4896 18 15 15 15 15 5 5 4896 18 0 0 0 0 4896 18 19 19 15 15 19 19 4896 18 0 0 0 0 4896 18
123 800 200 800 0 200 0 1000 15 15 15 15 5 5 0 0 0 0 0 0 0 0 15 15 15 15 5 5 0 0 0 0 0 0 0 0 15 15 15 15 5 5 0 0 0 0 0 0 0 0 15 15 15 15 5 5 0 0 0 0 0 0 0 0 15 15 15 15 5 5 0 0 0 0 0 0 0 0 19 19 15 15 19 19 0 0 0 0 0 0 0 0
124 800 200 800 0 200 0 1000 15 15 15 15 5 5 0 0 0 0 0 0 0 0 15 15 15 15 5 5 0 0 0 0 0 0 0 0 15 15 15 15 5 5 0 0 0 0 0 0 0 0 15 15 15 15 5 5 0 0 0 0 0 0 0 0 15 15 15 15 5 5 0 0 0 0 0 0 0 0 19 19 15 15 19 19 0 0 0 0 0 0 0 0
125 800 200 800 0 200 0 1000 15 15 15 15 5 5 486087 6 486087 6 0 0 0 0 15 15 15 15 5 5 486087 6 486087 6 0 0 0 0 15 15 15 15 5 5 486087 6 486087 6 0 0 0 0 15 15 15 15 5 5 486087 6 486087 6 0 0 0 0 15 15 15 15 5 5 486087 6 486087 6 0 0 0 0 19 19 15 15 19 19 486087 6 486087 6 0 0 0 0
126 0 1000 0 800 200 0 1000 15 15 15 15 5 5 87907 29 0 0 80291 1 7616 28 15 15 15 15 5 5 87907 29 0 0 80291 1 7616 28 15 15 15 15 5 5 87907 29 0 0 80291 1 7616 28 15 15 15 15 5 5 87907 29 0 0 80291 1 7616 28 15 15 15 15 5 5 87907 29 0 0 80291 1 7616 28 19 19 15 15 19 19 87907 29 0 0 80291 1 7616 28
127 0 1000 0 0 1000 0 1000 20 21 15 15 20 21 0 0 0 0 0 0 0 0 20 21 15 15 20 21 0 0 0 0 0 0 0 0 20 21 15 15 20 21 0 0 0 0 0 0 0 0 20 21 15 15 20 21 0 0 0 0 0 0 0 0 20 21 15 15 20 21 0 0 0 0 0 0 0 0 20 21 15 15 20 21 0 0 0 0 0 0 0 0
128 0 1000 0 0 1000 0 1000 20 21 15 15 20 21 0 0 0 0 0 0 0 0 20 21 15 15 20 21 0 0 0 0 0 0 0 0 20 21 15 15 20 21 0 0 0 0 0 0 0 0 20 21 15 15 20 21 0 0 0 0 0 0 0 0 20 21 15 15 20 21 0 0 0 0 0 0 0 0 20 21 15 15 20 21 0 0 0 0 0 0 0 0
129 0 1000 0 0 1000 0 1000 20 21 15 15 20 21 488010 6 488010 6 0 0 0 0 20 21 15 15 20 21 488010 6 488010 6 0 0 0 0 20 21 15 15 20 21 488010 6 488010 6 0 0 0 0 20 21 15 15 20 21 488010 6 488010 6 0 0 0 0 20 21 15 15 20 21 488010 6 488010 6 0 0 0 0 20 21 15 15 20 21 488010 6 488010 6 0 0 0 0
130 0 1000 0 0 1000 0 1000 28 32 28 32 20 21 106403 97 0 0 80291 1 26112 96 28 32 28 32 20 21 106403 97 0 0 80291 1 26112 96 28 32 28 32 20 21 106403 97 0 0 80291 1 26112 96 28 32 28 32 20 21 106403 97 0 0 80291 1 26112 96 28 32 28 32 20 21 106403 97 0 0 80291 1 26112 96 28 32 28 32 20 21 106403 97 0 0 80291 1 26112 96
131 0 1000 0 0 1000 0 1000 28 32 28 32 20 21 0 0 0 0 0 0 0 0 28 32 28 32 20 21 0 0 0 0 0 0 0 0 28 32 28 32 20 21 0 0 0 0 0 0 0 0 28 32 28 32 20 21 0 0 0 0 0 0 0 0 28 32 28 32 20 21 0 0 0 0 0 0 0 0 28 32 28 32 20 21 0 0 0 0 0 0 0 0
132 0 1000 0 0 1000 0 1000 28 32 28 32 20 21 0 0 0 0 0 0 0 0 28 32 28 32 20 21 0 0 0 0 0 0 0 0 28 32 28 32 20 21 0 0 0 0 0 0 0 0 28 32 28 32 20 21 0 0 0 0 0 0 0 0 28 32 28 32 20 21 0 0 0 0 0 0 0 0 28 32 28 32 20 21 0 0 0 0 0 0 0 0
133 0 1000 0 0 1000 0 1000 28 32 28 32 20 21 250533 3 250533 3 0 0 0 0 28 32 28 32 20 21 250533 3 250533 3 0 0 0 0 28 32 28 32 20 21 250533 3 250533 3 0 0 0 0 28 32 28 32 20 21 250533 3 250533 3 0 0 0 0 28 32 28 32 20 21 250533 3 250533 3 0 0 0 0 28 32 28 32 20 21 250533 3 250533 3 0 0 0 0
134 0 1000 0 0 1000 0 1000 29 33 29 33 20 21 104771 91 0 0 80291 1 24480 90 29 33 29 33 20 21 104771 91 0 0 80291 1 24480 90 29 33 29 33 20 21 104771 91 0 0 80291 1 24480 90 29 33 29 33 20 21 104771 91 0 0 80291 1 24480 90 29 33 29 33 20 21 104771 91 0 0 80291 1 24480 90 29 33 29 33 20 21 104771 91 0 0 80291 1 24480 90
135 0 1000 0 0 1000 0 1000 29 33 29 33 21 23 0 0 0 0 0 0 0 0 29 33 29 33 21 23 0 0 0 0 0 0 0 0 29 33 29 33 21 23 0 0 0 0 0 0 0 0 29 33 29 33 21 23 0 0 0 0 0 0 0 0 29 33 29 33 21 23 0 0 0 0 0 0 0 0 29 33 29 33 21 23 0 0 0 0 0 0 0 0
136 0 1000 0 0 1000 0 1000 29 33 29 33 21 23 0 0 0 0 0 0 0 0 29 33 29 33 21 23 0 0 0 0 0 0 0 0 29 33 29 33 21 23 0 0 0 0 0 0 0 0 29 33 29 33 21 23 0 0 0 0 0 0 0 0 29 33 29 33 21 23 0 0 0 0 0 0 0 0 29 33 29 33 21 23 0 0 0 0 0 0 0 0
137 0 1000 0 0 1000 0 1000 29 33 29 33 21 23 499913 6 499913 6 0 0 0 0 29 33 29 33 21 23 499913 6 499913 6 0 0 0 0 29 33 29 33 21 23 499913 6 499913 6 0 0 0 0 29 33 29 33 21 23 499913 6 499913 6 0 0 0 0 29 33 29 33 21 23 499913 6 499913 6 0 0 0 0 29 33 29 33 21 23 499913 6 499913 6 0 0 0 0
138 0 1000 0 0 1000 0 1000 30 34 30 34 21 23 105859 95 0 0 80291 1 25568 94 30 34 30 34 21 23 105859 95 0 0 80291 1 25568 94 30 34 30 34 21 23 105859 95 0 0 80291 1 25568 94 30 34 30 34 21 23 105859 95 0 0 80291 1 25568 94 30 34 30 34 21 23 105859 95 0 0 80291 1 25568 94 30 34 30 34 21 23 105859 95 0 0 80291 1 25568 94
139 0 1000 0 0 1000 0 1000 30 34 30 34 22 24 0 0 0 0 0 0 0 0 30 34 30 34 22 24 0 0 0 0 0 0 0 0 30 34 30 34 22 24 0 0 0 0 0 0 0 0 30 34 30 34 22 24 0 0 0 0 0 0 0 0 30 34 30 34 22 24 0 0 0 0 0 0 0 0 30 34 30 34 22 24 0 0 0 0 0 0 0 0
140 0 1000 0 0 1000 0 1000 30 34 30 34 22 24 0 0 0 0 0 0 0 0 30 34 30 34 22 24 0 0 0 0 0 0 0 0 30 34 30 34 22 24 0 0 0 0 0 0 0 0 30 34 30 34 22 24 0 0 0 0 0 0 0 0 30 34 30 34 22 24 0 0 0 0 0 0 0 0 30 34 30 34 22 24 0 0 0 0 0 0 0 0
141 0 1000 0 0 1000 0 1000 30 34 30 34 22 24 500682 6 500682 6 0 0 0 0 30 34 30 34 22 24 500682 6 500682 6 0 0 0 0 30 34 30 34 22 24 500682 6 500682 6 0 0 0 0 30 34 30 34 22 24 500682 6 500682 6 0 0 0 0 30 34 30 34 22 24 500682 6 500682 6 0 0 0 0 30 34 30 34 22 24 500682 6 500682 6 0 0 0 0
142 0 1000 0 0 1000 0 1000 31 35 31 35 22 24 107219 100 0 0 80291 1 26928 99 31 35 31 35 22 24 107219 100 0 0 80291 1 26928 99 31 35 31 35 22 24 107219 100 0 0 80291 1 26928 99 31 35 31 35 22 24 107219 100 0 0 80291 1 26928 99 31 35 31 35 22 24 107219 100 0 0 80291 1 26928 99 31 35 31 35 22 24 107219 100 0 0 80291 1 26928 99
143 0 1000 0 0 1000 0 1000 31 35 31 35 22 24 0 0 0 0 0 0 0 0 31 35 31 35 22 24 0 0 0 0 0 0 0 0 31 35 31 35 22 24 0 0 0 0 0 0 0 0 31 35 31 35 22 24 0 0 0 0 0 0 0 0 31 35 31 35 22 24 0 0 0 0 0 0 0 0 31 35 31 35 22 24 0 0 0 0 0 0 0 0
144 0 1000 0 0 1000 0 1000 31 35 31 35 22 24 0 0 0 0 0 0 0 0 31 35 31 35 22 24 0 0 0 0 0 0 0 0 31 35 31 35 22 24 0 0 0 0 0 0 0 0 31 35 31 35 22 24 0 0 0 0 0 0 0 0 31 35 31 35 22 24 0 0 0 0 0 0 0 0 31 35 31 35 22 24 0 0 0 0 0 0 0 0
145 0 1000 0 0 1000 0 1000 31 35 31 35 22 24 167214 2 167214 2 0 0 0 0 31 35 31 35 22 24 167214 2 167214 2 0 0 0 0 31 35 31 35 22 24 167214 2 167214 2 0 0 0 0 31 35 31 35 22 24 167214 2 167214 2 0 0 0 0 31 35 31 35 22 24 167214 2 167214 2 0 0 0 0 31 35 31 35 22 24 167214 2 167214 2 0 0 0 0
146 0 1000 0 0 1000 0 1000 32 36 32 36 22 24 111843 117 0 0 80291 1 31552 116 32 36 32 36 22 24 111843 117 0 0 80291 1 31552 116 32 36 32 36 22 24 111843 117 0 0 80291 1 31552 116 32 36 32 36 22 24 111843 117 0 0 80291 1 31552 116 32 36 32 36 22 24 111843 117 0 0 80291 1 31552 116 32 36 32 36 22 24 111843 117 0 0 80291 1 31552 116
147 0 1000 0 0 1000 0 1000 32 36 32 36 23 26 0 0 0 0 0 0 0 0 32 36 32 36 23 26 0 0 0 0 0 0 0 0 32 36 32 36 23 26 0 0 0 0 0 0 0 0 32 36 32 36 23 26 0 0 0 0 0 0 0 0 32 36 32 36 23 26 0 0 0 0 0 0 0 0 32 36 32 36 23 26 0 0 0 0 0 0 0 0
148 0 1000 0 0 1000 0 1000 32 36 32 36 23 26 0 0 0 0 0 0 0 0 32 36 32 36 23 26 0 0 0 0 0 0 0 0 32 36 32 36 23 26 0 0 0 0 0 0 0 0 32 36 32 36 23 26 0 0 0 0 0 0 0 0 32 36 32 36 23 26 0 0 0 0 0 0 0 0 32 36 32 36 23 26 0 0 0 0 0 0 0 0
149 0 1000 0 0 1000 0 1000 32 36 32 36 23 26 504905 6 504905 6 0 0 0 0 32 36 32 36 23 26 504905 6 504905 6 0 0 0 0 32 36 32 36 23 26 504905 6 504905 6 0 0 0 0 32 36 32 36 23 26 504905 6 504905 6 0 0 0 0 32 36 32 36 23 26 504905 6 504905 6 0 0 0 0 32 36 32 36 23 26 504905 6 504905 6 0 0 0 0
150 0 1000 0 0 1000 0 1000 33 37 33 37 23 26 112115 118 0 0 80291 1 31824 117 33 37 33 37 23 26 112115 118 0 0 80291 1 31824 117 33 37 33 37 23 26 112115 118 0 0 80291 1 31824 117 33 37 33 37 23 26 112115 118 0 0 80291 1 31824 117 33 37 33 37 23 26 112115 118 0 0 80291 1 31824 117 33 37 33 37 23 26 112115 118 0 0 80291 1 31824 117
151 0 1000 0 0 1000 0 1000 33 37 33 37 24 27 0 0 0 0 0 0 0 0 33 37 33 37 24 27 0 0 0 0 0 0 0 0 33 37 33 37 24 27 0 0 0 0 0 0 0 0 33 37 33 37 24 27 0 0 0 0 0 0 0 0 33 37 33 37 24 27 0 0 0 0 0 0 0 0 33 37 33 37 24 27 0 0 0 0 0 0 0 0
152 0 1000 0 0 1000 0 1000 33 37 33 37 24 27 0 0 0 0 0 0 0 0 33 37 33 37 24 27 0 0 0 0 0 0 0 0 33 37 33 37 24 27 0 0 0 0 0 0 0 0 33 37 33 37 24 27 0 0 0 0 0 0 0 0 33 37 33 37 24 27 0 0 0 0 0 0 0 0 33 37 33 37 24 27 0 0 0 0 0 0 0 0
153 0 1000 0 0 1000 0 1000 33 37 33 37 24 27 1094377 13 1094377 13 0 0 0 0 33 37 33 37 24 27 1094377 13 1094377 13 0 0 0 0 33 37 33 37 24 27 1094377 13 1094377 13 0 0 0 0 33 37 33 37 24 27 1094377 13 1094377 13 0 0 0 0 33 37 33 37 24 27 1094377 13 1094377 13 0 0 0 0 33 37 33 37 24 27 1094377 13 1094377 13 0 0 0 0
154 0 1000 0 0 1000 0 1000 34 38 34 38 24 27 107218 100 0 0 80290 1 26928 99 34 38 34 38 24 27 107218 100 0 0 80290 1 26928 99 34 38 34 38 24 27 107218 100 0 0 80290 1 26928 99 34 38 34 38 24 27 107218 100 0 0 80290 1 26928 99 34 38 34 38 24 27 107218 100 0 0 80290 1 26928 99 34 38 34 38 24 27 107218 100 0 0 80290 1 26928 99
155 0 1000 0 0 1000 0 1000 34 38 34 38 25 28 0 0 0 0 0 0 0 0 34 38 34 38 25 28 0 0 0 0 0 0 0 0 34 38 34 38 25 28 0 0 0 0 0 0 0 0 34 38 34 38 25 28 0 0 0 0 0 0 0 0 34 38 34 38 25 28 0 0 0 0 0 0 0 0 34 38 34 38 25 28 0 0 0 0 0 0 0 0
156 0 1000 0 0 1000 0 1000 34 38 34 38 25 28 0 0 0 0 0 0 0 0 34 38 34 38 25 28 0 0 0 0 0 0 0 0 34 38 34 38 25 28 0 0 0 0 0 0 0 0 34 38 34 38 25 28 0 0 0 0 0 0 0 0 34 38 34 38 25 28 0 0 0 0 0 0 0 0 34 38 34 38 25 28 0 0 0 0 0 0 0 0
157 0 1000 0 0 1000 0 1000 34 38 34 38 25 28 585249 7 585249 7 0 0 0 0 34 38 34 38 25 28 585249 7 585249 7 0 0 0 0 34 38 34 38 25 28 585249 7 585249 7 0 0 0 0 34 38 34 38 25 28 585249 7 585249 7 0 0 0 0 34 38 34 38 25 28 585249 7 585249 7 0 0 0 0 34 38 34 38 25 28 585249 7 585249 7 0 0 0 0
158 0 1000 0 0 1000 0 1000 35 39 35 39 25 28 109667 109 0 0 80291 1 29376 108 35 39 35 39 25 28 109667 109 0 0 80291 1 29376 108 35 39 35 39 25 28 109667 109 0 0 80291 1 29376 108 35 39 35 39 25 28 109667 109 0 0 80291 1 29376 108 35 39 35 39 25 28 109667 109 0 0 80291 1 29376 108 35 39 35 39 25 28 109667 109 0 0 80291 1 29376 108
159 0 1000 0 0 1000 0 1000 35 39 35 39 26 29 0 0 0 0 0 0 0 0 35 39 35 39 26 29 0 0 0 0 0 0 0 0 35 39 35 39 26 29 0 0 0 0 0 0 0 0 35 39 35 39 26 29 0 0 0 0 0 0 0 0 35 39 35 39 26 29 0 0 0 0 0 0 0 0 35 39 35 39 26 29 0 0 0 0 0 0 0 0
160 0 1000 0 0 1000 0 1000 35 39 35 39 26 29 0 0 0 0 0 0 0 0 35 39 35 39 26 29 0 0 0 0 0 0 0 0 35 39 35 39 26 29 0 0 0 0 0 0 0 0 35 39 35 39 26 29 0 0 0 0 0 0 0 0 35 39 35 39 26 29 0 0 0 0 0 0 0 0 35 39 35 39 26 29 0 0 0 0 0 0 0 0
161 0 1000 0 0 1000 0 1000 35 39 35 39 26 29 251685 3 251685 3 0 0 0 0 35 39 35 39 26 29 251685 3 251685 3 0 0 0 0 35 39 35 39 26 29 251685 3 251685 3 0 0 0 0 35 39 35 39 26 29 251685 3 251685 3 0 0 0 0 35 39 35 39 26 29 251685 3 251685 3 0 0 0 0 35 39 35 39 26 29 251685 3 251685 3 0 0 0 0
162 0 1000 0 0 1000 0 1000 36 40 36 40 26 29 109939 110 0 0 80291 1 29648 109 36 40 36 40 26 29 109939 110 0 0 80291 1 29648 109 36 40 36 40 26 29 109939 110 0 0 80291 1 29648 109 36 40 36 40 26 29 109939 110 0 0 80291 1 29648 109 36 40 36 40 26 29 109939 110 0 0 80291 1 29648 109 36 40 36 40 26 29 109939 110 0 0 80291 1 29648 109
163 0 1000 0 0 1000 0 1000 36 40 36 40 26 29 0 0 0 0 0 0 0 0 36 40 36 40 26 29 0 0 0 0 0 0 0 0 36 40 36 40 26 29 0 0 0 0 0 0 0 0 36 40 36 40 26 29 0 0 0 0 0 0 0 0 36 40 36 40 26 29 0 0 0 0 0 0 0 0 36 40 36 40 26 29 0 0 0 0 0 0 0 0
164 0 1000 0 0 1000 0 1000 36 40 36 40 26 29 0 0 0 0 0 0 0 0 36 40 36 40 26 29 0 0 0 0 0 0 0 0 36 40 36 40 26 29 0 0 0 0 0 0 0 0 36 40 36 40 26 29 0 0 0 0 0 0 0 0 36 40 36 40 26 29 0 0 0 0 0 0 0 0 36 40 36 40 26 29 0 0 0 0 0 0 0 0
165 0 1000 0 0 1000 0 1000 36 40 36 40 26 29 503560 6 503560 6 0 0 0 0 36 40 36 40 26 29 503560 6 503560 6 0 0 0 0 36 40 36 40 26 29 503560 6 503560 6 0 0 0 0 36 40 36 40 26 29 503560 6 503560 6 0 0 0 0 36 40 36 40 26 29 503560 6 503560 6 0 0 0 0 36 40 36 40 26 29 503560 6 503560 6 0 0 0 0
166 0 1000 0 0 1000 0 1000 37 41 37 41 26 29 105859 95 0 0 80291 1 25568 94 37 41 37 41 26 29 105859 95 0 0 80291 1 25568 94 37 41 37 41 26 29 105859 95 0 0 80291 1 25568 94 37 41 37 41 26 29 105859 95 0 0 80291 1 25568 94 37 41 37 41 26 29 105859 95 0 0 80291 1 25568 94 37 41 37 41 26 29 105859 95 0 0 80291 1 25568 94
167 0 1000 0 0 1000 0 1000 37 41 37 41 27 31 0 0 0 0 0 0 0 0 37 41 37 41 27 31 0 0 0 0 0 0 0 0 37 41 37 41 27 31 0 0 0 0 0 0 0 0 37 41 37 41 27 31 0 0 0 0 0 0 0 0 37 41 37 41 27 31 0 0 0 0 0 0 0 0 37 41 37 41 27 31 0 0 0 0 0 0 0 0
168 0 1000 0 0 1000 0 1000 37 41 37 41 27 31 0 0 0 0 0 0 0 0 37 41 37 41 27 31 0 0 0 0 0 0 0 0 37 41 37 41 27 31 0 0 0 0 0 0 0 0 37 41 37 41 27 31 0 0 0 0 0 0 0 0 37 41 37 41 27 31 0 0 0 0 0 0 0 0 37 41 37 41 27 31 0 0 0 0 0 0 0 0
169 0 1000 0 0 1000 0 1000 37 41 37 41 27 31 500682 6 500682 6 0 0 0 0 37 41 37 41 27 31 500682 6 500682 6 0 0 0 0 37 41 37 41 27 31 500682 6 500682 6 0 0 0 0 37 41 37 41 27 31 500682 6 500682 6 0 0 0 0 37 41 37 41 27 31 500682 6 500682 6 0 0 0 0 37 41 37 41 27 31 500682 6 500682 6 0 0 0 0
170 0 1000 0 0 1000 0 1000 38 42 38 42 27 31 106131 96 0 0 80291 1 25840 95 38 42 38 42 27 31 106131 96 0 0 80291 1 25840 95 38 42 38 42 27 31 106131 96 0 0 80291 1 25840 95 38 42 38 42 27 31 106131 96 0 0 80291 1 25840 95 38 42 38 42 27 31 106131 96 0 0 80291 1 25840 95 38 42 38 42 27 31 106131 96 0 0 80291 1 25840 95
171 0 1000 0 0 1000 0 1000 38 42 38 42 28 32 0 0 0 0 0 0 0 0 38 42 38 42 28 32 0 0 0 0 0 0 0 0 38 42 38 42 28 32 0 0 0 0 0 0 0 0 38 42 38 42 28 32 0 0 0 0 0 0 0 0 38 42 38 42 28 32 0 0 0 0 0 0 0 0 38 42 38 42 28 32 0 0 0 0 0 0 0 0
172 0 1000 0 0 1000 0 1000 38 42 38 42 28 32 0 0 0 0 0 0 0 0 38 42 38 42 28 32 0 0 0 0 0 0 0 0 38 42 38 42 28 32 0 0 0 0 0 0 0 0 38 42 38 42 28 32 0 0 0 0 0 0 0 0 38 42 38 42 28 32 0 0 0 0 0 0 0 0 38 42 38 42 28 32 0 0 0 0 0 0 0 0
173 0 1000 0 0 1000 0 1000 38 42 38 42 28 32 667830 8 667830 8 0 0 0 0 38 42 38 42 28 32 667830 8 667830 8 0 0 0 0 38 42 38 42 28 32 667830 8 667830 8 0 0 0 0 38 42 38 42 28 32 667830 8 667830 8 0 0 0 0 38 42 38 42 28 32 667830 8 667830 8 0 0 0 0 38 42 38 42 28 32 667830 8 667830 8 0 0 0 0
174 0 1000 0 0 1000 0 1000 39 43 39 43 28 32 108035 103 0 0 80291 1 27744 102 39 43 39 43 28 32 108035 103 0 0 80291 1 27744 102 39 43 39 43 28 32 108035 103 0 0 80291 1 27744 102 39 43 39 43 28 32 108035 103 0 0 80291 1 27744 102 39 43 39 43 28 32 108035 103 0 0 80291 1 27744 102 39 43 39 43 28 32 108035 103 0 0 80291 1 27744 102
175 0 1000 0 0 1000 0 1000 39 43 39 43 29 33 0 0 0 0 0 0 0 0 39 43 39 43 29 33 0 0 0 0 0 0 0 0 39 43 39 43 29 33 0 0 0 0 0 0 0 0 39 43 39 43 29 33 0 0 0 0 0 0 0 0 39 43 39 43 29 33 0 0 0 0 0 0 0 0 39 43 39 43 29 33 0 0 0 0 0 0 0 0
176 0 1000 0 0 1000 0 1000 39 43 39 43 29 33 0 0 0 0 0 0 0 0 39 43 39 43 29 33 0 0 0 0 0 0 0 0 39 43 39 43 29 33 0 0 0 0 0 0 0 0 39 43 39 43 29 33 0 0 0 0 0 0 0 0 39 43 39 43 29 33 0 0 0 0 0 0 0 0 39 43 39 43 29 33 0 0 0 0 0 0 0 0
177 0 1000 0 0 1000 0 1000 39 43 39 43 29 33 502215 6 502215 6 0 0 0 0 39 43 39 43 29 33 502215 6 502215 6 0 0 0 0 39 43 39 43 29 33 502215 6 502215 6 0 0 0 0 39 43 39 43 29 33 502215 6 502215 6 0 0 0 0 39 43 39 43 29 33 502215 6 502215 6 0 0 0 0 39 43 39 43 29 33 502215 6 502215 6 0 0 0 0
178 0 1000 0 0 1000 0 1000 40 44 40 44 29 33 109939 110 0 0 80291 1 29648 109 40 44 40 44 29 33 109939 110 0 0 80291 1 29648 109 40 44 40 44 29 33 109939 110 0 0 80291 1 29648 109 40 44 40 44 29 33 109939 110 0 0 80291 1 29648 109 40 44 40 44 29 33 109939 110 0 0 80291 1 29648 109 40 44 40 44 29 33 109939 110 0 0 80291 1 29648 109
179 0 1000 0 0 1000 0 1000 40 44 40 44 30 34 0 0 0 0 0 0 0 0 40 44 40 44 30 34 0 0 0 0 0 0 0 0 40 44 40 44 30 34 0 0 0 0 0 0 0 0 40 44 40 44 30 34 0 0 0 0 0 0 0 0 40 44 40 44 30 34 0 0 0 0 0 0 0 0 40 44 40 44 30 34 0 0 0 0 0 0 0 0
180 0 1000 0 0 1000 0 1000 40 44 40 44 30 34 0 0 0 0 0 0 0 0 40 44 40 44 30 34 0 0 0 0 0 0 0 0 40 44 40 44 30 34 0 0 0 0 0 0 0 0 40 44 40 44 30 34 0 0 0 0 0 0 0 0 40 44 40 44 30 34 0 0 0 0 0 0 0 0 40 44 40 44 30 34 0 0 0 0 0 0 0 0
181 0 1000 0 0 1000 0 1000 40 44 40 44 30 34 419635 5 419635 5 0 0 0 0 40 44 40 44 30 34 419635 5 419635 5 0 0 0 0 40 44 40 44 30 34 419635 5 419635 5 0 0 0 0 40 44 40 44 30 34 419635 5 419635 5 0 0 0 0 40 44 40 44 30 34 419635 5 419635 5 0 0 0 0 40 44 40 44 30 34 419635 5 419635 5 0 0 0 0
182 0 1000 0 0 1000 0 1000 41 45 41 45 30 34 107219 100 0 0 80291 1 26928 99 41 45 41 45 30 34 107219 100 0 0 80291 1 26928 99 41 45 41 45 30 34 107219 100 0 0 80291 1 26928 99 41 45 41 45 30 34 107219 100 0 0 80291 1 26928 99 41 45 41 45 30 34 107219 100 0 0 80291 1 26928 99 41 45 41 45 30 34 107219 100 0 0 80291 1 26928 99
183 0 1000 0 0 1000 0 1000 41 45 41 45 31 35 0 0 0 0 0 0 0 0 41 45 41 45 31 35 0 0 0 0 0 0 0 0 41 45 41 45 31 35 0 0 0 0 0 0 0 0 41 45 41 45 31 35 0 0 0 0 0 0 0 0 41 45 41 45 31 35 0 0 0 0 0 0 0 0 41 45 41 45 31 35 0 0 0 0 0 0 0 0
184 0 1000 0 0 1000 0 1000 41 45 41 45 31 35 0 0 0 0 0 0 0 0 41 45 41 45 31 35 0 0 0 0 0 0 0 0 41 45 41 45 31 35 0 0 0 0 0 0 0 0 41 45 41 45 31 35 0 0 0 0 0 0 0 0 41 45 41 45 31 35 0 0 0 0 0 0 0 0 41 45 41 45 31 35 0 0 0 0 0 0 0 0
185 0 1000 0 0 1000 0 1000 41 45 41 45 31 35 334428 4 334428 4 0 0 0 0 41 45 41 45 31 35 334428 4 334428 4 0 0 0 0 41 45 41 45 31 35 334428 4 334428 4 0 0 0 0 41 45 41 45 31 35 334428 4 334428 4 0 0 0 0 41 45 41 45 31 35 334428 4 334428 4 0 0 0 0 41 45 41 45 31 35 334428 4 334428 4 0 0 0 0
186 0 1000 0 0 1000 0 1000 42 46 42 46 31 35 110483 112 0 0 80291 1 30192 111 42 46 42 46 31 35 110483 112 0 0 80291 1 30192 111 42 46 42 46 31 35 110483 112 0 0 80291 1 30192 111 42 46 42 46 31 35 110483 112 0 0 80291 1 30192 111 42 46 42 46 31 35 110483 112 0 0 80291 1 30192 111 42 46 42 46 31 35 110483 112 0 0 80291 1 30192 111
187 800 200 800 0 200 0 1000 42 46 42 46 31 35 0 0 0 0 0 0 0 0 42 46 42 46 31 35 0 0 0 0 0 0 0 0 42 46 42 46 31 35 0 0 0 0 0 0 0 0 42 46 42 46 31 35 0 0 0 0 0 0 0 0 42 46 42 46 31 35 0 0 0 0 0 0 0 0 42 46 42 46 32 36 0 0 0 0 0 0 0 0
188 800 200 800 0 200 0 1000 42 46 42 46 31 35 0 0 0 0 0 0 0 0 42 46 42 46 31 35 0 0 0 0 0 0 0 0 42 46 42 46 31 35 0 0 0 0 0 0 0 0 42 46 42 46 31 35 0 0 0 0 0 0 0 0 42 46 42 46 31 35 0 0 0 0 0 0 0 0 42 46 42 46 32 36 0 0 0 0 0 0 0 0
189 800 200 800 0 200 0 1000 42 46 42 46 31 35 83991 1 83991 1 0 0 0 0 42 46 42 46 31 35 83991 1 83991 1 0 0 0 0 42 46 42 46 31 35 83991 1 83991 1 0 0 0 0 42 46 42 46 31 35 83991 1 83991 1 0 0 0 0 42 46 42 46 31 35 83991 1 83991 1 0 0 0 0 42 46 42 46 32 36 83991 1 83991 1 0 0 0 0
190 800 200 800 0 200 0 1000 42 46 42 46 31 35 84915 18 0 0 80291 1 4624 17 42 46 42 46 31 35 84915 18 0 0 80291 1 4624 17 42 46 42 46 31 35 84915 18 0 0 80291 1 4624 17 42 46 42 46 31 35 84915 18 0 0 80291 1 4624 17 42 46 42 46 31 35 84915 18 0 0 80291 1 4624 17 42 46 42 46 32 36 84915 18 0 0 80291 1 4624 17
191 800 200 800 0 200 0 1000 42 46 42 46 31 35 0 0 0 0 0 0 0 0 42 46 42 46 31 35 0 0 0 0 0 0 0 0 42 46 42 46 31 35 0 0 0 0 0 0 0 0 42 46 42 46 31 35 0 0 0 0 0 0 0 0 42 46 42 46 31 35 0 0 0 0 0 0 0 0 42 46 42 46 33 37 0 0 0 0 0 0 0 0
192 800 200 800 0 200 0 1000 42 46 42 46 31 35 0 0 0 0 0 0 0 0 42 46 42 46 31 35 0 0 0 0 0 0 0 0 42 46 42 46 31 35 0 0 0 0 0 0 0 0 42 46 42 46 31 35 0 0 0 0 0 0 0 0 42 46 42 46 31 35 0 0 0 0 0 0 0 0 42 46 42 46 33 37 0 0 0 0 0 0 0 0
193 800 200 800 0 200 0 1000 42 46 42 46 31 35 242949 3 242949 3 0 0 0 0 42 46 42 46 31 35 242949 3 242949 3 0 0 0 0 42 46 42 46 31 35 242949 3 242949 3 0 0 0 0 42 46 42 46 31 35 242949 3 242949 3 0 0 0 0 42 46 42 46 31 35 242949 3 242949 3 0 0 0 0 42 46 42 46 33 37 242949 3 242949 3 0 0 0 0
194 800 200 800 0 200 0 1000 42 46 42 46 31 35 86003 22 0 0 80291 1 5712 21 42 46 42 46 31 35 86003 22 0 0 80291 1 5712 21 42 46 42 46 31 35 86003 22 0 0 80291 1 5712 21 42 46 42 46 31 35 86003 22 0 0 80291 1 5712 21 42 46 42 46 31 35 86003 22 0 0 80291 1 5712 21 42 46 42 46 33 37 86003 22 0 0 80291 1 5712 21
195 800 200 800 0 200 0 1000 42 46 42 46 31 35 0 0 0 0 0 0 0 0 42 46 42 46 31 35 0 0 0 0 0 0 0 0 42 46 42 46 31 35 0 0 0 0 0 0 0 0 42 46 42 46 31 35 0 0 0 0 0 0 0 0 42 46 42 46 31 35 0 0 0 0 0 0 0 0 42 46 42 46 34 38 0 0 0 0 0 0 0 0
196 800 200 800 0 200 0 1000 42 46 42 46 31 35 0 0 0 0 0 0 0 0 42 46 42 46 31 35 0 0 0 0 0 0 0 0 42 46 42 46 31 35 0 0 0 0 0 0 0 0 42 46 42 46 31 35 0 0 0 0 0 0 0 0 42 46 42 46 31 35 0 0 0 0 0 0 0 0 42 46 42 46 34 38 0 0 0 0 0 0 0 0
197 800 200 800 0 200 0 1000 42 46 42 46 31 35 81111 1 81111 1 0 0 0 0 42 46 42 46 31 35 81111 1 81111 1 0 0 0 0 42 46 42 46 31 35 81111 1 81111 1 0 0 0 0 42 46 42 46 31 35 81111 1 81111 1 0 0 0 0 42 46 42 46 31 35 81111 1 81111 1 0 0 0 0 42 46 42 46 34 38 81111 1 81111 1 0 0 0 0
198 800 200 800 0 200 0 1000 42 46 42 46 31 35 85731 21 0 0 80291 1 5440 20 42 46 42 46 31 35 85731 21 0 0 80291 1 5440 20 42 46 42 46 31 35 85731 21 0 0 80291 1 5440 20 42 46 42 46 31 35 85731 21 0 0 80291 1 5440 20 42 46 42 46 31 35 85731 21 0 0 80291 1 5440 20 42 46 42 46 34 38 85731 21 0 0 80291 1 5440 20
199 800 200 800 0 200 0 1000 42 46 42 46 31 35 0 0 0 0 0 0 0 0 42 46 42 46 31 35 0 0 0 0 0 0 0 0 42 46 42 46 31 35 0 0 0 0 0 0 0 0 42 46 42 46 31 35 0 0 0 0 0 0 0 0 42 46 42 46 31 35 0 0 0 0 0 0 0 0 42 46 42 46 35 39 0 0 0 0 0 0 0 0
200 800 200 800 0 200 0 1000 42 46 42 46 31 35 0 0 0 0 0 0 0 0 42 46 42 46 31 35 0 0 0 0 0 0 0 0 42 46 42 46 31 35 0 0 0 0 0 0 0 0 42 46 42 46 31 35 0 0 0 0 0 0 0 0 42 46 42 46 31 35 0 0 0 0 0 0 0 0 42 46 42 46 35 39 0 0 0 0 0 0 0 0
201 800 200 800 0 200 0 1000 42 46 42 46 31 35 0 0 0 0 0 0 0 0 42 46 42 46 31 35 0 0 0 0 0 0 0 0 42 46 42 46 31 35 0 0 0 0 0 0 0 0 42 46 42 46 31 35 0 0 0 0 0 0 0 0 42 46 42 46 31 35 0 0 0 0 0 0 0 0 42 46 42 46 35 39 0 0 0 0 0 0 0 0
202 800 200 800 0 200 0 1000 42 46 42 46 31 35 5440 20 0 0 0 0 5440 20 42 46 42 46 31 35 5440 20 0 0 0 0 5440 20 42 46 42 46 31 35 5440 20 0 0 0 0 5440 20 42 46 42 46 31 35 5440 20 0 0 0 0 5440 20 42 46 42 46 31 35 5440 20 0 0 0 0 5440 20 42 46 42 46 35 39 5440 20 0 0 0 0 5440 20
203 800 200 800 0 200 0 1000 42 46 42 46 31 35 0 0 0 0 0 0 0 0 42 46 42 46 31 35 0 0 0 0 0 0 0 0 42 46 42 46 31 35 0 0 0 0 0 0 0 0 42 46 42 46 31 35 0 0 0 0 0 0 0 0 42 46 42 46 31 35 0 0 0 0 0 0 0 0 42 46 42 46 36 40 0 0 0 0 0 0 0 0
204 800 200 800 0 200 0 1000 42 46 42 46 31 35 0 0 0 0 0 0 0 0 42 46 42 46 31 35 0 0 0 0 0 0 0 0 42 46 42 46 31 35 0 0 0 0 0 0 0 0 42 46 42 46 31 35 0 0 0 0 0 0 0 0 42 46 42 46 31 35 0 0 0 0 0 0 0 0 42 46 42 46 36 40 0 0 0 0 0 0 0 0
205 800 200 800 0 200 0 1000 42 46 42 46 31 35 0 0 0 0 0 0 0 0 42 46 42 46 31 35 0 0 0 0 0 0 0 0 42 46 42 46 31 35 0 0 0 0 0 0 0 0 42 46 42 46 31 35 0 0 0 0 0 0 0 0 42 46 42 46 31 35 0 0 0 0 0 0 0 0 42 46 42 46 36 40 0 0 0 0 0 0 0 0
206 800 200 800 0 200 0 1000 42 46 42 46 31 35 5168 19 0 0 0 0 5168 19 42 46 42 46 31 35 5168 19 0 0 0 0 5168 19 42 46 42 46 31 35 5168 19 0 0 0 0 5168 19 42 46 42 46 31 35 5168 19 0 0 0 0 5168 19 42 46 42 46 31 35 5168 19 0 0 0 0 5168 19 42 46 42 46 36 40 5168 19 0 0 0 0 5168 19
207 800 200 800 0 200 0 1000 42 46 42 46 31 35 0 0 0 0 0 0 0 0 42 46 42 46 31 35 0 0 0 0 0 0 0 0 42 46 42 46 31 35 0 0 0 0 0 0 0 0 42 46 42 46 31 35 0 0 0 0 0 0 0 0 42 46 42 46 31 35 0 0 0 0 0 0 0 0 42 46 42 46 37 41 0 0 0 0 0 0 0 0
208 800 200 800 0 200 0 1000 42 46 42 46 31 35 0 0 0 0 0 0 0 0 42 46 42 46 31 35 0 0 0 0 0 0 0 0 42 46 42 46 31 35 0 0 0 0 0 0 0 0 42 46 42 46 31 35 0 0 0 0 0 0 0 0 42 46 42 46 31 35 0 0 0 0 0 0 0 0 42 46 42 46 37 41 0 0 0 0 0 0 0 0
209 800 200 800 0 200 0 1000 42 46 42 46 31 35 0 0 0 0 0 0 0 0 42 46 42 46 31 35 0 0 0 0 0 0 0 0 42 46 42 46 31 35 0 0 0 0 0 0 0 0 42 46 42 46 31 35 0 0 0 0 0 0 0 0 42 46 42 46 31 35 0 0 0 0 0 0 0 0 42 46 42 46 37 41 0 0 0 0 0 0 0 0
210 800 200 800 0 200 0 1000 42 46 42 46 31 35 7888 29 0 0 0 0 7888 29 42 46 42 46 31 35 7888 29 0 0 0 0 7888 29 42 46 42 46 31 35 7888 29 0 0 0 0 7888 29 42 46 42 46 31 35 7888 29 0 0 0 0 7888 29 42 46 42 46 31 35 7888 29 0 0 0 0 7888 29 42 46 42 46 37 41 7888 29 0 0 0 0 7888 29
211 800 200 800 0 200 0 1000 42 46 42 46 31 35 0 0 0 0 0 0 0 0 42 46 42 46 31 35 0 0 0 0 0 0 0 0 42 46 42 46 31 35 0 0 0 0 0 0 0 0 42 46 42 46 31 35 0 0 0 0 0 0 0 0 42 46 42 46 31 35 0 0 0 0 0 0 0 0 42 46 42 46 38 42 0 0 0 0 0 0 0 0
212 800 200 800 0 200 0 1000 42 46 42 46 31 35 0 0 0 0 0 0 0 0 42 46 42 46 31 35 0 0 0 0 0 0 0 0 42 46 42 46 31 35 0 0 0 0 0 0 0 0 42 46 42 46 31 35 0 0 0 0 0 0 0 0 42 46 42 46 31 35 0 0 0 0 0 0 0 0 42 46 42 46 38 42 0 0 0 0 0 0 0 0
213 800 200 800 0 200 0 1000 42 46 42 46 31 35 162734 2 162734 2 0 0 0 0 42 46 42 46 31 35 162734 2 162734 2 0 0 0 0 42 46 42 46 31 35 162734 2 162734 2 0 0 0 0 42 46 42 46 31 35 162734 2 162734 2 0 0 0 0 42 46 42 46 31 35 162734 2 162734 2 0 0 0 0 42 46 42 46 38 42 162734 2 162734 2 0 0 0 0
214 800 200 800 0 200 0 1000 42 46 42 46 31 35 84915 18 0 0 80291 1 4624 17 42 46 42 46 31 35 84915 18 0 0 80291 1 4624 17 42 46 42 46 31 35 84915 18 0 0 80291 1 4624 17 42 46 42 46 31 35 84915 18 0 0 80291 1 4624 17 42 46 42 46 31 35 84915 18 0 0 80291 1 4624 17 42 46 42 46 38 42 84915 18 0 0 80291 1 4624 17
215 800 200 800 0 200 0 1000 42 46 42 46 31 35 0 0 0 0 0 0 0 0 42 46 42 46 31 35 0 0 0 0 0 0 0 0 42 46 42 46 31 35 0 0 0 0 0 0 0 0 42 46 42 46 31 35 0 0 0 0 0 0 0 0 42 46 42 46 31 35 0 0 0 0 0 0 0 0 42 46 42 46 39 43 0 0 0 0 0 0 0 0
216 800 200 800 0 200 0 1000 42 46 42 46 31 35 0 0 0 0 0 0 0 0 42 46 42 46 31 35 0 0 0 0 0 0 0 0 42 46 42 46 31 35 0 0 0 0 0 0 0 0 42 46 42 46 31 35 0 0 0 0 0 0 0 0 42 46 42 46 31 35 0 0 0 0 0 0 0 0 42 46 42 46 39 43 0 0 0 0 0 0 0 0
217 800 200 800 0 200 0 1000 42 46 42 46 31 35 80983 1 80983 1 0 0 0 0 42 46 42 46 31 35 80983 1 80983 1 0 0 0 0 42 46 42 46 31 35 80983 1 80983 1 0 0 0 0 42 46 42 46 31 35 80983 1 80983 1 0 0 0 0 42 46 42 46 31 35 80983 1 80983 1 0 0 0 0 42 46 42 46 39 43 80983 1 80983 1 0 0 0 0
218 800 200 800 0 200 0 1000 42 46 42 46 31 35 85187 19 0 0 80291 1 4896 18 42 46 42 46 31 35 85187 19 0 0 80291 1 4896 18 42 46 42 46 31 35 85187 19 0 0 80291 1 4896 18 42 46 42 46 31 35 85187 19 0 0 80291 1 4896 18 42 46 42 46 31 35 85187 19 0 0 80291 1 4896 18 42 46 42 46 39 43 85187 19 0 0 80291 1 4896 18
219 800 200 800 0 200 0 1000 42 46 42 46 31 35 0 0 0 0 0 0 0 0 42 46 42 46 31 35 0 0 0 0 0 0 0 0 42 46 42 46 31 35 0 0 0 0 0 0 0 0 42 46 42 46 31 35 0 0 0 0 0 0 0 0 42 46 42 46 31 35 0 0 0 0 0 0 0 0 42 46 42 46 40 44 0 0 0 0 0 0 0 0
220 800 200 800 0 200 0 1000 42 46 42 46 31 35 0 0 0 0 0 0 0 0 42 46 42 46 31 35 0 0 0 0 0 0 0 0 42 46 42 46 31 35 0 0 0 0 0 0 0 0 42 46 42 46 31 35 0 0 0 0 0 0 0 0 42 46 42 46 31 35 0 0 0 0 0 0 0 0 42 46 42 46 40 44 0 0 0 0 0 0 0 0
221 800 200 800 0 200 0 1000 42 46 42 46 31 35 81015 1 81015 1 0 0 0 0 42 46 42 46 31 35 81015 1 81015 1 0 0 0 0 42 46 42 46 31 35 81015 1 81015 1 0 0 0 0 42 46 42 46 31 35 81015 1 81015 1 0 0 0 0 42 46 42 46 31 35 81015 1 81015 1 0 0 0 0 42 46 42 46 40 44 81015 1 81015 1 0 0 0 0
222 800 200 800 0 200 0 1000 42 46 42 46 31 35 86003 22 0 0 80291 1 5712 21 42 46 42 46 31 35 86003 22 0 0 80291 1 5712 21 42 46 42 46 31 35 86003 22 0 0 80291 1 5712 21 42 46 42 46 31 35 86003 22 0 0 80291 1 5712 21 42 46 42 46 31 35 86003 22 0 0 80291 1 5712 21 42 46 42 46 40 44 86003 22 0 0 80291 1 5712 21
223 800 200 800 0 200 0 1000 42 46 42 46 31 35 0 0 0 0 0 0 0 0 42 46 42 46 31 35 0 0 0 0 0 0 0 0 42 46 42 46 31 35 0 0 0 0 0 0 0 0 42 46 42 46 31 35 0 0 0 0 0 0 0 0 42 46 42 46 31 35 0 0 0 0 0 0 0 0 42 46 42 46 41 45 0 0 0 0 0 0 0 0
224 800 200 800 0 200 0 1000 42 46 42 46 31 35 0 0 0 0 0 0 0 0 42 46 42 46 31 35 0 0 0 0 0 0 0 0 42 46 42 46 31 35 0 0 0 0 0 0 0 0 42 46 42 46 31 35 0 0 0 0 0 0 0 0 42 46 42 46 31 35 0 0 0 0 0 0 0 0 42 46 42 46 41 45 0 0 0 0 0 0 0 0
225 800 200 800 0 200 0 1000 42 46 42 46 31 35 0 0 0 0 0 0 0 0 42 46 42 46 31 35 0 0 0 0 0 0 0 0 42 46 42 46 31 35 0 0 0 0 0 0 0 0 42 46 42 46 31 35 0 0 0 0 0 0 0 0 42 46 42 46 31 35 0 0 0 0 0 0 0 0 42 46 42 46 41 45 0 0 0 0 0 0 0 0
226 800 200 800 0 200 0 1000 42 46 42 46 31 35 5440 20 0 0 0 0 5440 20 42 46 42 46 31 35 5440 20 0 0 0 0 5440 20 42 46 42 46 31 35 5440 20 0 0 0 0 5440 20 42 46 42 46 31 35 5440 20 0 0 0 0 5440 20 42 46 42 46 31 35 5440 20 0 0 0 0 5440 20 42 46 42 46 41 45 5440 20 0 0 0 0 5440 20
227 800 200 800 0 200 0 1000 42 46 42 46 31 35 0 0 0 0 0 0 0 0 42 46 42 46 31 35 0 0 0 0 0 0 0 0 42 46 42 46 31 35 0 0 0 0 0 0 0 0 42 46 42 46 31 35 0 0 0 0 0 0 0 0 42 46 42 46 31 35 0 0 0 0 0 0 0 0 42 46 42 46 42 46 0 0 0 0 0 0 0 0
228 800 200 800 0 200 0 1000 42 46 42 46 31 35 0 0 0 0 0 0 0 0 42 46 42 46 31 35 0 0 0 0 0 0 0 0 42 46 42 46 31 35 0 0 0 0 0 0 0 0 42 46 42 46 31 35 0 0 0 0 0 0 0 0 42 46 42 46 31 35 0 0 0 0 0 0 0 0 42 46 42 46 42 46 0 0 0 0 0 0 0 0
229 800 200 800 0 200 0 1000 42 46 42 46 31 35 81079 1 81079 1 0 0 0 0 42 46 42 46 31 35 81079 1 81079 1 0 0 0 0 42 46 42 46 31 35 81079 1 81079 1 0 0 0 0 42 46 42 46 31 35 81079 1 81079 1 0 0 0 0 42 46 42 46 31 35 81079 1 81079 1 0 0 0 0 42 46 42 46 42 46 81079 1 81079 1 0 0 0 0
230 800 200 800 0 200 0 1000 42 46 42 46 31 35 85459 20 0 0 80291 1 5168 19 42 46 42 46 31 35 85459 20 0 0 80291 1 5168 19 42 46 42 46 31 35 85459 20 0 0 80291 1 5168 19 42 46 42 46 31 35 85459 20 0 0 80291 1 5168 19 42 46 42 46 31 35 85459 20 0 0 80291 1 5168 19 42 46 42 46 42 46 85459 20 0 0 80291 1 5168 19
231 800 200 800 0 200 0 1000 42 46 42 46 31 35 0 0 0 0 0 0 0 0 42 46 42 46 31 35 0 0 0 0 0 0 0 0 42 46 42 46 31 35 0 0 0 0 0 0 0 0 42 46 42 46 31 35 0 0 0 0 0 0 0 0 42 46 42 46 31 35 0 0 0 0 0 0 0 0 43 47 42 46 43 47 0 0 0 0 0 0 0 0
232 800 200 800 0 200 0 1000 42 46 42 46 31 35 0 0 0 0 0 0 0 0 42 46 42 46 31 35 0 0 0 0 0 0 0 0 42 46 42 46 31 35 0 0 0 0 0 0 0 0 42 46 42 46 31 35 0 0 0 0 0 0 0 0 42 46 42 46 31 35 0 0 0 0 0 0 0 0 43 47 42 46 43 47 0 0 0 0 0 0 0 0
233 800 200 800 0 200 0 1000 42 46 42 46 31 35 0 0 0 0 0 0 0 0 42 46 42 46 31 35 0 0 0 0 0 0 0 0 42 46 42 46 31 35 0 0 0 0 0 0 0 0 42 46 42 46 31 35 0 0 0 0 0 0 0 0 42 46 42 46 31 35 0 0 0 0 0 0 0 0 43 47 42 46 43 47 0 0 0 0 0 0 0 0
234 800 200 800 0 200 0 1000 42 46 42 46 31 35 4624 17 0 0 0 0 4624 17 42 46 42 46 31 35 4624 17 0 0 0 0 4624 17 42 46 42 46 31 35 4624 17 0 0 0 0 4624 17 42 46 42 46 31 35 4624 17 0 0 0 0 4624 17 42 46 42 46 31 35 4624 17 0 0 0 0 4624 17 43 47 42 46 43 47 4624 17 0 0 0 0 4624 17
235 800 200 800 0 200 0 1000 42 46 42 46 31 35 0 0 0 0 0 0 0 0 42 46 42 46 31 35 0 0 0 0 0 0 0 0 42 46 42 46 31 35 0 0 0 0 0 0 0 0 42 46 42 46 31 35 0 0 0 0 0 0 0 0 42 46 42 46 31 35 0 0 0 0 0 0 0 0 44 48 42 46 44 48 0 0 0 0 0 0 0 0
236 800 200 800 0 200 0 1000 42 46 42 46 31 35 0 0 0 0 0 0 0 0 42 46 42 46 31 35 0 0 0 0 0 0 0 0 42 46 42 46 31 35 0 0 0 0 0 0 0 0 42 46 42 46 31 35 0 0 0 0 0 0 0 0 42 46 42 46 31 35 0 0 0 0 0 0 0 0 44 48 42 46 44 48 0 0 0 0 0 0 0 0
237 800 200 800 0 200 0 1000 42 46 42 46 31 35 161966 2 161966 2 0 0 0 0 42 46 42 46 31 35 161966 2 161966 2 0 0 0 0 42 46 42 46 31 35 161966 2 161966 2 0 0 0 0 42 46 42 46 31 35 161966 2 161966 2 0 0 0 0 42 46 42 46 31 35 161966 2 161966 2 0 0 0 0 44 48 42 46 44 48 161966 2 161966 2 0 0 0 0
238 800 200 800 0 200 0 1000 42 46 42 46 31 35 85187 19 0 0 80291 1 4896 18 42 46 42 46 31 35 85187 19 0 0 80291 1 4896 18 42 46 42 46 31 35 85187 19 0 0 80291 1 4896 18 42 46 42 46 31 35 85187 19 0 0 80291 1 4896 18 42 46 42 46 31 35 85187 19 0 0 80291 1 4896 18 44 48 42 46 44 48 85187 19 0 0 80291 1 4896 18
239 800 200 800 0 200 0 1000 42 46 42 46 31 35 0 0 0 0 0 0 0 0 42 46 42 46 31 35 0 0 0 0 0 0 0 0 42 46 42 46 31 35 0 0 0 0 0 0 0 0 42 46 42 46 31 35 0 0 0 0 0 0 0 0 42 46 42 46 31 35 0 0 0 0 0 0 0 0 45 49 42 46 45 49 0 0 0 0 0 0 0 0
240 800 200 800 0 200 0 1000 42 46 42 46 31 35 0 0 0 0 0 0 0 0 42 46 42 46 31 35 0 0 0 0 0 0 0 0 42 46 42 46 31 35 0 0 0 0 0 0 0 0 42 46 42 46 31 35 0 0 0 0 0 0 0 0 42 46 42 46 31 35 0 0 0 0 0 0 0 0 45 49 42 46 45 49 0 0 0 0 0 0 0 0
241 800 200 800 0 200 0 1000 42 46 42 46 31 35 81015 1 81015 1 0 0 0 0 42 46 42 46 31 35 81015 1 81015 1 0 0 0 0 42 46 42 46 31 35 81015 1 81015 1 0 0 0 0 42 46 42 46 31 35 81015 1 81015 1 0 0 0 0 42 46 42 46 31 35 81015 1 81015 1 0 0 0 0 45 49 42 46 45 49 81015 1 81015 1 0 0 0 0
242 800 200 800 0 200 0 1000 42 46 42 46 31 35 85187 19 0 0 80291 1 4896 18 42 46 42 46 31 35 85187 19 0 0 80291 1 4896 18 42 46 42 46 31 35 85187 19 0 0 80291 1 4896 18 42 46 42 46 31 35 85187 19 0 0 80291 1 4896 18 42 46 42 46 31 35 85187 19 0 0 80291 1 4896 18 45 49 42 46 45 49 85187 19 0 0 80291 1 4896 18
243 800 200 800 0 200 0 1000 42 46 42 46 31 35 0 0 0 0 0 0 0 0 42 46 42 46 31 35 0 0 0 0 0 0 0 0 42 46 42 46 31 35 0 0 0 0 0 0 0 0 42 46 42 46 31 35 0 0 0 0 0 0 0 0 42 46 42 46 31 35 0 0 0 0 0 0 0 0 45 49 42 46 45 49 0 0 0 0 0 0 0 0
244 800 200 800 0 200 0 1000 42 46 42 46 31 35 0 0 0 0 0 0 0 0 42 46 42 46 31 35 0 0 0 0 0 0 0 0 42 46 42 46 31 35 0 0 0 0 0 0 0 0 42 46 42 46 31 35 0 0 0 0 0 0 0 0 42 46 42 46 31 35 0 0 0 0 0 0 0 0 45 49 42 46 45 49 0 0 0 0 0 0 0 0
245 800 200 800 0 200 0 1000 42 46 42 46 31 35 162030 2 162030 2 0 0 0 0 42 46 42 46 31 35 162030 2 162030 2 0 0 0 0 42 46 42 46 31 35 162030 2 162030 2 0 0 0 0 42 46 42 46 31 35 162030 2 162030 2 0 0 0 0 42 46 42 46 31 35 162030 2 162030 2 0 0 0 0 45 49 42 46 45 49 162030 2 162030 2 0 0 0 0
246 800 200 800 0 200 0 1000 42 46 42 46 31 35 85187 19 0 0 80291 1 4896 18 42 46 42 46 31 35 85187 19 0 0 80291 1 4896 18 42 46 42 46 31 35 85187 19 0 0 80291 1 4896 18 42 46 42 46 31 35 85187 19 0 0 80291 1 4896 18 42 46 42 46 31 35 85187 19 0 0 80291 1 4896 18 45 49 42 46 45 49 85187 19 0 0 80291 1 4896 18
247 800 200 800 0 200 0 1000 42 46 42 46 31 35 0 0 0 0 0 0 0 0 42 46 42 46 31 35 0 0 0 0 0 0 0 0 42 46 42 46 31 35 0 0 0 0 0 0 0 0 42 46 42 46 31 35 0 0 0 0 0 0 0 0 42 46 42 46 31 35 0 0 0 0 0 0 0 0 45 49 42 46 45 49 0 0 0 0 0 0 0 0
248 0 1000 0 800 200 0 1000 42 46 42 46 31 35 0 0 0 0 0 0 0 0 42 46 42 46 31 35 0 0 0 0 0 0 0 0 42 46 42 46 31 35 0 0 0 0 0 0 0 0 42 46 42 46 31 35 0 0 0 0 0 0 0 0 42 46 42 46 31 35 0 0 0 0 0 0 0 0 45 49 42 46 45 49 0 0 0 0 0 0 0 0
249 0 1000 0 800 200 0 1000 42 46 42 46 31 35 81015 1 81015 1 0 0 0 0 42 46 42 46 31 35 81015 1 81015 1 0 0 0 0 42 46 42 46 31 35 81015 1 81015 1 0 0 0 0 42 46 42 46 31 35 81015 1 81015 1 0 0 0 0 42 46 42 46 31 35 81015 1 81015 1 0 0 0 0 45 49 42 46 45 49 81015 1 81015 1 0 0 0 0
250 0 1000 0 800 200 0 1000 42 46 42 46 31 35 84371 16 0 0 80291 1 4080 15 42 46 42 46 31 35 84371 16 0 0 80291 1 4080 15 42 46 42 46 31 35 84371 16 0 0 80291 1 4080 15 42 46 42 46 31 35 84371 16 0 0 80291 1 4080 15 42 46 42 46 31 35 84371 16 0 0 80291 1 4080 15 45 49 42 46 45 49 84371 16 0 0 80291 1 4080 15
251 0 1000 0 0 1000 0 1000 45 49 42 46 45 49 0 0 0 0 0 0 0 0 45 49 42 46 45 49 0 0 0 0 0 0 0 0 45 49 42 46 45 49 0 0 0 0 0 0 0 0 45 49 42 46 45 49 0 0 0 0 0 0 0 0 45 49 42 46 45 49 0 0 0 0 0 0 0 0 45 49 42 46 45 49 0 0 0 0 0 0 0 0
252 0 1000 0 0 1000 0 1000 45 49 42 46 45 49 0 0 0 0 0 0 0 0 45 49 42 46 45 49 0 0 0 0 0 0 0 0 45 49 42 46 45 49 0 0 0 0 0 0 0 0 45 49 42 46 45 49 0 0 0 0 0 0 0 0 45 49 42 46 45 49 0 0 0 0 0 0 0 0 45 49 42 46 45 49 0 0 0 0 0 0 0 0
253 0 1000 0 0 1000 0 1000 45 49 42 46 45 49 485514 6 485514 6 0 0 0 0 45 49 42 46 45 49 485514 6 485514 6 0 0 0 0 45 49 42 46 45 49 485514 6 485514 6 0 0 0 0 45 49 42 46 45 49 485514 6 485514 6 0 0 0 0 45 49 42 46 45 49 485514 6 485514 6 0 0 0 0 45 49 42 46 45 49 485514 6 485514 6 0 0 0 0
254 0 1000 0 0 1000 0 1000 54 63 54 63 45 49 101779 80 0 0 80291 1 21488 79 54 63 54 63 45 49 101779 80 0 0 80291 1 21488 79 54 63 54 63 45 49 101779 80 0 0 80291 1 21488 79 54 63 54 63 45 49 101779 80 0 0 80291 1 21488 79 54 63 54 63 45 49 101779 80 0 0 80291 1 21488 79 54 63 54 63 45 49 101779 80 0 0 80291 1 21488 79
255 0 1000 0 0 1000 0 1000 54 63 54 63 46 53 0 0 0 0 0 0 0 0 54 63 54 63 46 53 0 0 0 0 0 0 0 0 54 63 54 63 46 53 0 0 0 0 0 0 0 0 54 63 54 63 46 53 0 0 0 0 0 0 0 0 54 63 54 63 46 53 0 0 0 0 0 0 0 0 54 63 54 63 46 53 0 0 0 0 0 0 0 0
256 0 1000 0 0 1000 0 1000 54 63 54 63 46 53 0 0 0 0 0 0 0 0 54 63 54 63 46 53 0 0 0 0 0 0 0 0 54 63 54 63 46 53 0 0 0 0 0 0 0 0 54 63 54 63 46 53 0 0 0 0 0 0 0 0 54 63 54 63 46 53 0 0 0 0 0 0 0 0 54 63 54 63 46 53 0 0 0 0 0 0 0 0
257 0 1000 0 0 1000 0 1000 54 63 54 63 46 53 248901 3 248901 3 0 0 0 0 54 63 54 63 46 53 248901 3 248901 3 0 0 0 0 54 63 54 63 46 53 248901 3 248901 3 0 0 0 0 54 63 54 63 46 53 248901 3 248901 3 0 0 0 0 54 63 54 63 46 53 248901 3 248901 3 0 0 0 0 54 63 54 63 46 53 248901 3 248901 3 0 0 0 0
258 0 1000 0 0 1000 0 1000 55 64 55 64 46 53 108307 104 0 0 80291 1 28016 103 55 64 55 64 46 53 108307 104 0 0 80291 1 28016 103 55 64 55 64 46 53 108307 104 0 0 80291 1 28016 103 55 64 55 64 46 53 108307 104 0 0 80291 1 28016 103 55 64 55 64 46 53 108307 104 0 0 80291 1 28016 103 55 64 55 64 46 53 108307 104 0 0 80291 1 28016 103
259 0 1000 0 0 1000 0 1000 55 64 55 64 47 54 0 0 0 0 0 0 0 0 55 64 55 64 47 54 0 0 0 0 0 0 0 0 55 64 55 64 47 54 0 0 0 0 0 0 0 0 55 64 55 64 47 54 0 0 0 0 0 0 0 0 55 64 55 64 47 54 0 0 0 0 0 0 0 0 55 64 55 64 47 54 0 0 0 0 0 0 0 0
260 0 1000 0 0 1000 0 1000 55 64 55 64 47 54 0 0 0 0 0 0 0 0 55 64 55 64 47 54 0 0 0 0 0 0 0 0 55 64 55 64 47 54 0 0 0 0 0 0 0 0 55 64 55 64 47 54 0 0 0 0 0 0 0 0 55 64 55 64 47 54 0 0 0 0 0 0 0 0 55 64 55 64 47 54 0 0 0 0 0 0 0 0
261 0 1000 0 0 1000 0 1000 55 64 55 64 47 54 418674 5 418674 5 0 0 0 0 55 64 55 64 47 54 418674 5 418674 5 0 0 0 0 55 64 55 64 47 54 418674 5 418674 5 0 0 0 0 55 64 55 64 47 54 418674 5 418674 5 0 0 0 0 55 64 55 64 47 54 418674 5 418674 5 0 0 0 0 55 64 55 64 47 54 418674 5 418674 5 0 0 0 0
262 0 1000 0 0 1000 0 1000 56 65 56 65 47 54 108307 104 0 0 80291 1 28016 103 56 65 56 65 47 54 108307 104 0 0 80291 1 28016 103 56 65 56 65 47 54 108307 104 0 0 80291 1 28016 103 56 65 56 65 47 54 108307 104 0 0 80291 1 28016 103 56 65 56 65 47 54 108307 104 0 0 80291 1 28016 103 56 65 56 65 47 54 108307 104 0 0 80291 1 28016 103
263 0 1000 0 0 1000 0 1000 56 65 56 65 48 55 0 0 0 0 0 0 0 0 56 65 56 65 48 55 0 0 0 0 0 0 0 0 56 65 56 65 48 55 0 0 0 0 0 0 0 0 56 65 56 65 48 55 0 0 0 0 0 0 0 0 56 65 56 65 48 55 0 0 0 0 0 0 0 0 56 65 56 65 48 55 0 0 0 0 0 0 0 0
264 0 1000 0 0 1000 0 1000 56 65 56 65 48 55 0 0 0 0 0 0 0 0 56 65 56 65 48 55 0 0 0 0 0 0 0 0 56 65 56 65 48 55 0 0 0 0 0 0 0 0 56 65 56 65 48 55 0 0 0 0 0 0 0 0 56 65 56 65 48 55 0 0 0 0 0 0 0 0 56 65 56 65 48 55 0 0 0 0 0 0 0 0
265 0 1000 0 0 1000 0 1000 56 65 56 65 48 55 334939 4 334939 4 0 0 0 0 56 65 56 65 48 55 334939 4 334939 4 0 0 0 0 56 65 56 65 48 55 334939 4 334939 4 0 0 0 0 56 65 56 65 48 55 334939 4 334939 4 0 0 0 0 56 65 56 65 48 55 334939 4 334939 4 0 0 0 0 56 65 56 65 48 55 334939 4 334939 4 0 0 0 0
266 0 1000 0 0 1000 0 1000 57 66 57 66 48 55 111571 116 0 0 80291 1 31280 115 57 66 57 66 48 55 111571 116 0 0 80291 1 31280 115 57 66 57 66 48 55 111571 116 0 0 80291 1 31280 115 57 66 57 66 48 55 111571 116 0 0 80291 1 31280 115 57 66 57 66 48 55 111571 116 0 0 80291 1 31280 115 57 66 57 66 48 55 111571 116 0 0 80291 1 31280 115
267 0 1000 0 0 1000 0 1000 57 66 57 66 48 55 0 0 0 0 0 0 0 0 57 66 57 66 48 55 0 0 0 0 0 0 0 0 57 66 57 66 48 55 0 0 0 0 0 0 0 0 57 66 57 66 48 55 0 0 0 0 0 0 0 0 57 66 57 66 48 55 0 0 0 0 0 0 0 0 57 66 57 66 48 55 0 0 0 0 0 0 0 0
268 0 1000 0 0 1000 0 1000 57 66 57 66 48 55 0 0 0 0 0 0 0 0 57 66 57 66 48 55 0 0 0 0 0 0 0 0 57 66 57 66 48 55 0 0 0 0 0 0 0 0 57 66 57 66 48 55 0 0 0 0 0 0 0 0 57 66 57 66 48 55 0 0 0 0 0 0 0 0 57 66 57 66 48 55 0 0 0 0 0 0 0 0
269 0 1000 0 0 1000 0 1000 57 66 57 66 48 55 420595 5 420595 5 0 0 0 0 57 66 57 66 48 55 420595 5 420595 5 0 0 0 0 57 66 57 66 48 55 420595 5 420595 5 0 0 0 0 57 66 57 66 48 55 420595 5 420595 5 0 0 0 0 57 66 57 66 48 55 420595 5 420595 5 0 0 0 0 57 66 57 66 48 55 420595 5 420595 5 0 0 0 0
270 0 1000 0 0 1000 0 1000 58 67 58 67 48 55 110483 112 0 0 80291 1 30192 111 58 67 58 67 48 55 110483 112 0 0 80291 1 30192 111 58 67 58 67 48 55 110483 112 0 0 80291 1 30192 111 58 67 58 67 48 55 110483 112 0 0 80291 1 30192 111 58 67 58 67 48 55 110483 112 0 0 80291 1 30192 111 58 67 58 67 48 55 110483 112 0 0 80291 1 30192 111
271 0 1000 0 0 1000 0 1000 58 67 58 67 49 57 0 0 0 0 0 0 0 0 58 67 58 67 49 57 0 0 0 0 0 0 0 0 58 67 58 67 49 57 0 0 0 0 0 0 0 0 58 67 58 67 49 57 0 0 0 0 0 0 0 0 58 67 58 67 49 57 0 0 0 0 0 0 0 0 58 67 58 67 49 57 0 0 0 0 0 0 0 0
272 0 1000 0 0 1000 0 1000 58 67 58 67 49 57 0 0 0 0 0 0 0 0 58 67 58 67 49 57 0 0 0 0 0 0 0 0 58 67 58 67 49 57 0 0 0 0 0 0 0 0 58 67 58 67 49 57 0 0 0 0 0 0 0 0 58 67 58 67 49 57 0 0 0 0 0 0 0 0 58 67 58 67 49 57 0 0 0 0 0 0 0 0
273 0 1000 0 0 1000 0 1000 58 67 58 67 49 57 335963 4 335963 4 0 0 0 0 58 67 58 67 49 57 335963 4 335963 4 0 0 0 0 58 67 58 67 49 57 335963 4 335963 4 0 0 0 0 58 67 58 67 49 57 335963 4 335963 4 0 0 0 0 58 67 58 67 49 57 335963 4 335963 4 0 0 0 0 58 67 58 67 49 57 335963 4 335963 4 0 0 0 0
274 0 1000 0 0 1000 0 1000 59 68 59 68 49 57 109122 107 0 0 80290 1 28832 106 59 68 59 68 49 57 109122 107 0 0 80290 1 28832 106 59 68 59 68 49 57 109122 107 0 0 80290 1 28832 106 59 68 59 68 49 57 109122 107 0 0 80290 1 28832 106 59 68 59 68 49 57 109122 107 0 0 80290 1 28832 106 59 68 59 68 49 57 109122 107 0 0 80290 1 28832 106
275 0 1000 0 0 1000 0 1000 59 68 59 68 49 57 0 0 0 0 0 0 0 0 59 68 59 68 49 57 0 0 0 0 0 0 0 0 59 68 59 68 49 57 0 0 0 0 0 0 0 0 59 68 59 68 49 57 0 0 0 0 0 0 0 0 59 68 59 68 49 57 0 0 0 0 0 0 0 0 59 68 59 68 49 57 0 0 0 0 0 0 0 0
276 0 1000 0 0 1000 0 1000 59 68 59 68 49 57 0 0 0 0 0 0 0 0 59 68 59 68 49 57 0 0 0 0 0 0 0 0 59 68 59 68 49 57 0 0 0 0 0 0 0 0 59 68 59 68 49 57 0 0 0 0 0 0 0 0 59 68 59 68 49 57 0 0 0 0 0 0 0 0 59 68 59 68 49 57 0 0 0 0 0 0 0 0
277 0 1000 0 0 1000 0 1000 59 68 59 68 49 57 335324 4 335324 4 0 0 0 0 59 68 59 68 49 57 335324 4 335324 4 0 0 0 0 59 68 59 68 49 57 335324 4 335324 4 0 0 0 0 59 68 59 68 49 57 335324 4 335324 4 0 0 0 0 59 68 59 68 49 57 335324 4 335324 4 0 0 0 0 59 68 59 68 49 57 335324 4 335324 4 0 0 0 0
278 0 1000 0 0 1000 0 1000 60 69 60 69 49 57 108579 105 0 0 80291 1 28288 104 60 69 60 69 49 57 108579 105 0 0 80291 1 28288 104 60 69 60 69 49 57 108579 105 0 0 80291 1 28288 104 60 69 60 69 49 57 108579 105 0 0 80291 1 28288 104 60 69 60 69 49 57 108579 105 0 0 80291 1 28288 104 60 69 60 69 49 57 108579 105 0 0 80291 1 28288 104
279 0 1000 0 0 1000 0 1000 60 69 60 69 50 59 0 0 0 0 0 0 0 0 60 69 60 69 50 59 0 0 0 0 0 0 0 0 60 69 60 69 50 59 0 0 0 0 0 0 0 0 60 69 60 69 50 59 0 0 0 0 0 0 0 0 60 69 60 69 50 59 0 0 0 0 0 0 0 0 60 69 60 69 50 59 0 0 0 0 0 0 0 0
280 0 1000 0 0 1000 0 1000 60 69 60 69 50 59 0 0 0 0 0 0 0 0 60 69 60 69 50 59 0 0 0 0 0 0 0 0 60 69 60 69 50 59 0 0 0 0 0 0 0 0 60 69 60 69 50 59 0 0 0 0 0 0 0 0 60 69 60 69 50 59 0 0 0 0 0 0 0 0 60 69 60 69 50 59 0 0 0 0 0 0 0 0
281 0 1000 0 0 1000 0 1000 60 69 60 69 50 59 921437 11 921437 11 0 0 0 0 60 69 60 69 50 59 921437 11 921437 11 0 0 0 0 60 69 60 69 50 59 921437 11 921437 11 0 0 0 0 60 69 60 69 50 59 921437 11 921437 11 0 0 0 0 60 69 60 69 50 59 921437 11 921437 11 0 0 0 0 60 69 60 69 50 59 921437 11 921437 11 0 0 0 0
282 0 1000 0 0 1000 0 1000 61 70 61 70 50 59 101779 80 0 0 80291 1 21488 79 61 70 61 70 50 59 101779 80 0 0 80291 1 21488 79 61 70 61 70 50 59 101779 80 0 0 80291 1 21488 79 61 70 61 70 50 59 101779 80 0 0 80291 1 21488 79 61 70 61 70 50 59 101779 80 0 0 80291 1 21488 79 61 70 61 70 50 59 101779 80 0 0 80291 1 21488 79
283 0 1000 0 0 1000 0 1000 61 70 61 70 51 60 0 0 0 0 0 0 0 0 61 70 61 70 51 60 0 0 0 0 0 0 0 0 61 70 61 70 51 60 0 0 0 0 0 0 0 0 61 70 61 70 51 60 0 0 0 0 0 0 0 0 61 70 61 70 51 60 0 0 0 0 0 0 0 0 61 70 61 70 51 60 0 0 0 0 0 0 0 0
284 0 1000 0 0 1000 0 1000 61 70 61 70 51 60 0 0 0 0 0 0 0 0 61 70 61 70 51 60 0 0 0 0 0 0 0 0 61 70 61 70 51 60 0 0 0 0 0 0 0 0 61 70 61 70 51 60 0 0 0 0 0 0 0 0 61 70 61 70 51 60 0 0 0 0 0 0 0 0 61 70 61 70 51 60 0 0 0 0 0 0 0 0
285 0 1000 0 0 1000 0 1000 61 70 61 70 51 60 248901 3 248901 3 0 0 0 0 61 70 61 70 51 60 248901 3 248901 3 0 0 0 0 61 70 61 70 51 60 248901 3 248901 3 0 0 0 0 61 70 61 70 51 60 248901 3 248901 3 0 0 0 0 61 70 61 70 51 60 248901 3 248901 3 0 0 0 0 61 70 61 70 51 60 248901 3 248901 3 0 0 0 0
286 0 1000 0 0 1000 0 1000 62 71 62 71 51 60 107763 102 0 0 80291 1 27472 101 62 71 62 71 51 60 107763 102 0 0 80291 1 27472 101 62 71 62 71 51 60 107763 102 0 0 80291 1 27472 101 62 71 62 71 51 60 107763 102 0 0 80291 1 27472 101 62 71 62 71 51 60 107763 102 0 0 80291 1 27472 101 62 71 62 71 51 60 107763 102 0 0 80291 1 27472 101
287 0 1000 0 0 1000 0 1000 62 71 62 71 52 61 0 0 0 0 0 0 0 0 62 71 62 71 52 61 0 0 0 0 0 0 0 0 62 71 62 71 52 61 0 0 0 0 0 0 0 0 62 71 62 71 52 61 0 0 0 0 0 0 0 0 62 71 62 71 52 61 0 0 0 0 0 0 0 0 62 71 62 71 52 61 0 0 0 0 0 0 0 0
288 0 1000 0 0 1000 0 1000 62 71 62 71 52 61 0 0 0 0 0 0 0 0 62 71 62 71 52 61 0 0 0 0 0 0 0 0 62 71 62 71 52 61 0 0 0 0 0 0 0 0 62 71 62 71 52 61 0 0 0 0 0 0 0 0 62 71 62 71 52 61 0 0 0 0 0 0 0 0 62 71 62 71 52 61 0 0 0 0 0 0 0 0
289 0 1000 0 0 1000 0 1000 62 71 62 71 52 61 167342 2 167342 2 0 0 0 0 62 71 62 71 52 61 167342 2 167342 2 0 0 0 0 62 71 62 71 52 61 167342 2 167342 2 0 0 0 0 62 71 62 71 52 61 167342 2 167342 2 0 0 0 0 62 71 62 71 52 61 167342 2 167342 2 0 0 0 0 62 71 62 71 52 61 167342 2 167342 2 0 0 0 0
290 0 1000 0 0 1000 0 1000 63 72 63 72 52 61 109123 107 0 0 80291 1 28832 106 63 72 63 72 52 61 109123 107 0 0 80291 1 28832 106 63 72 63 72 52 61 109123 107 0 0 80291 1 28832 106 63 72 63 72 52 61 109123 107 0 0 80291 1 28832 106 63 72 63 72 52 61 109123 107 0 0 80291 1 28832 106 63 72 63 72 52 61 109123 107 0 0 80291 1 28832 106
291 0 1000 0 0 1000 0 1000 63 72 63 72 53 62 0 0 0 0 0 0 0 0 63 72 63 72 53 62 0 0 0 0 0 0 0 0 63 72 63 72 53 62 0 0 0 0 0 0 0 0 63 72 63 72 53 62 0 0 0 0 0 0 0 0 63 72 63 72 53 62 0 0 0 0 0 0 0 0 63 72 63 72 53 62 0 0 0 0 0 0 0 0
292 0 1000 0 0 1000 0 1000 63 72 63 72 53 62 0 0 0 0 0 0 0 0 63 72 63 72 53 62 0 0 0 0 0 0 0 0 63 72 63 72 53 62 0 0 0 0 0 0 0 0 63 72 63 72 53 62 0 0 0 0 0 0 0 0 63 72 63 72 53 62 0 0 0 0 0 0 0 0 63 72 63 72 53 62 0 0 0 0 0 0 0 0
293 0 1000 0 0 1000 0 1000 63 72 63 72 53 62 419154 5 419154 5 0 0 0 0 63 72 63 72 53 62 419154 5 419154 5 0 0 0 0 63 72 63 72 53 62 419154 5 419154 5 0 0 0 0 63 72 63 72 53 62 419154 5 419154 5 0 0 0 0 63 72 63 72 53 62 419154 5 419154 5 0 0 0 0 63 72 63 72 53 62 419154 5 419154 5 0 0 0 0
294 0 1000 0 0 1000 0 1000 64 73 64 73 53 62 103955 88 0 0 80291 1 23664 87 64 73 64 73 53 62 103955 88 0 0 80291 1 23664 87 64 73 64 73 53 62 103955 88 0 0 80291 1 23664 87 64 73 64 73 53 62 103955 88 0 0 80291 1 23664 87 64 73 64 73 53 62 103955 88 0 0 80291 1 23664 87 64 73 64 73 53 62 103955 88 0 0 80291 1 23664 87
295 0 1000 0 0 1000 0 1000 64 73 64 73 54 63 0 0 0 0 0 0 0 0 64 73 64 73 54 63 0 0 0 0 0 0 0 0 64 73 64 73 54 63 0 0 0 0 0 0 0 0 64 73 64 73 54 63 0 0 0 0 0 0 0 0 64 73 64 73 54 63 0 0 0 0 0 0 0 0 64 73 64 73 54 63 0 0 0 0 0 0 0 0
296 0 1000 0 0 1000 0 1000 64 73 64 73 54 63 0 0 0 0 0 0 0 0 64 73 64 73 54 63 0 0 0 0 0 0 0 0 64 73 64 73 54 63 0 0 0 0 0 0 0 0 64 73 64 73 54 63 0 0 0 0 0 0 0 0 64 73 64 73 54 63 0 0 0 0 0 0 0 0 64 73 64 73 54 63 0 0 0 0 0 0 0 0
297 0 1000 0 0 1000 0 1000 64 73 64 73 54 63 332892 4 332892 4 0 0 0 0 64 73 64 73 54 63 332892 4 332892 4 0 0 0 0 64 73 64 73 54 63 332892 4 332892 4 0 0 0 0 64 73 64 73 54 63 332892 4 332892 4 0 0 0 0 64 73 64 73 54 63 332892 4 332892 4 0 0 0 0 64 73 64 73 54 63 332892 4 332892 4 0 0 0 0
298 0 1000 0 0 1000 0 1000 65 74 65 74 54 63 108579 105 0 0 80291 1 28288 104 65 74 65 74 54 63 108579 105 0 0 80291 1 28288 104 65 74 65 74 54 63 108579 105 0 0 80291 1 28288 104 65 74 65 74 54 63 108579 105 0 0 80291 1 28288 104 65 74 65 74 54 63 108579 105 0 0 80291 1 28288 104 65 74 65 74 54 63 108579 105 0 0 80291 1 28288 104
299 0 1000 0 0 1000 0 1000 65 74 65 74 55 64 0 0 0 0 0 0 0 0 65 74 65 74 55 64 0 0 0 0 0 0 0 0 65 74 65 74 55 64 0 0 0 0 0 0 0 0 65 74 65 74 55 64 0 0 0 0 0 0 0 0 65 74 65 74 55 64 0 0 0 0 0 0 0 0 65 74 65 74 55 64 0 0 0 0 0 0 0 0
300 0 1000 0 0 1000 0 1000 65 74 65 74 55 64 0 0 0 0 0 0 0 0 65 74 65 74 55 64 0 0 0 0 0 0 0 0 65 74 65 74 55 64 0 0 0 0 0 0 0 0 65 74 65 74 55 64 0 0 0 0 0 0 0 0 65 74 65 74 55 64 0 0 0 0 0 0 0 0 65 74 65 74 55 64 0 0 0 0 0 0 0 0
301 0 1000 0 0 1000 0 1000 65 74 65 74 55 64 586368 7 586368 7 0 0 0 0 65 74 65 74 55 64 586368 7 586368 7 0 0 0 0 65 74 65 74 55 64 586368 7 586368 7 0 0 0 0 65 74 65 74 55 64 586368 7 586368 7 0 0 0 0 65 74 65 74 55 64 586368 7 586368 7 0 0 0 0 65 74 65 74 55 64 586368 7 586368 7 0 0 0 0
302 0 1000 0 0 1000 0 1000 66 75 66 75 55 64 104227 89 0 0 80291 1 23936 88 66 75 66 75 55 64 104227 89 0 0 80291 1 23936 88 66 75 66 75 55 64 104227 89 0 0 80291 1 23936 88 66 75 66 75 55 64 104227 89 0 0 80291 1 23936 88 66 75 66 75 55 64 104227 89 0 0 80291 1 23936 88 66 75 66 75 55 64 104227 89 0 0 80291 1 23936 88
303 0 1000 0 0 1000 0 1000 66 75 66 75 56 65 0 0 0 0 0 0 0 0 66 75 66 75 56 65 0 0 0 0 0 0 0 0 66 75 66 75 56 65 0 0 0 0 0 0 0 0 66 75 66 75 56 65 0 0 0 0 0 0 0 0 66 75 66 75 56 65 0 0 0 0 0 0 0 0 66 75 66 75 56 65 0 0 0 0 0 0 0 0
