r n_asleep n_awake n_honest_asleep n_honest_dreamy n_honest_awake n_adversary n_all party0_ledger_best_length party0_ledger_best_age party0_ledger_fast_length party0_ledger_fast_age party0_ledger_slow_length party0_ledger_slow_age party0_comms_all_size party0_comms_all_count party0_comms_proposal_size party0_comms_proposal_count party0_comms_piece_block_size party0_comms_piece_block_count party0_comms_piece_vote_size party0_comms_piece_vote_count party1_ledger_best_length party1_ledger_best_age party1_ledger_fast_length party1_ledger_fast_age party1_ledger_slow_length party1_ledger_slow_age party1_comms_all_size party1_comms_all_count party1_comms_proposal_size party1_comms_proposal_count party1_comms_piece_block_size party1_comms_piece_block_count party1_comms_piece_vote_size party1_comms_piece_vote_count party2_ledger_best_length party2_ledger_best_age party2_ledger_fast_length party2_ledger_fast_age party2_ledger_slow_length party2_ledger_slow_age party2_comms_all_size party2_comms_all_count party2_comms_proposal_size party2_comms_proposal_count party2_comms_piece_block_size party2_comms_piece_block_count party2_comms_piece_vote_size party2_comms_piece_vote_count party3_ledger_best_length party3_ledger_best_age party3_ledger_fast_length party3_ledger_fast_age party3_ledger_slow_length party3_ledger_slow_age party3_comms_all_size party3_comms_all_count party3_comms_proposal_size party3_comms_proposal_count party3_comms_piece_block_size party3_comms_piece_block_count party3_comms_piece_vote_size party3_comms_piece_vote_count party4_ledger_best_length party4_ledger_best_age party4_ledger_fast_length party4_ledger_fast_age party4_ledger_slow_length party4_ledger_slow_age party4_comms_all_size party4_comms_all_count party4_comms_proposal_size party4_comms_proposal_count party4_comms_piece_block_size party4_comms_piece_block_count party4_comms_piece_vote_size party4_comms_piece_vote_count partyALWAYSAWAKE_ledger_best_length partyALWAYSAWAKE_ledger_best_age partyALWAYSAWAKE_ledger_fast_length partyALWAYSAWAKE_ledger_fast_age partyALWAYSAWAKE_ledger_slow_length partyALWAYSAWAKE_ledger_slow_age partyALWAYSAWAKE_comms_all_size partyALWAYSAWAKE_comms_all_count partyALWAYSAWAKE_comms_proposal_size partyALWAYSAWAKE_comms_proposal_count partyALWAYSAWAKE_comms_piece_block_size partyALWAYSAWAKE_comms_piece_block_count partyALWAYSAWAKE_comms_piece_vote_size partyALWAYSAWAKE_comms_piece_vote_count
4 0 1000 0 0 1000 0 1000 0 0 0 0 0 0 0 0 0 0 0 0 0 0 0 0 0 0 0 0 0 0 0 0 0 0 0 0 0 0 0 0 0 0 0 0 0 0 0 0 0 0 0 0 0 0 0 0 0 0 0 0 0 0 0 0 0 0 0 0 0 0 0 0 0 0 0 0 0 0 0 0 0 0 0 0 0 0 0 0 0 0 0 0
5 0 1000 0 0 1000 0 1000 0 0 0 0 0 0 876 2 876 2 0 0 0 0 0 0 0 0 0 0 876 2 876 2 0 0 0 0 0 0 0 0 0 0 876 2 876 2 0 0 0 0 0 0 0 0 0 0 876 2 876 2 0 0 0 0 0 0 0 0 0 0 876 2 876 2 0 0 0 0 0 0 0 0 0 0 876 2 876 2 0 0 0 0
6 0 1000 0 0 1000 0 1000 1 1 1 1 0 0 31026 114 0 0 290 1 30736 113 1 1 1 1 0 0 31026 114 0 0 290 1 30736 113 1 1 1 1 0 0 31026 114 0 0 290 1 30736 113 1 1 1 1 0 0 31026 114 0 0 290 1 30736 113 1 1 1 1 0 0 31026 114 0 0 290 1 30736 113 1 1 1 1 0 0 31026 114 0 0 290 1 30736 113
7 0 1000 0 0 1000 0 1000 1 1 1 1 0 0 0 0 0 0 0 0 0 0 1 1 1 1 0 0 0 0 0 0 0 0 0 0 1 1 1 1 0 0 0 0 0 0 0 0 0 0 1 1 1 1 0 0 0 0 0 0 0 0 0 0 1 1 1 1 0 0 0 0 0 0 0 0 0 0 1 1 1 1 0 0 0 0 0 0 0 0 0 0
8 0 1000 0 0 1000 0 1000 1 1 1 1 0 0 0 0 0 0 0 0 0 0 1 1 1 1 0 0 0 0 0 0 0 0 0 0 1 1 1 1 0 0 0 0 0 0 0 0 0 0 1 1 1 1 0 0 0 0 0 0 0 0 0 0 1 1 1 1 0 0 0 0 0 0 0 0 0 0 1 1 1 1 0 0 0 0 0 0 0 0 0 0
9 0 1000 0 0 1000 0 1000 1 1 1 1 0 0 8108 2 8108 2 0 0 0 0 1 1 1 1 0 0 8108 2 8108 2 0 0 0 0 1 1 1 1 0 0 8108 2 8108 2 0 0 0 0 1 1 1 1 0 0 8108 2 8108 2 0 0 0 0 1 1 1 1 0 0 8108 2 8108 2 0 0 0 0 1 1 1 1 0 0 8108 2 8108 2 0 0 0 0
10 0 1000 0 0 1000 0 1000 2 2 2 2 0 0 26946 99 0 0 290 1 26656 98 2 2 2 2 0 0 26946 99 0 0 290 1 26656 98 2 2 2 2 0 0 26946 99 0 0 290 1 26656 98 2 2 2 2 0 0 26946 99 0 0 290 1 26656 98 2 2 2 2 0 0 26946 99 0 0 290 1 26656 98 2 2 2 2 0 0 26946 99 0 0 290 1 26656 98
11 0 1000 0 0 1000 0 1000 2 2 2 2 0 0 0 0 0 0 0 0 0 0 2 2 2 2 0 0 0 0 0 0 0 0 0 0 2 2 2 2 0 0 0 0 0 0 0 0 0 0 2 2 2 2 0 0 0 0 0 0 0 0 0 0 2 2 2 2 0 0 0 0 0 0 0 0 0 0 2 2 2 2 0 0 0 0 0 0 0 0 0 0
12 0 1000 0 0 1000 0 1000 2 2 2 2 0 0 0 0 0 0 0 0 0 0 2 2 2 2 0 0 0 0 0 0 0 0 0 0 2 2 2 2 0 0 0 0 0 0 0 0 0 0 2 2 2 2 0 0 0 0 0 0 0 0 0 0 2 2 2 2 0 0 0 0 0 0 0 0 0 0 2 2 2 2 0 0 0 0 0 0 0 0 0 0
13 0 1000 0 0 1000 0 1000 2 2 2 2 0 0 3574 1 3574 1 0 0 0 0 2 2 2 2 0 0 3574 1 3574 1 0 0 0 0 2 2 2 2 0 0 3574 1 3574 1 0 0 0 0 2 2 2 2 0 0 3574 1 3574 1 0 0 0 0 2 2 2 2 0 0 3574 1 3574 1 0 0 0 0 2 2 2 2 0 0 3574 1 3574 1 0 0 0 0
14 0 1000 0 0 1000 0 1000 3 3 3 3 0 0 31842 117 0 0 290 1 31552 116 3 3 3 3 0 0 31842 117 0 0 290 1 31552 116 3 3 3 3 0 0 31842 117 0 0 290 1 31552 116 3 3 3 3 0 0 31842 117 0 0 290 1 31552 116 3 3 3 3 0 0 31842 117 0 0 290 1 31552 116 3 3 3 3 0 0 31842 117 0 0 290 1 31552 116
15 0 1000 0 0 1000 0 1000 3 3 3 3 0 0 0 0 0 0 0 0 0 0 3 3 3 3 0 0 0 0 0 0 0 0 0 0 3 3 3 3 0 0 0 0 0 0 0 0 0 0 3 3 3 3 0 0 0 0 0 0 0 0 0 0 3 3 3 3 0 0 0 0 0 0 0 0 0 0 3 3 3 3 0 0 0 0 0 0 0 0 0 0
16 0 1000 0 0 1000 0 1000 3 3 3 3 0 0 0 0 0 0 0 0 0 0 3 3 3 3 0 0 0 0 0 0 0 0 0 0 3 3 3 3 0 0 0 0 0 0 0 0 0 0 3 3 3 3 0 0 0 0 0 0 0 0 0 0 3 3 3 3 0 0 0 0 0 0 0 0 0 0 3 3 3 3 0 0 0 0 0 0 0 0 0 0
17 0 1000 0 0 1000 0 1000 3 3 3 3 0 0 0 0 0 0 0 0 0 0 3 3 3 3 0 0 0 0 0 0 0 0 0 0 3 3 3 3 0 0 0 0 0 0 0 0 0 0 3 3 3 3 0 0 0 0 0 0 0 0 0 0 3 3 3 3 0 0 0 0 0 0 0 0 0 0 3 3 3 3 0 0 0 0 0 0 0 0 0 0
18 0 1000 0 0 1000 0 1000 3 3 3 3 0 0 27200 100 0 0 0 0 27200 100 3 3 3 3 0 0 27200 100 0 0 0 0 27200 100 3 3 3 3 0 0 27200 100 0 0 0 0 27200 100 3 3 3 3 0 0 27200 100 0 0 0 0 27200 100 3 3 3 3 0 0 27200 100 0 0 0 0 27200 100 3 3 3 3 0 0 27200 100 0 0 0 0 27200 100
19 0 1000 0 0 1000 0 1000 3 3 3 3 0 0 0 0 0 0 0 0 0 0 3 3 3 3 0 0 0 0 0 0 0 0 0 0 3 3 3 3 0 0 0 0 0 0 0 0 0 0 3 3 3 3 0 0 0 0 0 0 0 0 0 0 3 3 3 3 0 0 0 0 0 0 0 0 0 0 3 3 3 3 0 0 0 0 0 0 0 0 0 0
20 0 1000 0 0 1000 0 1000 3 3 3 3 0 0 0 0 0 0 0 0 0 0 3 3 3 3 0 0 0 0 0 0 0 0 0 0 3 3 3 3 0 0 0 0 0 0 0 0 0 0 3 3 3 3 0 0 0 0 0 0 0 0 0 0 3 3 3 3 0 0 0 0 0 0 0 0 0 0 3 3 3 3 0 0 0 0 0 0 0 0 0 0
21 0 1000 0 0 1000 0 1000 3 3 3 3 0 0 0 0 0 0 0 0 0 0 3 3 3 3 0 0 0 0 0 0 0 0 0 0 3 3 3 3 0 0 0 0 0 0 0 0 0 0 3 3 3 3 0 0 0 0 0 0 0 0 0 0 3 3 3 3 0 0 0 0 0 0 0 0 0 0 3 3 3 3 0 0 0 0 0 0 0 0 0 0
22 0 1000 0 0 1000 0 1000 3 3 3 3 0 0 24752 91 0 0 0 0 24752 91 3 3 3 3 0 0 24752 91 0 0 0 0 24752 91 3 3 3 3 0 0 24752 91 0 0 0 0 24752 91 3 3 3 3 0 0 24752 91 0 0 0 0 24752 91 3 3 3 3 0 0 24752 91 0 0 0 0 24752 91 3 3 3 3 0 0 24752 91 0 0 0 0 24752 91
23 0 1000 0 0 1000 0 1000 3 3 3 3 0 0 0 0 0 0 0 0 0 0 3 3 3 3 0 0 0 0 0 0 0 0 0 0 3 3 3 3 0 0 0 0 0 0 0 0 0 0 3 3 3 3 0 0 0 0 0 0 0 0 0 0 3 3 3 3 0 0 0 0 0 0 0 0 0 0 3 3 3 3 0 0 0 0 0 0 0 0 0 0
24 0 1000 0 0 1000 0 1000 3 3 3 3 0 0 0 0 0 0 0 0 0 0 3 3 3 3 0 0 0 0 0 0 0 0 0 0 3 3 3 3 0 0 0 0 0 0 0 0 0 0 3 3 3 3 0 0 0 0 0 0 0 0 0 0 3 3 3 3 0 0 0 0 0 0 0 0 0 0 3 3 3 3 0 0 0 0 0 0 0 0 0 0
25 0 1000 0 0 1000 0 1000 3 3 3 3 0 0 0 0 0 0 0 0 0 0 3 3 3 3 0 0 0 0 0 0 0 0 0 0 3 3 3 3 0 0 0 0 0 0 0 0 0 0 3 3 3 3 0 0 0 0 0 0 0 0 0 0 3 3 3 3 0 0 0 0 0 0 0 0 0 0 3 3 3 3 0 0 0 0 0 0 0 0 0 0
26 0 1000 0 0 1000 0 1000 3 3 3 3 0 0 27744 102 0 0 0 0 27744 102 3 3 3 3 0 0 27744 102 0 0 0 0 27744 102 3 3 3 3 0 0 27744 102 0 0 0 0 27744 102 3 3 3 3 0 0 27744 102 0 0 0 0 27744 102 3 3 3 3 0 0 27744 102 0 0 0 0 27744 102 3 3 3 3 0 0 27744 102 0 0 0 0 27744 102
27 0 1000 0 0 1000 0 1000 3 3 3 3 0 0 0 0 0 0 0 0 0 0 3 3 3 3 0 0 0 0 0 0 0 0 0 0 3 3 3 3 0 0 0 0 0 0 0 0 0 0 3 3 3 3 0 0 0 0 0 0 0 0 0 0 3 3 3 3 0 0 0 0 0 0 0 0 0 0 3 3 3 3 0 0 0 0 0 0 0 0 0 0
28 0 1000 0 0 1000 0 1000 3 3 3 3 0 0 0 0 0 0 0 0 0 0 3 3 3 3 0 0 0 0 0 0 0 0 0 0 3 3 3 3 0 0 0 0 0 0 0 0 0 0 3 3 3 3 0 0 0 0 0 0 0 0 0 0 3 3 3 3 0 0 0 0 0 0 0 0 0 0 3 3 3 3 0 0 0 0 0 0 0 0 0 0
29 0 1000 0 0 1000 0 1000 3 3 3 3 0 0 0 0 0 0 0 0 0 0 3 3 3 3 0 0 0 0 0 0 0 0 0 0 3 3 3 3 0 0 0 0 0 0 0 0 0 0 3 3 3 3 0 0 0 0 0 0 0 0 0 0 3 3 3 3 0 0 0 0 0 0 0 0 0 0 3 3 3 3 0 0 0 0 0 0 0 0 0 0
30 0 1000 0 0 1000 0 1000 3 3 3 3 0 0 26384 97 0 0 0 0 26384 97 3 3 3 3 0 0 26384 97 0 0 0 0 26384 97 3 3 3 3 0 0 26384 97 0 0 0 0 26384 97 3 3 3 3 0 0 26384 97 0 0 0 0 26384 97 3 3 3 3 0 0 26384 97 0 0 0 0 26384 97 3 3 3 3 0 0 26384 97 0 0 0 0 26384 97
31 0 1000 0 0 1000 0 1000 3 3 3 3 0 0 0 0 0 0 0 0 0 0 3 3 3 3 0 0 0 0 0 0 0 0 0 0 3 3 3 3 0 0 0 0 0 0 0 0 0 0 3 3 3 3 0 0 0 0 0 0 0 0 0 0 3 3 3 3 0 0 0 0 0 0 0 0 0 0 3 3 3 3 0 0 0 0 0 0 0 0 0 0
32 0 1000 0 0 1000 0 1000 3 3 3 3 0 0 0 0 0 0 0 0 0 0 3 3 3 3 0 0 0 0 0 0 0 0 0 0 3 3 3 3 0 0 0 0 0 0 0 0 0 0 3 3 3 3 0 0 0 0 0 0 0 0 0 0 3 3 3 3 0 0 0 0 0 0 0 0 0 0 3 3 3 3 0 0 0 0 0 0 0 0 0 0
33 0 1000 0 0 1000 0 1000 3 3 3 3 0 0 0 0 0 0 0 0 0 0 3 3 3 3 0 0 0 0 0 0 0 0 0 0 3 3 3 3 0 0 0 0 0 0 0 0 0 0 3 3 3 3 0 0 0 0 0 0 0 0 0 0 3 3 3 3 0 0 0 0 0 0 0 0 0 0 3 3 3 3 0 0 0 0 0 0 0 0 0 0
34 0 1000 0 0 1000 0 1000 3 3 3 3 0 0 35360 130 0 0 0 0 35360 130 3 3 3 3 0 0 35360 130 0 0 0 0 35360 130 3 3 3 3 0 0 35360 130 0 0 0 0 35360 130 3 3 3 3 0 0 35360 130 0 0 0 0 35360 130 3 3 3 3 0 0 35360 130 0 0 0 0 35360 130 3 3 3 3 0 0 35360 130 0 0 0 0 35360 130
35 0 1000 0 0 1000 0 1000 3 3 3 3 0 0 0 0 0 0 0 0 0 0 3 3 3 3 0 0 0 0 0 0 0 0 0 0 3 3 3 3 0 0 0 0 0 0 0 0 0 0 3 3 3 3 0 0 0 0 0 0 0 0 0 0 3 3 3 3 0 0 0 0 0 0 0 0 0 0 3 3 3 3 0 0 0 0 0 0 0 0 0 0
36 0 1000 0 0 1000 0 1000 3 3 3 3 0 0 0 0 0 0 0 0 0 0 3 3 3 3 0 0 0 0 0 0 0 0 0 0 3 3 3 3 0 0 0 0 0 0 0 0 0 0 3 3 3 3 0 0 0 0 0 0 0 0 0 0 3 3 3 3 0 0 0 0 0 0 0 0 0 0 3 3 3 3 0 0 0 0 0 0 0 0 0 0
37 0 1000 0 0 1000 0 1000 3 3 3 3 0 0 9196 2 9196 2 0 0 0 0 3 3 3 3 0 0 9196 2 9196 2 0 0 0 0 3 3 3 3 0 0 9196 2 9196 2 0 0 0 0 3 3 3 3 0 0 9196 2 9196 2 0 0 0 0 3 3 3 3 0 0 9196 2 9196 2 0 0 0 0 3 3 3 3 0 0 9196 2 9196 2 0 0 0 0
38 0 1000 0 0 1000 0 1000 4 9 4 9 0 0 30482 112 0 0 290 1 30192 111 4 9 4 9 0 0 30482 112 0 0 290 1 30192 111 4 9 4 9 0 0 30482 112 0 0 290 1 30192 111 4 9 4 9 0 0 30482 112 0 0 290 1 30192 111 4 9 4 9 0 0 30482 112 0 0 290 1 30192 111 4 9 4 9 0 0 30482 112 0 0 290 1 30192 111
39 0 1000 0 0 1000 0 1000 4 9 4 9 0 0 0 0 0 0 0 0 0 0 4 9 4 9 0 0 0 0 0 0 0 0 0 0 4 9 4 9 0 0 0 0 0 0 0 0 0 0 4 9 4 9 0 0 0 0 0 0 0 0 0 0 4 9 4 9 0 0 0 0 0 0 0 0 0 0 4 9 4 9 0 0 0 0 0 0 0 0 0 0
40 0 1000 0 0 1000 0 1000 4 9 4 9 0 0 0 0 0 0 0 0 0 0 4 9 4 9 0 0 0 0 0 0 0 0 0 0 4 9 4 9 0 0 0 0 0 0 0 0 0 0 4 9 4 9 0 0 0 0 0 0 0 0 0 0 4 9 4 9 0 0 0 0 0 0 0 0 0 0 4 9 4 9 0 0 0 0 0 0 0 0 0 0
41 0 1000 0 0 1000 0 1000 4 9 4 9 0 0 0 0 0 0 0 0 0 0 4 9 4 9 0 0 0 0 0 0 0 0 0 0 4 9 4 9 0 0 0 0 0 0 0 0 0 0 4 9 4 9 0 0 0 0 0 0 0 0 0 0 4 9 4 9 0 0 0 0 0 0 0 0 0 0 4 9 4 9 0 0 0 0 0 0 0 0 0 0
42 0 1000 0 0 1000 0 1000 4 9 4 9 0 0 28288 104 0 0 0 0 28288 104 4 9 4 9 0 0 28288 104 0 0 0 0 28288 104 4 9 4 9 0 0 28288 104 0 0 0 0 28288 104 4 9 4 9 0 0 28288 104 0 0 0 0 28288 104 4 9 4 9 0 0 28288 104 0 0 0 0 28288 104 4 9 4 9 0 0 28288 104 0 0 0 0 28288 104
43 0 1000 0 0 1000 0 1000 4 9 4 9 0 0 0 0 0 0 0 0 0 0 4 9 4 9 0 0 0 0 0 0 0 0 0 0 4 9 4 9 0 0 0 0 0 0 0 0 0 0 4 9 4 9 0 0 0 0 0 0 0 0 0 0 4 9 4 9 0 0 0 0 0 0 0 0 0 0 4 9 4 9 0 0 0 0 0 0 0 0 0 0
44 0 1000 0 0 1000 0 1000 4 9 4 9 0 0 0 0 0 0 0 0 0 0 4 9 4 9 0 0 0 0 0 0 0 0 0 0 4 9 4 9 0 0 0 0 0 0 0 0 0 0 4 9 4 9 0 0 0 0 0 0 0 0 0 0 4 9 4 9 0 0 0 0 0 0 0 0 0 0 4 9 4 9 0 0 0 0 0 0 0 0 0 0
45 0 1000 0 0 1000 0 1000 4 9 4 9 0 0 0 0 0 0 0 0 0 0 4 9 4 9 0 0 0 0 0 0 0 0 0 0 4 9 4 9 0 0 0 0 0 0 0 0 0 0 4 9 4 9 0 0 0 0 0 0 0 0 0 0 4 9 4 9 0 0 0 0 0 0 0 0 0 0 4 9 4 9 0 0 0 0 0 0 0 0 0 0
46 0 1000 0 0 1000 0 1000 4 9 4 9 0 0 27200 100 0 0 0 0 27200 100 4 9 4 9 0 0 27200 100 0 0 0 0 27200 100 4 9 4 9 0 0 27200 100 0 0 0 0 27200 100 4 9 4 9 0 0 27200 100 0 0 0 0 27200 100 4 9 4 9 0 0 27200 100 0 0 0 0 27200 100 4 9 4 9 0 0 27200 100 0 0 0 0 27200 100
47 0 1000 0 0 1000 0 1000 4 9 4 9 1 1 0 0 0 0 0 0 0 0 4 9 4 9 1 1 0 0 0 0 0 0 0 0 4 9 4 9 1 1 0 0 0 0 0 0 0 0 4 9 4 9 1 1 0 0 0 0 0 0 0 0 4 9 4 9 1 1 0 0 0 0 0 0 0 0 4 9 4 9 1 1 0 0 0 0 0 0 0 0
48 0 1000 0 0 1000 0 1000 4 9 4 9 1 1 0 0 0 0 0 0 0 0 4 9 4 9 1 1 0 0 0 0 0 0 0 0 4 9 4 9 1 1 0 0 0 0 0 0 0 0 4 9 4 9 1 1 0 0 0 0 0 0 0 0 4 9 4 9 1 1 0 0 0 0 0 0 0 0 4 9 4 9 1 1 0 0 0 0 0 0 0 0
49 0 1000 0 0 1000 0 1000 4 9 4 9 1 1 3639 1 3639 1 0 0 0 0 4 9 4 9 1 1 3639 1 3639 1 0 0 0 0 4 9 4 9 1 1 3639 1 3639 1 0 0 0 0 4 9 4 9 1 1 3639 1 3639 1 0 0 0 0 4 9 4 9 1 1 3639 1 3639 1 0 0 0 0 4 9 4 9 1 1 3639 1 3639 1 0 0 0 0
50 0 1000 0 0 1000 0 1000 5 12 5 12 1 1 28307 104 0 0 291 1 28016 103 5 12 5 12 1 1 28307 104 0 0 291 1 28016 103 5 12 5 12 1 1 28307 104 0 0 291 1 28016 103 5 12 5 12 1 1 28307 104 0 0 291 1 28016 103 5 12 5 12 1 1 28307 104 0 0 291 1 28016 103 5 12 5 12 1 1 28307 104 0 0 291 1 28016 103
51 0 1000 0 0 1000 0 1000 5 12 5 12 2 2 0 0 0 0 0 0 0 0 5 12 5 12 2 2 0 0 0 0 0 0 0 0 5 12 5 12 2 2 0 0 0 0 0 0 0 0 5 12 5 12 2 2 0 0 0 0 0 0 0 0 5 12 5 12 2 2 0 0 0 0 0 0 0 0 5 12 5 12 2 2 0 0 0 0 0 0 0 0
52 0 1000 0 0 1000 0 1000 5 12 5 12 2 2 0 0 0 0 0 0 0 0 5 12 5 12 2 2 0 0 0 0 0 0 0 0 5 12 5 12 2 2 0 0 0 0 0 0 0 0 5 12 5 12 2 2 0 0 0 0 0 0 0 0 5 12 5 12 2 2 0 0 0 0 0 0 0 0 5 12 5 12 2 2 0 0 0 0 0 0 0 0
53 0 1000 0 0 1000 0 1000 5 12 5 12 2 2 7469 2 7469 2 0 0 0 0 5 12 5 12 2 2 7469 2 7469 2 0 0 0 0 5 12 5 12 2 2 7469 2 7469 2 0 0 0 0 5 12 5 12 2 2 7469 2 7469 2 0 0 0 0 5 12 5 12 2 2 7469 2 7469 2 0 0 0 0 5 12 5 12 2 2 7469 2 7469 2 0 0 0 0
54 0 1000 0 0 1000 0 1000 6 13 6 13 2 2 28578 105 0 0 290 1 28288 104 6 13 6 13 2 2 28578 105 0 0 290 1 28288 104 6 13 6 13 2 2 28578 105 0 0 290 1 28288 104 6 13 6 13 2 2 28578 105 0 0 290 1 28288 104 6 13 6 13 2 2 28578 105 0 0 290 1 28288 104 6 13 6 13 2 2 28578 105 0 0 290 1 28288 104
55 0 1000 0 0 1000 0 1000 6 13 6 13 3 3 0 0 0 0 0 0 0 0 6 13 6 13 3 3 0 0 0 0 0 0 0 0 6 13 6 13 3 3 0 0 0 0 0 0 0 0 6 13 6 13 3 3 0 0 0 0 0 0 0 0 6 13 6 13 3 3 0 0 0 0 0 0 0 0 6 13 6 13 3 3 0 0 0 0 0 0 0 0
56 0 1000 0 0 1000 0 1000 6 13 6 13 3 3 0 0 0 0 0 0 0 0 6 13 6 13 3 3 0 0 0 0 0 0 0 0 6 13 6 13 3 3 0 0 0 0 0 0 0 0 6 13 6 13 3 3 0 0 0 0 0 0 0 0 6 13 6 13 3 3 0 0 0 0 0 0 0 0 6 13 6 13 3 3 0 0 0 0 0 0 0 0
57 0 1000 0 0 1000 0 1000 6 13 6 13 3 3 3767 1 3767 1 0 0 0 0 6 13 6 13 3 3 3767 1 3767 1 0 0 0 0 6 13 6 13 3 3 3767 1 3767 1 0 0 0 0 6 13 6 13 3 3 3767 1 3767 1 0 0 0 0 6 13 6 13 3 3 3767 1 3767 1 0 0 0 0 6 13 6 13 3 3 3767 1 3767 1 0 0 0 0
58 0 1000 0 0 1000 0 1000 7 14 7 14 3 3 23411 86 0 0 291 1 23120 85 7 14 7 14 3 3 23411 86 0 0 291 1 23120 85 7 14 7 14 3 3 23411 86 0 0 291 1 23120 85 7 14 7 14 3 3 23411 86 0 0 291 1 23120 85 7 14 7 14 3 3 23411 86 0 0 291 1 23120 85 7 14 7 14 3 3 23411 86 0 0 291 1 23120 85
59 0 1000 0 0 1000 0 1000 7 14 7 14 3 3 0 0 0 0 0 0 0 0 7 14 7 14 3 3 0 0 0 0 0 0 0 0 7 14 7 14 3 3 0 0 0 0 0 0 0 0 7 14 7 14 3 3 0 0 0 0 0 0 0 0 7 14 7 14 3 3 0 0 0 0 0 0 0 0 7 14 7 14 3 3 0 0 0 0 0 0 0 0
60 0 1000 0 0 1000 0 1000 7 14 7 14 3 3 0 0 0 0 0 0 0 0 7 14 7 14 3 3 0 0 0 0 0 0 0 0 7 14 7 14 3 3 0 0 0 0 0 0 0 0 7 14 7 14 3 3 0 0 0 0 0 0 0 0 7 14 7 14 3 3 0 0 0 0 0 0 0 0 7 14 7 14 3 3 0 0 0 0 0 0 0 0
61 0 1000 0 0 1000 0 1000 7 14 7 14 3 3 3159 1 3159 1 0 0 0 0 7 14 7 14 3 3 3159 1 3159 1 0 0 0 0 7 14 7 14 3 3 3159 1 3159 1 0 0 0 0 7 14 7 14 3 3 3159 1 3159 1 0 0 0 0 7 14 7 14 3 3 3159 1 3159 1 0 0 0 0 7 14 7 14 3 3 3159 1 3159 1 0 0 0 0
62 0 1000 0 0 1000 0 1000 8 15 8 15 3 3 27763 102 0 0 291 1 27472 101 8 15 8 15 3 3 27763 102 0 0 291 1 27472 101 8 15 8 15 3 3 27763 102 0 0 291 1 27472 101 8 15 8 15 3 3 27763 102 0 0 291 1 27472 101 8 15 8 15 3 3 27763 102 0 0 291 1 27472 101 8 15 8 15 3 3 27763 102 0 0 291 1 27472 101
63 0 1000 0 0 1000 0 1000 8 15 8 15 3 3 0 0 0 0 0 0 0 0 8 15 8 15 3 3 0 0 0 0 0 0 0 0 8 15 8 15 3 3 0 0 0 0 0 0 0 0 8 15 8 15 3 3 0 0 0 0 0 0 0 0 8 15 8 15 3 3 0 0 0 0 0 0 0 0 8 15 8 15 3 3 0 0 0 0 0 0 0 0
64 0 1000 0 0 1000 0 1000 8 15 8 15 3 3 0 0 0 0 0 0 0 0 8 15 8 15 3 3 0 0 0 0 0 0 0 0 8 15 8 15 3 3 0 0 0 0 0 0 0 0 8 15 8 15 3 3 0 0 0 0 0 0 0 0 8 15 8 15 3 3 0 0 0 0 0 0 0 0 8 15 8 15 3 3 0 0 0 0 0 0 0 0
65 900 100 900 0 100 0 1000 8 15 8 15 3 3 7341 2 7341 2 0 0 0 0 8 15 8 15 3 3 7341 2 7341 2 0 0 0 0 8 15 8 15 3 3 7341 2 7341 2 0 0 0 0 8 15 8 15 3 3 7341 2 7341 2 0 0 0 0 8 15 8 15 3 3 7341 2 7341 2 0 0 0 0 8 15 8 15 3 3 7341 2 7341 2 0 0 0 0
66 900 100 900 0 100 0 1000 8 15 8 15 3 3 3282 12 0 0 290 1 2992 11 8 15 8 15 3 3 3282 12 0 0 290 1 2992 11 8 15 8 15 3 3 3282 12 0 0 290 1 2992 11 8 15 8 15 3 3 3282 12 0 0 290 1 2992 11 8 15 8 15 3 3 3282 12 0 0 290 1 2992 11 8 15 8 15 3 3 3282 12 0 0 290 1 2992 11
67 900 100 900 0 100 0 1000 8 15 8 15 3 3 0 0 0 0 0 0 0 0 8 15 8 15 3 3 0 0 0 0 0 0 0 0 8 15 8 15 3 3 0 0 0 0 0 0 0 0 8 15 8 15 3 3 0 0 0 0 0 0 0 0 8 15 8 15 3 3 0 0 0 0 0 0 0 0 8 15 8 15 3 3 0 0 0 0 0 0 0 0
68 900 100 900 0 100 0 1000 8 15 8 15 3 3 0 0 0 0 0 0 0 0 8 15 8 15 3 3 0 0 0 0 0 0 0 0 8 15 8 15 3 3 0 0 0 0 0 0 0 0 8 15 8 15 3 3 0 0 0 0 0 0 0 0 8 15 8 15 3 3 0 0 0 0 0 0 0 0 8 15 8 15 3 3 0 0 0 0 0 0 0 0
69 900 100 900 0 100 0 1000 8 15 8 15 3 3 0 0 0 0 0 0 0 0 8 15 8 15 3 3 0 0 0 0 0 0 0 0 8 15 8 15 3 3 0 0 0 0 0 0 0 0 8 15 8 15 3 3 0 0 0 0 0 0 0 0 8 15 8 15 3 3 0 0 0 0 0 0 0 0 8 15 8 15 3 3 0 0 0 0 0 0 0 0
70 900 100 900 0 100 0 1000 8 15 8 15 3 3 2720 10 0 0 0 0 2720 10 8 15 8 15 3 3 2720 10 0 0 0 0 2720 10 8 15 8 15 3 3 2720 10 0 0 0 0 2720 10 8 15 8 15 3 3 2720 10 0 0 0 0 2720 10 8 15 8 15 3 3 2720 10 0 0 0 0 2720 10 8 15 8 15 3 3 2720 10 0 0 0 0 2720 10
71 900 100 900 0 100 0 1000 8 15 8 15 3 3 0 0 0 0 0 0 0 0 8 15 8 15 3 3 0 0 0 0 0 0 0 0 8 15 8 15 3 3 0 0 0 0 0 0 0 0 8 15 8 15 3 3 0 0 0 0 0 0 0 0 8 15 8 15 3 3 0 0 0 0 0 0 0 0 8 15 8 15 3 3 0 0 0 0 0 0 0 0
72 900 100 900 0 100 0 1000 8 15 8 15 3 3 0 0 0 0 0 0 0 0 8 15 8 15 3 3 0 0 0 0 0 0 0 0 8 15 8 15 3 3 0 0 0 0 0 0 0 0 8 15 8 15 3 3 0 0 0 0 0 0 0 0 8 15 8 15 3 3 0 0 0 0 0 0 0 0 8 15 8 15 3 3 0 0 0 0 0 0 0 0
73 900 100 900 0 100 0 1000 8 15 8 15 3 3 759 1 759 1 0 0 0 0 8 15 8 15 3 3 759 1 759 1 0 0 0 0 8 15 8 15 3 3 759 1 759 1 0 0 0 0 8 15 8 15 3 3 759 1 759 1 0 0 0 0 8 15 8 15 3 3 759 1 759 1 0 0 0 0 8 15 8 15 3 3 759 1 759 1 0 0 0 0
74 900 100 900 0 100 0 1000 8 15 8 15 3 3 1923 7 0 0 291 1 1632 6 8 15 8 15 3 3 1923 7 0 0 291 1 1632 6 8 15 8 15 3 3 1923 7 0 0 291 1 1632 6 8 15 8 15 3 3 1923 7 0 0 291 1 1632 6 8 15 8 15 3 3 1923 7 0 0 291 1 1632 6 8 15 8 15 3 3 1923 7 0 0 291 1 1632 6
75 900 100 900 0 100 0 1000 8 15 8 15 3 3 0 0 0 0 0 0 0 0 8 15 8 15 3 3 0 0 0 0 0 0 0 0 8 15 8 15 3 3 0 0 0 0 0 0 0 0 8 15 8 15 3 3 0 0 0 0 0 0 0 0 8 15 8 15 3 3 0 0 0 0 0 0 0 0 8 15 8 15 3 3 0 0 0 0 0 0 0 0
76 900 100 900 0 100 0 1000 8 15 8 15 3 3 0 0 0 0 0 0 0 0 8 15 8 15 3 3 0 0 0 0 0 0 0 0 8 15 8 15 3 3 0 0 0 0 0 0 0 0 8 15 8 15 3 3 0 0 0 0 0 0 0 0 8 15 8 15 3 3 0 0 0 0 0 0 0 0 8 15 8 15 3 3 0 0 0 0 0 0 0 0
77 900 100 900 0 100 0 1000 8 15 8 15 3 3 631 1 631 1 0 0 0 0 8 15 8 15 3 3 631 1 631 1 0 0 0 0 8 15 8 15 3 3 631 1 631 1 0 0 0 0 8 15 8 15 3 3 631 1 631 1 0 0 0 0 8 15 8 15 3 3 631 1 631 1 0 0 0 0 8 15 8 15 3 3 631 1 631 1 0 0 0 0
78 900 100 900 0 100 0 1000 8 15 8 15 3 3 1379 5 0 0 291 1 1088 4 8 15 8 15 3 3 1379 5 0 0 291 1 1088 4 8 15 8 15 3 3 1379 5 0 0 291 1 1088 4 8 15 8 15 3 3 1379 5 0 0 291 1 1088 4 8 15 8 15 3 3 1379 5 0 0 291 1 1088 4 8 15 8 15 3 3 1379 5 0 0 291 1 1088 4
79 900 100 900 0 100 0 1000 8 15 8 15 4 9 0 0 0 0 0 0 0 0 8 15 8 15 3 3 0 0 0 0 0 0 0 0 8 15 8 15 3 3 0 0 0 0 0 0 0 0 8 15 8 15 3 3 0 0 0 0 0 0 0 0 8 15 8 15 3 3 0 0 0 0 0 0 0 0 8 15 8 15 4 9 0 0 0 0 0 0 0 0
80 900 100 900 0 100 0 1000 8 15 8 15 4 9 0 0 0 0 0 0 0 0 8 15 8 15 3 3 0 0 0 0 0 0 0 0 8 15 8 15 3 3 0 0 0 0 0 0 0 0 8 15 8 15 3 3 0 0 0 0 0 0 0 0 8 15 8 15 3 3 0 0 0 0 0 0 0 0 8 15 8 15 4 9 0 0 0 0 0 0 0 0
81 900 100 900 0 100 0 1000 8 15 8 15 4 9 566 1 566 1 0 0 0 0 8 15 8 15 3 3 566 1 566 1 0 0 0 0 8 15 8 15 3 3 566 1 566 1 0 0 0 0 8 15 8 15 3 3 566 1 566 1 0 0 0 0 8 15 8 15 3 3 566 1 566 1 0 0 0 0 8 15 8 15 4 9 566 1 566 1 0 0 0 0
82 900 100 900 0 100 0 1000 8 15 8 15 4 9 4098 15 0 0 290 1 3808 14 8 15 8 15 3 3 4098 15 0 0 290 1 3808 14 8 15 8 15 3 3 4098 15 0 0 290 1 3808 14 8 15 8 15 3 3 4098 15 0 0 290 1 3808 14 8 15 8 15 3 3 4098 15 0 0 290 1 3808 14 8 15 8 15 4 9 4098 15 0 0 290 1 3808 14
83 900 100 900 0 100 0 1000 8 15 8 15 4 9 0 0 0 0 0 0 0 0 8 15 8 15 3 3 0 0 0 0 0 0 0 0 8 15 8 15 3 3 0 0 0 0 0 0 0 0 8 15 8 15 3 3 0 0 0 0 0 0 0 0 8 15 8 15 3 3 0 0 0 0 0 0 0 0 8 15 8 15 4 9 0 0 0 0 0 0 0 0
84 900 100 900 0 100 0 1000 8 15 8 15 4 9 0 0 0 0 0 0 0 0 8 15 8 15 3 3 0 0 0 0 0 0 0 0 8 15 8 15 3 3 0 0 0 0 0 0 0 0 8 15 8 15 3 3 0 0 0 0 0 0 0 0 8 15 8 15 3 3 0 0 0 0 0 0 0 0 8 15 8 15 4 9 0 0 0 0 0 0 0 0
85 900 100 900 0 100 0 1000 8 15 8 15 4 9 0 0 0 0 0 0 0 0 8 15 8 15 3 3 0 0 0 0 0 0 0 0 8 15 8 15 3 3 0 0 0 0 0 0 0 0 8 15 8 15 3 3 0 0 0 0 0 0 0 0 8 15 8 15 3 3 0 0 0 0 0 0 0 0 8 15 8 15 4 9 0 0 0 0 0 0 0 0
86 900 100 900 0 100 0 1000 8 15 8 15 4 9 2448 9 0 0 0 0 2448 9 8 15 8 15 3 3 2448 9 0 0 0 0 2448 9 8 15 8 15 3 3 2448 9 0 0 0 0 2448 9 8 15 8 15 3 3 2448 9 0 0 0 0 2448 9 8 15 8 15 3 3 2448 9 0 0 0 0 2448 9 8 15 8 15 4 9 2448 9 0 0 0 0 2448 9
87 900 100 900 0 100 0 1000 8 15 8 15 4 9 0 0 0 0 0 0 0 0 8 15 8 15 3 3 0 0 0 0 0 0 0 0 8 15 8 15 3 3 0 0 0 0 0 0 0 0 8 15 8 15 3 3 0 0 0 0 0 0 0 0 8 15 8 15 3 3 0 0 0 0 0 0 0 0 8 15 8 15 4 9 0 0 0 0 0 0 0 0
88 900 100 900 0 100 0 1000 8 15 8 15 4 9 0 0 0 0 0 0 0 0 8 15 8 15 3 3 0 0 0 0 0 0 0 0 8 15 8 15 3 3 0 0 0 0 0 0 0 0 8 15 8 15 3 3 0 0 0 0 0 0 0 0 8 15 8 15 3 3 0 0 0 0 0 0 0 0 8 15 8 15 4 9 0 0 0 0 0 0 0 0
89 900 100 900 0 100 0 1000 8 15 8 15 4 9 0 0 0 0 0 0 0 0 8 15 8 15 3 3 0 0 0 0 0 0 0 0 8 15 8 15 3 3 0 0 0 0 0 0 0 0 8 15 8 15 3 3 0 0 0 0 0 0 0 0 8 15 8 15 3 3 0 0 0 0 0 0 0 0 8 15 8 15 4 9 0 0 0 0 0 0 0 0
90 900 100 900 0 100 0 1000 8 15 8 15 4 9 1904 7 0 0 0 0 1904 7 8 15 8 15 3 3 1904 7 0 0 0 0 1904 7 8 15 8 15 3 3 1904 7 0 0 0 0 1904 7 8 15 8 15 3 3 1904 7 0 0 0 0 1904 7 8 15 8 15 3 3 1904 7 0 0 0 0 1904 7 8 15 8 15 4 9 1904 7 0 0 0 0 1904 7
91 900 100 900 0 100 0 1000 8 15 8 15 5 12 0 0 0 0 0 0 0 0 8 15 8 15 3 3 0 0 0 0 0 0 0 0 8 15 8 15 3 3 0 0 0 0 0 0 0 0 8 15 8 15 3 3 0 0 0 0 0 0 0 0 8 15 8 15 3 3 0 0 0 0 0 0 0 0 8 15 8 15 5 12 0 0 0 0 0 0 0 0
92 900 100 900 0 100 0 1000 8 15 8 15 5 12 0 0 0 0 0 0 0 0 8 15 8 15 3 3 0 0 0 0 0 0 0 0 8 15 8 15 3 3 0 0 0 0 0 0 0 0 8 15 8 15 3 3 0 0 0 0 0 0 0 0 8 15 8 15 3 3 0 0 0 0 0 0 0 0 8 15 8 15 5 12 0 0 0 0 0 0 0 0
93 900 100 900 0 100 0 1000 8 15 8 15 5 12 0 0 0 0 0 0 0 0 8 15 8 15 3 3 0 0 0 0 0 0 0 0 8 15 8 15 3 3 0 0 0 0 0 0 0 0 8 15 8 15 3 3 0 0 0 0 0 0 0 0 8 15 8 15 3 3 0 0 0 0 0 0 0 0 8 15 8 15 5 12 0 0 0 0 0 0 0 0
94 900 100 900 0 100 0 1000 8 15 8 15 5 12 3536 13 0 0 0 0 3536 13 8 15 8 15 3 3 3536 13 0 0 0 0 3536 13 8 15 8 15 3 3 3536 13 0 0 0 0 3536 13 8 15 8 15 3 3 3536 13 0 0 0 0 3536 13 8 15 8 15 3 3 3536 13 0 0 0 0 3536 13 8 15 8 15 5 12 3536 13 0 0 0 0 3536 13
95 900 100 900 0 100 0 1000 8 15 8 15 6 13 0 0 0 0 0 0 0 0 8 15 8 15 3 3 0 0 0 0 0 0 0 0 8 15 8 15 3 3 0 0 0 0 0 0 0 0 8 15 8 15 3 3 0 0 0 0 0 0 0 0 8 15 8 15 3 3 0 0 0 0 0 0 0 0 8 15 8 15 6 13 0 0 0 0 0 0 0 0
96 900 100 900 0 100 0 1000 8 15 8 15 6 13 0 0 0 0 0 0 0 0 8 15 8 15 3 3 0 0 0 0 0 0 0 0 8 15 8 15 3 3 0 0 0 0 0 0 0 0 8 15 8 15 3 3 0 0 0 0 0 0 0 0 8 15 8 15 3 3 0 0 0 0 0 0 0 0 8 15 8 15 6 13 0 0 0 0 0 0 0 0
97 900 100 900 0 100 0 1000 8 15 8 15 6 13 0 0 0 0 0 0 0 0 8 15 8 15 3 3 0 0 0 0 0 0 0 0 8 15 8 15 3 3 0 0 0 0 0 0 0 0 8 15 8 15 3 3 0 0 0 0 0 0 0 0 8 15 8 15 3 3 0 0 0 0 0 0 0 0 8 15 8 15 6 13 0 0 0 0 0 0 0 0
98 900 100 900 0 100 0 1000 8 15 8 15 6 13 2176 8 0 0 0 0 2176 8 8 15 8 15 3 3 2176 8 0 0 0 0 2176 8 8 15 8 15 3 3 2176 8 0 0 0 0 2176 8 8 15 8 15 3 3 2176 8 0 0 0 0 2176 8 8 15 8 15 3 3 2176 8 0 0 0 0 2176 8 8 15 8 15 6 13 2176 8 0 0 0 0 2176 8
99 900 100 900 0 100 0 1000 8 15 8 15 7 14 0 0 0 0 0 0 0 0 8 15 8 15 3 3 0 0 0 0 0 0 0 0 8 15 8 15 3 3 0 0 0 0 0 0 0 0 8 15 8 15 3 3 0 0 0 0 0 0 0 0 8 15 8 15 3 3 0 0 0 0 0 0 0 0 8 15 8 15 7 14 0 0 0 0 0 0 0 0
100 900 100 900 0 100 0 1000 8 15 8 15 7 14 0 0 0 0 0 0 0 0 8 15 8 15 3 3 0 0 0 0 0 0 0 0 8 15 8 15 3 3 0 0 0 0 0 0 0 0 8 15 8 15 3 3 0 0 0 0 0 0 0 0 8 15 8 15 3 3 0 0 0 0 0 0 0 0 8 15 8 15 7 14 0 0 0 0 0 0 0 0
101 900 100 900 0 100 0 1000 8 15 8 15 7 14 0 0 0 0 0 0 0 0 8 15 8 15 3 3 0 0 0 0 0 0 0 0 8 15 8 15 3 3 0 0 0 0 0 0 0 0 8 15 8 15 3 3 0 0 0 0 0 0 0 0 8 15 8 15 3 3 0 0 0 0 0 0 0 0 8 15 8 15 7 14 0 0 0 0 0 0 0 0
102 900 100 900 0 100 0 1000 8 15 8 15 7 14 1632 6 0 0 0 0 1632 6 8 15 8 15 3 3 1632 6 0 0 0 0 1632 6 8 15 8 15 3 3 1632 6 0 0 0 0 1632 6 8 15 8 15 3 3 1632 6 0 0 0 0 1632 6 8 15 8 15 3 3 1632 6 0 0 0 0 1632 6 8 15 8 15 7 14 1632 6 0 0 0 0 1632 6
103 900 100 900 0 100 0 1000 8 15 8 15 8 15 0 0 0 0 0 0 0 0 8 15 8 15 3 3 0 0 0 0 0 0 0 0 8 15 8 15 3 3 0 0 0 0 0 0 0 0 8 15 8 15 3 3 0 0 0 0 0 0 0 0 8 15 8 15 3 3 0 0 0 0 0 0 0 0 8 15 8 15 8 15 0 0 0 0 0 0 0 0
104 900 100 900 0 100 0 1000 8 15 8 15 8 15 0 0 0 0 0 0 0 0 8 15 8 15 3 3 0 0 0 0 0 0 0 0 8 15 8 15 3 3 0 0 0 0 0 0 0 0 8 15 8 15 3 3 0 0 0 0 0 0 0 0 8 15 8 15 3 3 0 0 0 0 0 0 0 0 8 15 8 15 8 15 0 0 0 0 0 0 0 0
105 900 100 900 0 100 0 1000 8 15 8 15 8 15 0 0 0 0 0 0 0 0 8 15 8 15 3 3 0 0 0 0 0 0 0 0 8 15 8 15 3 3 0 0 0 0 0 0 0 0 8 15 8 15 3 3 0 0 0 0 0 0 0 0 8 15 8 15 3 3 0 0 0 0 0 0 0 0 8 15 8 15 8 15 0 0 0 0 0 0 0 0
106 900 100 900 0 100 0 1000 8 15 8 15 8 15 1632 6 0 0 0 0 1632 6 8 15 8 15 3 3 1632 6 0 0 0 0 1632 6 8 15 8 15 3 3 1632 6 0 0 0 0 1632 6 8 15 8 15 3 3 1632 6 0 0 0 0 1632 6 8 15 8 15 3 3 1632 6 0 0 0 0 1632 6 8 15 8 15 8 15 1632 6 0 0 0 0 1632 6
107 900 100 900 0 100 0 1000 9 16 8 15 9 16 0 0 0 0 0 0 0 0 8 15 8 15 3 3 0 0 0 0 0 0 0 0 8 15 8 15 3 3 0 0 0 0 0 0 0 0 8 15 8 15 3 3 0 0 0 0 0 0 0 0 8 15 8 15 3 3 0 0 0 0 0 0 0 0 9 16 8 15 9 16 0 0 0 0 0 0 0 0
108 900 100 900 0 100 0 1000 9 16 8 15 9 16 0 0 0 0 0 0 0 0 8 15 8 15 3 3 0 0 0 0 0 0 0 0 8 15 8 15 3 3 0 0 0 0 0 0 0 0 8 15 8 15 3 3 0 0 0 0 0 0 0 0 8 15 8 15 3 3 0 0 0 0 0 0 0 0 9 16 8 15 9 16 0 0 0 0 0 0 0 0
109 900 100 900 0 100 0 1000 9 16 8 15 9 16 0 0 0 0 0 0 0 0 8 15 8 15 3 3 0 0 0 0 0 0 0 0 8 15 8 15 3 3 0 0 0 0 0 0 0 0 8 15 8 15 3 3 0 0 0 0 0 0 0 0 8 15 8 15 3 3 0 0 0 0 0 0 0 0 9 16 8 15 9 16 0 0 0 0 0 0 0 0
110 900 100 900 0 100 0 1000 9 16 8 15 9 16 2448 9 0 0 0 0 2448 9 8 15 8 15 3 3 2448 9 0 0 0 0 2448 9 8 15 8 15 3 3 2448 9 0 0 0 0 2448 9 8 15 8 15 3 3 2448 9 0 0 0 0 2448 9 8 15 8 15 3 3 2448 9 0 0 0 0 2448 9 9 16 8 15 9 16 2448 9 0 0 0 0 2448 9
111 900 100 900 0 100 0 1000 9 16 8 15 9 16 0 0 0 0 0 0 0 0 8 15 8 15 3 3 0 0 0 0 0 0 0 0 8 15 8 15 3 3 0 0 0 0 0 0 0 0 8 15 8 15 3 3 0 0 0 0 0 0 0 0 8 15 8 15 3 3 0 0 0 0 0 0 0 0 9 16 8 15 9 16 0 0 0 0 0 0 0 0
112 900 100 900 0 100 0 1000 9 16 8 15 9 16 0 0 0 0 0 0 0 0 8 15 8 15 3 3 0 0 0 0 0 0 0 0 8 15 8 15 3 3 0 0 0 0 0 0 0 0 8 15 8 15 3 3 0 0 0 0 0 0 0 0 8 15 8 15 3 3 0 0 0 0 0 0 0 0 9 16 8 15 9 16 0 0 0 0 0 0 0 0
113 900 100 900 0 100 0 1000 9 16 8 15 9 16 0 0 0 0 0 0 0 0 8 15 8 15 3 3 0 0 0 0 0 0 0 0 8 15 8 15 3 3 0 0 0 0 0 0 0 0 8 15 8 15 3 3 0 0 0 0 0 0 0 0 8 15 8 15 3 3 0 0 0 0 0 0 0 0 9 16 8 15 9 16 0 0 0 0 0 0 0 0
114 900 100 900 0 100 0 1000 9 16 8 15 9 16 2992 11 0 0 0 0 2992 11 8 15 8 15 3 3 2992 11 0 0 0 0 2992 11 8 15 8 15 3 3 2992 11 0 0 0 0 2992 11 8 15 8 15 3 3 2992 11 0 0 0 0 2992 11 8 15 8 15 3 3 2992 11 0 0 0 0 2992 11 9 16 8 15 9 16 2992 11 0 0 0 0 2992 11
115 900 100 900 0 100 0 1000 10 18 8 15 10 18 0 0 0 0 0 0 0 0 8 15 8 15 3 3 0 0 0 0 0 0 0 0 8 15 8 15 3 3 0 0 0 0 0 0 0 0 8 15 8 15 3 3 0 0 0 0 0 0 0 0 8 15 8 15 3 3 0 0 0 0 0 0 0 0 10 18 8 15 10 18 0 0 0 0 0 0 0 0
116 900 100 900 0 100 0 1000 10 18 8 15 10 18 0 0 0 0 0 0 0 0 8 15 8 15 3 3 0 0 0 0 0 0 0 0 8 15 8 15 3 3 0 0 0 0 0 0 0 0 8 15 8 15 3 3 0 0 0 0 0 0 0 0 8 15 8 15 3 3 0 0 0 0 0 0 0 0 10 18 8 15 10 18 0 0 0 0 0 0 0 0
117 900 100 900 0 100 0 1000 10 18 8 15 10 18 0 0 0 0 0 0 0 0 8 15 8 15 3 3 0 0 0 0 0 0 0 0 8 15 8 15 3 3 0 0 0 0 0 0 0 0 8 15 8 15 3 3 0 0 0 0 0 0 0 0 8 15 8 15 3 3 0 0 0 0 0 0 0 0 10 18 8 15 10 18 0 0 0 0 0 0 0 0
118 900 100 900 0 100 0 1000 10 18 8 15 10 18 2720 10 0 0 0 0 2720 10 8 15 8 15 3 3 2720 10 0 0 0 0 2720 10 8 15 8 15 3 3 2720 10 0 0 0 0 2720 10 8 15 8 15 3 3 2720 10 0 0 0 0 2720 10 8 15 8 15 3 3 2720 10 0 0 0 0 2720 10 10 18 8 15 10 18 2720 10 0 0 0 0 2720 10
119 900 100 900 0 100 0 1000 11 19 8 15 11 19 0 0 0 0 0 0 0 0 8 15 8 15 3 3 0 0 0 0 0 0 0 0 8 15 8 15 3 3 0 0 0 0 0 0 0 0 8 15 8 15 3 3 0 0 0 0 0 0 0 0 8 15 8 15 3 3 0 0 0 0 0 0 0 0 11 19 8 15 11 19 0 0 0 0 0 0 0 0
120 900 100 900 0 100 0 1000 11 19 8 15 11 19 0 0 0 0 0 0 0 0 8 15 8 15 3 3 0 0 0 0 0 0 0 0 8 15 8 15 3 3 0 0 0 0 0 0 0 0 8 15 8 15 3 3 0 0 0 0 0 0 0 0 8 15 8 15 3 3 0 0 0 0 0 0 0 0 11 19 8 15 11 19 0 0 0 0 0 0 0 0
121 900 100 900 0 100 0 1000 11 19 8 15 11 19 759 1 759 1 0 0 0 0 8 15 8 15 3 3 759 1 759 1 0 0 0 0 8 15 8 15 3 3 759 1 759 1 0 0 0 0 8 15 8 15 3 3 759 1 759 1 0 0 0 0 8 15 8 15 3 3 759 1 759 1 0 0 0 0 11 19 8 15 11 19 759 1 759 1 0 0 0 0
122 900 100 900 0 100 0 1000 11 19 8 15 11 19 1651 6 0 0 291 1 1360 5 8 15 8 15 3 3 1651 6 0 0 291 1 1360 5 8 15 8 15 3 3 1651 6 0 0 291 1 1360 5 8 15 8 15 3 3 1651 6 0 0 291 1 1360 5 8 15 8 15 3 3 1651 6 0 0 291 1 1360 5 11 19 8 15 11 19 1651 6 0 0 291 1 1360 5
123 900 100 900 0 100 0 1000 12 20 8 15 12 20 0 0 0 0 0 0 0 0 8 15 8 15 3 3 0 0 0 0 0 0 0 0 8 15 8 15 3 3 0 0 0 0 0 0 0 0 8 15 8 15 3 3 0 0 0 0 0 0 0 0 8 15 8 15 3 3 0 0 0 0 0 0 0 0 12 20 8 15 12 20 0 0 0 0 0 0 0 0
124 900 100 900 0 100 0 1000 12 20 8 15 12 20 0 0 0 0 0 0 0 0 8 15 8 15 3 3 0 0 0 0 0 0 0 0 8 15 8 15 3 3 0 0 0 0 0 0 0 0 8 15 8 15 3 3 0 0 0 0 0 0 0 0 8 15 8 15 3 3 0 0 0 0 0 0 0 0 12 20 8 15 12 20 0 0 0 0 0 0 0 0
125 900 100 900 0 100 0 1000 12 20 8 15 12 20 0 0 0 0 0 0 0 0 8 15 8 15 3 3 0 0 0 0 0 0 0 0 8 15 8 15 3 3 0 0 0 0 0 0 0 0 8 15 8 15 3 3 0 0 0 0 0 0 0 0 8 15 8 15 3 3 0 0 0 0 0 0 0 0 12 20 8 15 12 20 0 0 0 0 0 0 0 0
126 0 1000 0 900 100 0 1000 12 20 8 15 12 20 2448 9 0 0 0 0 2448 9 8 15 8 15 3 3 2448 9 0 0 0 0 2448 9 8 15 8 15 3 3 2448 9 0 0 0 0 2448 9 8 15 8 15 3 3 2448 9 0 0 0 0 2448 9 8 15 8 15 3 3 2448 9 0 0 0 0 2448 9 12 20 8 15 12 20 2448 9 0 0 0 0 2448 9
127 0 1000 0 0 1000 0 1000 12 20 8 15 12 20 0 0 0 0 0 0 0 0 12 20 8 15 12 20 0 0 0 0 0 0 0 0 12 20 8 15 12 20 0 0 0 0 0 0 0 0 12 20 8 15 12 20 0 0 0 0 0 0 0 0 12 20 8 15 12 20 0 0 0 0 0 0 0 0 12 20 8 15 12 20 0 0 0 0 0 0 0 0
128 0 1000 0 0 1000 0 1000 12 20 8 15 12 20 0 0 0 0 0 0 0 0 12 20 8 15 12 20 0 0 0 0 0 0 0 0 12 20 8 15 12 20 0 0 0 0 0 0 0 0 12 20 8 15 12 20 0 0 0 0 0 0 0 0 12 20 8 15 12 20 0 0 0 0 0 0 0 0 12 20 8 15 12 20 0 0 0 0 0 0 0 0
129 0 1000 0 0 1000 0 1000 12 20 8 15 12 20 727 1 727 1 0 0 0 0 12 20 8 15 12 20 727 1 727 1 0 0 0 0 12 20 8 15 12 20 727 1 727 1 0 0 0 0 12 20 8 15 12 20 727 1 727 1 0 0 0 0 12 20 8 15 12 20 727 1 727 1 0 0 0 0 12 20 8 15 12 20 727 1 727 1 0 0 0 0
130 0 1000 0 0 1000 0 1000 14 32 14 32 12 20 21507 79 0 0 291 1 21216 78 14 32 14 32 12 20 21507 79 0 0 291 1 21216 78 14 32 14 32 12 20 21507 79 0 0 291 1 21216 78 14 32 14 32 12 20 21507 79 0 0 291 1 21216 78 14 32 14 32 12 20 21507 79 0 0 291 1 21216 78 14 32 14 32 12 20 21507 79 0 0 291 1 21216 78
131 0 1000 0 0 1000 0 1000 14 32 14 32 12 20 0 0 0 0 0 0 0 0 14 32 14 32 12 20 0 0 0 0 0 0 0 0 14 32 14 32 12 20 0 0 0 0 0 0 0 0 14 32 14 32 12 20 0 0 0 0 0 0 0 0 14 32 14 32 12 20 0 0 0 0 0 0 0 0 14 32 14 32 12 20 0 0 0 0 0 0 0 0
132 0 1000 0 0 1000 0 1000 14 32 14 32 12 20 0 0 0 0 0 0 0 0 14 32 14 32 12 20 0 0 0 0 0 0 0 0 14 32 14 32 12 20 0 0 0 0 0 0 0 0 14 32 14 32 12 20 0 0 0 0 0 0 0 0 14 32 14 32 12 20 0 0 0 0 0 0 0 0 14 32 14 32 12 20 0 0 0 0 0 0 0 0
133 0 1000 0 0 1000 0 1000 14 32 14 32 12 20 2935 1 2935 1 0 0 0 0 14 32 14 32 12 20 2935 1 2935 1 0 0 0 0 14 32 14 32 12 20 2935 1 2935 1 0 0 0 0 14 32 14 32 12 20 2935 1 2935 1 0 0 0 0 14 32 14 32 12 20 2935 1 2935 1 0 0 0 0 14 32 14 32 12 20 2935 1 2935 1 0 0 0 0
134 0 1000 0 0 1000 0 1000 15 33 15 33 12 20 26675 98 0 0 291 1 26384 97 15 33 15 33 12 20 26675 98 0 0 291 1 26384 97 15 33 15 33 12 20 26675 98 0 0 291 1 26384 97 15 33 15 33 12 20 26675 98 0 0 291 1 26384 97 15 33 15 33 12 20 26675 98 0 0 291 1 26384 97 15 33 15 33 12 20 26675 98 0 0 291 1 26384 97
135 0 1000 0 0 1000 0 1000 15 33 15 33 12 20 0 0 0 0 0 0 0 0 15 33 15 33 12 20 0 0 0 0 0 0 0 0 15 33 15 33 12 20 0 0 0 0 0 0 0 0 15 33 15 33 12 20 0 0 0 0 0 0 0 0 15 33 15 33 12 20 0 0 0 0 0 0 0 0 15 33 15 33 12 20 0 0 0 0 0 0 0 0
136 0 1000 0 0 1000 0 1000 15 33 15 33 12 20 0 0 0 0 0 0 0 0 15 33 15 33 12 20 0 0 0 0 0 0 0 0 15 33 15 33 12 20 0 0 0 0 0 0 0 0 15 33 15 33 12 20 0 0 0 0 0 0 0 0 15 33 15 33 12 20 0 0 0 0 0 0 0 0 15 33 15 33 12 20 0 0 0 0 0 0 0 0
137 0 1000 0 0 1000 0 1000 15 33 15 33 12 20 7086 2 7086 2 0 0 0 0 15 33 15 33 12 20 7086 2 7086 2 0 0 0 0 15 33 15 33 12 20 7086 2 7086 2 0 0 0 0 15 33 15 33 12 20 7086 2 7086 2 0 0 0 0 15 33 15 33 12 20 7086 2 7086 2 0 0 0 0 15 33 15 33 12 20 7086 2 7086 2 0 0 0 0
138 0 1000 0 0 1000 0 1000 16 34 16 34 12 20 26947 99 0 0 291 1 26656 98 16 34 16 34 12 20 26947 99 0 0 291 1 26656 98 16 34 16 34 12 20 26947 99 0 0 291 1 26656 98 16 34 16 34 12 20 26947 99 0 0 291 1 26656 98 16 34 16 34 12 20 26947 99 0 0 291 1 26656 98 16 34 16 34 12 20 26947 99 0 0 291 1 26656 98
139 0 1000 0 0 1000 0 1000 16 34 16 34 12 20 0 0 0 0 0 0 0 0 16 34 16 34 12 20 0 0 0 0 0 0 0 0 16 34 16 34 12 20 0 0 0 0 0 0 0 0 16 34 16 34 12 20 0 0 0 0 0 0 0 0 16 34 16 34 12 20 0 0 0 0 0 0 0 0 16 34 16 34 12 20 0 0 0 0 0 0 0 0
140 0 1000 0 0 1000 0 1000 16 34 16 34 12 20 0 0 0 0 0 0 0 0 16 34 16 34 12 20 0 0 0 0 0 0 0 0 16 34 16 34 12 20 0 0 0 0 0 0 0 0 16 34 16 34 12 20 0 0 0 0 0 0 0 0 16 34 16 34 12 20 0 0 0 0 0 0 0 0 16 34 16 34 12 20 0 0 0 0 0 0 0 0
141 0 1000 0 0 1000 0 1000 16 34 16 34 12 20 3575 1 3575 1 0 0 0 0 16 34 16 34 12 20 3575 1 3575 1 0 0 0 0 16 34 16 34 12 20 3575 1 3575 1 0 0 0 0 16 34 16 34 12 20 3575 1 3575 1 0 0 0 0 16 34 16 34 12 20 3575 1 3575 1 0 0 0 0 16 34 16 34 12 20 3575 1 3575 1 0 0 0 0
142 0 1000 0 0 1000 0 1000 17 35 17 35 12 20 32659 120 0 0 291 1 32368 119 17 35 17 35 12 20 32659 120 0 0 291 1 32368 119 17 35 17 35 12 20 32659 120 0 0 291 1 32368 119 17 35 17 35 12 20 32659 120 0 0 291 1 32368 119 17 35 17 35 12 20 32659 120 0 0 291 1 32368 119 17 35 17 35 12 20 32659 120 0 0 291 1 32368 119
143 0 1000 0 0 1000 0 1000 17 35 17 35 12 20 0 0 0 0 0 0 0 0 17 35 17 35 12 20 0 0 0 0 0 0 0 0 17 35 17 35 12 20 0 0 0 0 0 0 0 0 17 35 17 35 12 20 0 0 0 0 0 0 0 0 17 35 17 35 12 20 0 0 0 0 0 0 0 0 17 35 17 35 12 20 0 0 0 0 0 0 0 0
144 0 1000 0 0 1000 0 1000 17 35 17 35 12 20 0 0 0 0 0 0 0 0 17 35 17 35 12 20 0 0 0 0 0 0 0 0 17 35 17 35 12 20 0 0 0 0 0 0 0 0 17 35 17 35 12 20 0 0 0 0 0 0 0 0 17 35 17 35 12 20 0 0 0 0 0 0 0 0 17 35 17 35 12 20 0 0 0 0 0 0 0 0
145 0 1000 0 0 1000 0 1000 17 35 17 35 12 20 8494 2 8494 2 0 0 0 0 17 35 17 35 12 20 8494 2 8494 2 0 0 0 0 17 35 17 35 12 20 8494 2 8494 2 0 0 0 0 17 35 17 35 12 20 8494 2 8494 2 0 0 0 0 17 35 17 35 12 20 8494 2 8494 2 0 0 0 0 17 35 17 35 12 20 8494 2 8494 2 0 0 0 0
146 0 1000 0 0 1000 0 1000 18 36 18 36 12 20 25859 95 0 0 291 1 25568 94 18 36 18 36 12 20 25859 95 0 0 291 1 25568 94 18 36 18 36 12 20 25859 95 0 0 291 1 25568 94 18 36 18 36 12 20 25859 95 0 0 291 1 25568 94 18 36 18 36 12 20 25859 95 0 0 291 1 25568 94 18 36 18 36 12 20 25859 95 0 0 291 1 25568 94
147 0 1000 0 0 1000 0 1000 18 36 18 36 12 20 0 0 0 0 0 0 0 0 18 36 18 36 12 20 0 0 0 0 0 0 0 0 18 36 18 36 12 20 0 0 0 0 0 0 0 0 18 36 18 36 12 20 0 0 0 0 0 0 0 0 18 36 18 36 12 20 0 0 0 0 0 0 0 0 18 36 18 36 12 20 0 0 0 0 0 0 0 0
148 0 1000 0 0 1000 0 1000 18 36 18 36 12 20 0 0 0 0 0 0 0 0 18 36 18 36 12 20 0 0 0 0 0 0 0 0 18 36 18 36 12 20 0 0 0 0 0 0 0 0 18 36 18 36 12 20 0 0 0 0 0 0 0 0 18 36 18 36 12 20 0 0 0 0 0 0 0 0 18 36 18 36 12 20 0 0 0 0 0 0 0 0
149 0 1000 0 0 1000 0 1000 18 36 18 36 12 20 3447 1 3447 1 0 0 0 0 18 36 18 36 12 20 3447 1 3447 1 0 0 0 0 18 36 18 36 12 20 3447 1 3447 1 0 0 0 0 18 36 18 36 12 20 3447 1 3447 1 0 0 0 0 18 36 18 36 12 20 3447 1 3447 1 0 0 0 0 18 36 18 36 12 20 3447 1 3447 1 0 0 0 0
150 0 1000 0 0 1000 0 1000 19 37 19 37 12 20 27763 102 0 0 291 1 27472 101 19 37 19 37 12 20 27763 102 0 0 291 1 27472 101 19 37 19 37 12 20 27763 102 0 0 291 1 27472 101 19 37 19 37 12 20 27763 102 0 0 291 1 27472 101 19 37 19 37 12 20 27763 102 0 0 291 1 27472 101 19 37 19 37 12 20 27763 102 0 0 291 1 27472 101
151 0 1000 0 0 1000 0 1000 19 37 19 37 12 20 0 0 0 0 0 0 0 0 19 37 19 37 12 20 0 0 0 0 0 0 0 0 19 37 19 37 12 20 0 0 0 0 0 0 0 0 19 37 19 37 12 20 0 0 0 0 0 0 0 0 19 37 19 37 12 20 0 0 0 0 0 0 0 0 19 37 19 37 12 20 0 0 0 0 0 0 0 0
152 0 1000 0 0 1000 0 1000 19 37 19 37 12 20 0 0 0 0 0 0 0 0 19 37 19 37 12 20 0 0 0 0 0 0 0 0 19 37 19 37 12 20 0 0 0 0 0 0 0 0 19 37 19 37 12 20 0 0 0 0 0 0 0 0 19 37 19 37 12 20 0 0 0 0 0 0 0 0 19 37 19 37 12 20 0 0 0 0 0 0 0 0
153 0 1000 0 0 1000 0 1000 19 37 19 37 12 20 0 0 0 0 0 0 0 0 19 37 19 37 12 20 0 0 0 0 0 0 0 0 19 37 19 37 12 20 0 0 0 0 0 0 0 0 19 37 19 37 12 20 0 0 0 0 0 0 0 0 19 37 19 37 12 20 0 0 0 0 0 0 0 0 19 37 19 37 12 20 0 0 0 0 0 0 0 0
154 0 1000 0 0 1000 0 1000 19 37 19 37 12 20 29648 109 0 0 0 0 29648 109 19 37 19 37 12 20 29648 109 0 0 0 0 29648 109 19 37 19 37 12 20 29648 109 0 0 0 0 29648 109 19 37 19 37 12 20 29648 109 0 0 0 0 29648 109 19 37 19 37 12 20 29648 109 0 0 0 0 29648 109 19 37 19 37 12 20 29648 109 0 0 0 0 29648 109
155 0 1000 0 0 1000 0 1000 19 37 19 37 12 20 0 0 0 0 0 0 0 0 19 37 19 37 12 20 0 0 0 0 0 0 0 0 19 37 19 37 12 20 0 0 0 0 0 0 0 0 19 37 19 37 12 20 0 0 0 0 0 0 0 0 19 37 19 37 12 20 0 0 0 0 0 0 0 0 19 37 19 37 12 20 0 0 0 0 0 0 0 0
156 0 1000 0 0 1000 0 1000 19 37 19 37 12 20 0 0 0 0 0 0 0 0 19 37 19 37 12 20 0 0 0 0 0 0 0 0 19 37 19 37 12 20 0 0 0 0 0 0 0 0 19 37 19 37 12 20 0 0 0 0 0 0 0 0 19 37 19 37 12 20 0 0 0 0 0 0 0 0 19 37 19 37 12 20 0 0 0 0 0 0 0 0
157 0 1000 0 0 1000 0 1000 19 37 19 37 12 20 3927 1 3927 1 0 0 0 0 19 37 19 37 12 20 3927 1 3927 1 0 0 0 0 19 37 19 37 12 20 3927 1 3927 1 0 0 0 0 19 37 19 37 12 20 3927 1 3927 1 0 0 0 0 19 37 19 37 12 20 3927 1 3927 1 0 0 0 0 19 37 19 37 12 20 3927 1 3927 1 0 0 0 0
158 0 1000 0 0 1000 0 1000 20 39 20 39 12 20 31027 114 0 0 291 1 30736 113 20 39 20 39 12 20 31027 114 0 0 291 1 30736 113 20 39 20 39 12 20 31027 114 0 0 291 1 30736 113 20 39 20 39 12 20 31027 114 0 0 291 1 30736 113 20 39 20 39 12 20 31027 114 0 0 291 1 30736 113 20 39 20 39 12 20 31027 114 0 0 291 1 30736 113
159 0 1000 0 0 1000 0 1000 20 39 20 39 12 20 0 0 0 0 0 0 0 0 20 39 20 39 12 20 0 0 0 0 0 0 0 0 20 39 20 39 12 20 0 0 0 0 0 0 0 0 20 39 20 39 12 20 0 0 0 0 0 0 0 0 20 39 20 39 12 20 0 0 0 0 0 0 0 0 20 39 20 39 12 20 0 0 0 0 0 0 0 0
160 0 1000 0 0 1000 0 1000 20 39 20 39 12 20 0 0 0 0 0 0 0 0 20 39 20 39 12 20 0 0 0 0 0 0 0 0 20 39 20 39 12 20 0 0 0 0 0 0 0 0 20 39 20 39 12 20 0 0 0 0 0 0 0 0 20 39 20 39 12 20 0 0 0 0 0 0 0 0 20 39 20 39 12 20 0 0 0 0 0 0 0 0
161 0 1000 0 0 1000 0 1000 20 39 20 39 12 20 0 0 0 0 0 0 0 0 20 39 20 39 12 20 0 0 0 0 0 0 0 0 20 39 20 39 12 20 0 0 0 0 0 0 0 0 20 39 20 39 12 20 0 0 0 0 0 0 0 0 20 39 20 39 12 20 0 0 0 0 0 0 0 0 20 39 20 39 12 20 0 0 0 0 0 0 0 0
162 0 1000 0 0 1000 0 1000 20 39 20 39 12 20 26656 98 0 0 0 0 26656 98 20 39 20 39 12 20 26656 98 0 0 0 0 26656 98 20 39 20 39 12 20 26656 98 0 0 0 0 26656 98 20 39 20 39 12 20 26656 98 0 0 0 0 26656 98 20 39 20 39 12 20 26656 98 0 0 0 0 26656 98 20 39 20 39 12 20 26656 98 0 0 0 0 26656 98
163 0 1000 0 0 1000 0 1000 20 39 20 39 13 30 0 0 0 0 0 0 0 0 20 39 20 39 13 30 0 0 0 0 0 0 0 0 20 39 20 39 13 30 0 0 0 0 0 0 0 0 20 39 20 39 13 30 0 0 0 0 0 0 0 0 20 39 20 39 13 30 0 0 0 0 0 0 0 0 20 39 20 39 13 30 0 0 0 0 0 0 0 0
164 0 1000 0 0 1000 0 1000 20 39 20 39 13 30 0 0 0 0 0 0 0 0 20 39 20 39 13 30 0 0 0 0 0 0 0 0 20 39 20 39 13 30 0 0 0 0 0 0 0 0 20 39 20 39 13 30 0 0 0 0 0 0 0 0 20 39 20 39 13 30 0 0 0 0 0 0 0 0 20 39 20 39 13 30 0 0 0 0 0 0 0 0
165 0 1000 0 0 1000 0 1000 20 39 20 39 13 30 0 0 0 0 0 0 0 0 20 39 20 39 13 30 0 0 0 0 0 0 0 0 20 39 20 39 13 30 0 0 0 0 0 0 0 0 20 39 20 39 13 30 0 0 0 0 0 0 0 0 20 39 20 39 13 30 0 0 0 0 0 0 0 0 20 39 20 39 13 30 0 0 0 0 0 0 0 0
166 0 1000 0 0 1000 0 1000 20 39 20 39 13 30 26928 99 0 0 0 0 26928 99 20 39 20 39 13 30 26928 99 0 0 0 0 26928 99 20 39 20 39 13 30 26928 99 0 0 0 0 26928 99 20 39 20 39 13 30 26928 99 0 0 0 0 26928 99 20 39 20 39 13 30 26928 99 0 0 0 0 26928 99 20 39 20 39 13 30 26928 99 0 0 0 0 26928 99
167 0 1000 0 0 1000 0 1000 20 39 20 39 13 30 0 0 0 0 0 0 0 0 20 39 20 39 13 30 0 0 0 0 0 0 0 0 20 39 20 39 13 30 0 0 0 0 0 0 0 0 20 39 20 39 13 30 0 0 0 0 0 0 0 0 20 39 20 39 13 30 0 0 0 0 0 0 0 0 20 39 20 39 13 30 0 0 0 0 0 0 0 0
168 0 1000 0 0 1000 0 1000 20 39 20 39 13 30 0 0 0 0 0 0 0 0 20 39 20 39 13 30 0 0 0 0 0 0 0 0 20 39 20 39 13 30 0 0 0 0 0 0 0 0 20 39 20 39 13 30 0 0 0 0 0 0 0 0 20 39 20 39 13 30 0 0 0 0 0 0 0 0 20 39 20 39 13 30 0 0 0 0 0 0 0 0
169 0 1000 0 0 1000 0 1000 20 39 20 39 13 30 3607 1 3607 1 0 0 0 0 20 39 20 39 13 30 3607 1 3607 1 0 0 0 0 20 39 20 39 13 30 3607 1 3607 1 0 0 0 0 20 39 20 39 13 30 3607 1 3607 1 0 0 0 0 20 39 20 39 13 30 3607 1 3607 1 0 0 0 0 20 39 20 39 13 30 3607 1 3607 1 0 0 0 0
170 0 1000 0 0 1000 0 1000 21 42 21 42 13 30 26947 99 0 0 291 1 26656 98 21 42 21 42 13 30 26947 99 0 0 291 1 26656 98 21 42 21 42 13 30 26947 99 0 0 291 1 26656 98 21 42 21 42 13 30 26947 99 0 0 291 1 26656 98 21 42 21 42 13 30 26947 99 0 0 291 1 26656 98 21 42 21 42 13 30 26947 99 0 0 291 1 26656 98
171 0 1000 0 0 1000 0 1000 21 42 21 42 14 32 0 0 0 0 0 0 0 0 21 42 21 42 14 32 0 0 0 0 0 0 0 0 21 42 21 42 14 32 0 0 0 0 0 0 0 0 21 42 21 42 14 32 0 0 0 0 0 0 0 0 21 42 21 42 14 32 0 0 0 0 0 0 0 0 21 42 21 42 14 32 0 0 0 0 0 0 0 0
172 0 1000 0 0 1000 0 1000 21 42 21 42 14 32 0 0 0 0 0 0 0 0 21 42 21 42 14 32 0 0 0 0 0 0 0 0 21 42 21 42 14 32 0 0 0 0 0 0 0 0 21 42 21 42 14 32 0 0 0 0 0 0 0 0 21 42 21 42 14 32 0 0 0 0 0 0 0 0 21 42 21 42 14 32 0 0 0 0 0 0 0 0
173 0 1000 0 0 1000 0 1000 21 42 21 42 14 32 3575 1 3575 1 0 0 0 0 21 42 21 42 14 32 3575 1 3575 1 0 0 0 0 21 42 21 42 14 32 3575 1 3575 1 0 0 0 0 21 42 21 42 14 32 3575 1 3575 1 0 0 0 0 21 42 21 42 14 32 3575 1 3575 1 0 0 0 0 21 42 21 42 14 32 3575 1 3575 1 0 0 0 0
174 0 1000 0 0 1000 0 1000 22 43 22 43 14 32 26131 96 0 0 291 1 25840 95 22 43 22 43 14 32 26131 96 0 0 291 1 25840 95 22 43 22 43 14 32 26131 96 0 0 291 1 25840 95 22 43 22 43 14 32 26131 96 0 0 291 1 25840 95 22 43 22 43 14 32 26131 96 0 0 291 1 25840 95 22 43 22 43 14 32 26131 96 0 0 291 1 25840 95
175 0 1000 0 0 1000 0 1000 22 43 22 43 15 33 0 0 0 0 0 0 0 0 22 43 22 43 15 33 0 0 0 0 0 0 0 0 22 43 22 43 15 33 0 0 0 0 0 0 0 0 22 43 22 43 15 33 0 0 0 0 0 0 0 0 22 43 22 43 15 33 0 0 0 0 0 0 0 0 22 43 22 43 15 33 0 0 0 0 0 0 0 0
176 0 1000 0 0 1000 0 1000 22 43 22 43 15 33 0 0 0 0 0 0 0 0 22 43 22 43 15 33 0 0 0 0 0 0 0 0 22 43 22 43 15 33 0 0 0 0 0 0 0 0 22 43 22 43 15 33 0 0 0 0 0 0 0 0 22 43 22 43 15 33 0 0 0 0 0 0 0 0 22 43 22 43 15 33 0 0 0 0 0 0 0 0
177 0 1000 0 0 1000 0 1000 22 43 22 43 15 33 3479 1 3479 1 0 0 0 0 22 43 22 43 15 33 3479 1 3479 1 0 0 0 0 22 43 22 43 15 33 3479 1 3479 1 0 0 0 0 22 43 22 43 15 33 3479 1 3479 1 0 0 0 0 22 43 22 43 15 33 3479 1 3479 1 0 0 0 0 22 43 22 43 15 33 3479 1 3479 1 0 0 0 0
178 0 1000 0 0 1000 0 1000 23 44 23 44 15 33 26131 96 0 0 291 1 25840 95 23 44 23 44 15 33 26131 96 0 0 291 1 25840 95 23 44 23 44 15 33 26131 96 0 0 291 1 25840 95 23 44 23 44 15 33 26131 96 0 0 291 1 25840 95 23 44 23 44 15 33 26131 96 0 0 291 1 25840 95 23 44 23 44 15 33 26131 96 0 0 291 1 25840 95
179 0 1000 0 0 1000 0 1000 23 44 23 44 16 34 0 0 0 0 0 0 0 0 23 44 23 44 16 34 0 0 0 0 0 0 0 0 23 44 23 44 16 34 0 0 0 0 0 0 0 0 23 44 23 44 16 34 0 0 0 0 0 0 0 0 23 44 23 44 16 34 0 0 0 0 0 0 0 0 23 44 23 44 16 34 0 0 0 0 0 0 0 0
180 0 1000 0 0 1000 0 1000 23 44 23 44 16 34 0 0 0 0 0 0 0 0 23 44 23 44 16 34 0 0 0 0 0 0 0 0 23 44 23 44 16 34 0 0 0 0 0 0 0 0 23 44 23 44 16 34 0 0 0 0 0 0 0 0 23 44 23 44 16 34 0 0 0 0 0 0 0 0 23 44 23 44 16 34 0 0 0 0 0 0 0 0
181 0 1000 0 0 1000 0 1000 23 44 23 44 16 34 0 0 0 0 0 0 0 0 23 44 23 44 16 34 0 0 0 0 0 0 0 0 23 44 23 44 16 34 0 0 0 0 0 0 0 0 23 44 23 44 16 34 0 0 0 0 0 0 0 0 23 44 23 44 16 34 0 0 0 0 0 0 0 0 23 44 23 44 16 34 0 0 0 0 0 0 0 0
182 0 1000 0 0 1000 0 1000 23 44 23 44 16 34 27744 102 0 0 0 0 27744 102 23 44 23 44 16 34 27744 102 0 0 0 0 27744 102 23 44 23 44 16 34 27744 102 0 0 0 0 27744 102 23 44 23 44 16 34 27744 102 0 0 0 0 27744 102 23 44 23 44 16 34 27744 102 0 0 0 0 27744 102 23 44 23 44 16 34 27744 102 0 0 0 0 27744 102
183 0 1000 0 0 1000 0 1000 23 44 23 44 17 35 0 0 0 0 0 0 0 0 23 44 23 44 17 35 0 0 0 0 0 0 0 0 23 44 23 44 17 35 0 0 0 0 0 0 0 0 23 44 23 44 17 35 0 0 0 0 0 0 0 0 23 44 23 44 17 35 0 0 0 0 0 0 0 0 23 44 23 44 17 35 0 0 0 0 0 0 0 0
184 0 1000 0 0 1000 0 1000 23 44 23 44 17 35 0 0 0 0 0 0 0 0 23 44 23 44 17 35 0 0 0 0 0 0 0 0 23 44 23 44 17 35 0 0 0 0 0 0 0 0 23 44 23 44 17 35 0 0 0 0 0 0 0 0 23 44 23 44 17 35 0 0 0 0 0 0 0 0 23 44 23 44 17 35 0 0 0 0 0 0 0 0
185 0 1000 0 0 1000 0 1000 23 44 23 44 17 35 3702 1 3702 1 0 0 0 0 23 44 23 44 17 35 3702 1 3702 1 0 0 0 0 23 44 23 44 17 35 3702 1 3702 1 0 0 0 0 23 44 23 44 17 35 3702 1 3702 1 0 0 0 0 23 44 23 44 17 35 3702 1 3702 1 0 0 0 0 23 44 23 44 17 35 3702 1 3702 1 0 0 0 0
186 0 1000 0 0 1000 0 1000 24 46 24 46 17 35 26674 98 0 0 290 1 26384 97 24 46 24 46 17 35 26674 98 0 0 290 1 26384 97 24 46 24 46 17 35 26674 98 0 0 290 1 26384 97 24 46 24 46 17 35 26674 98 0 0 290 1 26384 97 24 46 24 46 17 35 26674 98 0 0 290 1 26384 97 24 46 24 46 17 35 26674 98 0 0 290 1 26384 97
187 900 100 900 0 100 0 1000 24 46 24 46 18 36 0 0 0 0 0 0 0 0 24 46 24 46 17 35 0 0 0 0 0 0 0 0 24 46 24 46 17 35 0 0 0 0 0 0 0 0 24 46 24 46 17 35 0 0 0 0 0 0 0 0 24 46 24 46 17 35 0 0 0 0 0 0 0 0 24 46 24 46 18 36 0 0 0 0 0 0 0 0
188 900 100 900 0 100 0 1000 24 46 24 46 18 36 0 0 0 0 0 0 0 0 24 46 24 46 17 35 0 0 0 0 0 0 0 0 24 46 24 46 17 35 0 0 0 0 0 0 0 0 24 46 24 46 17 35 0 0 0 0 0 0 0 0 24 46 24 46 17 35 0 0 0 0 0 0 0 0 24 46 24 46 18 36 0 0 0 0 0 0 0 0
189 900 100 900 0 100 0 1000 24 46 24 46 18 36 0 0 0 0 0 0 0 0 24 46 24 46 17 35 0 0 0 0 0 0 0 0 24 46 24 46 17 35 0 0 0 0 0 0 0 0 24 46 24 46 17 35 0 0 0 0 0 0 0 0 24 46 24 46 17 35 0 0 0 0 0 0 0 0 24 46 24 46 18 36 0 0 0 0 0 0 0 0
190 900 100 900 0 100 0 1000 24 46 24 46 18 36 2448 9 0 0 0 0 2448 9 24 46 24 46 17 35 2448 9 0 0 0 0 2448 9 24 46 24 46 17 35 2448 9 0 0 0 0 2448 9 24 46 24 46 17 35 2448 9 0 0 0 0 2448 9 24 46 24 46 17 35 2448 9 0 0 0 0 2448 9 24 46 24 46 18 36 2448 9 0 0 0 0 2448 9
191 900 100 900 0 100 0 1000 24 46 24 46 19 37 0 0 0 0 0 0 0 0 24 46 24 46 17 35 0 0 0 0 0 0 0 0 24 46 24 46 17 35 0 0 0 0 0 0 0 0 24 46 24 46 17 35 0 0 0 0 0 0 0 0 24 46 24 46 17 35 0 0 0 0 0 0 0 0 24 46 24 46 19 37 0 0 0 0 0 0 0 0
192 900 100 900 0 100 0 1000 24 46 24 46 19 37 0 0 0 0 0 0 0 0 24 46 24 46 17 35 0 0 0 0 0 0 0 0 24 46 24 46 17 35 0 0 0 0 0 0 0 0 24 46 24 46 17 35 0 0 0 0 0 0 0 0 24 46 24 46 17 35 0 0 0 0 0 0 0 0 24 46 24 46 19 37 0 0 0 0 0 0 0 0
193 900 100 900 0 100 0 1000 24 46 24 46 19 37 0 0 0 0 0 0 0 0 24 46 24 46 17 35 0 0 0 0 0 0 0 0 24 46 24 46 17 35 0 0 0 0 0 0 0 0 24 46 24 46 17 35 0 0 0 0 0 0 0 0 24 46 24 46 17 35 0 0 0 0 0 0 0 0 24 46 24 46 19 37 0 0 0 0 0 0 0 0
194 900 100 900 0 100 0 1000 24 46 24 46 19 37 4352 16 0 0 0 0 4352 16 24 46 24 46 17 35 4352 16 0 0 0 0 4352 16 24 46 24 46 17 35 4352 16 0 0 0 0 4352 16 24 46 24 46 17 35 4352 16 0 0 0 0 4352 16 24 46 24 46 17 35 4352 16 0 0 0 0 4352 16 24 46 24 46 19 37 4352 16 0 0 0 0 4352 16
195 900 100 900 0 100 0 1000 24 46 24 46 19 37 0 0 0 0 0 0 0 0 24 46 24 46 17 35 0 0 0 0 0 0 0 0 24 46 24 46 17 35 0 0 0 0 0 0 0 0 24 46 24 46 17 35 0 0 0 0 0 0 0 0 24 46 24 46 17 35 0 0 0 0 0 0 0 0 24 46 24 46 19 37 0 0 0 0 0 0 0 0
196 900 100 900 0 100 0 1000 24 46 24 46 19 37 0 0 0 0 0 0 0 0 24 46 24 46 17 35 0 0 0 0 0 0 0 0 24 46 24 46 17 35 0 0 0 0 0 0 0 0 24 46 24 46 17 35 0 0 0 0 0 0 0 0 24 46 24 46 17 35 0 0 0 0 0 0 0 0 24 46 24 46 19 37 0 0 0 0 0 0 0 0
197 900 100 900 0 100 0 1000 24 46 24 46 19 37 0 0 0 0 0 0 0 0 24 46 24 46 17 35 0 0 0 0 0 0 0 0 24 46 24 46 17 35 0 0 0 0 0 0 0 0 24 46 24 46 17 35 0 0 0 0 0 0 0 0 24 46 24 46 17 35 0 0 0 0 0 0 0 0 24 46 24 46 19 37 0 0 0 0 0 0 0 0
198 900 100 900 0 100 0 1000 24 46 24 46 19 37 1904 7 0 0 0 0 1904 7 24 46 24 46 17 35 1904 7 0 0 0 0 1904 7 24 46 24 46 17 35 1904 7 0 0 0 0 1904 7 24 46 24 46 17 35 1904 7 0 0 0 0 1904 7 24 46 24 46 17 35 1904 7 0 0 0 0 1904 7 24 46 24 46 19 37 1904 7 0 0 0 0 1904 7
199 900 100 900 0 100 0 1000 24 46 24 46 20 39 0 0 0 0 0 0 0 0 24 46 24 46 17 35 0 0 0 0 0 0 0 0 24 46 24 46 17 35 0 0 0 0 0 0 0 0 24 46 24 46 17 35 0 0 0 0 0 0 0 0 24 46 24 46 17 35 0 0 0 0 0 0 0 0 24 46 24 46 20 39 0 0 0 0 0 0 0 0
200 900 100 900 0 100 0 1000 24 46 24 46 20 39 0 0 0 0 0 0 0 0 24 46 24 46 17 35 0 0 0 0 0 0 0 0 24 46 24 46 17 35 0 0 0 0 0 0 0 0 24 46 24 46 17 35 0 0 0 0 0 0 0 0 24 46 24 46 17 35 0 0 0 0 0 0 0 0 24 46 24 46 20 39 0 0 0 0 0 0 0 0
201 900 100 900 0 100 0 1000 24 46 24 46 20 39 0 0 0 0 0 0 0 0 24 46 24 46 17 35 0 0 0 0 0 0 0 0 24 46 24 46 17 35 0 0 0 0 0 0 0 0 24 46 24 46 17 35 0 0 0 0 0 0 0 0 24 46 24 46 17 35 0 0 0 0 0 0 0 0 24 46 24 46 20 39 0 0 0 0 0 0 0 0
202 900 100 900 0 100 0 1000 24 46 24 46 20 39 1904 7 0 0 0 0 1904 7 24 46 24 46 17 35 1904 7 0 0 0 0 1904 7 24 46 24 46 17 35 1904 7 0 0 0 0 1904 7 24 46 24 46 17 35 1904 7 0 0 0 0 1904 7 24 46 24 46 17 35 1904 7 0 0 0 0 1904 7 24 46 24 46 20 39 1904 7 0 0 0 0 1904 7
203 900 100 900 0 100 0 1000 24 46 24 46 20 39 0 0 0 0 0 0 0 0 24 46 24 46 17 35 0 0 0 0 0 0 0 0 24 46 24 46 17 35 0 0 0 0 0 0 0 0 24 46 24 46 17 35 0 0 0 0 0 0 0 0 24 46 24 46 17 35 0 0 0 0 0 0 0 0 24 46 24 46 20 39 0 0 0 0 0 0 0 0
204 900 100 900 0 100 0 1000 24 46 24 46 20 39 0 0 0 0 0 0 0 0 24 46 24 46 17 35 0 0 0 0 0 0 0 0 24 46 24 46 17 35 0 0 0 0 0 0 0 0 24 46 24 46 17 35 0 0 0 0 0 0 0 0 24 46 24 46 17 35 0 0 0 0 0 0 0 0 24 46 24 46 20 39 0 0 0 0 0 0 0 0
205 900 100 900 0 100 0 1000 24 46 24 46 20 39 0 0 0 0 0 0 0 0 24 46 24 46 17 35 0 0 0 0 0 0 0 0 24 46 24 46 17 35 0 0 0 0 0 0 0 0 24 46 24 46 17 35 0 0 0 0 0 0 0 0 24 46 24 46 17 35 0 0 0 0 0 0 0 0 24 46 24 46 20 39 0 0 0 0 0 0 0 0
206 900 100 900 0 100 0 1000 24 46 24 46 20 39 2448 9 0 0 0 0 2448 9 24 46 24 46 17 35 2448 9 0 0 0 0 2448 9 24 46 24 46 17 35 2448 9 0 0 0 0 2448 9 24 46 24 46 17 35 2448 9 0 0 0 0 2448 9 24 46 24 46 17 35 2448 9 0 0 0 0 2448 9 24 46 24 46 20 39 2448 9 0 0 0 0 2448 9
207 900 100 900 0 100 0 1000 24 46 24 46 20 39 0 0 0 0 0 0 0 0 24 46 24 46 17 35 0 0 0 0 0 0 0 0 24 46 24 46 17 35 0 0 0 0 0 0 0 0 24 46 24 46 17 35 0 0 0 0 0 0 0 0 24 46 24 46 17 35 0 0 0 0 0 0 0 0 24 46 24 46 20 39 0 0 0 0 0 0 0 0
208 900 100 900 0 100 0 1000 24 46 24 46 20 39 0 0 0 0 0 0 0 0 24 46 24 46 17 35 0 0 0 0 0 0 0 0 24 46 24 46 17 35 0 0 0 0 0 0 0 0 24 46 24 46 17 35 0 0 0 0 0 0 0 0 24 46 24 46 17 35 0 0 0 0 0 0 0 0 24 46 24 46 20 39 0 0 0 0 0 0 0 0
209 900 100 900 0 100 0 1000 24 46 24 46 20 39 0 0 0 0 0 0 0 0 24 46 24 46 17 35 0 0 0 0 0 0 0 0 24 46 24 46 17 35 0 0 0 0 0 0 0 0 24 46 24 46 17 35 0 0 0 0 0 0 0 0 24 46 24 46 17 35 0 0 0 0 0 0 0 0 24 46 24 46 20 39 0 0 0 0 0 0 0 0
210 900 100 900 0 100 0 1000 24 46 24 46 20 39 2992 11 0 0 0 0 2992 11 24 46 24 46 17 35 2992 11 0 0 0 0 2992 11 24 46 24 46 17 35 2992 11 0 0 0 0 2992 11 24 46 24 46 17 35 2992 11 0 0 0 0 2992 11 24 46 24 46 17 35 2992 11 0 0 0 0 2992 11 24 46 24 46 20 39 2992 11 0 0 0 0 2992 11
211 900 100 900 0 100 0 1000 24 46 24 46 21 42 0 0 0 0 0 0 0 0 24 46 24 46 17 35 0 0 0 0 0 0 0 0 24 46 24 46 17 35 0 0 0 0 0 0 0 0 24 46 24 46 17 35 0 0 0 0 0 0 0 0 24 46 24 46 17 35 0 0 0 0 0 0 0 0 24 46 24 46 21 42 0 0 0 0 0 0 0 0
212 900 100 900 0 100 0 1000 24 46 24 46 21 42 0 0 0 0 0 0 0 0 24 46 24 46 17 35 0 0 0 0 0 0 0 0 24 46 24 46 17 35 0 0 0 0 0 0 0 0 24 46 24 46 17 35 0 0 0 0 0 0 0 0 24 46 24 46 17 35 0 0 0 0 0 0 0 0 24 46 24 46 21 42 0 0 0 0 0 0 0 0
213 900 100 900 0 100 0 1000 24 46 24 46 21 42 0 0 0 0 0 0 0 0 24 46 24 46 17 35 0 0 0 0 0 0 0 0 24 46 24 46 17 35 0 0 0 0 0 0 0 0 24 46 24 46 17 35 0 0 0 0 0 0 0 0 24 46 24 46 17 35 0 0 0 0 0 0 0 0 24 46 24 46 21 42 0 0 0 0 0 0 0 0
214 900 100 900 0 100 0 1000 24 46 24 46 21 42 2992 11 0 0 0 0 2992 11 24 46 24 46 17 35 2992 11 0 0 0 0 2992 11 24 46 24 46 17 35 2992 11 0 0 0 0 2992 11 24 46 24 46 17 35 2992 11 0 0 0 0 2992 11 24 46 24 46 17 35 2992 11 0 0 0 0 2992 11 24 46 24 46 21 42 2992 11 0 0 0 0 2992 11
215 900 100 900 0 100 0 1000 24 46 24 46 22 43 0 0 0 0 0 0 0 0 24 46 24 46 17 35 0 0 0 0 0 0 0 0 24 46 24 46 17 35 0 0 0 0 0 0 0 0 24 46 24 46 17 35 0 0 0 0 0 0 0 0 24 46 24 46 17 35 0 0 0 0 0 0 0 0 24 46 24 46 22 43 0 0 0 0 0 0 0 0
216 900 100 900 0 100 0 1000 24 46 24 46 22 43 0 0 0 0 0 0 0 0 24 46 24 46 17 35 0 0 0 0 0 0 0 0 24 46 24 46 17 35 0 0 0 0 0 0 0 0 24 46 24 46 17 35 0 0 0 0 0 0 0 0 24 46 24 46 17 35 0 0 0 0 0 0 0 0 24 46 24 46 22 43 0 0 0 0 0 0 0 0
217 900 100 900 0 100 0 1000 24 46 24 46 22 43 0 0 0 0 0 0 0 0 24 46 24 46 17 35 0 0 0 0 0 0 0 0 24 46 24 46 17 35 0 0 0 0 0 0 0 0 24 46 24 46 17 35 0 0 0 0 0 0 0 0 24 46 24 46 17 35 0 0 0 0 0 0 0 0 24 46 24 46 22 43 0 0 0 0 0 0 0 0
218 900 100 900 0 100 0 1000 24 46 24 46 22 43 2720 10 0 0 0 0 2720 10 24 46 24 46 17 35 2720 10 0 0 0 0 2720 10 24 46 24 46 17 35 2720 10 0 0 0 0 2720 10 24 46 24 46 17 35 2720 10 0 0 0 0 2720 10 24 46 24 46 17 35 2720 10 0 0 0 0 2720 10 24 46 24 46 22 43 2720 10 0 0 0 0 2720 10
219 900 100 900 0 100 0 1000 24 46 24 46 23 44 0 0 0 0 0 0 0 0 24 46 24 46 17 35 0 0 0 0 0 0 0 0 24 46 24 46 17 35 0 0 0 0 0 0 0 0 24 46 24 46 17 35 0 0 0 0 0 0 0 0 24 46 24 46 17 35 0 0 0 0 0 0 0 0 24 46 24 46 23 44 0 0 0 0 0 0 0 0
220 900 100 900 0 100 0 1000 24 46 24 46 23 44 0 0 0 0 0 0 0 0 24 46 24 46 17 35 0 0 0 0 0 0 0 0 24 46 24 46 17 35 0 0 0 0 0 0 0 0 24 46 24 46 17 35 0 0 0 0 0 0 0 0 24 46 24 46 17 35 0 0 0 0 0 0 0 0 24 46 24 46 23 44 0 0 0 0 0 0 0 0
221 900 100 900 0 100 0 1000 24 46 24 46 23 44 0 0 0 0 0 0 0 0 24 46 24 46 17 35 0 0 0 0 0 0 0 0 24 46 24 46 17 35 0 0 0 0 0 0 0 0 24 46 24 46 17 35 0 0 0 0 0 0 0 0 24 46 24 46 17 35 0 0 0 0 0 0 0 0 24 46 24 46 23 44 0 0 0 0 0 0 0 0
222 900 100 900 0 100 0 1000 24 46 24 46 23 44 2992 11 0 0 0 0 2992 11 24 46 24 46 17 35 2992 11 0 0 0 0 2992 11 24 46 24 46 17 35 2992 11 0 0 0 0 2992 11 24 46 24 46 17 35 2992 11 0 0 0 0 2992 11 24 46 24 46 17 35 2992 11 0 0 0 0 2992 11 24 46 24 46 23 44 2992 11 0 0 0 0 2992 11
223 900 100 900 0 100 0 1000 24 46 24 46 23 44 0 0 0 0 0 0 0 0 24 46 24 46 17 35 0 0 0 0 0 0 0 0 24 46 24 46 17 35 0 0 0 0 0 0 0 0 24 46 24 46 17 35 0 0 0 0 0 0 0 0 24 46 24 46 17 35 0 0 0 0 0 0 0 0 24 46 24 46 23 44 0 0 0 0 0 0 0 0
224 900 100 900 0 100 0 1000 24 46 24 46 23 44 0 0 0 0 0 0 0 0 24 46 24 46 17 35 0 0 0 0 0 0 0 0 24 46 24 46 17 35 0 0 0 0 0 0 0 0 24 46 24 46 17 35 0 0 0 0 0 0 0 0 24 46 24 46 17 35 0 0 0 0 0 0 0 0 24 46 24 46 23 44 0 0 0 0 0 0 0 0
225 900 100 900 0 100 0 1000 24 46 24 46 23 44 0 0 0 0 0 0 0 0 24 46 24 46 17 35 0 0 0 0 0 0 0 0 24 46 24 46 17 35 0 0 0 0 0 0 0 0 24 46 24 46 17 35 0 0 0 0 0 0 0 0 24 46 24 46 17 35 0 0 0 0 0 0 0 0 24 46 24 46 23 44 0 0 0 0 0 0 0 0
226 900 100 900 0 100 0 1000 24 46 24 46 23 44 1632 6 0 0 0 0 1632 6 24 46 24 46 17 35 1632 6 0 0 0 0 1632 6 24 46 24 46 17 35 1632 6 0 0 0 0 1632 6 24 46 24 46 17 35 1632 6 0 0 0 0 1632 6 24 46 24 46 17 35 1632 6 0 0 0 0 1632 6 24 46 24 46 23 44 1632 6 0 0 0 0 1632 6
227 900 100 900 0 100 0 1000 24 46 24 46 24 46 0 0 0 0 0 0 0 0 24 46 24 46 17 35 0 0 0 0 0 0 0 0 24 46 24 46 17 35 0 0 0 0 0 0 0 0 24 46 24 46 17 35 0 0 0 0 0 0 0 0 24 46 24 46 17 35 0 0 0 0 0 0 0 0 24 46 24 46 24 46 0 0 0 0 0 0 0 0
228 900 100 900 0 100 0 1000 24 46 24 46 24 46 0 0 0 0 0 0 0 0 24 46 24 46 17 35 0 0 0 0 0 0 0 0 24 46 24 46 17 35 0 0 0 0 0 0 0 0 24 46 24 46 17 35 0 0 0 0 0 0 0 0 24 46 24 46 17 35 0 0 0 0 0 0 0 0 24 46 24 46 24 46 0 0 0 0 0 0 0 0
229 900 100 900 0 100 0 1000 24 46 24 46 24 46 0 0 0 0 0 0 0 0 24 46 24 46 17 35 0 0 0 0 0 0 0 0 24 46 24 46 17 35 0 0 0 0 0 0 0 0 24 46 24 46 17 35 0 0 0 0 0 0 0 0 24 46 24 46 17 35 0 0 0 0 0 0 0 0 24 46 24 46 24 46 0 0 0 0 0 0 0 0
230 900 100 900 0 100 0 1000 24 46 24 46 24 46 1088 4 0 0 0 0 1088 4 24 46 24 46 17 35 1088 4 0 0 0 0 1088 4 24 46 24 46 17 35 1088 4 0 0 0 0 1088 4 24 46 24 46 17 35 1088 4 0 0 0 0 1088 4 24 46 24 46 17 35 1088 4 0 0 0 0 1088 4 24 46 24 46 24 46 1088 4 0 0 0 0 1088 4
231 900 100 900 0 100 0 1000 24 46 24 46 24 46 0 0 0 0 0 0 0 0 24 46 24 46 17 35 0 0 0 0 0 0 0 0 24 46 24 46 17 35 0 0 0 0 0 0 0 0 24 46 24 46 17 35 0 0 0 0 0 0 0 0 24 46 24 46 17 35 0 0 0 0 0 0 0 0 24 46 24 46 24 46 0 0 0 0 0 0 0 0
232 900 100 900 0 100 0 1000 24 46 24 46 24 46 0 0 0 0 0 0 0 0 24 46 24 46 17 35 0 0 0 0 0 0 0 0 24 46 24 46 17 35 0 0 0 0 0 0 0 0 24 46 24 46 17 35 0 0 0 0 0 0 0 0 24 46 24 46 17 35 0 0 0 0 0 0 0 0 24 46 24 46 24 46 0 0 0 0 0 0 0 0
233 900 100 900 0 100 0 1000 24 46 24 46 24 46 0 0 0 0 0 0 0 0 24 46 24 46 17 35 0 0 0 0 0 0 0 0 24 46 24 46 17 35 0 0 0 0 0 0 0 0 24 46 24 46 17 35 0 0 0 0 0 0 0 0 24 46 24 46 17 35 0 0 0 0 0 0 0 0 24 46 24 46 24 46 0 0 0 0 0 0 0 0
234 900 100 900 0 100 0 1000 24 46 24 46 24 46 2720 10 0 0 0 0 2720 10 24 46 24 46 17 35 2720 10 0 0 0 0 2720 10 24 46 24 46 17 35 2720 10 0 0 0 0 2720 10 24 46 24 46 17 35 2720 10 0 0 0 0 2720 10 24 46 24 46 17 35 2720 10 0 0 0 0 2720 10 24 46 24 46 24 46 2720 10 0 0 0 0 2720 10
235 900 100 900 0 100 0 1000 24 46 24 46 24 46 0 0 0 0 0 0 0 0 24 46 24 46 17 35 0 0 0 0 0 0 0 0 24 46 24 46 17 35 0 0 0 0 0 0 0 0 24 46 24 46 17 35 0 0 0 0 0 0 0 0 24 46 24 46 17 35 0 0 0 0 0 0 0 0 24 46 24 46 24 46 0 0 0 0 0 0 0 0
236 900 100 900 0 100 0 1000 24 46 24 46 24 46 0 0 0 0 0 0 0 0 24 46 24 46 17 35 0 0 0 0 0 0 0 0 24 46 24 46 17 35 0 0 0 0 0 0 0 0 24 46 24 46 17 35 0 0 0 0 0 0 0 0 24 46 24 46 17 35 0 0 0 0 0 0 0 0 24 46 24 46 24 46 0 0 0 0 0 0 0 0
237 900 100 900 0 100 0 1000 24 46 24 46 24 46 0 0 0 0 0 0 0 0 24 46 24 46 17 35 0 0 0 0 0 0 0 0 24 46 24 46 17 35 0 0 0 0 0 0 0 0 24 46 24 46 17 35 0 0 0 0 0 0 0 0 24 46 24 46 17 35 0 0 0 0 0 0 0 0 24 46 24 46 24 46 0 0 0 0 0 0 0 0
238 900 100 900 0 100 0 1000 24 46 24 46 24 46 2720 10 0 0 0 0 2720 10 24 46 24 46 17 35 2720 10 0 0 0 0 2720 10 24 46 24 46 17 35 2720 10 0 0 0 0 2720 10 24 46 24 46 17 35 2720 10 0 0 0 0 2720 10 24 46 24 46 17 35 2720 10 0 0 0 0 2720 10 24 46 24 46 24 46 2720 10 0 0 0 0 2720 10
239 900 100 900 0 100 0 1000 24 46 24 46 24 46 0 0 0 0 0 0 0 0 24 46 24 46 17 35 0 0 0 0 0 0 0 0 24 46 24 46 17 35 0 0 0 0 0 0 0 0 24 46 24 46 17 35 0 0 0 0 0 0 0 0 24 46 24 46 17 35 0 0 0 0 0 0 0 0 24 46 24 46 24 46 0 0 0 0 0 0 0 0
240 900 100 900 0 100 0 1000 24 46 24 46 24 46 0 0 0 0 0 0 0 0 24 46 24 46 17 35 0 0 0 0 0 0 0 0 24 46 24 46 17 35 0 0 0 0 0 0 0 0 24 46 24 46 17 35 0 0 0 0 0 0 0 0 24 46 24 46 17 35 0 0 0 0 0 0 0 0 24 46 24 46 24 46 0 0 0 0 0 0 0 0
241 900 100 900 0 100 0 1000 24 46 24 46 24 46 0 0 0 0 0 0 0 0 24 46 24 46 17 35 0 0 0 0 0 0 0 0 24 46 24 46 17 35 0 0 0 0 0 0 0 0 24 46 24 46 17 35 0 0 0 0 0 0 0 0 24 46 24 46 17 35 0 0 0 0 0 0 0 0 24 46 24 46 24 46 0 0 0 0 0 0 0 0
242 900 100 900 0 100 0 1000 24 46 24 46 24 46 2720 10 0 0 0 0 2720 10 24 46 24 46 17 35 2720 10 0 0 0 0 2720 10 24 46 24 46 17 35 2720 10 0 0 0 0 2720 10 24 46 24 46 17 35 2720 10 0 0 0 0 2720 10 24 46 24 46 17 35 2720 10 0 0 0 0 2720 10 24 46 24 46 24 46 2720 10 0 0 0 0 2720 10
243 900 100 900 0 100 0 1000 24 46 24 46 24 46 0 0 0 0 0 0 0 0 24 46 24 46 17 35 0 0 0 0 0 0 0 0 24 46 24 46 17 35 0 0 0 0 0 0 0 0 24 46 24 46 17 35 0 0 0 0 0 0 0 0 24 46 24 46 17 35 0 0 0 0 0 0 0 0 24 46 24 46 24 46 0 0 0 0 0 0 0 0
244 900 100 900 0 100 0 1000 24 46 24 46 24 46 0 0 0 0 0 0 0 0 24 46 24 46 17 35 0 0 0 0 0 0 0 0 24 46 24 46 17 35 0 0 0 0 0 0 0 0 24 46 24 46 17 35 0 0 0 0 0 0 0 0 24 46 24 46 17 35 0 0 0 0 0 0 0 0 24 46 24 46 24 46 0 0 0 0 0 0 0 0
245 900 100 900 0 100 0 1000 24 46 24 46 24 46 0 0 0 0 0 0 0 0 24 46 24 46 17 35 0 0 0 0 0 0 0 0 24 46 24 46 17 35 0 0 0 0 0 0 0 0 24 46 24 46 17 35 0 0 0 0 0 0 0 0 24 46 24 46 17 35 0 0 0 0 0 0 0 0 24 46 24 46 24 46 0 0 0 0 0 0 0 0
246 900 100 900 0 100 0 1000 24 46 24 46 24 46 2448 9 0 0 0 0 2448 9 24 46 24 46 17 35 2448 9 0 0 0 0 2448 9 24 46 24 46 17 35 2448 9 0 0 0 0 2448 9 24 46 24 46 17 35 2448 9 0 0 0 0 2448 9 24 46 24 46 17 35 2448 9 0 0 0 0 2448 9 24 46 24 46 24 46 2448 9 0 0 0 0 2448 9
247 900 100 900 0 100 0 1000 24 46 24 46 24 46 0 0 0 0 0 0 0 0 24 46 24 46 17 35 0 0 0 0 0 0 0 0 24 46 24 46 17 35 0 0 0 0 0 0 0 0 24 46 24 46 17 35 0 0 0 0 0 0 0 0 24 46 24 46 17 35 0 0 0 0 0 0 0 0 24 46 24 46 24 46 0 0 0 0 0 0 0 0
248 0 1000 0 900 100 0 1000 24 46 24 46 24 46 0 0 0 0 0 0 0 0 24 46 24 46 17 35 0 0 0 0 0 0 0 0 24 46 24 46 17 35 0 0 0 0 0 0 0 0 24 46 24 46 17 35 0 0 0 0 0 0 0 0 24 46 24 46 17 35 0 0 0 0 0 0 0 0 24 46 24 46 24 46 0 0 0 0 0 0 0 0
249 0 1000 0 900 100 0 1000 24 46 24 46 24 46 727 1 727 1 0 0 0 0 24 46 24 46 17 35 727 1 727 1 0 0 0 0 24 46 24 46 17 35 727 1 727 1 0 0 0 0 24 46 24 46 17 35 727 1 727 1 0 0 0 0 24 46 24 46 17 35 727 1 727 1 0 0 0 0 24 46 24 46 24 46 727 1 727 1 0 0 0 0
250 0 1000 0 900 100 0 1000 24 46 24 46 24 46 1923 7 0 0 291 1 1632 6 24 46 24 46 17 35 1923 7 0 0 291 1 1632 6 24 46 24 46 17 35 1923 7 0 0 291 1 1632 6 24 46 24 46 17 35 1923 7 0 0 291 1 1632 6 24 46 24 46 17 35 1923 7 0 0 291 1 1632 6 24 46 24 46 24 46 1923 7 0 0 291 1 1632 6
251 0 1000 0 0 1000 0 1000 24 46 24 46 24 46 0 0 0 0 0 0 0 0 24 46 24 46 24 46 0 0 0 0 0 0 0 0 24 46 24 46 24 46 0 0 0 0 0 0 0 0 24 46 24 46 24 46 0 0 0 0 0 0 0 0 24 46 24 46 24 46 0 0 0 0 0 0 0 0 24 46 24 46 24 46 0 0 0 0 0 0 0 0
252 0 1000 0 0 1000 0 1000 24 46 24 46 24 46 0 0 0 0 0 0 0 0 24 46 24 46 24 46 0 0 0 0 0 0 0 0 24 46 24 46 24 46 0 0 0 0 0 0 0 0 24 46 24 46 24 46 0 0 0 0 0 0 0 0 24 46 24 46 24 46 0 0 0 0 0 0 0 0 24 46 24 46 24 46 0 0 0 0 0 0 0 0
253 0 1000 0 0 1000 0 1000 24 46 24 46 24 46 1262 2 1262 2 0 0 0 0 24 46 24 46 24 46 1262 2 1262 2 0 0 0 0 24 46 24 46 24 46 1262 2 1262 2 0 0 0 0 24 46 24 46 24 46 1262 2 1262 2 0 0 0 0 24 46 24 46 24 46 1262 2 1262 2 0 0 0 0 24 46 24 46 24 46 1262 2 1262 2 0 0 0 0
254 0 1000 0 0 1000 0 1000 26 63 26 63 24 46 27763 102 0 0 291 1 27472 101 26 63 26 63 24 46 27763 102 0 0 291 1 27472 101 26 63 26 63 24 46 27763 102 0 0 291 1 27472 101 26 63 26 63 24 46 27763 102 0 0 291 1 27472 101 26 63 26 63 24 46 27763 102 0 0 291 1 27472 101 26 63 26 63 24 46 27763 102 0 0 291 1 27472 101
255 0 1000 0 0 1000 0 1000 26 63 26 63 24 46 0 0 0 0 0 0 0 0 26 63 26 63 24 46 0 0 0 0 0 0 0 0 26 63 26 63 24 46 0 0 0 0 0 0 0 0 26 63 26 63 24 46 0 0 0 0 0 0 0 0 26 63 26 63 24 46 0 0 0 0 0 0 0 0 26 63 26 63 24 46 0 0 0 0 0 0 0 0
256 0 1000 0 0 1000 0 1000 26 63 26 63 24 46 0 0 0 0 0 0 0 0 26 63 26 63 24 46 0 0 0 0 0 0 0 0 26 63 26 63 24 46 0 0 0 0 0 0 0 0 26 63 26 63 24 46 0 0 0 0 0 0 0 0 26 63 26 63 24 46 0 0 0 0 0 0 0 0 26 63 26 63 24 46 0 0 0 0 0 0 0 0
257 0 1000 0 0 1000 0 1000 26 63 26 63 24 46 0 0 0 0 0 0 0 0 26 63 26 63 24 46 0 0 0 0 0 0 0 0 26 63 26 63 24 46 0 0 0 0 0 0 0 0 26 63 26 63 24 46 0 0 0 0 0 0 0 0 26 63 26 63 24 46 0 0 0 0 0 0 0 0 26 63 26 63 24 46 0 0 0 0 0 0 0 0
258 0 1000 0 0 1000 0 1000 26 63 26 63 24 46 26112 96 0 0 0 0 26112 96 26 63 26 63 24 46 26112 96 0 0 0 0 26112 96 26 63 26 63 24 46 26112 96 0 0 0 0 26112 96 26 63 26 63 24 46 26112 96 0 0 0 0 26112 96 26 63 26 63 24 46 26112 96 0 0 0 0 26112 96 26 63 26 63 24 46 26112 96 0 0 0 0 26112 96
259 0 1000 0 0 1000 0 1000 26 63 26 63 24 46 0 0 0 0 0 0 0 0 26 63 26 63 24 46 0 0 0 0 0 0 0 0 26 63 26 63 24 46 0 0 0 0 0 0 0 0 26 63 26 63 24 46 0 0 0 0 0 0 0 0 26 63 26 63 24 46 0 0 0 0 0 0 0 0 26 63 26 63 24 46 0 0 0 0 0 0 0 0
260 0 1000 0 0 1000 0 1000 26 63 26 63 24 46 0 0 0 0 0 0 0 0 26 63 26 63 24 46 0 0 0 0 0 0 0 0 26 63 26 63 24 46 0 0 0 0 0 0 0 0 26 63 26 63 24 46 0 0 0 0 0 0 0 0 26 63 26 63 24 46 0 0 0 0 0 0 0 0 26 63 26 63 24 46 0 0 0 0 0 0 0 0
261 0 1000 0 0 1000 0 1000 26 63 26 63 24 46 0 0 0 0 0 0 0 0 26 63 26 63 24 46 0 0 0 0 0 0 0 0 26 63 26 63 24 46 0 0 0 0 0 0 0 0 26 63 26 63 24 46 0 0 0 0 0 0 0 0 26 63 26 63 24 46 0 0 0 0 0 0 0 0 26 63 26 63 24 46 0 0 0 0 0 0 0 0
262 0 1000 0 0 1000 0 1000 26 63 26 63 24 46 29920 110 0 0 0 0 29920 110 26 63 26 63 24 46 29920 110 0 0 0 0 29920 110 26 63 26 63 24 46 29920 110 0 0 0 0 29920 110 26 63 26 63 24 46 29920 110 0 0 0 0 29920 110 26 63 26 63 24 46 29920 110 0 0 0 0 29920 110 26 63 26 63 24 46 29920 110 0 0 0 0 29920 110
263 0 1000 0 0 1000 0 1000 26 63 26 63 24 46 0 0 0 0 0 0 0 0 26 63 26 63 24 46 0 0 0 0 0 0 0 0 26 63 26 63 24 46 0 0 0 0 0 0 0 0 26 63 26 63 24 46 0 0 0 0 0 0 0 0 26 63 26 63 24 46 0 0 0 0 0 0 0 0 26 63 26 63 24 46 0 0 0 0 0 0 0 0
264 0 1000 0 0 1000 0 1000 26 63 26 63 24 46 0 0 0 0 0 0 0 0 26 63 26 63 24 46 0 0 0 0 0 0 0 0 26 63 26 63 24 46 0 0 0 0 0 0 0 0 26 63 26 63 24 46 0 0 0 0 0 0 0 0 26 63 26 63 24 46 0 0 0 0 0 0 0 0 26 63 26 63 24 46 0 0 0 0 0 0 0 0
265 0 1000 0 0 1000 0 1000 26 63 26 63 24 46 0 0 0 0 0 0 0 0 26 63 26 63 24 46 0 0 0 0 0 0 0 0 26 63 26 63 24 46 0 0 0 0 0 0 0 0 26 63 26 63 24 46 0 0 0 0 0 0 0 0 26 63 26 63 24 46 0 0 0 0 0 0 0 0 26 63 26 63 24 46 0 0 0 0 0 0 0 0
266 0 1000 0 0 1000 0 1000 26 63 26 63 24 46 23664 87 0 0 0 0 23664 87 26 63 26 63 24 46 23664 87 0 0 0 0 23664 87 26 63 26 63 24 46 23664 87 0 0 0 0 23664 87 26 63 26 63 24 46 23664 87 0 0 0 0 23664 87 26 63 26 63 24 46 23664 87 0 0 0 0 23664 87 26 63 26 63 24 46 23664 87 0 0 0 0 23664 87
267 0 1000 0 0 1000 0 1000 26 63 26 63 24 46 0 0 0 0 0 0 0 0 26 63 26 63 24 46 0 0 0 0 0 0 0 0 26 63 26 63 24 46 0 0 0 0 0 0 0 0 26 63 26 63 24 46 0 0 0 0 0 0 0 0 26 63 26 63 24 46 0 0 0 0 0 0 0 0 26 63 26 63 24 46 0 0 0 0 0 0 0 0
268 0 1000 0 0 1000 0 1000 26 63 26 63 24 46 0 0 0 0 0 0 0 0 26 63 26 63 24 46 0 0 0 0 0 0 0 0 26 63 26 63 24 46 0 0 0 0 0 0 0 0 26 63 26 63 24 46 0 0 0 0 0 0 0 0 26 63 26 63 24 46 0 0 0 0 0 0 0 0 26 63 26 63 24 46 0 0 0 0 0 0 0 0
269 0 1000 0 0 1000 0 1000 26 63 26 63 24 46 3223 1 3223 1 0 0 0 0 26 63 26 63 24 46 3223 1 3223 1 0 0 0 0 26 63 26 63 24 46 3223 1 3223 1 0 0 0 0 26 63 26 63 24 46 3223 1 3223 1 0 0 0 0 26 63 26 63 24 46 3223 1 3223 1 0 0 0 0 26 63 26 63 24 46 3223 1 3223 1 0 0 0 0
270 0 1000 0 0 1000 0 1000 27 67 27 67 24 46 26675 98 0 0 291 1 26384 97 27 67 27 67 24 46 26675 98 0 0 291 1 26384 97 27 67 27 67 24 46 26675 98 0 0 291 1 26384 97 27 67 27 67 24 46 26675 98 0 0 291 1 26384 97 27 67 27 67 24 46 26675 98 0 0 291 1 26384 97 27 67 27 67 24 46 26675 98 0 0 291 1 26384 97
271 0 1000 0 0 1000 0 1000 27 67 27 67 24 46 0 0 0 0 0 0 0 0 27 67 27 67 24 46 0 0 0 0 0 0 0 0 27 67 27 67 24 46 0 0 0 0 0 0 0 0 27 67 27 67 24 46 0 0 0 0 0 0 0 0 27 67 27 67 24 46 0 0 0 0 0 0 0 0 27 67 27 67 24 46 0 0 0 0 0 0 0 0
272 0 1000 0 0 1000 0 1000 27 67 27 67 24 46 0 0 0 0 0 0 0 0 27 67 27 67 24 46 0 0 0 0 0 0 0 0 27 67 27 67 24 46 0 0 0 0 0 0 0 0 27 67 27 67 24 46 0 0 0 0 0 0 0 0 27 67 27 67 24 46 0 0 0 0 0 0 0 0 27 67 27 67 24 46 0 0 0 0 0 0 0 0
273 0 1000 0 0 1000 0 1000 27 67 27 67 24 46 7086 2 7086 2 0 0 0 0 27 67 27 67 24 46 7086 2 7086 2 0 0 0 0 27 67 27 67 24 46 7086 2 7086 2 0 0 0 0 27 67 27 67 24 46 7086 2 7086 2 0 0 0 0 27 67 27 67 24 46 7086 2 7086 2 0 0 0 0 27 67 27 67 24 46 7086 2 7086 2 0 0 0 0
274 0 1000 0 0 1000 0 1000 28 68 28 68 24 46 24499 90 0 0 291 1 24208 89 28 68 28 68 24 46 24499 90 0 0 291 1 24208 89 28 68 28 68 24 46 24499 90 0 0 291 1 24208 89 28 68 28 68 24 46 24499 90 0 0 291 1 24208 89 28 68 28 68 24 46 24499 90 0 0 291 1 24208 89 28 68 28 68 24 46 24499 90 0 0 291 1 24208 89
275 0 1000 0 0 1000 0 1000 28 68 28 68 24 46 0 0 0 0 0 0 0 0 28 68 28 68 24 46 0 0 0 0 0 0 0 0 28 68 28 68 24 46 0 0 0 0 0 0 0 0 28 68 28 68 24 46 0 0 0 0 0 0 0 0 28 68 28 68 24 46 0 0 0 0 0 0 0 0 28 68 28 68 24 46 0 0 0 0 0 0 0 0
276 0 1000 0 0 1000 0 1000 28 68 28 68 24 46 0 0 0 0 0 0 0 0 28 68 28 68 24 46 0 0 0 0 0 0 0 0 28 68 28 68 24 46 0 0 0 0 0 0 0 0 28 68 28 68 24 46 0 0 0 0 0 0 0 0 28 68 28 68 24 46 0 0 0 0 0 0 0 0 28 68 28 68 24 46 0 0 0 0 0 0 0 0
277 0 1000 0 0 1000 0 1000 28 68 28 68 24 46 6574 2 6574 2 0 0 0 0 28 68 28 68 24 46 6574 2 6574 2 0 0 0 0 28 68 28 68 24 46 6574 2 6574 2 0 0 0 0 28 68 28 68 24 46 6574 2 6574 2 0 0 0 0 28 68 28 68 24 46 6574 2 6574 2 0 0 0 0 28 68 28 68 24 46 6574 2 6574 2 0 0 0 0
278 0 1000 0 0 1000 0 1000 29 69 29 69 24 46 23955 88 0 0 291 1 23664 87 29 69 29 69 24 46 23955 88 0 0 291 1 23664 87 29 69 29 69 24 46 23955 88 0 0 291 1 23664 87 29 69 29 69 24 46 23955 88 0 0 291 1 23664 87 29 69 29 69 24 46 23955 88 0 0 291 1 23664 87 29 69 29 69 24 46 23955 88 0 0 291 1 23664 87
279 0 1000 0 0 1000 0 1000 29 69 29 69 24 46 0 0 0 0 0 0 0 0 29 69 29 69 24 46 0 0 0 0 0 0 0 0 29 69 29 69 24 46 0 0 0 0 0 0 0 0 29 69 29 69 24 46 0 0 0 0 0 0 0 0 29 69 29 69 24 46 0 0 0 0 0 0 0 0 29 69 29 69 24 46 0 0 0 0 0 0 0 0
280 0 1000 0 0 1000 0 1000 29 69 29 69 24 46 0 0 0 0 0 0 0 0 29 69 29 69 24 46 0 0 0 0 0 0 0 0 29 69 29 69 24 46 0 0 0 0 0 0 0 0 29 69 29 69 24 46 0 0 0 0 0 0 0 0 29 69 29 69 24 46 0 0 0 0 0 0 0 0 29 69 29 69 24 46 0 0 0 0 0 0 0 0
281 0 1000 0 0 1000 0 1000 29 69 29 69 24 46 0 0 0 0 0 0 0 0 29 69 29 69 24 46 0 0 0 0 0 0 0 0 29 69 29 69 24 46 0 0 0 0 0 0 0 0 29 69 29 69 24 46 0 0 0 0 0 0 0 0 29 69 29 69 24 46 0 0 0 0 0 0 0 0 29 69 29 69 24 46 0 0 0 0 0 0 0 0
282 0 1000 0 0 1000 0 1000 29 69 29 69 24 46 29648 109 0 0 0 0 29648 109 29 69 29 69 24 46 29648 109 0 0 0 0 29648 109 29 69 29 69 24 46 29648 109 0 0 0 0 29648 109 29 69 29 69 24 46 29648 109 0 0 0 0 29648 109 29 69 29 69 24 46 29648 109 0 0 0 0 29648 109 29 69 29 69 24 46 29648 109 0 0 0 0 29648 109
283 0 1000 0 0 1000 0 1000 29 69 29 69 24 46 0 0 0 0 0 0 0 0 29 69 29 69 24 46 0 0 0 0 0 0 0 0 29 69 29 69 24 46 0 0 0 0 0 0 0 0 29 69 29 69 24 46 0 0 0 0 0 0 0 0 29 69 29 69 24 46 0 0 0 0 0 0 0 0 29 69 29 69 24 46 0 0 0 0 0 0 0 0
284 0 1000 0 0 1000 0 1000 29 69 29 69 24 46 0 0 0 0 0 0 0 0 29 69 29 69 24 46 0 0 0 0 0 0 0 0 29 69 29 69 24 46 0 0 0 0 0 0 0 0 29 69 29 69 24 46 0 0 0 0 0 0 0 0 29 69 29 69 24 46 0 0 0 0 0 0 0 0 29 69 29 69 24 46 0 0 0 0 0 0 0 0
285 0 1000 0 0 1000 0 1000 29 69 29 69 24 46 3927 1 3927 1 0 0 0 0 29 69 29 69 24 46 3927 1 3927 1 0 0 0 0 29 69 29 69 24 46 3927 1 3927 1 0 0 0 0 29 69 29 69 24 46 3927 1 3927 1 0 0 0 0 29 69 29 69 24 46 3927 1 3927 1 0 0 0 0 29 69 29 69 24 46 3927 1 3927 1 0 0 0 0
286 0 1000 0 0 1000 0 1000 30 71 30 71 24 46 22867 84 0 0 291 1 22576 83 30 71 30 71 24 46 22867 84 0 0 291 1 22576 83 30 71 30 71 24 46 22867 84 0 0 291 1 22576 83 30 71 30 71 24 46 22867 84 0 0 291 1 22576 83 30 71 30 71 24 46 22867 84 0 0 291 1 22576 83 30 71 30 71 24 46 22867 84 0 0 291 1 22576 83
287 0 1000 0 0 1000 0 1000 30 71 30 71 24 46 0 0 0 0 0 0 0 0 30 71 30 71 24 46 0 0 0 0 0 0 0 0 30 71 30 71 24 46 0 0 0 0 0 0 0 0 30 71 30 71 24 46 0 0 0 0 0 0 0 0 30 71 30 71 24 46 0 0 0 0 0 0 0 0 30 71 30 71 24 46 0 0 0 0 0 0 0 0
288 0 1000 0 0 1000 0 1000 30 71 30 71 24 46 0 0 0 0 0 0 0 0 30 71 30 71 24 46 0 0 0 0 0 0 0 0 30 71 30 71 24 46 0 0 0 0 0 0 0 0 30 71 30 71 24 46 0 0 0 0 0 0 0 0 30 71 30 71 24 46 0 0 0 0 0 0 0 0 30 71 30 71 24 46 0 0 0 0 0 0 0 0
289 0 1000 0 0 1000 0 1000 30 71 30 71 24 46 0 0 0 0 0 0 0 0 30 71 30 71 24 46 0 0 0 0 0 0 0 0 30 71 30 71 24 46 0 0 0 0 0 0 0 0 30 71 30 71 24 46 0 0 0 0 0 0 0 0 30 71 30 71 24 46 0 0 0 0 0 0 0 0 30 71 30 71 24 46 0 0 0 0 0 0 0 0
290 0 1000 0 0 1000 0 1000 30 71 30 71 24 46 27744 102 0 0 0 0 27744 102 30 71 30 71 24 46 27744 102 0 0 0 0 27744 102 30 71 30 71 24 46 27744 102 0 0 0 0 27744 102 30 71 30 71 24 46 27744 102 0 0 0 0 27744 102 30 71 30 71 24 46 27744 102 0 0 0 0 27744 102 30 71 30 71 24 46 27744 102 0 0 0 0 27744 102
291 0 1000 0 0 1000 0 1000 30 71 30 71 25 62 0 0 0 0 0 0 0 0 30 71 30 71 25 62 0 0 0 0 0 0 0 0 30 71 30 71 25 62 0 0 0 0 0 0 0 0 30 71 30 71 25 62 0 0 0 0 0 0 0 0 30 71 30 71 25 62 0 0 0 0 0 0 0 0 30 71 30 71 25 62 0 0 0 0 0 0 0 0
292 0 1000 0 0 1000 0 1000 30 71 30 71 25 62 0 0 0 0 0 0 0 0 30 71 30 71 25 62 0 0 0 0 0 0 0 0 30 71 30 71 25 62 0 0 0 0 0 0 0 0 30 71 30 71 25 62 0 0 0 0 0 0 0 0 30 71 30 71 25 62 0 0 0 0 0 0 0 0 30 71 30 71 25 62 0 0 0 0 0 0 0 0
293 0 1000 0 0 1000 0 1000 30 71 30 71 25 62 0 0 0 0 0 0 0 0 30 71 30 71 25 62 0 0 0 0 0 0 0 0 30 71 30 71 25 62 0 0 0 0 0 0 0 0 30 71 30 71 25 62 0 0 0 0 0 0 0 0 30 71 30 71 25 62 0 0 0 0 0 0 0 0 30 71 30 71 25 62 0 0 0 0 0 0 0 0
294 0 1000 0 0 1000 0 1000 30 71 30 71 25 62 23120 85 0 0 0 0 23120 85 30 71 30 71 25 62 23120 85 0 0 0 0 23120 85 30 71 30 71 25 62 23120 85 0 0 0 0 23120 85 30 71 30 71 25 62 23120 85 0 0 0 0 23120 85 30 71 30 71 25 62 23120 85 0 0 0 0 23120 85 30 71 30 71 25 62 23120 85 0 0 0 0 23120 85
295 0 1000 0 0 1000 0 1000 30 71 30 71 26 63 0 0 0 0 0 0 0 0 30 71 30 71 26 63 0 0 0 0 0 0 0 0 30 71 30 71 26 63 0 0 0 0 0 0 0 0 30 71 30 71 26 63 0 0 0 0 0 0 0 0 30 71 30 71 26 63 0 0 0 0 0 0 0 0 30 71 30 71 26 63 0 0 0 0 0 0 0 0
296 0 1000 0 0 1000 0 1000 30 71 30 71 26 63 0 0 0 0 0 0 0 0 30 71 30 71 26 63 0 0 0 0 0 0 0 0 30 71 30 71 26 63 0 0 0 0 0 0 0 0 30 71 30 71 26 63 0 0 0 0 0 0 0 0 30 71 30 71 26 63 0 0 0 0 0 0 0 0 30 71 30 71 26 63 0 0 0 0 0 0 0 0
297 0 1000 0 0 1000 0 1000 30 71 30 71 26 63 0 0 0 0 0 0 0 0 30 71 30 71 26 63 0 0 0 0 0 0 0 0 30 71 30 71 26 63 0 0 0 0 0 0 0 0 30 71 30 71 26 63 0 0 0 0 0 0 0 0 30 71 30 71 26 63 0 0 0 0 0 0 0 0 30 71 30 71 26 63 0 0 0 0 0 0 0 0
298 0 1000 0 0 1000 0 1000 30 71 30 71 26 63 24752 91 0 0 0 0 24752 91 30 71 30 71 26 63 24752 91 0 0 0 0 24752 91 30 71 30 71 26 63 24752 91 0 0 0 0 24752 91 30 71 30 71 26 63 24752 91 0 0 0 0 24752 91 30 71 30 71 26 63 24752 91 0 0 0 0 24752 91 30 71 30 71 26 63 24752 91 0 0 0 0 24752 91
299 0 1000 0 0 1000 0 1000 30 71 30 71 26 63 0 0 0 0 0 0 0 0 30 71 30 71 26 63 0 0 0 0 0 0 0 0 30 71 30 71 26 63 0 0 0 0 0 0 0 0 30 71 30 71 26 63 0 0 0 0 0 0 0 0 30 71 30 71 26 63 0 0 0 0 0 0 0 0 30 71 30 71 26 63 0 0 0 0 0 0 0 0
300 0 1000 0 0 1000 0 1000 30 71 30 71 26 63 0 0 0 0 0 0 0 0 30 71 30 71 26 63 0 0 0 0 0 0 0 0 30 71 30 71 26 63 0 0 0 0 0 0 0 0 30 71 30 71 26 63 0 0 0 0 0 0 0 0 30 71 30 71 26 63 0 0 0 0 0 0 0 0 30 71 30 71 26 63 0 0 0 0 0 0 0 0
301 0 1000 0 0 1000 0 1000 30 71 30 71 26 63 3351 1 3351 1 0 0 0 0 30 71 30 71 26 63 3351 1 3351 1 0 0 0 0 30 71 30 71 26 63 3351 1 3351 1 0 0 0 0 30 71 30 71 26 63 3351 1 3351 1 0 0 0 0 30 71 30 71 26 63 3351 1 3351 1 0 0 0 0 30 71 30 71 26 63 3351 1 3351 1 0 0 0 0
302 0 1000 0 0 1000 0 1000 31 75 31 75 26 63 28579 105 0 0 291 1 28288 104 31 75 31 75 26 63 28579 105 0 0 291 1 28288 104 31 75 31 75 26 63 28579 105 0 0 291 1 28288 104 31 75 31 75 26 63 28579 105 0 0 291 1 28288 104 31 75 31 75 26 63 28579 105 0 0 291 1 28288 104 31 75 31 75 26 63 28579 105 0 0 291 1 28288 104
303 0 1000 0 0 1000 0 1000 31 75 31 75 26 63 0 0 0 0 0 0 0 0 31 75 31 75 26 63 0 0 0 0 0 0 0 0 31 75 31 75 26 63 0 0 0 0 0 0 0 0 31 75 31 75 26 63 0 0 0 0 0 0 0 0 31 75 31 75 26 63 0 0 0 0 0 0 0 0 31 75 31 75 26 63 0 0 0 0 0 0 0 0
