r n_asleep n_awake n_honest_asleep n_honest_dreamy n_honest_awake n_adversary n_all party0_ledger_best_length party0_ledger_best_age party0_ledger_fast_length party0_ledger_fast_age party0_ledger_slow_length party0_ledger_slow_age party0_comms_all_size party0_comms_all_count party0_comms_proposal_size party0_comms_proposal_count party0_comms_piece_block_size party0_comms_piece_block_count party0_comms_piece_vote_size party0_comms_piece_vote_count party1_ledger_best_length party1_ledger_best_age party1_ledger_fast_length party1_ledger_fast_age party1_ledger_slow_length party1_ledger_slow_age party1_comms_all_size party1_comms_all_count party1_comms_proposal_size party1_comms_proposal_count party1_comms_piece_block_size party1_comms_piece_block_count party1_comms_piece_vote_size party1_comms_piece_vote_count party2_ledger_best_length party2_ledger_best_age party2_ledger_fast_length party2_ledger_fast_age party2_ledger_slow_length party2_ledger_slow_age party2_comms_all_size party2_comms_all_count party2_comms_proposal_size party2_comms_proposal_count party2_comms_piece_block_size party2_comms_piece_block_count party2_comms_piece_vote_size party2_comms_piece_vote_count party3_ledger_best_length party3_ledger_best_age party3_ledger_fast_length party3_ledger_fast_age party3_ledger_slow_length party3_ledger_slow_age party3_comms_all_size party3_comms_all_count party3_comms_proposal_size party3_comms_proposal_count party3_comms_piece_block_size party3_comms_piece_block_count party3_comms_piece_vote_size party3_comms_piece_vote_count party4_ledger_best_length party4_ledger_best_age party4_ledger_fast_length party4_ledger_fast_age party4_ledger_slow_length party4_ledger_slow_age party4_comms_all_size party4_comms_all_count party4_comms_proposal_size party4_comms_proposal_count party4_comms_piece_block_size party4_comms_piece_block_count party4_comms_piece_vote_size party4_comms_piece_vote_count partyALWAYSAWAKE_ledger_best_length partyALWAYSAWAKE_ledger_best_age partyALWAYSAWAKE_ledger_fast_length partyALWAYSAWAKE_ledger_fast_age partyALWAYSAWAKE_ledger_slow_length partyALWAYSAWAKE_ledger_slow_age partyALWAYSAWAKE_comms_all_size partyALWAYSAWAKE_comms_all_count partyALWAYSAWAKE_comms_proposal_size partyALWAYSAWAKE_comms_proposal_count partyALWAYSAWAKE_comms_piece_block_size partyALWAYSAWAKE_comms_piece_block_count partyALWAYSAWAKE_comms_piece_vote_size partyALWAYSAWAKE_comms_piece_vote_count
4 0 1000 0 0 1000 0 1000 0 0 0 0 0 0 0 0 0 0 0 0 0 0 0 0 0 0 0 0 0 0 0 0 0 0 0 0 0 0 0 0 0 0 0 0 0 0 0 0 0 0 0 0 0 0 0 0 0 0 0 0 0 0 0 0 0 0 0 0 0 0 0 0 0 0 0 0 0 0 0 0 0 0 0 0 0 0 0 0 0 0 0 0
5 0 1000 0 0 1000 0 1000 0 0 0 0 0 0 0 0 0 0 0 0 0 0 0 0 0 0 0 0 0 0 0 0 0 0 0 0 0 0 0 0 0 0 0 0 0 0 0 0 0 0 0 0 0 0 0 0 0 0 0 0 0 0 0 0 0 0 0 0 0 0 0 0 0 0 0 0 0 0 0 0 0 0 0 0 0 0 0 0 0 0 0 0
6 0 1000 0 0 1000 0 1000 0 0 0 0 0 0 26656 98 0 0 0 0 26656 98 0 0 0 0 0 0 26656 98 0 0 0 0 26656 98 0 0 0 0 0 0 26656 98 0 0 0 0 26656 98 0 0 0 0 0 0 26656 98 0 0 0 0 26656 98 0 0 0 0 0 0 26656 98 0 0 0 0 26656 98 0 0 0 0 0 0 26656 98 0 0 0 0 26656 98
7 0 1000 0 0 1000 0 1000 0 0 0 0 0 0 0 0 0 0 0 0 0 0 0 0 0 0 0 0 0 0 0 0 0 0 0 0 0 0 0 0 0 0 0 0 0 0 0 0 0 0 0 0 0 0 0 0 0 0 0 0 0 0 0 0 0 0 0 0 0 0 0 0 0 0 0 0 0 0 0 0 0 0 0 0 0 0 0 0 0 0 0 0
8 0 1000 0 0 1000 0 1000 0 0 0 0 0 0 0 0 0 0 0 0 0 0 0 0 0 0 0 0 0 0 0 0 0 0 0 0 0 0 0 0 0 0 0 0 0 0 0 0 0 0 0 0 0 0 0 0 0 0 0 0 0 0 0 0 0 0 0 0 0 0 0 0 0 0 0 0 0 0 0 0 0 0 0 0 0 0 0 0 0 0 0 0
9 0 1000 0 0 1000 0 1000 0 0 0 0 0 0 0 0 0 0 0 0 0 0 0 0 0 0 0 0 0 0 0 0 0 0 0 0 0 0 0 0 0 0 0 0 0 0 0 0 0 0 0 0 0 0 0 0 0 0 0 0 0 0 0 0 0 0 0 0 0 0 0 0 0 0 0 0 0 0 0 0 0 0 0 0 0 0 0 0 0 0 0 0
10 0 1000 0 0 1000 0 1000 0 0 0 0 0 0 26656 98 0 0 0 0 26656 98 0 0 0 0 0 0 26656 98 0 0 0 0 26656 98 0 0 0 0 0 0 26656 98 0 0 0 0 26656 98 0 0 0 0 0 0 26656 98 0 0 0 0 26656 98 0 0 0 0 0 0 26656 98 0 0 0 0 26656 98 0 0 0 0 0 0 26656 98 0 0 0 0 26656 98
11 0 1000 0 0 1000 0 1000 0 0 0 0 0 0 0 0 0 0 0 0 0 0 0 0 0 0 0 0 0 0 0 0 0 0 0 0 0 0 0 0 0 0 0 0 0 0 0 0 0 0 0 0 0 0 0 0 0 0 0 0 0 0 0 0 0 0 0 0 0 0 0 0 0 0 0 0 0 0 0 0 0 0 0 0 0 0 0 0 0 0 0 0
12 0 1000 0 0 1000 0 1000 0 0 0 0 0 0 0 0 0 0 0 0 0 0 0 0 0 0 0 0 0 0 0 0 0 0 0 0 0 0 0 0 0 0 0 0 0 0 0 0 0 0 0 0 0 0 0 0 0 0 0 0 0 0 0 0 0 0 0 0 0 0 0 0 0 0 0 0 0 0 0 0 0 0 0 0 0 0 0 0 0 0 0 0
13 0 1000 0 0 1000 0 1000 0 0 0 0 0 0 0 0 0 0 0 0 0 0 0 0 0 0 0 0 0 0 0 0 0 0 0 0 0 0 0 0 0 0 0 0 0 0 0 0 0 0 0 0 0 0 0 0 0 0 0 0 0 0 0 0 0 0 0 0 0 0 0 0 0 0 0 0 0 0 0 0 0 0 0 0 0 0 0 0 0 0 0 0
14 0 1000 0 0 1000 0 1000 0 0 0 0 0 0 30736 113 0 0 0 0 30736 113 0 0 0 0 0 0 30736 113 0 0 0 0 30736 113 0 0 0 0 0 0 30736 113 0 0 0 0 30736 113 0 0 0 0 0 0 30736 113 0 0 0 0 30736 113 0 0 0 0 0 0 30736 113 0 0 0 0 30736 113 0 0 0 0 0 0 30736 113 0 0 0 0 30736 113
15 0 1000 0 0 1000 0 1000 0 0 0 0 0 0 0 0 0 0 0 0 0 0 0 0 0 0 0 0 0 0 0 0 0 0 0 0 0 0 0 0 0 0 0 0 0 0 0 0 0 0 0 0 0 0 0 0 0 0 0 0 0 0 0 0 0 0 0 0 0 0 0 0 0 0 0 0 0 0 0 0 0 0 0 0 0 0 0 0 0 0 0 0
16 0 1000 0 0 1000 0 1000 0 0 0 0 0 0 0 0 0 0 0 0 0 0 0 0 0 0 0 0 0 0 0 0 0 0 0 0 0 0 0 0 0 0 0 0 0 0 0 0 0 0 0 0 0 0 0 0 0 0 0 0 0 0 0 0 0 0 0 0 0 0 0 0 0 0 0 0 0 0 0 0 0 0 0 0 0 0 0 0 0 0 0 0
17 0 1000 0 0 1000 0 1000 0 0 0 0 0 0 84054 1 84054 1 0 0 0 0 0 0 0 0 0 0 84054 1 84054 1 0 0 0 0 0 0 0 0 0 0 84054 1 84054 1 0 0 0 0 0 0 0 0 0 0 84054 1 84054 1 0 0 0 0 0 0 0 0 0 0 84054 1 84054 1 0 0 0 0 0 0 0 0 0 0 84054 1 84054 1 0 0 0 0
18 0 1000 0 0 1000 0 1000 1 4 1 4 0 0 108578 105 0 0 80290 1 28288 104 1 4 1 4 0 0 108578 105 0 0 80290 1 28288 104 1 4 1 4 0 0 108578 105 0 0 80290 1 28288 104 1 4 1 4 0 0 108578 105 0 0 80290 1 28288 104 1 4 1 4 0 0 108578 105 0 0 80290 1 28288 104 1 4 1 4 0 0 108578 105 0 0 80290 1 28288 104
19 0 1000 0 0 1000 0 1000 1 4 1 4 0 0 0 0 0 0 0 0 0 0 1 4 1 4 0 0 0 0 0 0 0 0 0 0 1 4 1 4 0 0 0 0 0 0 0 0 0 0 1 4 1 4 0 0 0 0 0 0 0 0 0 0 1 4 1 4 0 0 0 0 0 0 0 0 0 0 1 4 1 4 0 0 0 0 0 0 0 0 0 0
20 0 1000 0 0 1000 0 1000 1 4 1 4 0 0 0 0 0 0 0 0 0 0 1 4 1 4 0 0 0 0 0 0 0 0 0 0 1 4 1 4 0 0 0 0 0 0 0 0 0 0 1 4 1 4 0 0 0 0 0 0 0 0 0 0 1 4 1 4 0 0 0 0 0 0 0 0 0 0 1 4 1 4 0 0 0 0 0 0 0 0 0 0
21 0 1000 0 0 1000 0 1000 1 4 1 4 0 0 0 0 0 0 0 0 0 0 1 4 1 4 0 0 0 0 0 0 0 0 0 0 1 4 1 4 0 0 0 0 0 0 0 0 0 0 1 4 1 4 0 0 0 0 0 0 0 0 0 0 1 4 1 4 0 0 0 0 0 0 0 0 0 0 1 4 1 4 0 0 0 0 0 0 0 0 0 0
22 0 1000 0 0 1000 0 1000 1 4 1 4 0 0 25568 94 0 0 0 0 25568 94 1 4 1 4 0 0 25568 94 0 0 0 0 25568 94 1 4 1 4 0 0 25568 94 0 0 0 0 25568 94 1 4 1 4 0 0 25568 94 0 0 0 0 25568 94 1 4 1 4 0 0 25568 94 0 0 0 0 25568 94 1 4 1 4 0 0 25568 94 0 0 0 0 25568 94
23 0 1000 0 0 1000 0 1000 1 4 1 4 0 0 0 0 0 0 0 0 0 0 1 4 1 4 0 0 0 0 0 0 0 0 0 0 1 4 1 4 0 0 0 0 0 0 0 0 0 0 1 4 1 4 0 0 0 0 0 0 0 0 0 0 1 4 1 4 0 0 0 0 0 0 0 0 0 0 1 4 1 4 0 0 0 0 0 0 0 0 0 0
24 0 1000 0 0 1000 0 1000 1 4 1 4 0 0 0 0 0 0 0 0 0 0 1 4 1 4 0 0 0 0 0 0 0 0 0 0 1 4 1 4 0 0 0 0 0 0 0 0 0 0 1 4 1 4 0 0 0 0 0 0 0 0 0 0 1 4 1 4 0 0 0 0 0 0 0 0 0 0 1 4 1 4 0 0 0 0 0 0 0 0 0 0
25 0 1000 0 0 1000 0 1000 1 4 1 4 0 0 0 0 0 0 0 0 0 0 1 4 1 4 0 0 0 0 0 0 0 0 0 0 1 4 1 4 0 0 0 0 0 0 0 0 0 0 1 4 1 4 0 0 0 0 0 0 0 0 0 0 1 4 1 4 0 0 0 0 0 0 0 0 0 0 1 4 1 4 0 0 0 0 0 0 0 0 0 0
26 0 1000 0 0 1000 0 1000 1 4 1 4 0 0 25296 93 0 0 0 0 25296 93 1 4 1 4 0 0 25296 93 0 0 0 0 25296 93 1 4 1 4 0 0 25296 93 0 0 0 0 25296 93 1 4 1 4 0 0 25296 93 0 0 0 0 25296 93 1 4 1 4 0 0 25296 93 0 0 0 0 25296 93 1 4 1 4 0 0 25296 93 0 0 0 0 25296 93
27 0 1000 0 0 1000 0 1000 1 4 1 4 0 0 0 0 0 0 0 0 0 0 1 4 1 4 0 0 0 0 0 0 0 0 0 0 1 4 1 4 0 0 0 0 0 0 0 0 0 0 1 4 1 4 0 0 0 0 0 0 0 0 0 0 1 4 1 4 0 0 0 0 0 0 0 0 0 0 1 4 1 4 0 0 0 0 0 0 0 0 0 0
28 0 1000 0 0 1000 0 1000 1 4 1 4 0 0 0 0 0 0 0 0 0 0 1 4 1 4 0 0 0 0 0 0 0 0 0 0 1 4 1 4 0 0 0 0 0 0 0 0 0 0 1 4 1 4 0 0 0 0 0 0 0 0 0 0 1 4 1 4 0 0 0 0 0 0 0 0 0 0 1 4 1 4 0 0 0 0 0 0 0 0 0 0
29 0 1000 0 0 1000 0 1000 1 4 1 4 0 0 0 0 0 0 0 0 0 0 1 4 1 4 0 0 0 0 0 0 0 0 0 0 1 4 1 4 0 0 0 0 0 0 0 0 0 0 1 4 1 4 0 0 0 0 0 0 0 0 0 0 1 4 1 4 0 0 0 0 0 0 0 0 0 0 1 4 1 4 0 0 0 0 0 0 0 0 0 0
30 0 1000 0 0 1000 0 1000 1 4 1 4 0 0 28832 106 0 0 0 0 28832 106 1 4 1 4 0 0 28832 106 0 0 0 0 28832 106 1 4 1 4 0 0 28832 106 0 0 0 0 28832 106 1 4 1 4 0 0 28832 106 0 0 0 0 28832 106 1 4 1 4 0 0 28832 106 0 0 0 0 28832 106 1 4 1 4 0 0 28832 106 0 0 0 0 28832 106
31 0 1000 0 0 1000 0 1000 1 4 1 4 0 0 0 0 0 0 0 0 0 0 1 4 1 4 0 0 0 0 0 0 0 0 0 0 1 4 1 4 0 0 0 0 0 0 0 0 0 0 1 4 1 4 0 0 0 0 0 0 0 0 0 0 1 4 1 4 0 0 0 0 0 0 0 0 0 0 1 4 1 4 0 0 0 0 0 0 0 0 0 0
32 0 1000 0 0 1000 0 1000 1 4 1 4 0 0 0 0 0 0 0 0 0 0 1 4 1 4 0 0 0 0 0 0 0 0 0 0 1 4 1 4 0 0 0 0 0 0 0 0 0 0 1 4 1 4 0 0 0 0 0 0 0 0 0 0 1 4 1 4 0 0 0 0 0 0 0 0 0 0 1 4 1 4 0 0 0 0 0 0 0 0 0 0
33 0 1000 0 0 1000 0 1000 1 4 1 4 0 0 0 0 0 0 0 0 0 0 1 4 1 4 0 0 0 0 0 0 0 0 0 0 1 4 1 4 0 0 0 0 0 0 0 0 0 0 1 4 1 4 0 0 0 0 0 0 0 0 0 0 1 4 1 4 0 0 0 0 0 0 0 0 0 0 1 4 1 4 0 0 0 0 0 0 0 0 0 0
34 0 1000 0 0 1000 0 1000 1 4 1 4 0 0 29920 110 0 0 0 0 29920 110 1 4 1 4 0 0 29920 110 0 0 0 0 29920 110 1 4 1 4 0 0 29920 110 0 0 0 0 29920 110 1 4 1 4 0 0 29920 110 0 0 0 0 29920 110 1 4 1 4 0 0 29920 110 0 0 0 0 29920 110 1 4 1 4 0 0 29920 110 0 0 0 0 29920 110
35 0 1000 0 0 1000 0 1000 1 4 1 4 0 0 0 0 0 0 0 0 0 0 1 4 1 4 0 0 0 0 0 0 0 0 0 0 1 4 1 4 0 0 0 0 0 0 0 0 0 0 1 4 1 4 0 0 0 0 0 0 0 0 0 0 1 4 1 4 0 0 0 0 0 0 0 0 0 0 1 4 1 4 0 0 0 0 0 0 0 0 0 0
36 0 1000 0 0 1000 0 1000 1 4 1 4 0 0 0 0 0 0 0 0 0 0 1 4 1 4 0 0 0 0 0 0 0 0 0 0 1 4 1 4 0 0 0 0 0 0 0 0 0 0 1 4 1 4 0 0 0 0 0 0 0 0 0 0 1 4 1 4 0 0 0 0 0 0 0 0 0 0 1 4 1 4 0 0 0 0 0 0 0 0 0 0
37 0 1000 0 0 1000 0 1000 1 4 1 4 0 0 0 0 0 0 0 0 0 0 1 4 1 4 0 0 0 0 0 0 0 0 0 0 1 4 1 4 0 0 0 0 0 0 0 0 0 0 1 4 1 4 0 0 0 0 0 0 0 0 0 0 1 4 1 4 0 0 0 0 0 0 0 0 0 0 1 4 1 4 0 0 0 0 0 0 0 0 0 0
38 0 1000 0 0 1000 0 1000 1 4 1 4 0 0 27744 102 0 0 0 0 27744 102 1 4 1 4 0 0 27744 102 0 0 0 0 27744 102 1 4 1 4 0 0 27744 102 0 0 0 0 27744 102 1 4 1 4 0 0 27744 102 0 0 0 0 27744 102 1 4 1 4 0 0 27744 102 0 0 0 0 27744 102 1 4 1 4 0 0 27744 102 0 0 0 0 27744 102
39 0 1000 0 0 1000 0 1000 1 4 1 4 0 0 0 0 0 0 0 0 0 0 1 4 1 4 0 0 0 0 0 0 0 0 0 0 1 4 1 4 0 0 0 0 0 0 0 0 0 0 1 4 1 4 0 0 0 0 0 0 0 0 0 0 1 4 1 4 0 0 0 0 0 0 0 0 0 0 1 4 1 4 0 0 0 0 0 0 0 0 0 0
40 0 1000 0 0 1000 0 1000 1 4 1 4 0 0 0 0 0 0 0 0 0 0 1 4 1 4 0 0 0 0 0 0 0 0 0 0 1 4 1 4 0 0 0 0 0 0 0 0 0 0 1 4 1 4 0 0 0 0 0 0 0 0 0 0 1 4 1 4 0 0 0 0 0 0 0 0 0 0 1 4 1 4 0 0 0 0 0 0 0 0 0 0
41 0 1000 0 0 1000 0 1000 1 4 1 4 0 0 0 0 0 0 0 0 0 0 1 4 1 4 0 0 0 0 0 0 0 0 0 0 1 4 1 4 0 0 0 0 0 0 0 0 0 0 1 4 1 4 0 0 0 0 0 0 0 0 0 0 1 4 1 4 0 0 0 0 0 0 0 0 0 0 1 4 1 4 0 0 0 0 0 0 0 0 0 0
42 0 1000 0 0 1000 0 1000 1 4 1 4 0 0 25024 92 0 0 0 0 25024 92 1 4 1 4 0 0 25024 92 0 0 0 0 25024 92 1 4 1 4 0 0 25024 92 0 0 0 0 25024 92 1 4 1 4 0 0 25024 92 0 0 0 0 25024 92 1 4 1 4 0 0 25024 92 0 0 0 0 25024 92 1 4 1 4 0 0 25024 92 0 0 0 0 25024 92
43 0 1000 0 0 1000 0 1000 1 4 1 4 0 0 0 0 0 0 0 0 0 0 1 4 1 4 0 0 0 0 0 0 0 0 0 0 1 4 1 4 0 0 0 0 0 0 0 0 0 0 1 4 1 4 0 0 0 0 0 0 0 0 0 0 1 4 1 4 0 0 0 0 0 0 0 0 0 0 1 4 1 4 0 0 0 0 0 0 0 0 0 0
44 0 1000 0 0 1000 0 1000 1 4 1 4 0 0 0 0 0 0 0 0 0 0 1 4 1 4 0 0 0 0 0 0 0 0 0 0 1 4 1 4 0 0 0 0 0 0 0 0 0 0 1 4 1 4 0 0 0 0 0 0 0 0 0 0 1 4 1 4 0 0 0 0 0 0 0 0 0 0 1 4 1 4 0 0 0 0 0 0 0 0 0 0
45 0 1000 0 0 1000 0 1000 1 4 1 4 0 0 83383 1 83383 1 0 0 0 0 1 4 1 4 0 0 83383 1 83383 1 0 0 0 0 1 4 1 4 0 0 83383 1 83383 1 0 0 0 0 1 4 1 4 0 0 83383 1 83383 1 0 0 0 0 1 4 1 4 0 0 83383 1 83383 1 0 0 0 0 1 4 1 4 0 0 83383 1 83383 1 0 0 0 0
46 0 1000 0 0 1000 0 1000 2 11 2 11 0 0 104227 89 0 0 80291 1 23936 88 2 11 2 11 0 0 104227 89 0 0 80291 1 23936 88 2 11 2 11 0 0 104227 89 0 0 80291 1 23936 88 2 11 2 11 0 0 104227 89 0 0 80291 1 23936 88 2 11 2 11 0 0 104227 89 0 0 80291 1 23936 88 2 11 2 11 0 0 104227 89 0 0 80291 1 23936 88
47 0 1000 0 0 1000 0 1000 2 11 2 11 0 0 0 0 0 0 0 0 0 0 2 11 2 11 0 0 0 0 0 0 0 0 0 0 2 11 2 11 0 0 0 0 0 0 0 0 0 0 2 11 2 11 0 0 0 0 0 0 0 0 0 0 2 11 2 11 0 0 0 0 0 0 0 0 0 0 2 11 2 11 0 0 0 0 0 0 0 0 0 0
48 0 1000 0 0 1000 0 1000 2 11 2 11 0 0 0 0 0 0 0 0 0 0 2 11 2 11 0 0 0 0 0 0 0 0 0 0 2 11 2 11 0 0 0 0 0 0 0 0 0 0 2 11 2 11 0 0 0 0 0 0 0 0 0 0 2 11 2 11 0 0 0 0 0 0 0 0 0 0 2 11 2 11 0 0 0 0 0 0 0 0 0 0
49 0 1000 0 0 1000 0 1000 2 11 2 11 0 0 166510 2 166510 2 0 0 0 0 2 11 2 11 0 0 166510 2 166510 2 0 0 0 0 2 11 2 11 0 0 166510 2 166510 2 0 0 0 0 2 11 2 11 0 0 166510 2 166510 2 0 0 0 0 2 11 2 11 0 0 166510 2 166510 2 0 0 0 0 2 11 2 11 0 0 166510 2 166510 2 0 0 0 0
50 0 1000 0 0 1000 0 1000 3 12 3 12 0 0 107763 102 0 0 80291 1 27472 101 3 12 3 12 0 0 107763 102 0 0 80291 1 27472 101 3 12 3 12 0 0 107763 102 0 0 80291 1 27472 101 3 12 3 12 0 0 107763 102 0 0 80291 1 27472 101 3 12 3 12 0 0 107763 102 0 0 80291 1 27472 101 3 12 3 12 0 0 107763 102 0 0 80291 1 27472 101
51 0 1000 0 0 1000 0 1000 3 12 3 12 0 0 0 0 0 0 0 0 0 0 3 12 3 12 0 0 0 0 0 0 0 0 0 0 3 12 3 12 0 0 0 0 0 0 0 0 0 0 3 12 3 12 0 0 0 0 0 0 0 0 0 0 3 12 3 12 0 0 0 0 0 0 0 0 0 0 3 12 3 12 0 0 0 0 0 0 0 0 0 0
52 0 1000 0 0 1000 0 1000 3 12 3 12 0 0 0 0 0 0 0 0 0 0 3 12 3 12 0 0 0 0 0 0 0 0 0 0 3 12 3 12 0 0 0 0 0 0 0 0 0 0 3 12 3 12 0 0 0 0 0 0 0 0 0 0 3 12 3 12 0 0 0 0 0 0 0 0 0 0 3 12 3 12 0 0 0 0 0 0 0 0 0 0
53 0 1000 0 0 1000 0 1000 3 12 3 12 0 0 0 0 0 0 0 0 0 0 3 12 3 12 0 0 0 0 0 0 0 0 0 0 3 12 3 12 0 0 0 0 0 0 0 0 0 0 3 12 3 12 0 0 0 0 0 0 0 0 0 0 3 12 3 12 0 0 0 0 0 0 0 0 0 0 3 12 3 12 0 0 0 0 0 0 0 0 0 0
54 0 1000 0 0 1000 0 1000 3 12 3 12 0 0 23120 85 0 0 0 0 23120 85 3 12 3 12 0 0 23120 85 0 0 0 0 23120 85 3 12 3 12 0 0 23120 85 0 0 0 0 23120 85 3 12 3 12 0 0 23120 85 0 0 0 0 23120 85 3 12 3 12 0 0 23120 85 0 0 0 0 23120 85 3 12 3 12 0 0 23120 85 0 0 0 0 23120 85
55 0 1000 0 0 1000 0 1000 3 12 3 12 0 0 0 0 0 0 0 0 0 0 3 12 3 12 0 0 0 0 0 0 0 0 0 0 3 12 3 12 0 0 0 0 0 0 0 0 0 0 3 12 3 12 0 0 0 0 0 0 0 0 0 0 3 12 3 12 0 0 0 0 0 0 0 0 0 0 3 12 3 12 0 0 0 0 0 0 0 0 0 0
56 0 1000 0 0 1000 0 1000 3 12 3 12 0 0 0 0 0 0 0 0 0 0 3 12 3 12 0 0 0 0 0 0 0 0 0 0 3 12 3 12 0 0 0 0 0 0 0 0 0 0 3 12 3 12 0 0 0 0 0 0 0 0 0 0 3 12 3 12 0 0 0 0 0 0 0 0 0 0 3 12 3 12 0 0 0 0 0 0 0 0 0 0
57 0 1000 0 0 1000 0 1000 3 12 3 12 0 0 0 0 0 0 0 0 0 0 3 12 3 12 0 0 0 0 0 0 0 0 0 0 3 12 3 12 0 0 0 0 0 0 0 0 0 0 3 12 3 12 0 0 0 0 0 0 0 0 0 0 3 12 3 12 0 0 0 0 0 0 0 0 0 0 3 12 3 12 0 0 0 0 0 0 0 0 0 0
58 0 1000 0 0 1000 0 1000 3 12 3 12 0 0 24480 90 0 0 0 0 24480 90 3 12 3 12 0 0 24480 90 0 0 0 0 24480 90 3 12 3 12 0 0 24480 90 0 0 0 0 24480 90 3 12 3 12 0 0 24480 90 0 0 0 0 24480 90 3 12 3 12 0 0 24480 90 0 0 0 0 24480 90 3 12 3 12 0 0 24480 90 0 0 0 0 24480 90
59 0 1000 0 0 1000 0 1000 3 12 3 12 1 4 0 0 0 0 0 0 0 0 3 12 3 12 1 4 0 0 0 0 0 0 0 0 3 12 3 12 1 4 0 0 0 0 0 0 0 0 3 12 3 12 1 4 0 0 0 0 0 0 0 0 3 12 3 12 1 4 0 0 0 0 0 0 0 0 3 12 3 12 1 4 0 0 0 0 0 0 0 0
60 0 1000 0 0 1000 0 1000 3 12 3 12 1 4 0 0 0 0 0 0 0 0 3 12 3 12 1 4 0 0 0 0 0 0 0 0 3 12 3 12 1 4 0 0 0 0 0 0 0 0 3 12 3 12 1 4 0 0 0 0 0 0 0 0 3 12 3 12 1 4 0 0 0 0 0 0 0 0 3 12 3 12 1 4 0 0 0 0 0 0 0 0
61 0 1000 0 0 1000 0 1000 3 12 3 12 1 4 0 0 0 0 0 0 0 0 3 12 3 12 1 4 0 0 0 0 0 0 0 0 3 12 3 12 1 4 0 0 0 0 0 0 0 0 3 12 3 12 1 4 0 0 0 0 0 0 0 0 3 12 3 12 1 4 0 0 0 0 0 0 0 0 3 12 3 12 1 4 0 0 0 0 0 0 0 0
62 0 1000 0 0 1000 0 1000 3 12 3 12 1 4 27744 102 0 0 0 0 27744 102 3 12 3 12 1 4 27744 102 0 0 0 0 27744 102 3 12 3 12 1 4 27744 102 0 0 0 0 27744 102 3 12 3 12 1 4 27744 102 0 0 0 0 27744 102 3 12 3 12 1 4 27744 102 0 0 0 0 27744 102 3 12 3 12 1 4 27744 102 0 0 0 0 27744 102
63 0 1000 0 0 1000 0 1000 3 12 3 12 1 4 0 0 0 0 0 0 0 0 3 12 3 12 1 4 0 0 0 0 0 0 0 0 3 12 3 12 1 4 0 0 0 0 0 0 0 0 3 12 3 12 1 4 0 0 0 0 0 0 0 0 3 12 3 12 1 4 0 0 0 0 0 0 0 0 3 12 3 12 1 4 0 0 0 0 0 0 0 0
64 0 1000 0 0 1000 0 1000 3 12 3 12 1 4 0 0 0 0 0 0 0 0 3 12 3 12 1 4 0 0 0 0 0 0 0 0 3 12 3 12 1 4 0 0 0 0 0 0 0 0 3 12 3 12 1 4 0 0 0 0 0 0 0 0 3 12 3 12 1 4 0 0 0 0 0 0 0 0 3 12 3 12 1 4 0 0 0 0 0 0 0 0
65 0 1000 0 0 1000 0 1000 3 12 3 12 1 4 0 0 0 0 0 0 0 0 3 12 3 12 1 4 0 0 0 0 0 0 0 0 3 12 3 12 1 4 0 0 0 0 0 0 0 0 3 12 3 12 1 4 0 0 0 0 0 0 0 0 3 12 3 12 1 4 0 0 0 0 0 0 0 0 3 12 3 12 1 4 0 0 0 0 0 0 0 0
66 0 1000 0 0 1000 0 1000 3 12 3 12 1 4 26112 96 0 0 0 0 26112 96 3 12 3 12 1 4 26112 96 0 0 0 0 26112 96 3 12 3 12 1 4 26112 96 0 0 0 0 26112 96 3 12 3 12 1 4 26112 96 0 0 0 0 26112 96 3 12 3 12 1 4 26112 96 0 0 0 0 26112 96 3 12 3 12 1 4 26112 96 0 0 0 0 26112 96
67 0 1000 0 0 1000 0 1000 3 12 3 12 1 4 0 0 0 0 0 0 0 0 3 12 3 12 1 4 0 0 0 0 0 0 0 0 3 12 3 12 1 4 0 0 0 0 0 0 0 0 3 12 3 12 1 4 0 0 0 0 0 0 0 0 3 12 3 12 1 4 0 0 0 0 0 0 0 0 3 12 3 12 1 4 0 0 0 0 0 0 0 0
68 0 1000 0 0 1000 0 1000 3 12 3 12 1 4 0 0 0 0 0 0 0 0 3 12 3 12 1 4 0 0 0 0 0 0 0 0 3 12 3 12 1 4 0 0 0 0 0 0 0 0 3 12 3 12 1 4 0 0 0 0 0 0 0 0 3 12 3 12 1 4 0 0 0 0 0 0 0 0 3 12 3 12 1 4 0 0 0 0 0 0 0 0
69 0 1000 0 0 1000 0 1000 3 12 3 12 1 4 0 0 0 0 0 0 0 0 3 12 3 12 1 4 0 0 0 0 0 0 0 0 3 12 3 12 1 4 0 0 0 0 0 0 0 0 3 12 3 12 1 4 0 0 0 0 0 0 0 0 3 12 3 12 1 4 0 0 0 0 0 0 0 0 3 12 3 12 1 4 0 0 0 0 0 0 0 0
70 0 1000 0 0 1000 0 1000 3 12 3 12 1 4 28832 106 0 0 0 0 28832 106 3 12 3 12 1 4 28832 106 0 0 0 0 28832 106 3 12 3 12 1 4 28832 106 0 0 0 0 28832 106 3 12 3 12 1 4 28832 106 0 0 0 0 28832 106 3 12 3 12 1 4 28832 106 0 0 0 0 28832 106 3 12 3 12 1 4 28832 106 0 0 0 0 28832 106
71 0 1000 0 0 1000 0 1000 3 12 3 12 1 4 0 0 0 0 0 0 0 0 3 12 3 12 1 4 0 0 0 0 0 0 0 0 3 12 3 12 1 4 0 0 0 0 0 0 0 0 3 12 3 12 1 4 0 0 0 0 0 0 0 0 3 12 3 12 1 4 0 0 0 0 0 0 0 0 3 12 3 12 1 4 0 0 0 0 0 0 0 0
72 0 1000 0 0 1000 0 1000 3 12 3 12 1 4 0 0 0 0 0 0 0 0 3 12 3 12 1 4 0 0 0 0 0 0 0 0 3 12 3 12 1 4 0 0 0 0 0 0 0 0 3 12 3 12 1 4 0 0 0 0 0 0 0 0 3 12 3 12 1 4 0 0 0 0 0 0 0 0 3 12 3 12 1 4 0 0 0 0 0 0 0 0
73 0 1000 0 0 1000 0 1000 3 12 3 12 1 4 0 0 0 0 0 0 0 0 3 12 3 12 1 4 0 0 0 0 0 0 0 0 3 12 3 12 1 4 0 0 0 0 0 0 0 0 3 12 3 12 1 4 0 0 0 0 0 0 0 0 3 12 3 12 1 4 0 0 0 0 0 0 0 0 3 12 3 12 1 4 0 0 0 0 0 0 0 0
74 0 1000 0 0 1000 0 1000 3 12 3 12 1 4 25296 93 0 0 0 0 25296 93 3 12 3 12 1 4 25296 93 0 0 0 0 25296 93 3 12 3 12 1 4 25296 93 0 0 0 0 25296 93 3 12 3 12 1 4 25296 93 0 0 0 0 25296 93 3 12 3 12 1 4 25296 93 0 0 0 0 25296 93 3 12 3 12 1 4 25296 93 0 0 0 0 25296 93
75 0 1000 0 0 1000 0 1000 3 12 3 12 1 4 0 0 0 0 0 0 0 0 3 12 3 12 1 4 0 0 0 0 0 0 0 0 3 12 3 12 1 4 0 0 0 0 0 0 0 0 3 12 3 12 1 4 0 0 0 0 0 0 0 0 3 12 3 12 1 4 0 0 0 0 0 0 0 0 3 12 3 12 1 4 0 0 0 0 0 0 0 0
76 0 1000 0 0 1000 0 1000 3 12 3 12 1 4 0 0 0 0 0 0 0 0 3 12 3 12 1 4 0 0 0 0 0 0 0 0 3 12 3 12 1 4 0 0 0 0 0 0 0 0 3 12 3 12 1 4 0 0 0 0 0 0 0 0 3 12 3 12 1 4 0 0 0 0 0 0 0 0 3 12 3 12 1 4 0 0 0 0 0 0 0 0
77 0 1000 0 0 1000 0 1000 3 12 3 12 1 4 0 0 0 0 0 0 0 0 3 12 3 12 1 4 0 0 0 0 0 0 0 0 3 12 3 12 1 4 0 0 0 0 0 0 0 0 3 12 3 12 1 4 0 0 0 0 0 0 0 0 3 12 3 12 1 4 0 0 0 0 0 0 0 0 3 12 3 12 1 4 0 0 0 0 0 0 0 0
78 0 1000 0 0 1000 0 1000 3 12 3 12 1 4 26928 99 0 0 0 0 26928 99 3 12 3 12 1 4 26928 99 0 0 0 0 26928 99 3 12 3 12 1 4 26928 99 0 0 0 0 26928 99 3 12 3 12 1 4 26928 99 0 0 0 0 26928 99 3 12 3 12 1 4 26928 99 0 0 0 0 26928 99 3 12 3 12 1 4 26928 99 0 0 0 0 26928 99
79 0 1000 0 0 1000 0 1000 3 12 3 12 1 4 0 0 0 0 0 0 0 0 3 12 3 12 1 4 0 0 0 0 0 0 0 0 3 12 3 12 1 4 0 0 0 0 0 0 0 0 3 12 3 12 1 4 0 0 0 0 0 0 0 0 3 12 3 12 1 4 0 0 0 0 0 0 0 0 3 12 3 12 1 4 0 0 0 0 0 0 0 0
80 0 1000 0 0 1000 0 1000 3 12 3 12 1 4 0 0 0 0 0 0 0 0 3 12 3 12 1 4 0 0 0 0 0 0 0 0 3 12 3 12 1 4 0 0 0 0 0 0 0 0 3 12 3 12 1 4 0 0 0 0 0 0 0 0 3 12 3 12 1 4 0 0 0 0 0 0 0 0 3 12 3 12 1 4 0 0 0 0 0 0 0 0
81 0 1000 0 0 1000 0 1000 3 12 3 12 1 4 83607 1 83607 1 0 0 0 0 3 12 3 12 1 4 83607 1 83607 1 0 0 0 0 3 12 3 12 1 4 83607 1 83607 1 0 0 0 0 3 12 3 12 1 4 83607 1 83607 1 0 0 0 0 3 12 3 12 1 4 83607 1 83607 1 0 0 0 0 3 12 3 12 1 4 83607 1 83607 1 0 0 0 0
82 0 1000 0 0 1000 0 1000 4 20 4 20 1 4 105043 92 0 0 80291 1 24752 91 4 20 4 20 1 4 105043 92 0 0 80291 1 24752 91 4 20 4 20 1 4 105043 92 0 0 80291 1 24752 91 4 20 4 20 1 4 105043 92 0 0 80291 1 24752 91 4 20 4 20 1 4 105043 92 0 0 80291 1 24752 91 4 20 4 20 1 4 105043 92 0 0 80291 1 24752 91
83 0 1000 0 0 1000 0 1000 4 20 4 20 1 4 0 0 0 0 0 0 0 0 4 20 4 20 1 4 0 0 0 0 0 0 0 0 4 20 4 20 1 4 0 0 0 0 0 0 0 0 4 20 4 20 1 4 0 0 0 0 0 0 0 0 4 20 4 20 1 4 0 0 0 0 0 0 0 0 4 20 4 20 1 4 0 0 0 0 0 0 0 0
84 0 1000 0 0 1000 0 1000 4 20 4 20 1 4 0 0 0 0 0 0 0 0 4 20 4 20 1 4 0 0 0 0 0 0 0 0 4 20 4 20 1 4 0 0 0 0 0 0 0 0 4 20 4 20 1 4 0 0 0 0 0 0 0 0 4 20 4 20 1 4 0 0 0 0 0 0 0 0 4 20 4 20 1 4 0 0 0 0 0 0 0 0
85 0 1000 0 0 1000 0 1000 4 20 4 20 1 4 0 0 0 0 0 0 0 0 4 20 4 20 1 4 0 0 0 0 0 0 0 0 4 20 4 20 1 4 0 0 0 0 0 0 0 0 4 20 4 20 1 4 0 0 0 0 0 0 0 0 4 20 4 20 1 4 0 0 0 0 0 0 0 0 4 20 4 20 1 4 0 0 0 0 0 0 0 0
86 0 1000 0 0 1000 0 1000 4 20 4 20 1 4 23936 88 0 0 0 0 23936 88 4 20 4 20 1 4 23936 88 0 0 0 0 23936 88 4 20 4 20 1 4 23936 88 0 0 0 0 23936 88 4 20 4 20 1 4 23936 88 0 0 0 0 23936 88 4 20 4 20 1 4 23936 88 0 0 0 0 23936 88 4 20 4 20 1 4 23936 88 0 0 0 0 23936 88
87 0 1000 0 0 1000 0 1000 4 20 4 20 2 11 0 0 0 0 0 0 0 0 4 20 4 20 2 11 0 0 0 0 0 0 0 0 4 20 4 20 2 11 0 0 0 0 0 0 0 0 4 20 4 20 2 11 0 0 0 0 0 0 0 0 4 20 4 20 2 11 0 0 0 0 0 0 0 0 4 20 4 20 2 11 0 0 0 0 0 0 0 0
88 0 1000 0 0 1000 0 1000 4 20 4 20 2 11 0 0 0 0 0 0 0 0 4 20 4 20 2 11 0 0 0 0 0 0 0 0 4 20 4 20 2 11 0 0 0 0 0 0 0 0 4 20 4 20 2 11 0 0 0 0 0 0 0 0 4 20 4 20 2 11 0 0 0 0 0 0 0 0 4 20 4 20 2 11 0 0 0 0 0 0 0 0
89 0 1000 0 0 1000 0 1000 4 20 4 20 2 11 0 0 0 0 0 0 0 0 4 20 4 20 2 11 0 0 0 0 0 0 0 0 4 20 4 20 2 11 0 0 0 0 0 0 0 0 4 20 4 20 2 11 0 0 0 0 0 0 0 0 4 20 4 20 2 11 0 0 0 0 0 0 0 0 4 20 4 20 2 11 0 0 0 0 0 0 0 0
90 0 1000 0 0 1000 0 1000 4 20 4 20 2 11 28016 103 0 0 0 0 28016 103 4 20 4 20 2 11 28016 103 0 0 0 0 28016 103 4 20 4 20 2 11 28016 103 0 0 0 0 28016 103 4 20 4 20 2 11 28016 103 0 0 0 0 28016 103 4 20 4 20 2 11 28016 103 0 0 0 0 28016 103 4 20 4 20 2 11 28016 103 0 0 0 0 28016 103
91 0 1000 0 0 1000 0 1000 4 20 4 20 3 12 0 0 0 0 0 0 0 0 4 20 4 20 3 12 0 0 0 0 0 0 0 0 4 20 4 20 3 12 0 0 0 0 0 0 0 0 4 20 4 20 3 12 0 0 0 0 0 0 0 0 4 20 4 20 3 12 0 0 0 0 0 0 0 0 4 20 4 20 3 12 0 0 0 0 0 0 0 0
92 0 1000 0 0 1000 0 1000 4 20 4 20 3 12 0 0 0 0 0 0 0 0 4 20 4 20 3 12 0 0 0 0 0 0 0 0 4 20 4 20 3 12 0 0 0 0 0 0 0 0 4 20 4 20 3 12 0 0 0 0 0 0 0 0 4 20 4 20 3 12 0 0 0 0 0 0 0 0 4 20 4 20 3 12 0 0 0 0 0 0 0 0
93 0 1000 0 0 1000 0 1000 4 20 4 20 3 12 0 0 0 0 0 0 0 0 4 20 4 20 3 12 0 0 0 0 0 0 0 0 4 20 4 20 3 12 0 0 0 0 0 0 0 0 4 20 4 20 3 12 0 0 0 0 0 0 0 0 4 20 4 20 3 12 0 0 0 0 0 0 0 0 4 20 4 20 3 12 0 0 0 0 0 0 0 0
94 0 1000 0 0 1000 0 1000 4 20 4 20 3 12 29104 107 0 0 0 0 29104 107 4 20 4 20 3 12 29104 107 0 0 0 0 29104 107 4 20 4 20 3 12 29104 107 0 0 0 0 29104 107 4 20 4 20 3 12 29104 107 0 0 0 0 29104 107 4 20 4 20 3 12 29104 107 0 0 0 0 29104 107 4 20 4 20 3 12 29104 107 0 0 0 0 29104 107
95 0 1000 0 0 1000 0 1000 4 20 4 20 3 12 0 0 0 0 0 0 0 0 4 20 4 20 3 12 0 0 0 0 0 0 0 0 4 20 4 20 3 12 0 0 0 0 0 0 0 0 4 20 4 20 3 12 0 0 0 0 0 0 0 0 4 20 4 20 3 12 0 0 0 0 0 0 0 0 4 20 4 20 3 12 0 0 0 0 0 0 0 0
96 0 1000 0 0 1000 0 1000 4 20 4 20 3 12 0 0 0 0 0 0 0 0 4 20 4 20 3 12 0 0 0 0 0 0 0 0 4 20 4 20 3 12 0 0 0 0 0 0 0 0 4 20 4 20 3 12 0 0 0 0 0 0 0 0 4 20 4 20 3 12 0 0 0 0 0 0 0 0 4 20 4 20 3 12 0 0 0 0 0 0 0 0
97 0 1000 0 0 1000 0 1000 4 20 4 20 3 12 83863 1 83863 1 0 0 0 0 4 20 4 20 3 12 83863 1 83863 1 0 0 0 0 4 20 4 20 3 12 83863 1 83863 1 0 0 0 0 4 20 4 20 3 12 83863 1 83863 1 0 0 0 0 4 20 4 20 3 12 83863 1 83863 1 0 0 0 0 4 20 4 20 3 12 83863 1 83863 1 0 0 0 0
98 0 1000 0 0 1000 0 1000 5 24 5 24 3 12 108579 105 0 0 80291 1 28288 104 5 24 5 24 3 12 108579 105 0 0 80291 1 28288 104 5 24 5 24 3 12 108579 105 0 0 80291 1 28288 104 5 24 5 24 3 12 108579 105 0 0 80291 1 28288 104 5 24 5 24 3 12 108579 105 0 0 80291 1 28288 104 5 24 5 24 3 12 108579 105 0 0 80291 1 28288 104
99 0 1000 0 0 1000 0 1000 5 24 5 24 3 12 0 0 0 0 0 0 0 0 5 24 5 24 3 12 0 0 0 0 0 0 0 0 5 24 5 24 3 12 0 0 0 0 0 0 0 0 5 24 5 24 3 12 0 0 0 0 0 0 0 0 5 24 5 24 3 12 0 0 0 0 0 0 0 0 5 24 5 24 3 12 0 0 0 0 0 0 0 0
100 0 1000 0 0 1000 0 1000 5 24 5 24 3 12 0 0 0 0 0 0 0 0 5 24 5 24 3 12 0 0 0 0 0 0 0 0 5 24 5 24 3 12 0 0 0 0 0 0 0 0 5 24 5 24 3 12 0 0 0 0 0 0 0 0 5 24 5 24 3 12 0 0 0 0 0 0 0 0 5 24 5 24 3 12 0 0 0 0 0 0 0 0
101 0 1000 0 0 1000 0 1000 5 24 5 24 3 12 0 0 0 0 0 0 0 0 5 24 5 24 3 12 0 0 0 0 0 0 0 0 5 24 5 24 3 12 0 0 0 0 0 0 0 0 5 24 5 24 3 12 0 0 0 0 0 0 0 0 5 24 5 24 3 12 0 0 0 0 0 0 0 0 5 24 5 24 3 12 0 0 0 0 0 0 0 0
102 0 1000 0 0 1000 0 1000 5 24 5 24 3 12 25568 94 0 0 0 0 25568 94 5 24 5 24 3 12 25568 94 0 0 0 0 25568 94 5 24 5 24 3 12 25568 94 0 0 0 0 25568 94 5 24 5 24 3 12 25568 94 0 0 0 0 25568 94 5 24 5 24 3 12 25568 94 0 0 0 0 25568 94 5 24 5 24 3 12 25568 94 0 0 0 0 25568 94
103 0 1000 0 0 1000 0 1000 5 24 5 24 3 12 0 0 0 0 0 0 0 0 5 24 5 24 3 12 0 0 0 0 0 0 0 0 5 24 5 24 3 12 0 0 0 0 0 0 0 0 5 24 5 24 3 12 0 0 0 0 0 0 0 0 5 24 5 24 3 12 0 0 0 0 0 0 0 0 5 24 5 24 3 12 0 0 0 0 0 0 0 0
104 0 1000 0 0 1000 0 1000 5 24 5 24 3 12 0 0 0 0 0 0 0 0 5 24 5 24 3 12 0 0 0 0 0 0 0 0 5 24 5 24 3 12 0 0 0 0 0 0 0 0 5 24 5 24 3 12 0 0 0 0 0 0 0 0 5 24 5 24 3 12 0 0 0 0 0 0 0 0 5 24 5 24 3 12 0 0 0 0 0 0 0 0
105 0 1000 0 0 1000 0 1000 5 24 5 24 3 12 83447 1 83447 1 0 0 0 0 5 24 5 24 3 12 83447 1 83447 1 0 0 0 0 5 24 5 24 3 12 83447 1 83447 1 0 0 0 0 5 24 5 24 3 12 83447 1 83447 1 0 0 0 0 5 24 5 24 3 12 83447 1 83447 1 0 0 0 0 5 24 5 24 3 12 83447 1 83447 1 0 0 0 0
106 0 1000 0 0 1000 0 1000 6 26 6 26 3 12 106403 97 0 0 80291 1 26112 96 6 26 6 26 3 12 106403 97 0 0 80291 1 26112 96 6 26 6 26 3 12 106403 97 0 0 80291 1 26112 96 6 26 6 26 3 12 106403 97 0 0 80291 1 26112 96 6 26 6 26 3 12 106403 97 0 0 80291 1 26112 96 6 26 6 26 3 12 106403 97 0 0 80291 1 26112 96
107 0 1000 0 0 1000 0 1000 6 26 6 26 3 12 0 0 0 0 0 0 0 0 6 26 6 26 3 12 0 0 0 0 0 0 0 0 6 26 6 26 3 12 0 0 0 0 0 0 0 0 6 26 6 26 3 12 0 0 0 0 0 0 0 0 6 26 6 26 3 12 0 0 0 0 0 0 0 0 6 26 6 26 3 12 0 0 0 0 0 0 0 0
108 0 1000 0 0 1000 0 1000 6 26 6 26 3 12 0 0 0 0 0 0 0 0 6 26 6 26 3 12 0 0 0 0 0 0 0 0 6 26 6 26 3 12 0 0 0 0 0 0 0 0 6 26 6 26 3 12 0 0 0 0 0 0 0 0 6 26 6 26 3 12 0 0 0 0 0 0 0 0 6 26 6 26 3 12 0 0 0 0 0 0 0 0
109 0 1000 0 0 1000 0 1000 6 26 6 26 3 12 0 0 0 0 0 0 0 0 6 26 6 26 3 12 0 0 0 0 0 0 0 0 6 26 6 26 3 12 0 0 0 0 0 0 0 0 6 26 6 26 3 12 0 0 0 0 0 0 0 0 6 26 6 26 3 12 0 0 0 0 0 0 0 0 6 26 6 26 3 12 0 0 0 0 0 0 0 0
110 0 1000 0 0 1000 0 1000 6 26 6 26 3 12 24208 89 0 0 0 0 24208 89 6 26 6 26 3 12 24208 89 0 0 0 0 24208 89 6 26 6 26 3 12 24208 89 0 0 0 0 24208 89 6 26 6 26 3 12 24208 89 0 0 0 0 24208 89 6 26 6 26 3 12 24208 89 0 0 0 0 24208 89 6 26 6 26 3 12 24208 89 0 0 0 0 24208 89
111 0 1000 0 0 1000 0 1000 6 26 6 26 3 12 0 0 0 0 0 0 0 0 6 26 6 26 3 12 0 0 0 0 0 0 0 0 6 26 6 26 3 12 0 0 0 0 0 0 0 0 6 26 6 26 3 12 0 0 0 0 0 0 0 0 6 26 6 26 3 12 0 0 0 0 0 0 0 0 6 26 6 26 3 12 0 0 0 0 0 0 0 0
112 0 1000 0 0 1000 0 1000 6 26 6 26 3 12 0 0 0 0 0 0 0 0 6 26 6 26 3 12 0 0 0 0 0 0 0 0 6 26 6 26 3 12 0 0 0 0 0 0 0 0 6 26 6 26 3 12 0 0 0 0 0 0 0 0 6 26 6 26 3 12 0 0 0 0 0 0 0 0 6 26 6 26 3 12 0 0 0 0 0 0 0 0
113 0 1000 0 0 1000 0 1000 6 26 6 26 3 12 0 0 0 0 0 0 0 0 6 26 6 26 3 12 0 0 0 0 0 0 0 0 6 26 6 26 3 12 0 0 0 0 0 0 0 0 6 26 6 26 3 12 0 0 0 0 0 0 0 0 6 26 6 26 3 12 0 0 0 0 0 0 0 0 6 26 6 26 3 12 0 0 0 0 0 0 0 0
114 0 1000 0 0 1000 0 1000 6 26 6 26 3 12 26656 98 0 0 0 0 26656 98 6 26 6 26 3 12 26656 98 0 0 0 0 26656 98 6 26 6 26 3 12 26656 98 0 0 0 0 26656 98 6 26 6 26 3 12 26656 98 0 0 0 0 26656 98 6 26 6 26 3 12 26656 98 0 0 0 0 26656 98 6 26 6 26 3 12 26656 98 0 0 0 0 26656 98
115 0 1000 0 0 1000 0 1000 6 26 6 26 3 12 0 0 0 0 0 0 0 0 6 26 6 26 3 12 0 0 0 0 0 0 0 0 6 26 6 26 3 12 0 0 0 0 0 0 0 0 6 26 6 26 3 12 0 0 0 0 0 0 0 0 6 26 6 26 3 12 0 0 0 0 0 0 0 0 6 26 6 26 3 12 0 0 0 0 0 0 0 0
116 0 1000 0 0 1000 0 1000 6 26 6 26 3 12 0 0 0 0 0 0 0 0 6 26 6 26 3 12 0 0 0 0 0 0 0 0 6 26 6 26 3 12 0 0 0 0 0 0 0 0 6 26 6 26 3 12 0 0 0 0 0 0 0 0 6 26 6 26 3 12 0 0 0 0 0 0 0 0 6 26 6 26 3 12 0 0 0 0 0 0 0 0
117 0 1000 0 0 1000 0 1000 6 26 6 26 3 12 0 0 0 0 0 0 0 0 6 26 6 26 3 12 0 0 0 0 0 0 0 0 6 26 6 26 3 12 0 0 0 0 0 0 0 0 6 26 6 26 3 12 0 0 0 0 0 0 0 0 6 26 6 26 3 12 0 0 0 0 0 0 0 0 6 26 6 26 3 12 0 0 0 0 0 0 0 0
118 0 1000 0 0 1000 0 1000 6 26 6 26 3 12 28560 105 0 0 0 0 28560 105 6 26 6 26 3 12 28560 105 0 0 0 0 28560 105 6 26 6 26 3 12 28560 105 0 0 0 0 28560 105 6 26 6 26 3 12 28560 105 0 0 0 0 28560 105 6 26 6 26 3 12 28560 105 0 0 0 0 28560 105 6 26 6 26 3 12 28560 105 0 0 0 0 28560 105
119 0 1000 0 0 1000 0 1000 6 26 6 26 3 12 0 0 0 0 0 0 0 0 6 26 6 26 3 12 0 0 0 0 0 0 0 0 6 26 6 26 3 12 0 0 0 0 0 0 0 0 6 26 6 26 3 12 0 0 0 0 0 0 0 0 6 26 6 26 3 12 0 0 0 0 0 0 0 0 6 26 6 26 3 12 0 0 0 0 0 0 0 0
120 0 1000 0 0 1000 0 1000 6 26 6 26 3 12 0 0 0 0 0 0 0 0 6 26 6 26 3 12 0 0 0 0 0 0 0 0 6 26 6 26 3 12 0 0 0 0 0 0 0 0 6 26 6 26 3 12 0 0 0 0 0 0 0 0 6 26 6 26 3 12 0 0 0 0 0 0 0 0 6 26 6 26 3 12 0 0 0 0 0 0 0 0
121 0 1000 0 0 1000 0 1000 6 26 6 26 3 12 0 0 0 0 0 0 0 0 6 26 6 26 3 12 0 0 0 0 0 0 0 0 6 26 6 26 3 12 0 0 0 0 0 0 0 0 6 26 6 26 3 12 0 0 0 0 0 0 0 0 6 26 6 26 3 12 0 0 0 0 0 0 0 0 6 26 6 26 3 12 0 0 0 0 0 0 0 0
122 0 1000 0 0 1000 0 1000 6 26 6 26 3 12 26384 97 0 0 0 0 26384 97 6 26 6 26 3 12 26384 97 0 0 0 0 26384 97 6 26 6 26 3 12 26384 97 0 0 0 0 26384 97 6 26 6 26 3 12 26384 97 0 0 0 0 26384 97 6 26 6 26 3 12 26384 97 0 0 0 0 26384 97 6 26 6 26 3 12 26384 97 0 0 0 0 26384 97
123 0 1000 0 0 1000 0 1000 6 26 6 26 4 20 0 0 0 0 0 0 0 0 6 26 6 26 4 20 0 0 0 0 0 0 0 0 6 26 6 26 4 20 0 0 0 0 0 0 0 0 6 26 6 26 4 20 0 0 0 0 0 0 0 0 6 26 6 26 4 20 0 0 0 0 0 0 0 0 6 26 6 26 4 20 0 0 0 0 0 0 0 0
124 0 1000 0 0 1000 0 1000 6 26 6 26 4 20 0 0 0 0 0 0 0 0 6 26 6 26 4 20 0 0 0 0 0 0 0 0 6 26 6 26 4 20 0 0 0 0 0 0 0 0 6 26 6 26 4 20 0 0 0 0 0 0 0 0 6 26 6 26 4 20 0 0 0 0 0 0 0 0 6 26 6 26 4 20 0 0 0 0 0 0 0 0
125 0 1000 0 0 1000 0 1000 6 26 6 26 4 20 0 0 0 0 0 0 0 0 6 26 6 26 4 20 0 0 0 0 0 0 0 0 6 26 6 26 4 20 0 0 0 0 0 0 0 0 6 26 6 26 4 20 0 0 0 0 0 0 0 0 6 26 6 26 4 20 0 0 0 0 0 0 0 0 6 26 6 26 4 20 0 0 0 0 0 0 0 0
126 0 1000 0 0 1000 0 1000 6 26 6 26 4 20 25840 95 0 0 0 0 25840 95 6 26 6 26 4 20 25840 95 0 0 0 0 25840 95 6 26 6 26 4 20 25840 95 0 0 0 0 25840 95 6 26 6 26 4 20 25840 95 0 0 0 0 25840 95 6 26 6 26 4 20 25840 95 0 0 0 0 25840 95 6 26 6 26 4 20 25840 95 0 0 0 0 25840 95
127 0 1000 0 0 1000 0 1000 6 26 6 26 4 20 0 0 0 0 0 0 0 0 6 26 6 26 4 20 0 0 0 0 0 0 0 0 6 26 6 26 4 20 0 0 0 0 0 0 0 0 6 26 6 26 4 20 0 0 0 0 0 0 0 0 6 26 6 26 4 20 0 0 0 0 0 0 0 0 6 26 6 26 4 20 0 0 0 0 0 0 0 0
128 0 1000 0 0 1000 0 1000 6 26 6 26 4 20 0 0 0 0 0 0 0 0 6 26 6 26 4 20 0 0 0 0 0 0 0 0 6 26 6 26 4 20 0 0 0 0 0 0 0 0 6 26 6 26 4 20 0 0 0 0 0 0 0 0 6 26 6 26 4 20 0 0 0 0 0 0 0 0 6 26 6 26 4 20 0 0 0 0 0 0 0 0
129 0 1000 0 0 1000 0 1000 6 26 6 26 4 20 166958 2 166958 2 0 0 0 0 6 26 6 26 4 20 166958 2 166958 2 0 0 0 0 6 26 6 26 4 20 166958 2 166958 2 0 0 0 0 6 26 6 26 4 20 166958 2 166958 2 0 0 0 0 6 26 6 26 4 20 166958 2 166958 2 0 0 0 0 6 26 6 26 4 20 166958 2 166958 2 0 0 0 0
130 0 1000 0 0 1000 0 1000 7 32 7 32 4 20 107763 102 0 0 80291 1 27472 101 7 32 7 32 4 20 107763 102 0 0 80291 1 27472 101 7 32 7 32 4 20 107763 102 0 0 80291 1 27472 101 7 32 7 32 4 20 107763 102 0 0 80291 1 27472 101 7 32 7 32 4 20 107763 102 0 0 80291 1 27472 101 7 32 7 32 4 20 107763 102 0 0 80291 1 27472 101
131 0 1000 0 0 1000 0 1000 7 32 7 32 4 20 0 0 0 0 0 0 0 0 7 32 7 32 4 20 0 0 0 0 0 0 0 0 7 32 7 32 4 20 0 0 0 0 0 0 0 0 7 32 7 32 4 20 0 0 0 0 0 0 0 0 7 32 7 32 4 20 0 0 0 0 0 0 0 0 7 32 7 32 4 20 0 0 0 0 0 0 0 0
132 0 1000 0 0 1000 0 1000 7 32 7 32 4 20 0 0 0 0 0 0 0 0 7 32 7 32 4 20 0 0 0 0 0 0 0 0 7 32 7 32 4 20 0 0 0 0 0 0 0 0 7 32 7 32 4 20 0 0 0 0 0 0 0 0 7 32 7 32 4 20 0 0 0 0 0 0 0 0 7 32 7 32 4 20 0 0 0 0 0 0 0 0
133 0 1000 0 0 1000 0 1000 7 32 7 32 4 20 83671 1 83671 1 0 0 0 0 7 32 7 32 4 20 83671 1 83671 1 0 0 0 0 7 32 7 32 4 20 83671 1 83671 1 0 0 0 0 7 32 7 32 4 20 83671 1 83671 1 0 0 0 0 7 32 7 32 4 20 83671 1 83671 1 0 0 0 0 7 32 7 32 4 20 83671 1 83671 1 0 0 0 0
134 0 1000 0 0 1000 0 1000 8 33 8 33 4 20 109939 110 0 0 80291 1 29648 109 8 33 8 33 4 20 109939 110 0 0 80291 1 29648 109 8 33 8 33 4 20 109939 110 0 0 80291 1 29648 109 8 33 8 33 4 20 109939 110 0 0 80291 1 29648 109 8 33 8 33 4 20 109939 110 0 0 80291 1 29648 109 8 33 8 33 4 20 109939 110 0 0 80291 1 29648 109
135 0 1000 0 0 1000 0 1000 8 33 8 33 4 20 0 0 0 0 0 0 0 0 8 33 8 33 4 20 0 0 0 0 0 0 0 0 8 33 8 33 4 20 0 0 0 0 0 0 0 0 8 33 8 33 4 20 0 0 0 0 0 0 0 0 8 33 8 33 4 20 0 0 0 0 0 0 0 0 8 33 8 33 4 20 0 0 0 0 0 0 0 0
136 0 1000 0 0 1000 0 1000 8 33 8 33 4 20 0 0 0 0 0 0 0 0 8 33 8 33 4 20 0 0 0 0 0 0 0 0 8 33 8 33 4 20 0 0 0 0 0 0 0 0 8 33 8 33 4 20 0 0 0 0 0 0 0 0 8 33 8 33 4 20 0 0 0 0 0 0 0 0 8 33 8 33 4 20 0 0 0 0 0 0 0 0
137 0 1000 0 0 1000 0 1000 8 33 8 33 4 20 0 0 0 0 0 0 0 0 8 33 8 33 4 20 0 0 0 0 0 0 0 0 8 33 8 33 4 20 0 0 0 0 0 0 0 0 8 33 8 33 4 20 0 0 0 0 0 0 0 0 8 33 8 33 4 20 0 0 0 0 0 0 0 0 8 33 8 33 4 20 0 0 0 0 0 0 0 0
138 0 1000 0 0 1000 0 1000 8 33 8 33 4 20 25840 95 0 0 0 0 25840 95 8 33 8 33 4 20 25840 95 0 0 0 0 25840 95 8 33 8 33 4 20 25840 95 0 0 0 0 25840 95 8 33 8 33 4 20 25840 95 0 0 0 0 25840 95 8 33 8 33 4 20 25840 95 0 0 0 0 25840 95 8 33 8 33 4 20 25840 95 0 0 0 0 25840 95
139 0 1000 0 0 1000 0 1000 8 33 8 33 5 24 0 0 0 0 0 0 0 0 8 33 8 33 5 24 0 0 0 0 0 0 0 0 8 33 8 33 5 24 0 0 0 0 0 0 0 0 8 33 8 33 5 24 0 0 0 0 0 0 0 0 8 33 8 33 5 24 0 0 0 0 0 0 0 0 8 33 8 33 5 24 0 0 0 0 0 0 0 0
140 0 1000 0 0 1000 0 1000 8 33 8 33 5 24 0 0 0 0 0 0 0 0 8 33 8 33 5 24 0 0 0 0 0 0 0 0 8 33 8 33 5 24 0 0 0 0 0 0 0 0 8 33 8 33 5 24 0 0 0 0 0 0 0 0 8 33 8 33 5 24 0 0 0 0 0 0 0 0 8 33 8 33 5 24 0 0 0 0 0 0 0 0
141 0 1000 0 0 1000 0 1000 8 33 8 33 5 24 83479 1 83479 1 0 0 0 0 8 33 8 33 5 24 83479 1 83479 1 0 0 0 0 8 33 8 33 5 24 83479 1 83479 1 0 0 0 0 8 33 8 33 5 24 83479 1 83479 1 0 0 0 0 8 33 8 33 5 24 83479 1 83479 1 0 0 0 0 8 33 8 33 5 24 83479 1 83479 1 0 0 0 0
142 0 1000 0 0 1000 0 1000 9 35 9 35 5 24 104771 91 0 0 80291 1 24480 90 9 35 9 35 5 24 104771 91 0 0 80291 1 24480 90 9 35 9 35 5 24 104771 91 0 0 80291 1 24480 90 9 35 9 35 5 24 104771 91 0 0 80291 1 24480 90 9 35 9 35 5 24 104771 91 0 0 80291 1 24480 90 9 35 9 35 5 24 104771 91 0 0 80291 1 24480 90
143 0 1000 0 0 1000 0 1000 9 35 9 35 5 24 0 0 0 0 0 0 0 0 9 35 9 35 5 24 0 0 0 0 0 0 0 0 9 35 9 35 5 24 0 0 0 0 0 0 0 0 9 35 9 35 5 24 0 0 0 0 0 0 0 0 9 35 9 35 5 24 0 0 0 0 0 0 0 0 9 35 9 35 5 24 0 0 0 0 0 0 0 0
144 0 1000 0 0 1000 0 1000 9 35 9 35 5 24 0 0 0 0 0 0 0 0 9 35 9 35 5 24 0 0 0 0 0 0 0 0 9 35 9 35 5 24 0 0 0 0 0 0 0 0 9 35 9 35 5 24 0 0 0 0 0 0 0 0 9 35 9 35 5 24 0 0 0 0 0 0 0 0 9 35 9 35 5 24 0 0 0 0 0 0 0 0
145 0 1000 0 0 1000 0 1000 9 35 9 35 5 24 0 0 0 0 0 0 0 0 9 35 9 35 5 24 0 0 0 0 0 0 0 0 9 35 9 35 5 24 0 0 0 0 0 0 0 0 9 35 9 35 5 24 0 0 0 0 0 0 0 0 9 35 9 35 5 24 0 0 0 0 0 0 0 0 9 35 9 35 5 24 0 0 0 0 0 0 0 0
146 0 1000 0 0 1000 0 1000 9 35 9 35 5 24 26656 98 0 0 0 0 26656 98 9 35 9 35 5 24 26656 98 0 0 0 0 26656 98 9 35 9 35 5 24 26656 98 0 0 0 0 26656 98 9 35 9 35 5 24 26656 98 0 0 0 0 26656 98 9 35 9 35 5 24 26656 98 0 0 0 0 26656 98 9 35 9 35 5 24 26656 98 0 0 0 0 26656 98
147 0 1000 0 0 1000 0 1000 9 35 9 35 6 26 0 0 0 0 0 0 0 0 9 35 9 35 6 26 0 0 0 0 0 0 0 0 9 35 9 35 6 26 0 0 0 0 0 0 0 0 9 35 9 35 6 26 0 0 0 0 0 0 0 0 9 35 9 35 6 26 0 0 0 0 0 0 0 0 9 35 9 35 6 26 0 0 0 0 0 0 0 0
148 0 1000 0 0 1000 0 1000 9 35 9 35 6 26 0 0 0 0 0 0 0 0 9 35 9 35 6 26 0 0 0 0 0 0 0 0 9 35 9 35 6 26 0 0 0 0 0 0 0 0 9 35 9 35 6 26 0 0 0 0 0 0 0 0 9 35 9 35 6 26 0 0 0 0 0 0 0 0 9 35 9 35 6 26 0 0 0 0 0 0 0 0
149 0 1000 0 0 1000 0 1000 9 35 9 35 6 26 0 0 0 0 0 0 0 0 9 35 9 35 6 26 0 0 0 0 0 0 0 0 9 35 9 35 6 26 0 0 0 0 0 0 0 0 9 35 9 35 6 26 0 0 0 0 0 0 0 0 9 35 9 35 6 26 0 0 0 0 0 0 0 0 9 35 9 35 6 26 0 0 0 0 0 0 0 0
150 0 1000 0 0 1000 0 1000 9 35 9 35 6 26 25296 93 0 0 0 0 25296 93 9 35 9 35 6 26 25296 93 0 0 0 0 25296 93 9 35 9 35 6 26 25296 93 0 0 0 0 25296 93 9 35 9 35 6 26 25296 93 0 0 0 0 25296 93 9 35 9 35 6 26 25296 93 0 0 0 0 25296 93 9 35 9 35 6 26 25296 93 0 0 0 0 25296 93
151 0 1000 0 0 1000 0 1000 9 35 9 35 6 26 0 0 0 0 0 0 0 0 9 35 9 35 6 26 0 0 0 0 0 0 0 0 9 35 9 35 6 26 0 0 0 0 0 0 0 0 9 35 9 35 6 26 0 0 0 0 0 0 0 0 9 35 9 35 6 26 0 0 0 0 0 0 0 0 9 35 9 35 6 26 0 0 0 0 0 0 0 0
152 0 1000 0 0 1000 0 1000 9 35 9 35 6 26 0 0 0 0 0 0 0 0 9 35 9 35 6 26 0 0 0 0 0 0 0 0 9 35 9 35 6 26 0 0 0 0 0 0 0 0 9 35 9 35 6 26 0 0 0 0 0 0 0 0 9 35 9 35 6 26 0 0 0 0 0 0 0 0 9 35 9 35 6 26 0 0 0 0 0 0 0 0
153 0 1000 0 0 1000 0 1000 9 35 9 35 6 26 0 0 0 0 0 0 0 0 9 35 9 35 6 26 0 0 0 0 0 0 0 0 9 35 9 35 6 26 0 0 0 0 0 0 0 0 9 35 9 35 6 26 0 0 0 0 0 0 0 0 9 35 9 35 6 26 0 0 0 0 0 0 0 0 9 35 9 35 6 26 0 0 0 0 0 0 0 0
154 0 1000 0 0 1000 0 1000 9 35 9 35 6 26 28016 103 0 0 0 0 28016 103 9 35 9 35 6 26 28016 103 0 0 0 0 28016 103 9 35 9 35 6 26 28016 103 0 0 0 0 28016 103 9 35 9 35 6 26 28016 103 0 0 0 0 28016 103 9 35 9 35 6 26 28016 103 0 0 0 0 28016 103 9 35 9 35 6 26 28016 103 0 0 0 0 28016 103
155 0 1000 0 0 1000 0 1000 9 35 9 35 6 26 0 0 0 0 0 0 0 0 9 35 9 35 6 26 0 0 0 0 0 0 0 0 9 35 9 35 6 26 0 0 0 0 0 0 0 0 9 35 9 35 6 26 0 0 0 0 0 0 0 0 9 35 9 35 6 26 0 0 0 0 0 0 0 0 9 35 9 35 6 26 0 0 0 0 0 0 0 0
156 0 1000 0 0 1000 0 1000 9 35 9 35 6 26 0 0 0 0 0 0 0 0 9 35 9 35 6 26 0 0 0 0 0 0 0 0 9 35 9 35 6 26 0 0 0 0 0 0 0 0 9 35 9 35 6 26 0 0 0 0 0 0 0 0 9 35 9 35 6 26 0 0 0 0 0 0 0 0 9 35 9 35 6 26 0 0 0 0 0 0 0 0
157 0 1000 0 0 1000 0 1000 9 35 9 35 6 26 83735 1 83735 1 0 0 0 0 9 35 9 35 6 26 83735 1 83735 1 0 0 0 0 9 35 9 35 6 26 83735 1 83735 1 0 0 0 0 9 35 9 35 6 26 83735 1 83735 1 0 0 0 0 9 35 9 35 6 26 83735 1 83735 1 0 0 0 0 9 35 9 35 6 26 83735 1 83735 1 0 0 0 0
158 0 1000 0 0 1000 0 1000 10 39 10 39 6 26 107491 101 0 0 80291 1 27200 100 10 39 10 39 6 26 107491 101 0 0 80291 1 27200 100 10 39 10 39 6 26 107491 101 0 0 80291 1 27200 100 10 39 10 39 6 26 107491 101 0 0 80291 1 27200 100 10 39 10 39 6 26 107491 101 0 0 80291 1 27200 100 10 39 10 39 6 26 107491 101 0 0 80291 1 27200 100
159 0 1000 0 0 1000 0 1000 10 39 10 39 6 26 0 0 0 0 0 0 0 0 10 39 10 39 6 26 0 0 0 0 0 0 0 0 10 39 10 39 6 26 0 0 0 0 0 0 0 0 10 39 10 39 6 26 0 0 0 0 0 0 0 0 10 39 10 39 6 26 0 0 0 0 0 0 0 0 10 39 10 39 6 26 0 0 0 0 0 0 0 0
160 0 1000 0 0 1000 0 1000 10 39 10 39 6 26 0 0 0 0 0 0 0 0 10 39 10 39 6 26 0 0 0 0 0 0 0 0 10 39 10 39 6 26 0 0 0 0 0 0 0 0 10 39 10 39 6 26 0 0 0 0 0 0 0 0 10 39 10 39 6 26 0 0 0 0 0 0 0 0 10 39 10 39 6 26 0 0 0 0 0 0 0 0
161 0 1000 0 0 1000 0 1000 10 39 10 39 6 26 83639 1 83639 1 0 0 0 0 10 39 10 39 6 26 83639 1 83639 1 0 0 0 0 10 39 10 39 6 26 83639 1 83639 1 0 0 0 0 10 39 10 39 6 26 83639 1 83639 1 0 0 0 0 10 39 10 39 6 26 83639 1 83639 1 0 0 0 0 10 39 10 39 6 26 83639 1 83639 1 0 0 0 0
162 0 1000 0 0 1000 0 1000 11 40 11 40 6 26 108035 103 0 0 80291 1 27744 102 11 40 11 40 6 26 108035 103 0 0 80291 1 27744 102 11 40 11 40 6 26 108035 103 0 0 80291 1 27744 102 11 40 11 40 6 26 108035 103 0 0 80291 1 27744 102 11 40 11 40 6 26 108035 103 0 0 80291 1 27744 102 11 40 11 40 6 26 108035 103 0 0 80291 1 27744 102
163 0 1000 0 0 1000 0 1000 11 40 11 40 6 26 0 0 0 0 0 0 0 0 11 40 11 40 6 26 0 0 0 0 0 0 0 0 11 40 11 40 6 26 0 0 0 0 0 0 0 0 11 40 11 40 6 26 0 0 0 0 0 0 0 0 11 40 11 40 6 26 0 0 0 0 0 0 0 0 11 40 11 40 6 26 0 0 0 0 0 0 0 0
164 0 1000 0 0 1000 0 1000 11 40 11 40 6 26 0 0 0 0 0 0 0 0 11 40 11 40 6 26 0 0 0 0 0 0 0 0 11 40 11 40 6 26 0 0 0 0 0 0 0 0 11 40 11 40 6 26 0 0 0 0 0 0 0 0 11 40 11 40 6 26 0 0 0 0 0 0 0 0 11 40 11 40 6 26 0 0 0 0 0 0 0 0
165 0 1000 0 0 1000 0 1000 11 40 11 40 6 26 0 0 0 0 0 0 0 0 11 40 11 40 6 26 0 0 0 0 0 0 0 0 11 40 11 40 6 26 0 0 0 0 0 0 0 0 11 40 11 40 6 26 0 0 0 0 0 0 0 0 11 40 11 40 6 26 0 0 0 0 0 0 0 0 11 40 11 40 6 26 0 0 0 0 0 0 0 0
166 0 1000 0 0 1000 0 1000 11 40 11 40 6 26 29376 108 0 0 0 0 29376 108 11 40 11 40 6 26 29376 108 0 0 0 0 29376 108 11 40 11 40 6 26 29376 108 0 0 0 0 29376 108 11 40 11 40 6 26 29376 108 0 0 0 0 29376 108 11 40 11 40 6 26 29376 108 0 0 0 0 29376 108 11 40 11 40 6 26 29376 108 0 0 0 0 29376 108
167 0 1000 0 0 1000 0 1000 11 40 11 40 6 26 0 0 0 0 0 0 0 0 11 40 11 40 6 26 0 0 0 0 0 0 0 0 11 40 11 40 6 26 0 0 0 0 0 0 0 0 11 40 11 40 6 26 0 0 0 0 0 0 0 0 11 40 11 40 6 26 0 0 0 0 0 0 0 0 11 40 11 40 6 26 0 0 0 0 0 0 0 0
168 0 1000 0 0 1000 0 1000 11 40 11 40 6 26 0 0 0 0 0 0 0 0 11 40 11 40 6 26 0 0 0 0 0 0 0 0 11 40 11 40 6 26 0 0 0 0 0 0 0 0 11 40 11 40 6 26 0 0 0 0 0 0 0 0 11 40 11 40 6 26 0 0 0 0 0 0 0 0 11 40 11 40 6 26 0 0 0 0 0 0 0 0
169 0 1000 0 0 1000 0 1000 11 40 11 40 6 26 0 0 0 0 0 0 0 0 11 40 11 40 6 26 0 0 0 0 0 0 0 0 11 40 11 40 6 26 0 0 0 0 0 0 0 0 11 40 11 40 6 26 0 0 0 0 0 0 0 0 11 40 11 40 6 26 0 0 0 0 0 0 0 0 11 40 11 40 6 26 0 0 0 0 0 0 0 0
170 0 1000 0 0 1000 0 1000 11 40 11 40 6 26 33184 122 0 0 0 0 33184 122 11 40 11 40 6 26 33184 122 0 0 0 0 33184 122 11 40 11 40 6 26 33184 122 0 0 0 0 33184 122 11 40 11 40 6 26 33184 122 0 0 0 0 33184 122 11 40 11 40 6 26 33184 122 0 0 0 0 33184 122 11 40 11 40 6 26 33184 122 0 0 0 0 33184 122
171 0 1000 0 0 1000 0 1000 11 40 11 40 7 32 0 0 0 0 0 0 0 0 11 40 11 40 7 32 0 0 0 0 0 0 0 0 11 40 11 40 7 32 0 0 0 0 0 0 0 0 11 40 11 40 7 32 0 0 0 0 0 0 0 0 11 40 11 40 7 32 0 0 0 0 0 0 0 0 11 40 11 40 7 32 0 0 0 0 0 0 0 0
172 0 1000 0 0 1000 0 1000 11 40 11 40 7 32 0 0 0 0 0 0 0 0 11 40 11 40 7 32 0 0 0 0 0 0 0 0 11 40 11 40 7 32 0 0 0 0 0 0 0 0 11 40 11 40 7 32 0 0 0 0 0 0 0 0 11 40 11 40 7 32 0 0 0 0 0 0 0 0 11 40 11 40 7 32 0 0 0 0 0 0 0 0
173 0 1000 0 0 1000 0 1000 11 40 11 40 7 32 84343 1 84343 1 0 0 0 0 11 40 11 40 7 32 84343 1 84343 1 0 0 0 0 11 40 11 40 7 32 84343 1 84343 1 0 0 0 0 11 40 11 40 7 32 84343 1 84343 1 0 0 0 0 11 40 11 40 7 32 84343 1 84343 1 0 0 0 0 11 40 11 40 7 32 84343 1 84343 1 0 0 0 0
174 0 1000 0 0 1000 0 1000 12 43 12 43 7 32 109123 107 0 0 80291 1 28832 106 12 43 12 43 7 32 109123 107 0 0 80291 1 28832 106 12 43 12 43 7 32 109123 107 0 0 80291 1 28832 106 12 43 12 43 7 32 109123 107 0 0 80291 1 28832 106 12 43 12 43 7 32 109123 107 0 0 80291 1 28832 106 12 43 12 43 7 32 109123 107 0 0 80291 1 28832 106
175 0 1000 0 0 1000 0 1000 12 43 12 43 8 33 0 0 0 0 0 0 0 0 12 43 12 43 8 33 0 0 0 0 0 0 0 0 12 43 12 43 8 33 0 0 0 0 0 0 0 0 12 43 12 43 8 33 0 0 0 0 0 0 0 0 12 43 12 43 8 33 0 0 0 0 0 0 0 0 12 43 12 43 8 33 0 0 0 0 0 0 0 0
176 0 1000 0 0 1000 0 1000 12 43 12 43 8 33 0 0 0 0 0 0 0 0 12 43 12 43 8 33 0 0 0 0 0 0 0 0 12 43 12 43 8 33 0 0 0 0 0 0 0 0 12 43 12 43 8 33 0 0 0 0 0 0 0 0 12 43 12 43 8 33 0 0 0 0 0 0 0 0 12 43 12 43 8 33 0 0 0 0 0 0 0 0
177 0 1000 0 0 1000 0 1000 12 43 12 43 8 33 0 0 0 0 0 0 0 0 12 43 12 43 8 33 0 0 0 0 0 0 0 0 12 43 12 43 8 33 0 0 0 0 0 0 0 0 12 43 12 43 8 33 0 0 0 0 0 0 0 0 12 43 12 43 8 33 0 0 0 0 0 0 0 0 12 43 12 43 8 33 0 0 0 0 0 0 0 0
178 0 1000 0 0 1000 0 1000 12 43 12 43 8 33 26928 99 0 0 0 0 26928 99 12 43 12 43 8 33 26928 99 0 0 0 0 26928 99 12 43 12 43 8 33 26928 99 0 0 0 0 26928 99 12 43 12 43 8 33 26928 99 0 0 0 0 26928 99 12 43 12 43 8 33 26928 99 0 0 0 0 26928 99 12 43 12 43 8 33 26928 99 0 0 0 0 26928 99
179 0 1000 0 0 1000 0 1000 12 43 12 43 8 33 0 0 0 0 0 0 0 0 12 43 12 43 8 33 0 0 0 0 0 0 0 0 12 43 12 43 8 33 0 0 0 0 0 0 0 0 12 43 12 43 8 33 0 0 0 0 0 0 0 0 12 43 12 43 8 33 0 0 0 0 0 0 0 0 12 43 12 43 8 33 0 0 0 0 0 0 0 0
180 0 1000 0 0 1000 0 1000 12 43 12 43 8 33 0 0 0 0 0 0 0 0 12 43 12 43 8 33 0 0 0 0 0 0 0 0 12 43 12 43 8 33 0 0 0 0 0 0 0 0 12 43 12 43 8 33 0 0 0 0 0 0 0 0 12 43 12 43 8 33 0 0 0 0 0 0 0 0 12 43 12 43 8 33 0 0 0 0 0 0 0 0
181 0 1000 0 0 1000 0 1000 12 43 12 43 8 33 0 0 0 0 0 0 0 0 12 43 12 43 8 33 0 0 0 0 0 0 0 0 12 43 12 43 8 33 0 0 0 0 0 0 0 0 12 43 12 43 8 33 0 0 0 0 0 0 0 0 12 43 12 43 8 33 0 0 0 0 0 0 0 0 12 43 12 43 8 33 0 0 0 0 0 0 0 0
182 0 1000 0 0 1000 0 1000 12 43 12 43 8 33 22304 82 0 0 0 0 22304 82 12 43 12 43 8 33 22304 82 0 0 0 0 22304 82 12 43 12 43 8 33 22304 82 0 0 0 0 22304 82 12 43 12 43 8 33 22304 82 0 0 0 0 22304 82 12 43 12 43 8 33 22304 82 0 0 0 0 22304 82 12 43 12 43 8 33 22304 82 0 0 0 0 22304 82
183 0 1000 0 0 1000 0 1000 12 43 12 43 9 35 0 0 0 0 0 0 0 0 12 43 12 43 9 35 0 0 0 0 0 0 0 0 12 43 12 43 9 35 0 0 0 0 0 0 0 0 12 43 12 43 9 35 0 0 0 0 0 0 0 0 12 43 12 43 9 35 0 0 0 0 0 0 0 0 12 43 12 43 9 35 0 0 0 0 0 0 0 0
184 0 1000 0 0 1000 0 1000 12 43 12 43 9 35 0 0 0 0 0 0 0 0 12 43 12 43 9 35 0 0 0 0 0 0 0 0 12 43 12 43 9 35 0 0 0 0 0 0 0 0 12 43 12 43 9 35 0 0 0 0 0 0 0 0 12 43 12 43 9 35 0 0 0 0 0 0 0 0 12 43 12 43 9 35 0 0 0 0 0 0 0 0
185 0 1000 0 0 1000 0 1000 12 43 12 43 9 35 0 0 0 0 0 0 0 0 12 43 12 43 9 35 0 0 0 0 0 0 0 0 12 43 12 43 9 35 0 0 0 0 0 0 0 0 12 43 12 43 9 35 0 0 0 0 0 0 0 0 12 43 12 43 9 35 0 0 0 0 0 0 0 0 12 43 12 43 9 35 0 0 0 0 0 0 0 0
186 0 1000 0 0 1000 0 1000 12 43 12 43 9 35 31824 117 0 0 0 0 31824 117 12 43 12 43 9 35 31824 117 0 0 0 0 31824 117 12 43 12 43 9 35 31824 117 0 0 0 0 31824 117 12 43 12 43 9 35 31824 117 0 0 0 0 31824 117 12 43 12 43 9 35 31824 117 0 0 0 0 31824 117 12 43 12 43 9 35 31824 117 0 0 0 0 31824 117
187 0 1000 0 0 1000 0 1000 12 43 12 43 9 35 0 0 0 0 0 0 0 0 12 43 12 43 9 35 0 0 0 0 0 0 0 0 12 43 12 43 9 35 0 0 0 0 0 0 0 0 12 43 12 43 9 35 0 0 0 0 0 0 0 0 12 43 12 43 9 35 0 0 0 0 0 0 0 0 12 43 12 43 9 35 0 0 0 0 0 0 0 0
188 0 1000 0 0 1000 0 1000 12 43 12 43 9 35 0 0 0 0 0 0 0 0 12 43 12 43 9 35 0 0 0 0 0 0 0 0 12 43 12 43 9 35 0 0 0 0 0 0 0 0 12 43 12 43 9 35 0 0 0 0 0 0 0 0 12 43 12 43 9 35 0 0 0 0 0 0 0 0 12 43 12 43 9 35 0 0 0 0 0 0 0 0
189 0 1000 0 0 1000 0 1000 12 43 12 43 9 35 0 0 0 0 0 0 0 0 12 43 12 43 9 35 0 0 0 0 0 0 0 0 12 43 12 43 9 35 0 0 0 0 0 0 0 0 12 43 12 43 9 35 0 0 0 0 0 0 0 0 12 43 12 43 9 35 0 0 0 0 0 0 0 0 12 43 12 43 9 35 0 0 0 0 0 0 0 0
190 0 1000 0 0 1000 0 1000 12 43 12 43 9 35 27472 101 0 0 0 0 27472 101 12 43 12 43 9 35 27472 101 0 0 0 0 27472 101 12 43 12 43 9 35 27472 101 0 0 0 0 27472 101 12 43 12 43 9 35 27472 101 0 0 0 0 27472 101 12 43 12 43 9 35 27472 101 0 0 0 0 27472 101 12 43 12 43 9 35 27472 101 0 0 0 0 27472 101
191 0 1000 0 0 1000 0 1000 12 43 12 43 9 35 0 0 0 0 0 0 0 0 12 43 12 43 9 35 0 0 0 0 0 0 0 0 12 43 12 43 9 35 0 0 0 0 0 0 0 0 12 43 12 43 9 35 0 0 0 0 0 0 0 0 12 43 12 43 9 35 0 0 0 0 0 0 0 0 12 43 12 43 9 35 0 0 0 0 0 0 0 0
192 0 1000 0 0 1000 0 1000 12 43 12 43 9 35 0 0 0 0 0 0 0 0 12 43 12 43 9 35 0 0 0 0 0 0 0 0 12 43 12 43 9 35 0 0 0 0 0 0 0 0 12 43 12 43 9 35 0 0 0 0 0 0 0 0 12 43 12 43 9 35 0 0 0 0 0 0 0 0 12 43 12 43 9 35 0 0 0 0 0 0 0 0
193 0 1000 0 0 1000 0 1000 12 43 12 43 9 35 83671 1 83671 1 0 0 0 0 12 43 12 43 9 35 83671 1 83671 1 0 0 0 0 12 43 12 43 9 35 83671 1 83671 1 0 0 0 0 12 43 12 43 9 35 83671 1 83671 1 0 0 0 0 12 43 12 43 9 35 83671 1 83671 1 0 0 0 0 12 43 12 43 9 35 83671 1 83671 1 0 0 0 0
194 0 1000 0 0 1000 0 1000 13 48 13 48 9 35 108035 103 0 0 80291 1 27744 102 13 48 13 48 9 35 108035 103 0 0 80291 1 27744 102 13 48 13 48 9 35 108035 103 0 0 80291 1 27744 102 13 48 13 48 9 35 108035 103 0 0 80291 1 27744 102 13 48 13 48 9 35 108035 103 0 0 80291 1 27744 102 13 48 13 48 9 35 108035 103 0 0 80291 1 27744 102
195 0 1000 0 0 1000 0 1000 13 48 13 48 9 35 0 0 0 0 0 0 0 0 13 48 13 48 9 35 0 0 0 0 0 0 0 0 13 48 13 48 9 35 0 0 0 0 0 0 0 0 13 48 13 48 9 35 0 0 0 0 0 0 0 0 13 48 13 48 9 35 0 0 0 0 0 0 0 0 13 48 13 48 9 35 0 0 0 0 0 0 0 0
196 0 1000 0 0 1000 0 1000 13 48 13 48 9 35 0 0 0 0 0 0 0 0 13 48 13 48 9 35 0 0 0 0 0 0 0 0 13 48 13 48 9 35 0 0 0 0 0 0 0 0 13 48 13 48 9 35 0 0 0 0 0 0 0 0 13 48 13 48 9 35 0 0 0 0 0 0 0 0 13 48 13 48 9 35 0 0 0 0 0 0 0 0
197 0 1000 0 0 1000 0 1000 13 48 13 48 9 35 83702 1 83702 1 0 0 0 0 13 48 13 48 9 35 83702 1 83702 1 0 0 0 0 13 48 13 48 9 35 83702 1 83702 1 0 0 0 0 13 48 13 48 9 35 83702 1 83702 1 0 0 0 0 13 48 13 48 9 35 83702 1 83702 1 0 0 0 0 13 48 13 48 9 35 83702 1 83702 1 0 0 0 0
198 0 1000 0 0 1000 0 1000 14 49 14 49 9 35 112386 119 0 0 80290 1 32096 118 14 49 14 49 9 35 112386 119 0 0 80290 1 32096 118 14 49 14 49 9 35 112386 119 0 0 80290 1 32096 118 14 49 14 49 9 35 112386 119 0 0 80290 1 32096 118 14 49 14 49 9 35 112386 119 0 0 80290 1 32096 118 14 49 14 49 9 35 112386 119 0 0 80290 1 32096 118
199 0 1000 0 0 1000 0 1000 14 49 14 49 10 39 0 0 0 0 0 0 0 0 14 49 14 49 10 39 0 0 0 0 0 0 0 0 14 49 14 49 10 39 0 0 0 0 0 0 0 0 14 49 14 49 10 39 0 0 0 0 0 0 0 0 14 49 14 49 10 39 0 0 0 0 0 0 0 0 14 49 14 49 10 39 0 0 0 0 0 0 0 0
200 0 1000 0 0 1000 0 1000 14 49 14 49 10 39 0 0 0 0 0 0 0 0 14 49 14 49 10 39 0 0 0 0 0 0 0 0 14 49 14 49 10 39 0 0 0 0 0 0 0 0 14 49 14 49 10 39 0 0 0 0 0 0 0 0 14 49 14 49 10 39 0 0 0 0 0 0 0 0 14 49 14 49 10 39 0 0 0 0 0 0 0 0
201 0 1000 0 0 1000 0 1000 14 49 14 49 10 39 0 0 0 0 0 0 0 0 14 49 14 49 10 39 0 0 0 0 0 0 0 0 14 49 14 49 10 39 0 0 0 0 0 0 0 0 14 49 14 49 10 39 0 0 0 0 0 0 0 0 14 49 14 49 10 39 0 0 0 0 0 0 0 0 14 49 14 49 10 39 0 0 0 0 0 0 0 0
202 0 1000 0 0 1000 0 1000 14 49 14 49 10 39 28832 106 0 0 0 0 28832 106 14 49 14 49 10 39 28832 106 0 0 0 0 28832 106 14 49 14 49 10 39 28832 106 0 0 0 0 28832 106 14 49 14 49 10 39 28832 106 0 0 0 0 28832 106 14 49 14 49 10 39 28832 106 0 0 0 0 28832 106 14 49 14 49 10 39 28832 106 0 0 0 0 28832 106
203 0 1000 0 0 1000 0 1000 14 49 14 49 11 40 0 0 0 0 0 0 0 0 14 49 14 49 11 40 0 0 0 0 0 0 0 0 14 49 14 49 11 40 0 0 0 0 0 0 0 0 14 49 14 49 11 40 0 0 0 0 0 0 0 0 14 49 14 49 11 40 0 0 0 0 0 0 0 0 14 49 14 49 11 40 0 0 0 0 0 0 0 0
204 0 1000 0 0 1000 0 1000 14 49 14 49 11 40 0 0 0 0 0 0 0 0 14 49 14 49 11 40 0 0 0 0 0 0 0 0 14 49 14 49 11 40 0 0 0 0 0 0 0 0 14 49 14 49 11 40 0 0 0 0 0 0 0 0 14 49 14 49 11 40 0 0 0 0 0 0 0 0 14 49 14 49 11 40 0 0 0 0 0 0 0 0
205 0 1000 0 0 1000 0 1000 14 49 14 49 11 40 0 0 0 0 0 0 0 0 14 49 14 49 11 40 0 0 0 0 0 0 0 0 14 49 14 49 11 40 0 0 0 0 0 0 0 0 14 49 14 49 11 40 0 0 0 0 0 0 0 0 14 49 14 49 11 40 0 0 0 0 0 0 0 0 14 49 14 49 11 40 0 0 0 0 0 0 0 0
206 0 1000 0 0 1000 0 1000 14 49 14 49 11 40 28016 103 0 0 0 0 28016 103 14 49 14 49 11 40 28016 103 0 0 0 0 28016 103 14 49 14 49 11 40 28016 103 0 0 0 0 28016 103 14 49 14 49 11 40 28016 103 0 0 0 0 28016 103 14 49 14 49 11 40 28016 103 0 0 0 0 28016 103 14 49 14 49 11 40 28016 103 0 0 0 0 28016 103
207 0 1000 0 0 1000 0 1000 14 49 14 49 11 40 0 0 0 0 0 0 0 0 14 49 14 49 11 40 0 0 0 0 0 0 0 0 14 49 14 49 11 40 0 0 0 0 0 0 0 0 14 49 14 49 11 40 0 0 0 0 0 0 0 0 14 49 14 49 11 40 0 0 0 0 0 0 0 0 14 49 14 49 11 40 0 0 0 0 0 0 0 0
208 0 1000 0 0 1000 0 1000 14 49 14 49 11 40 0 0 0 0 0 0 0 0 14 49 14 49 11 40 0 0 0 0 0 0 0 0 14 49 14 49 11 40 0 0 0 0 0 0 0 0 14 49 14 49 11 40 0 0 0 0 0 0 0 0 14 49 14 49 11 40 0 0 0 0 0 0 0 0 14 49 14 49 11 40 0 0 0 0 0 0 0 0
209 0 1000 0 0 1000 0 1000 14 49 14 49 11 40 0 0 0 0 0 0 0 0 14 49 14 49 11 40 0 0 0 0 0 0 0 0 14 49 14 49 11 40 0 0 0 0 0 0 0 0 14 49 14 49 11 40 0 0 0 0 0 0 0 0 14 49 14 49 11 40 0 0 0 0 0 0 0 0 14 49 14 49 11 40 0 0 0 0 0 0 0 0
210 0 1000 0 0 1000 0 1000 14 49 14 49 11 40 31008 114 0 0 0 0 31008 114 14 49 14 49 11 40 31008 114 0 0 0 0 31008 114 14 49 14 49 11 40 31008 114 0 0 0 0 31008 114 14 49 14 49 11 40 31008 114 0 0 0 0 31008 114 14 49 14 49 11 40 31008 114 0 0 0 0 31008 114 14 49 14 49 11 40 31008 114 0 0 0 0 31008 114
211 0 1000 0 0 1000 0 1000 14 49 14 49 11 40 0 0 0 0 0 0 0 0 14 49 14 49 11 40 0 0 0 0 0 0 0 0 14 49 14 49 11 40 0 0 0 0 0 0 0 0 14 49 14 49 11 40 0 0 0 0 0 0 0 0 14 49 14 49 11 40 0 0 0 0 0 0 0 0 14 49 14 49 11 40 0 0 0 0 0 0 0 0
212 0 1000 0 0 1000 0 1000 14 49 14 49 11 40 0 0 0 0 0 0 0 0 14 49 14 49 11 40 0 0 0 0 0 0 0 0 14 49 14 49 11 40 0 0 0 0 0 0 0 0 14 49 14 49 11 40 0 0 0 0 0 0 0 0 14 49 14 49 11 40 0 0 0 0 0 0 0 0 14 49 14 49 11 40 0 0 0 0 0 0 0 0
213 0 1000 0 0 1000 0 1000 14 49 14 49 11 40 0 0 0 0 0 0 0 0 14 49 14 49 11 40 0 0 0 0 0 0 0 0 14 49 14 49 11 40 0 0 0 0 0 0 0 0 14 49 14 49 11 40 0 0 0 0 0 0 0 0 14 49 14 49 11 40 0 0 0 0 0 0 0 0 14 49 14 49 11 40 0 0 0 0 0 0 0 0
214 0 1000 0 0 1000 0 1000 14 49 14 49 11 40 23120 85 0 0 0 0 23120 85 14 49 14 49 11 40 23120 85 0 0 0 0 23120 85 14 49 14 49 11 40 23120 85 0 0 0 0 23120 85 14 49 14 49 11 40 23120 85 0 0 0 0 23120 85 14 49 14 49 11 40 23120 85 0 0 0 0 23120 85 14 49 14 49 11 40 23120 85 0 0 0 0 23120 85
215 0 1000 0 0 1000 0 1000 14 49 14 49 12 43 0 0 0 0 0 0 0 0 14 49 14 49 12 43 0 0 0 0 0 0 0 0 14 49 14 49 12 43 0 0 0 0 0 0 0 0 14 49 14 49 12 43 0 0 0 0 0 0 0 0 14 49 14 49 12 43 0 0 0 0 0 0 0 0 14 49 14 49 12 43 0 0 0 0 0 0 0 0
216 0 1000 0 0 1000 0 1000 14 49 14 49 12 43 0 0 0 0 0 0 0 0 14 49 14 49 12 43 0 0 0 0 0 0 0 0 14 49 14 49 12 43 0 0 0 0 0 0 0 0 14 49 14 49 12 43 0 0 0 0 0 0 0 0 14 49 14 49 12 43 0 0 0 0 0 0 0 0 14 49 14 49 12 43 0 0 0 0 0 0 0 0
217 0 1000 0 0 1000 0 1000 14 49 14 49 12 43 83159 1 83159 1 0 0 0 0 14 49 14 49 12 43 83159 1 83159 1 0 0 0 0 14 49 14 49 12 43 83159 1 83159 1 0 0 0 0 14 49 14 49 12 43 83159 1 83159 1 0 0 0 0 14 49 14 49 12 43 83159 1 83159 1 0 0 0 0 14 49 14 49 12 43 83159 1 83159 1 0 0 0 0
218 0 1000 0 0 1000 0 1000 15 54 15 54 12 43 107763 102 0 0 80291 1 27472 101 15 54 15 54 12 43 107763 102 0 0 80291 1 27472 101 15 54 15 54 12 43 107763 102 0 0 80291 1 27472 101 15 54 15 54 12 43 107763 102 0 0 80291 1 27472 101 15 54 15 54 12 43 107763 102 0 0 80291 1 27472 101 15 54 15 54 12 43 107763 102 0 0 80291 1 27472 101
219 0 1000 0 0 1000 0 1000 15 54 15 54 12 43 0 0 0 0 0 0 0 0 15 54 15 54 12 43 0 0 0 0 0 0 0 0 15 54 15 54 12 43 0 0 0 0 0 0 0 0 15 54 15 54 12 43 0 0 0 0 0 0 0 0 15 54 15 54 12 43 0 0 0 0 0 0 0 0 15 54 15 54 12 43 0 0 0 0 0 0 0 0
220 0 1000 0 0 1000 0 1000 15 54 15 54 12 43 0 0 0 0 0 0 0 0 15 54 15 54 12 43 0 0 0 0 0 0 0 0 15 54 15 54 12 43 0 0 0 0 0 0 0 0 15 54 15 54 12 43 0 0 0 0 0 0 0 0 15 54 15 54 12 43 0 0 0 0 0 0 0 0 15 54 15 54 12 43 0 0 0 0 0 0 0 0
221 0 1000 0 0 1000 0 1000 15 54 15 54 12 43 0 0 0 0 0 0 0 0 15 54 15 54 12 43 0 0 0 0 0 0 0 0 15 54 15 54 12 43 0 0 0 0 0 0 0 0 15 54 15 54 12 43 0 0 0 0 0 0 0 0 15 54 15 54 12 43 0 0 0 0 0 0 0 0 15 54 15 54 12 43 0 0 0 0 0 0 0 0
222 0 1000 0 0 1000 0 1000 15 54 15 54 12 43 25296 93 0 0 0 0 25296 93 15 54 15 54 12 43 25296 93 0 0 0 0 25296 93 15 54 15 54 12 43 25296 93 0 0 0 0 25296 93 15 54 15 54 12 43 25296 93 0 0 0 0 25296 93 15 54 15 54 12 43 25296 93 0 0 0 0 25296 93 15 54 15 54 12 43 25296 93 0 0 0 0 25296 93
223 0 1000 0 0 1000 0 1000 15 54 15 54 12 43 0 0 0 0 0 0 0 0 15 54 15 54 12 43 0 0 0 0 0 0 0 0 15 54 15 54 12 43 0 0 0 0 0 0 0 0 15 54 15 54 12 43 0 0 0 0 0 0 0 0 15 54 15 54 12 43 0 0 0 0 0 0 0 0 15 54 15 54 12 43 0 0 0 0 0 0 0 0
224 0 1000 0 0 1000 0 1000 15 54 15 54 12 43 0 0 0 0 0 0 0 0 15 54 15 54 12 43 0 0 0 0 0 0 0 0 15 54 15 54 12 43 0 0 0 0 0 0 0 0 15 54 15 54 12 43 0 0 0 0 0 0 0 0 15 54 15 54 12 43 0 0 0 0 0 0 0 0 15 54 15 54 12 43 0 0 0 0 0 0 0 0
225 0 1000 0 0 1000 0 1000 15 54 15 54 12 43 0 0 0 0 0 0 0 0 15 54 15 54 12 43 0 0 0 0 0 0 0 0 15 54 15 54 12 43 0 0 0 0 0 0 0 0 15 54 15 54 12 43 0 0 0 0 0 0 0 0 15 54 15 54 12 43 0 0 0 0 0 0 0 0 15 54 15 54 12 43 0 0 0 0 0 0 0 0
226 0 1000 0 0 1000 0 1000 15 54 15 54 12 43 28288 104 0 0 0 0 28288 104 15 54 15 54 12 43 28288 104 0 0 0 0 28288 104 15 54 15 54 12 43 28288 104 0 0 0 0 28288 104 15 54 15 54 12 43 28288 104 0 0 0 0 28288 104 15 54 15 54 12 43 28288 104 0 0 0 0 28288 104 15 54 15 54 12 43 28288 104 0 0 0 0 28288 104
227 0 1000 0 0 1000 0 1000 15 54 15 54 12 43 0 0 0 0 0 0 0 0 15 54 15 54 12 43 0 0 0 0 0 0 0 0 15 54 15 54 12 43 0 0 0 0 0 0 0 0 15 54 15 54 12 43 0 0 0 0 0 0 0 0 15 54 15 54 12 43 0 0 0 0 0 0 0 0 15 54 15 54 12 43 0 0 0 0 0 0 0 0
228 0 1000 0 0 1000 0 1000 15 54 15 54 12 43 0 0 0 0 0 0 0 0 15 54 15 54 12 43 0 0 0 0 0 0 0 0 15 54 15 54 12 43 0 0 0 0 0 0 0 0 15 54 15 54 12 43 0 0 0 0 0 0 0 0 15 54 15 54 12 43 0 0 0 0 0 0 0 0 15 54 15 54 12 43 0 0 0 0 0 0 0 0
229 0 1000 0 0 1000 0 1000 15 54 15 54 12 43 0 0 0 0 0 0 0 0 15 54 15 54 12 43 0 0 0 0 0 0 0 0 15 54 15 54 12 43 0 0 0 0 0 0 0 0 15 54 15 54 12 43 0 0 0 0 0 0 0 0 15 54 15 54 12 43 0 0 0 0 0 0 0 0 15 54 15 54 12 43 0 0 0 0 0 0 0 0
230 0 1000 0 0 1000 0 1000 15 54 15 54 12 43 29648 109 0 0 0 0 29648 109 15 54 15 54 12 43 29648 109 0 0 0 0 29648 109 15 54 15 54 12 43 29648 109 0 0 0 0 29648 109 15 54 15 54 12 43 29648 109 0 0 0 0 29648 109 15 54 15 54 12 43 29648 109 0 0 0 0 29648 109 15 54 15 54 12 43 29648 109 0 0 0 0 29648 109
231 0 1000 0 0 1000 0 1000 15 54 15 54 12 43 0 0 0 0 0 0 0 0 15 54 15 54 12 43 0 0 0 0 0 0 0 0 15 54 15 54 12 43 0 0 0 0 0 0 0 0 15 54 15 54 12 43 0 0 0 0 0 0 0 0 15 54 15 54 12 43 0 0 0 0 0 0 0 0 15 54 15 54 12 43 0 0 0 0 0 0 0 0
232 0 1000 0 0 1000 0 1000 15 54 15 54 12 43 0 0 0 0 0 0 0 0 15 54 15 54 12 43 0 0 0 0 0 0 0 0 15 54 15 54 12 43 0 0 0 0 0 0 0 0 15 54 15 54 12 43 0 0 0 0 0 0 0 0 15 54 15 54 12 43 0 0 0 0 0 0 0 0 15 54 15 54 12 43 0 0 0 0 0 0 0 0
233 0 1000 0 0 1000 0 1000 15 54 15 54 12 43 167854 2 167854 2 0 0 0 0 15 54 15 54 12 43 167854 2 167854 2 0 0 0 0 15 54 15 54 12 43 167854 2 167854 2 0 0 0 0 15 54 15 54 12 43 167854 2 167854 2 0 0 0 0 15 54 15 54 12 43 167854 2 167854 2 0 0 0 0 15 54 15 54 12 43 167854 2 167854 2 0 0 0 0
234 0 1000 0 0 1000 0 1000 16 58 16 58 12 43 110483 112 0 0 80291 1 30192 111 16 58 16 58 12 43 110483 112 0 0 80291 1 30192 111 16 58 16 58 12 43 110483 112 0 0 80291 1 30192 111 16 58 16 58 12 43 110483 112 0 0 80291 1 30192 111 16 58 16 58 12 43 110483 112 0 0 80291 1 30192 111 16 58 16 58 12 43 110483 112 0 0 80291 1 30192 111
235 0 1000 0 0 1000 0 1000 16 58 16 58 13 48 0 0 0 0 0 0 0 0 16 58 16 58 13 48 0 0 0 0 0 0 0 0 16 58 16 58 13 48 0 0 0 0 0 0 0 0 16 58 16 58 13 48 0 0 0 0 0 0 0 0 16 58 16 58 13 48 0 0 0 0 0 0 0 0 16 58 16 58 13 48 0 0 0 0 0 0 0 0
236 0 1000 0 0 1000 0 1000 16 58 16 58 13 48 0 0 0 0 0 0 0 0 16 58 16 58 13 48 0 0 0 0 0 0 0 0 16 58 16 58 13 48 0 0 0 0 0 0 0 0 16 58 16 58 13 48 0 0 0 0 0 0 0 0 16 58 16 58 13 48 0 0 0 0 0 0 0 0 16 58 16 58 13 48 0 0 0 0 0 0 0 0
237 0 1000 0 0 1000 0 1000 16 58 16 58 13 48 83991 1 83991 1 0 0 0 0 16 58 16 58 13 48 83991 1 83991 1 0 0 0 0 16 58 16 58 13 48 83991 1 83991 1 0 0 0 0 16 58 16 58 13 48 83991 1 83991 1 0 0 0 0 16 58 16 58 13 48 83991 1 83991 1 0 0 0 0 16 58 16 58 13 48 83991 1 83991 1 0 0 0 0
238 0 1000 0 0 1000 0 1000 17 59 17 59 13 48 105315 93 0 0 80291 1 25024 92 17 59 17 59 13 48 105315 93 0 0 80291 1 25024 92 17 59 17 59 13 48 105315 93 0 0 80291 1 25024 92 17 59 17 59 13 48 105315 93 0 0 80291 1 25024 92 17 59 17 59 13 48 105315 93 0 0 80291 1 25024 92 17 59 17 59 13 48 105315 93 0 0 80291 1 25024 92
239 0 1000 0 0 1000 0 1000 17 59 17 59 14 49 0 0 0 0 0 0 0 0 17 59 17 59 14 49 0 0 0 0 0 0 0 0 17 59 17 59 14 49 0 0 0 0 0 0 0 0 17 59 17 59 14 49 0 0 0 0 0 0 0 0 17 59 17 59 14 49 0 0 0 0 0 0 0 0 17 59 17 59 14 49 0 0 0 0 0 0 0 0
240 0 1000 0 0 1000 0 1000 17 59 17 59 14 49 0 0 0 0 0 0 0 0 17 59 17 59 14 49 0 0 0 0 0 0 0 0 17 59 17 59 14 49 0 0 0 0 0 0 0 0 17 59 17 59 14 49 0 0 0 0 0 0 0 0 17 59 17 59 14 49 0 0 0 0 0 0 0 0 17 59 17 59 14 49 0 0 0 0 0 0 0 0
241 0 1000 0 0 1000 0 1000 17 59 17 59 14 49 0 0 0 0 0 0 0 0 17 59 17 59 14 49 0 0 0 0 0 0 0 0 17 59 17 59 14 49 0 0 0 0 0 0 0 0 17 59 17 59 14 49 0 0 0 0 0 0 0 0 17 59 17 59 14 49 0 0 0 0 0 0 0 0 17 59 17 59 14 49 0 0 0 0 0 0 0 0
242 0 1000 0 0 1000 0 1000 17 59 17 59 14 49 28560 105 0 0 0 0 28560 105 17 59 17 59 14 49 28560 105 0 0 0 0 28560 105 17 59 17 59 14 49 28560 105 0 0 0 0 28560 105 17 59 17 59 14 49 28560 105 0 0 0 0 28560 105 17 59 17 59 14 49 28560 105 0 0 0 0 28560 105 17 59 17 59 14 49 28560 105 0 0 0 0 28560 105
243 0 1000 0 0 1000 0 1000 17 59 17 59 14 49 0 0 0 0 0 0 0 0 17 59 17 59 14 49 0 0 0 0 0 0 0 0 17 59 17 59 14 49 0 0 0 0 0 0 0 0 17 59 17 59 14 49 0 0 0 0 0 0 0 0 17 59 17 59 14 49 0 0 0 0 0 0 0 0 17 59 17 59 14 49 0 0 0 0 0 0 0 0
244 0 1000 0 0 1000 0 1000 17 59 17 59 14 49 0 0 0 0 0 0 0 0 17 59 17 59 14 49 0 0 0 0 0 0 0 0 17 59 17 59 14 49 0 0 0 0 0 0 0 0 17 59 17 59 14 49 0 0 0 0 0 0 0 0 17 59 17 59 14 49 0 0 0 0 0 0 0 0 17 59 17 59 14 49 0 0 0 0 0 0 0 0
245 0 1000 0 0 1000 0 1000 17 59 17 59 14 49 83798 1 83798 1 0 0 0 0 17 59 17 59 14 49 83798 1 83798 1 0 0 0 0 17 59 17 59 14 49 83798 1 83798 1 0 0 0 0 17 59 17 59 14 49 83798 1 83798 1 0 0 0 0 17 59 17 59 14 49 83798 1 83798 1 0 0 0 0 17 59 17 59 14 49 83798 1 83798 1 0 0 0 0
246 0 1000 0 0 1000 0 1000 18 61 18 61 14 49 107218 100 0 0 80290 1 26928 99 18 61 18 61 14 49 107218 100 0 0 80290 1 26928 99 18 61 18 61 14 49 107218 100 0 0 80290 1 26928 99 18 61 18 61 14 49 107218 100 0 0 80290 1 26928 99 18 61 18 61 14 49 107218 100 0 0 80290 1 26928 99 18 61 18 61 14 49 107218 100 0 0 80290 1 26928 99
247 0 1000 0 0 1000 0 1000 18 61 18 61 14 49 0 0 0 0 0 0 0 0 18 61 18 61 14 49 0 0 0 0 0 0 0 0 18 61 18 61 14 49 0 0 0 0 0 0 0 0 18 61 18 61 14 49 0 0 0 0 0 0 0 0 18 61 18 61 14 49 0 0 0 0 0 0 0 0 18 61 18 61 14 49 0 0 0 0 0 0 0 0
248 0 1000 0 0 1000 0 1000 18 61 18 61 14 49 0 0 0 0 0 0 0 0 18 61 18 61 14 49 0 0 0 0 0 0 0 0 18 61 18 61 14 49 0 0 0 0 0 0 0 0 18 61 18 61 14 49 0 0 0 0 0 0 0 0 18 61 18 61 14 49 0 0 0 0 0 0 0 0 18 61 18 61 14 49 0 0 0 0 0 0 0 0
249 0 1000 0 0 1000 0 1000 18 61 18 61 14 49 0 0 0 0 0 0 0 0 18 61 18 61 14 49 0 0 0 0 0 0 0 0 18 61 18 61 14 49 0 0 0 0 0 0 0 0 18 61 18 61 14 49 0 0 0 0 0 0 0 0 18 61 18 61 14 49 0 0 0 0 0 0 0 0 18 61 18 61 14 49 0 0 0 0 0 0 0 0
250 0 1000 0 0 1000 0 1000 18 61 18 61 14 49 27200 100 0 0 0 0 27200 100 18 61 18 61 14 49 27200 100 0 0 0 0 27200 100 18 61 18 61 14 49 27200 100 0 0 0 0 27200 100 18 61 18 61 14 49 27200 100 0 0 0 0 27200 100 18 61 18 61 14 49 27200 100 0 0 0 0 27200 100 18 61 18 61 14 49 27200 100 0 0 0 0 27200 100
251 0 1000 0 0 1000 0 1000 18 61 18 61 14 49 0 0 0 0 0 0 0 0 18 61 18 61 14 49 0 0 0 0 0 0 0 0 18 61 18 61 14 49 0 0 0 0 0 0 0 0 18 61 18 61 14 49 0 0 0 0 0 0 0 0 18 61 18 61 14 49 0 0 0 0 0 0 0 0 18 61 18 61 14 49 0 0 0 0 0 0 0 0
252 0 1000 0 0 1000 0 1000 18 61 18 61 14 49 0 0 0 0 0 0 0 0 18 61 18 61 14 49 0 0 0 0 0 0 0 0 18 61 18 61 14 49 0 0 0 0 0 0 0 0 18 61 18 61 14 49 0 0 0 0 0 0 0 0 18 61 18 61 14 49 0 0 0 0 0 0 0 0 18 61 18 61 14 49 0 0 0 0 0 0 0 0
253 0 1000 0 0 1000 0 1000 18 61 18 61 14 49 83639 1 83639 1 0 0 0 0 18 61 18 61 14 49 83639 1 83639 1 0 0 0 0 18 61 18 61 14 49 83639 1 83639 1 0 0 0 0 18 61 18 61 14 49 83639 1 83639 1 0 0 0 0 18 61 18 61 14 49 83639 1 83639 1 0 0 0 0 18 61 18 61 14 49 83639 1 83639 1 0 0 0 0
254 0 1000 0 0 1000 0 1000 19 63 19 63 14 49 105043 92 0 0 80291 1 24752 91 19 63 19 63 14 49 105043 92 0 0 80291 1 24752 91 19 63 19 63 14 49 105043 92 0 0 80291 1 24752 91 19 63 19 63 14 49 105043 92 0 0 80291 1 24752 91 19 63 19 63 14 49 105043 92 0 0 80291 1 24752 91 19 63 19 63 14 49 105043 92 0 0 80291 1 24752 91
255 0 1000 0 0 1000 0 1000 19 63 19 63 14 49 0 0 0 0 0 0 0 0 19 63 19 63 14 49 0 0 0 0 0 0 0 0 19 63 19 63 14 49 0 0 0 0 0 0 0 0 19 63 19 63 14 49 0 0 0 0 0 0 0 0 19 63 19 63 14 49 0 0 0 0 0 0 0 0 19 63 19 63 14 49 0 0 0 0 0 0 0 0
256 0 1000 0 0 1000 0 1000 19 63 19 63 14 49 0 0 0 0 0 0 0 0 19 63 19 63 14 49 0 0 0 0 0 0 0 0 19 63 19 63 14 49 0 0 0 0 0 0 0 0 19 63 19 63 14 49 0 0 0 0 0 0 0 0 19 63 19 63 14 49 0 0 0 0 0 0 0 0 19 63 19 63 14 49 0 0 0 0 0 0 0 0
257 0 1000 0 0 1000 0 1000 19 63 19 63 14 49 0 0 0 0 0 0 0 0 19 63 19 63 14 49 0 0 0 0 0 0 0 0 19 63 19 63 14 49 0 0 0 0 0 0 0 0 19 63 19 63 14 49 0 0 0 0 0 0 0 0 19 63 19 63 14 49 0 0 0 0 0 0 0 0 19 63 19 63 14 49 0 0 0 0 0 0 0 0
258 0 1000 0 0 1000 0 1000 19 63 19 63 14 49 26656 98 0 0 0 0 26656 98 19 63 19 63 14 49 26656 98 0 0 0 0 26656 98 19 63 19 63 14 49 26656 98 0 0 0 0 26656 98 19 63 19 63 14 49 26656 98 0 0 0 0 26656 98 19 63 19 63 14 49 26656 98 0 0 0 0 26656 98 19 63 19 63 14 49 26656 98 0 0 0 0 26656 98
259 0 1000 0 0 1000 0 1000 19 63 19 63 15 54 0 0 0 0 0 0 0 0 19 63 19 63 15 54 0 0 0 0 0 0 0 0 19 63 19 63 15 54 0 0 0 0 0 0 0 0 19 63 19 63 15 54 0 0 0 0 0 0 0 0 19 63 19 63 15 54 0 0 0 0 0 0 0 0 19 63 19 63 15 54 0 0 0 0 0 0 0 0
260 0 1000 0 0 1000 0 1000 19 63 19 63 15 54 0 0 0 0 0 0 0 0 19 63 19 63 15 54 0 0 0 0 0 0 0 0 19 63 19 63 15 54 0 0 0 0 0 0 0 0 19 63 19 63 15 54 0 0 0 0 0 0 0 0 19 63 19 63 15 54 0 0 0 0 0 0 0 0 19 63 19 63 15 54 0 0 0 0 0 0 0 0
261 0 1000 0 0 1000 0 1000 19 63 19 63 15 54 0 0 0 0 0 0 0 0 19 63 19 63 15 54 0 0 0 0 0 0 0 0 19 63 19 63 15 54 0 0 0 0 0 0 0 0 19 63 19 63 15 54 0 0 0 0 0 0 0 0 19 63 19 63 15 54 0 0 0 0 0 0 0 0 19 63 19 63 15 54 0 0 0 0 0 0 0 0
262 0 1000 0 0 1000 0 1000 19 63 19 63 15 54 31008 114 0 0 0 0 31008 114 19 63 19 63 15 54 31008 114 0 0 0 0 31008 114 19 63 19 63 15 54 31008 114 0 0 0 0 31008 114 19 63 19 63 15 54 31008 114 0 0 0 0 31008 114 19 63 19 63 15 54 31008 114 0 0 0 0 31008 114 19 63 19 63 15 54 31008 114 0 0 0 0 31008 114
263 0 1000 0 0 1000 0 1000 19 63 19 63 15 54 0 0 0 0 0 0 0 0 19 63 19 63 15 54 0 0 0 0 0 0 0 0 19 63 19 63 15 54 0 0 0 0 0 0 0 0 19 63 19 63 15 54 0 0 0 0 0 0 0 0 19 63 19 63 15 54 0 0 0 0 0 0 0 0 19 63 19 63 15 54 0 0 0 0 0 0 0 0
264 0 1000 0 0 1000 0 1000 19 63 19 63 15 54 0 0 0 0 0 0 0 0 19 63 19 63 15 54 0 0 0 0 0 0 0 0 19 63 19 63 15 54 0 0 0 0 0 0 0 0 19 63 19 63 15 54 0 0 0 0 0 0 0 0 19 63 19 63 15 54 0 0 0 0 0 0 0 0 19 63 19 63 15 54 0 0 0 0 0 0 0 0
265 0 1000 0 0 1000 0 1000 19 63 19 63 15 54 168174 2 168174 2 0 0 0 0 19 63 19 63 15 54 168174 2 168174 2 0 0 0 0 19 63 19 63 15 54 168174 2 168174 2 0 0 0 0 19 63 19 63 15 54 168174 2 168174 2 0 0 0 0 19 63 19 63 15 54 168174 2 168174 2 0 0 0 0 19 63 19 63 15 54 168174 2 168174 2 0 0 0 0
266 0 1000 0 0 1000 0 1000 20 66 20 66 15 54 109123 107 0 0 80291 1 28832 106 20 66 20 66 15 54 109123 107 0 0 80291 1 28832 106 20 66 20 66 15 54 109123 107 0 0 80291 1 28832 106 20 66 20 66 15 54 109123 107 0 0 80291 1 28832 106 20 66 20 66 15 54 109123 107 0 0 80291 1 28832 106 20 66 20 66 15 54 109123 107 0 0 80291 1 28832 106
267 0 1000 0 0 1000 0 1000 20 66 20 66 15 54 0 0 0 0 0 0 0 0 20 66 20 66 15 54 0 0 0 0 0 0 0 0 20 66 20 66 15 54 0 0 0 0 0 0 0 0 20 66 20 66 15 54 0 0 0 0 0 0 0 0 20 66 20 66 15 54 0 0 0 0 0 0 0 0 20 66 20 66 15 54 0 0 0 0 0 0 0 0
268 0 1000 0 0 1000 0 1000 20 66 20 66 15 54 0 0 0 0 0 0 0 0 20 66 20 66 15 54 0 0 0 0 0 0 0 0 20 66 20 66 15 54 0 0 0 0 0 0 0 0 20 66 20 66 15 54 0 0 0 0 0 0 0 0 20 66 20 66 15 54 0 0 0 0 0 0 0 0 20 66 20 66 15 54 0 0 0 0 0 0 0 0
269 0 1000 0 0 1000 0 1000 20 66 20 66 15 54 83831 1 83831 1 0 0 0 0 20 66 20 66 15 54 83831 1 83831 1 0 0 0 0 20 66 20 66 15 54 83831 1 83831 1 0 0 0 0 20 66 20 66 15 54 83831 1 83831 1 0 0 0 0 20 66 20 66 15 54 83831 1 83831 1 0 0 0 0 20 66 20 66 15 54 83831 1 83831 1 0 0 0 0
270 0 1000 0 0 1000 0 1000 21 67 21 67 15 54 104227 89 0 0 80291 1 23936 88 21 67 21 67 15 54 104227 89 0 0 80291 1 23936 88 21 67 21 67 15 54 104227 89 0 0 80291 1 23936 88 21 67 21 67 15 54 104227 89 0 0 80291 1 23936 88 21 67 21 67 15 54 104227 89 0 0 80291 1 23936 88 21 67 21 67 15 54 104227 89 0 0 80291 1 23936 88
271 0 1000 0 0 1000 0 1000 21 67 21 67 15 54 0 0 0 0 0 0 0 0 21 67 21 67 15 54 0 0 0 0 0 0 0 0 21 67 21 67 15 54 0 0 0 0 0 0 0 0 21 67 21 67 15 54 0 0 0 0 0 0 0 0 21 67 21 67 15 54 0 0 0 0 0 0 0 0 21 67 21 67 15 54 0 0 0 0 0 0 0 0
272 0 1000 0 0 1000 0 1000 21 67 21 67 15 54 0 0 0 0 0 0 0 0 21 67 21 67 15 54 0 0 0 0 0 0 0 0 21 67 21 67 15 54 0 0 0 0 0 0 0 0 21 67 21 67 15 54 0 0 0 0 0 0 0 0 21 67 21 67 15 54 0 0 0 0 0 0 0 0 21 67 21 67 15 54 0 0 0 0 0 0 0 0
273 0 1000 0 0 1000 0 1000 21 67 21 67 15 54 83255 1 83255 1 0 0 0 0 21 67 21 67 15 54 83255 1 83255 1 0 0 0 0 21 67 21 67 15 54 83255 1 83255 1 0 0 0 0 21 67 21 67 15 54 83255 1 83255 1 0 0 0 0 21 67 21 67 15 54 83255 1 83255 1 0 0 0 0 21 67 21 67 15 54 83255 1 83255 1 0 0 0 0
274 0 1000 0 0 1000 0 1000 22 68 22 68 15 54 106675 98 0 0 80291 1 26384 97 22 68 22 68 15 54 106675 98 0 0 80291 1 26384 97 22 68 22 68 15 54 106675 98 0 0 80291 1 26384 97 22 68 22 68 15 54 106675 98 0 0 80291 1 26384 97 22 68 22 68 15 54 106675 98 0 0 80291 1 26384 97 22 68 22 68 15 54 106675 98 0 0 80291 1 26384 97
275 0 1000 0 0 1000 0 1000 22 68 22 68 16 58 0 0 0 0 0 0 0 0 22 68 22 68 16 58 0 0 0 0 0 0 0 0 22 68 22 68 16 58 0 0 0 0 0 0 0 0 22 68 22 68 16 58 0 0 0 0 0 0 0 0 22 68 22 68 16 58 0 0 0 0 0 0 0 0 22 68 22 68 16 58 0 0 0 0 0 0 0 0
276 0 1000 0 0 1000 0 1000 22 68 22 68 16 58 0 0 0 0 0 0 0 0 22 68 22 68 16 58 0 0 0 0 0 0 0 0 22 68 22 68 16 58 0 0 0 0 0 0 0 0 22 68 22 68 16 58 0 0 0 0 0 0 0 0 22 68 22 68 16 58 0 0 0 0 0 0 0 0 22 68 22 68 16 58 0 0 0 0 0 0 0 0
277 0 1000 0 0 1000 0 1000 22 68 22 68 16 58 0 0 0 0 0 0 0 0 22 68 22 68 16 58 0 0 0 0 0 0 0 0 22 68 22 68 16 58 0 0 0 0 0 0 0 0 22 68 22 68 16 58 0 0 0 0 0 0 0 0 22 68 22 68 16 58 0 0 0 0 0 0 0 0 22 68 22 68 16 58 0 0 0 0 0 0 0 0
278 0 1000 0 0 1000 0 1000 22 68 22 68 16 58 35632 131 0 0 0 0 35632 131 22 68 22 68 16 58 35632 131 0 0 0 0 35632 131 22 68 22 68 16 58 35632 131 0 0 0 0 35632 131 22 68 22 68 16 58 35632 131 0 0 0 0 35632 131 22 68 22 68 16 58 35632 131 0 0 0 0 35632 131 22 68 22 68 16 58 35632 131 0 0 0 0 35632 131
279 0 1000 0 0 1000 0 1000 22 68 22 68 17 59 0 0 0 0 0 0 0 0 22 68 22 68 17 59 0 0 0 0 0 0 0 0 22 68 22 68 17 59 0 0 0 0 0 0 0 0 22 68 22 68 17 59 0 0 0 0 0 0 0 0 22 68 22 68 17 59 0 0 0 0 0 0 0 0 22 68 22 68 17 59 0 0 0 0 0 0 0 0
280 0 1000 0 0 1000 0 1000 22 68 22 68 17 59 0 0 0 0 0 0 0 0 22 68 22 68 17 59 0 0 0 0 0 0 0 0 22 68 22 68 17 59 0 0 0 0 0 0 0 0 22 68 22 68 17 59 0 0 0 0 0 0 0 0 22 68 22 68 17 59 0 0 0 0 0 0 0 0 22 68 22 68 17 59 0 0 0 0 0 0 0 0
281 0 1000 0 0 1000 0 1000 22 68 22 68 17 59 0 0 0 0 0 0 0 0 22 68 22 68 17 59 0 0 0 0 0 0 0 0 22 68 22 68 17 59 0 0 0 0 0 0 0 0 22 68 22 68 17 59 0 0 0 0 0 0 0 0 22 68 22 68 17 59 0 0 0 0 0 0 0 0 22 68 22 68 17 59 0 0 0 0 0 0 0 0
282 0 1000 0 0 1000 0 1000 22 68 22 68 17 59 29104 107 0 0 0 0 29104 107 22 68 22 68 17 59 29104 107 0 0 0 0 29104 107 22 68 22 68 17 59 29104 107 0 0 0 0 29104 107 22 68 22 68 17 59 29104 107 0 0 0 0 29104 107 22 68 22 68 17 59 29104 107 0 0 0 0 29104 107 22 68 22 68 17 59 29104 107 0 0 0 0 29104 107
283 0 1000 0 0 1000 0 1000 22 68 22 68 17 59 0 0 0 0 0 0 0 0 22 68 22 68 17 59 0 0 0 0 0 0 0 0 22 68 22 68 17 59 0 0 0 0 0 0 0 0 22 68 22 68 17 59 0 0 0 0 0 0 0 0 22 68 22 68 17 59 0 0 0 0 0 0 0 0 22 68 22 68 17 59 0 0 0 0 0 0 0 0
284 0 1000 0 0 1000 0 1000 22 68 22 68 17 59 0 0 0 0 0 0 0 0 22 68 22 68 17 59 0 0 0 0 0 0 0 0 22 68 22 68 17 59 0 0 0 0 0 0 0 0 22 68 22 68 17 59 0 0 0 0 0 0 0 0 22 68 22 68 17 59 0 0 0 0 0 0 0 0 22 68 22 68 17 59 0 0 0 0 0 0 0 0
285 0 1000 0 0 1000 0 1000 22 68 22 68 17 59 0 0 0 0 0 0 0 0 22 68 22 68 17 59 0 0 0 0 0 0 0 0 22 68 22 68 17 59 0 0 0 0 0 0 0 0 22 68 22 68 17 59 0 0 0 0 0 0 0 0 22 68 22 68 17 59 0 0 0 0 0 0 0 0 22 68 22 68 17 59 0 0 0 0 0 0 0 0
286 0 1000 0 0 1000 0 1000 22 68 22 68 17 59 25568 94 0 0 0 0 25568 94 22 68 22 68 17 59 25568 94 0 0 0 0 25568 94 22 68 22 68 17 59 25568 94 0 0 0 0 25568 94 22 68 22 68 17 59 25568 94 0 0 0 0 25568 94 22 68 22 68 17 59 25568 94 0 0 0 0 25568 94 22 68 22 68 17 59 25568 94 0 0 0 0 25568 94
287 0 1000 0 0 1000 0 1000 22 68 22 68 18 61 0 0 0 0 0 0 0 0 22 68 22 68 18 61 0 0 0 0 0 0 0 0 22 68 22 68 18 61 0 0 0 0 0 0 0 0 22 68 22 68 18 61 0 0 0 0 0 0 0 0 22 68 22 68 18 61 0 0 0 0 0 0 0 0 22 68 22 68 18 61 0 0 0 0 0 0 0 0
288 0 1000 0 0 1000 0 1000 22 68 22 68 18 61 0 0 0 0 0 0 0 0 22 68 22 68 18 61 0 0 0 0 0 0 0 0 22 68 22 68 18 61 0 0 0 0 0 0 0 0 22 68 22 68 18 61 0 0 0 0 0 0 0 0 22 68 22 68 18 61 0 0 0 0 0 0 0 0 22 68 22 68 18 61 0 0 0 0 0 0 0 0
289 0 1000 0 0 1000 0 1000 22 68 22 68 18 61 0 0 0 0 0 0 0 0 22 68 22 68 18 61 0 0 0 0 0 0 0 0 22 68 22 68 18 61 0 0 0 0 0 0 0 0 22 68 22 68 18 61 0 0 0 0 0 0 0 0 22 68 22 68 18 61 0 0 0 0 0 0 0 0 22 68 22 68 18 61 0 0 0 0 0 0 0 0
290 0 1000 0 0 1000 0 1000 22 68 22 68 18 61 29104 107 0 0 0 0 29104 107 22 68 22 68 18 61 29104 107 0 0 0 0 29104 107 22 68 22 68 18 61 29104 107 0 0 0 0 29104 107 22 68 22 68 18 61 29104 107 0 0 0 0 29104 107 22 68 22 68 18 61 29104 107 0 0 0 0 29104 107 22 68 22 68 18 61 29104 107 0 0 0 0 29104 107
291 0 1000 0 0 1000 0 1000 22 68 22 68 18 61 0 0 0 0 0 0 0 0 22 68 22 68 18 61 0 0 0 0 0 0 0 0 22 68 22 68 18 61 0 0 0 0 0 0 0 0 22 68 22 68 18 61 0 0 0 0 0 0 0 0 22 68 22 68 18 61 0 0 0 0 0 0 0 0 22 68 22 68 18 61 0 0 0 0 0 0 0 0
292 0 1000 0 0 1000 0 1000 22 68 22 68 18 61 0 0 0 0 0 0 0 0 22 68 22 68 18 61 0 0 0 0 0 0 0 0 22 68 22 68 18 61 0 0 0 0 0 0 0 0 22 68 22 68 18 61 0 0 0 0 0 0 0 0 22 68 22 68 18 61 0 0 0 0 0 0 0 0 22 68 22 68 18 61 0 0 0 0 0 0 0 0
293 0 1000 0 0 1000 0 1000 22 68 22 68 18 61 83861 1 83861 1 0 0 0 0 22 68 22 68 18 61 83861 1 83861 1 0 0 0 0 22 68 22 68 18 61 83861 1 83861 1 0 0 0 0 22 68 22 68 18 61 83861 1 83861 1 0 0 0 0 22 68 22 68 18 61 83861 1 83861 1 0 0 0 0 22 68 22 68 18 61 83861 1 83861 1 0 0 0 0
294 0 1000 0 0 1000 0 1000 23 73 23 73 18 61 107489 101 0 0 80289 1 27200 100 23 73 23 73 18 61 107489 101 0 0 80289 1 27200 100 23 73 23 73 18 61 107489 101 0 0 80289 1 27200 100 23 73 23 73 18 61 107489 101 0 0 80289 1 27200 100 23 73 23 73 18 61 107489 101 0 0 80289 1 27200 100 23 73 23 73 18 61 107489 101 0 0 80289 1 27200 100
295 0 1000 0 0 1000 0 1000 23 73 23 73 19 63 0 0 0 0 0 0 0 0 23 73 23 73 19 63 0 0 0 0 0 0 0 0 23 73 23 73 19 63 0 0 0 0 0 0 0 0 23 73 23 73 19 63 0 0 0 0 0 0 0 0 23 73 23 73 19 63 0 0 0 0 0 0 0 0 23 73 23 73 19 63 0 0 0 0 0 0 0 0
296 0 1000 0 0 1000 0 1000 23 73 23 73 19 63 0 0 0 0 0 0 0 0 23 73 23 73 19 63 0 0 0 0 0 0 0 0 23 73 23 73 19 63 0 0 0 0 0 0 0 0 23 73 23 73 19 63 0 0 0 0 0 0 0 0 23 73 23 73 19 63 0 0 0 0 0 0 0 0 23 73 23 73 19 63 0 0 0 0 0 0 0 0
297 0 1000 0 0 1000 0 1000 23 73 23 73 19 63 0 0 0 0 0 0 0 0 23 73 23 73 19 63 0 0 0 0 0 0 0 0 23 73 23 73 19 63 0 0 0 0 0 0 0 0 23 73 23 73 19 63 0 0 0 0 0 0 0 0 23 73 23 73 19 63 0 0 0 0 0 0 0 0 23 73 23 73 19 63 0 0 0 0 0 0 0 0
298 0 1000 0 0 1000 0 1000 23 73 23 73 19 63 27200 100 0 0 0 0 27200 100 23 73 23 73 19 63 27200 100 0 0 0 0 27200 100 23 73 23 73 19 63 27200 100 0 0 0 0 27200 100 23 73 23 73 19 63 27200 100 0 0 0 0 27200 100 23 73 23 73 19 63 27200 100 0 0 0 0 27200 100 23 73 23 73 19 63 27200 100 0 0 0 0 27200 100
299 0 1000 0 0 1000 0 1000 23 73 23 73 19 63 0 0 0 0 0 0 0 0 23 73 23 73 19 63 0 0 0 0 0 0 0 0 23 73 23 73 19 63 0 0 0 0 0 0 0 0 23 73 23 73 19 63 0 0 0 0 0 0 0 0 23 73 23 73 19 63 0 0 0 0 0 0 0 0 23 73 23 73 19 63 0 0 0 0 0 0 0 0
300 0 1000 0 0 1000 0 1000 23 73 23 73 19 63 0 0 0 0 0 0 0 0 23 73 23 73 19 63 0 0 0 0 0 0 0 0 23 73 23 73 19 63 0 0 0 0 0 0 0 0 23 73 23 73 19 63 0 0 0 0 0 0 0 0 23 73 23 73 19 63 0 0 0 0 0 0 0 0 23 73 23 73 19 63 0 0 0 0 0 0 0 0
301 0 1000 0 0 1000 0 1000 23 73 23 73 19 63 167277 2 167277 2 0 0 0 0 23 73 23 73 19 63 167277 2 167277 2 0 0 0 0 23 73 23 73 19 63 167277 2 167277 2 0 0 0 0 23 73 23 73 19 63 167277 2 167277 2 0 0 0 0 23 73 23 73 19 63 167277 2 167277 2 0 0 0 0 23 73 23 73 19 63 167277 2 167277 2 0 0 0 0
302 0 1000 0 0 1000 0 1000 24 75 24 75 19 63 108850 106 0 0 80290 1 28560 105 24 75 24 75 19 63 108850 106 0 0 80290 1 28560 105 24 75 24 75 19 63 108850 106 0 0 80290 1 28560 105 24 75 24 75 19 63 108850 106 0 0 80290 1 28560 105 24 75 24 75 19 63 108850 106 0 0 80290 1 28560 105 24 75 24 75 19 63 108850 106 0 0 80290 1 28560 105
303 0 1000 0 0 1000 0 1000 24 75 24 75 19 63 0 0 0 0 0 0 0 0 24 75 24 75 19 63 0 0 0 0 0 0 0 0 24 75 24 75 19 63 0 0 0 0 0 0 0 0 24 75 24 75 19 63 0 0 0 0 0 0 0 0 24 75 24 75 19 63 0 0 0 0 0 0 0 0 24 75 24 75 19 63 0 0 0 0 0 0 0 0
