r n_asleep n_awake n_honest_asleep n_honest_dreamy n_honest_awake n_adversary n_all party0_ledger_best_length party0_ledger_best_age party0_ledger_fast_length party0_ledger_fast_age party0_ledger_slow_length party0_ledger_slow_age party0_comms_all_size party0_comms_all_count party0_comms_proposal_size party0_comms_proposal_count party0_comms_piece_block_size party0_comms_piece_block_count party0_comms_piece_vote_size party0_comms_piece_vote_count party1_ledger_best_length party1_ledger_best_age party1_ledger_fast_length party1_ledger_fast_age party1_ledger_slow_length party1_ledger_slow_age party1_comms_all_size party1_comms_all_count party1_comms_proposal_size party1_comms_proposal_count party1_comms_piece_block_size party1_comms_piece_block_count party1_comms_piece_vote_size party1_comms_piece_vote_count party2_ledger_best_length party2_ledger_best_age party2_ledger_fast_length party2_ledger_fast_age party2_ledger_slow_length party2_ledger_slow_age party2_comms_all_size party2_comms_all_count party2_comms_proposal_size party2_comms_proposal_count party2_comms_piece_block_size party2_comms_piece_block_count party2_comms_piece_vote_size party2_comms_piece_vote_count party3_ledger_best_length party3_ledger_best_age party3_ledger_fast_length party3_ledger_fast_age party3_ledger_slow_length party3_ledger_slow_age party3_comms_all_size party3_comms_all_count party3_comms_proposal_size party3_comms_proposal_count party3_comms_piece_block_size party3_comms_piece_block_count party3_comms_piece_vote_size party3_comms_piece_vote_count party4_ledger_best_length party4_ledger_best_age party4_ledger_fast_length party4_ledger_fast_age party4_ledger_slow_length party4_ledger_slow_age party4_comms_all_size party4_comms_all_count party4_comms_proposal_size party4_comms_proposal_count party4_comms_piece_block_size party4_comms_piece_block_count party4_comms_piece_vote_size party4_comms_piece_vote_count partyALWAYSAWAKE_ledger_best_length partyALWAYSAWAKE_ledger_best_age partyALWAYSAWAKE_ledger_fast_length partyALWAYSAWAKE_ledger_fast_age partyALWAYSAWAKE_ledger_slow_length partyALWAYSAWAKE_ledger_slow_age partyALWAYSAWAKE_comms_all_size partyALWAYSAWAKE_comms_all_count partyALWAYSAWAKE_comms_proposal_size partyALWAYSAWAKE_comms_proposal_count partyALWAYSAWAKE_comms_piece_block_size partyALWAYSAWAKE_comms_piece_block_count partyALWAYSAWAKE_comms_piece_vote_size partyALWAYSAWAKE_comms_piece_vote_count
4 0 1000 0 0 1000 0 1000 0 0 0 0 0 0 0 0 0 0 0 0 0 0 0 0 0 0 0 0 0 0 0 0 0 0 0 0 0 0 0 0 0 0 0 0 0 0 0 0 0 0 0 0 0 0 0 0 0 0 0 0 0 0 0 0 0 0 0 0 0 0 0 0 0 0 0 0 0 0 0 0 0 0 0 0 0 0 0 0 0 0 0 0
5 0 1000 0 0 1000 0 1000 0 0 0 0 0 0 2189 5 2189 5 0 0 0 0 0 0 0 0 0 0 2189 5 2189 5 0 0 0 0 0 0 0 0 0 0 2189 5 2189 5 0 0 0 0 0 0 0 0 0 0 2189 5 2189 5 0 0 0 0 0 0 0 0 0 0 2189 5 2189 5 0 0 0 0 0 0 0 0 0 0 2189 5 2189 5 0 0 0 0
6 0 1000 0 0 1000 0 1000 1 1 1 1 0 0 27218 100 0 0 290 1 26928 99 1 1 1 1 0 0 27218 100 0 0 290 1 26928 99 1 1 1 1 0 0 27218 100 0 0 290 1 26928 99 1 1 1 1 0 0 27218 100 0 0 290 1 26928 99 1 1 1 1 0 0 27218 100 0 0 290 1 26928 99 1 1 1 1 0 0 27218 100 0 0 290 1 26928 99
7 0 1000 0 0 1000 0 1000 1 1 1 1 0 0 0 0 0 0 0 0 0 0 1 1 1 1 0 0 0 0 0 0 0 0 0 0 1 1 1 1 0 0 0 0 0 0 0 0 0 0 1 1 1 1 0 0 0 0 0 0 0 0 0 0 1 1 1 1 0 0 0 0 0 0 0 0 0 0 1 1 1 1 0 0 0 0 0 0 0 0 0 0
8 0 1000 0 0 1000 0 1000 1 1 1 1 0 0 0 0 0 0 0 0 0 0 1 1 1 1 0 0 0 0 0 0 0 0 0 0 1 1 1 1 0 0 0 0 0 0 0 0 0 0 1 1 1 1 0 0 0 0 0 0 0 0 0 0 1 1 1 1 0 0 0 0 0 0 0 0 0 0 1 1 1 1 0 0 0 0 0 0 0 0 0 0
9 0 1000 0 0 1000 0 1000 1 1 1 1 0 0 39665 11 39665 11 0 0 0 0 1 1 1 1 0 0 39665 11 39665 11 0 0 0 0 1 1 1 1 0 0 39665 11 39665 11 0 0 0 0 1 1 1 1 0 0 39665 11 39665 11 0 0 0 0 1 1 1 1 0 0 39665 11 39665 11 0 0 0 0 1 1 1 1 0 0 39665 11 39665 11 0 0 0 0
10 0 1000 0 0 1000 0 1000 2 2 2 2 0 0 32930 121 0 0 290 1 32640 120 2 2 2 2 0 0 32930 121 0 0 290 1 32640 120 2 2 2 2 0 0 32930 121 0 0 290 1 32640 120 2 2 2 2 0 0 32930 121 0 0 290 1 32640 120 2 2 2 2 0 0 32930 121 0 0 290 1 32640 120 2 2 2 2 0 0 32930 121 0 0 290 1 32640 120
11 0 1000 0 0 1000 0 1000 2 2 2 2 0 0 0 0 0 0 0 0 0 0 2 2 2 2 0 0 0 0 0 0 0 0 0 0 2 2 2 2 0 0 0 0 0 0 0 0 0 0 2 2 2 2 0 0 0 0 0 0 0 0 0 0 2 2 2 2 0 0 0 0 0 0 0 0 0 0 2 2 2 2 0 0 0 0 0 0 0 0 0 0
12 0 1000 0 0 1000 0 1000 2 2 2 2 0 0 0 0 0 0 0 0 0 0 2 2 2 2 0 0 0 0 0 0 0 0 0 0 2 2 2 2 0 0 0 0 0 0 0 0 0 0 2 2 2 2 0 0 0 0 0 0 0 0 0 0 2 2 2 2 0 0 0 0 0 0 0 0 0 0 2 2 2 2 0 0 0 0 0 0 0 0 0 0
13 0 1000 0 0 1000 0 1000 2 2 2 2 0 0 42780 10 42780 10 0 0 0 0 2 2 2 2 0 0 42780 10 42780 10 0 0 0 0 2 2 2 2 0 0 42780 10 42780 10 0 0 0 0 2 2 2 2 0 0 42780 10 42780 10 0 0 0 0 2 2 2 2 0 0 42780 10 42780 10 0 0 0 0 2 2 2 2 0 0 42780 10 42780 10 0 0 0 0
14 0 1000 0 0 1000 0 1000 3 3 3 3 0 0 32386 119 0 0 290 1 32096 118 3 3 3 3 0 0 32386 119 0 0 290 1 32096 118 3 3 3 3 0 0 32386 119 0 0 290 1 32096 118 3 3 3 3 0 0 32386 119 0 0 290 1 32096 118 3 3 3 3 0 0 32386 119 0 0 290 1 32096 118 3 3 3 3 0 0 32386 119 0 0 290 1 32096 118
15 0 1000 0 0 1000 0 1000 3 3 3 3 0 0 0 0 0 0 0 0 0 0 3 3 3 3 0 0 0 0 0 0 0 0 0 0 3 3 3 3 0 0 0 0 0 0 0 0 0 0 3 3 3 3 0 0 0 0 0 0 0 0 0 0 3 3 3 3 0 0 0 0 0 0 0 0 0 0 3 3 3 3 0 0 0 0 0 0 0 0 0 0
16 0 1000 0 0 1000 0 1000 3 3 3 3 0 0 0 0 0 0 0 0 0 0 3 3 3 3 0 0 0 0 0 0 0 0 0 0 3 3 3 3 0 0 0 0 0 0 0 0 0 0 3 3 3 3 0 0 0 0 0 0 0 0 0 0 3 3 3 3 0 0 0 0 0 0 0 0 0 0 3 3 3 3 0 0 0 0 0 0 0 0 0 0
17 0 1000 0 0 1000 0 1000 3 3 3 3 0 0 25283 6 25283 6 0 0 0 0 3 3 3 3 0 0 25283 6 25283 6 0 0 0 0 3 3 3 3 0 0 25283 6 25283 6 0 0 0 0 3 3 3 3 0 0 25283 6 25283 6 0 0 0 0 3 3 3 3 0 0 25283 6 25283 6 0 0 0 0 3 3 3 3 0 0 25283 6 25283 6 0 0 0 0
18 0 1000 0 0 1000 0 1000 4 4 4 4 0 0 28850 106 0 0 290 1 28560 105 4 4 4 4 0 0 28850 106 0 0 290 1 28560 105 4 4 4 4 0 0 28850 106 0 0 290 1 28560 105 4 4 4 4 0 0 28850 106 0 0 290 1 28560 105 4 4 4 4 0 0 28850 106 0 0 290 1 28560 105 4 4 4 4 0 0 28850 106 0 0 290 1 28560 105
19 0 1000 0 0 1000 0 1000 4 4 4 4 0 0 0 0 0 0 0 0 0 0 4 4 4 4 0 0 0 0 0 0 0 0 0 0 4 4 4 4 0 0 0 0 0 0 0 0 0 0 4 4 4 4 0 0 0 0 0 0 0 0 0 0 4 4 4 4 0 0 0 0 0 0 0 0 0 0 4 4 4 4 0 0 0 0 0 0 0 0 0 0
20 0 1000 0 0 1000 0 1000 4 4 4 4 0 0 0 0 0 0 0 0 0 0 4 4 4 4 0 0 0 0 0 0 0 0 0 0 4 4 4 4 0 0 0 0 0 0 0 0 0 0 4 4 4 4 0 0 0 0 0 0 0 0 0 0 4 4 4 4 0 0 0 0 0 0 0 0 0 0 4 4 4 4 0 0 0 0 0 0 0 0 0 0
21 0 1000 0 0 1000 0 1000 4 4 4 4 0 0 26586 7 26586 7 0 0 0 0 4 4 4 4 0 0 26586 7 26586 7 0 0 0 0 4 4 4 4 0 0 26586 7 26586 7 0 0 0 0 4 4 4 4 0 0 26586 7 26586 7 0 0 0 0 4 4 4 4 0 0 26586 7 26586 7 0 0 0 0 4 4 4 4 0 0 26586 7 26586 7 0 0 0 0
22 0 1000 0 0 1000 0 1000 5 5 5 5 0 0 24226 89 0 0 290 1 23936 88 5 5 5 5 0 0 24226 89 0 0 290 1 23936 88 5 5 5 5 0 0 24226 89 0 0 290 1 23936 88 5 5 5 5 0 0 24226 89 0 0 290 1 23936 88 5 5 5 5 0 0 24226 89 0 0 290 1 23936 88 5 5 5 5 0 0 24226 89 0 0 290 1 23936 88
23 0 1000 0 0 1000 0 1000 5 5 5 5 0 0 0 0 0 0 0 0 0 0 5 5 5 5 0 0 0 0 0 0 0 0 0 0 5 5 5 5 0 0 0 0 0 0 0 0 0 0 5 5 5 5 0 0 0 0 0 0 0 0 0 0 5 5 5 5 0 0 0 0 0 0 0 0 0 0 5 5 5 5 0 0 0 0 0 0 0 0 0 0
24 0 1000 0 0 1000 0 1000 5 5 5 5 0 0 0 0 0 0 0 0 0 0 5 5 5 5 0 0 0 0 0 0 0 0 0 0 5 5 5 5 0 0 0 0 0 0 0 0 0 0 5 5 5 5 0 0 0 0 0 0 0 0 0 0 5 5 5 5 0 0 0 0 0 0 0 0 0 0 5 5 5 5 0 0 0 0 0 0 0 0 0 0
25 0 1000 0 0 1000 0 1000 5 5 5 5 0 0 45553 14 45553 14 0 0 0 0 5 5 5 5 0 0 45553 14 45553 14 0 0 0 0 5 5 5 5 0 0 45553 14 45553 14 0 0 0 0 5 5 5 5 0 0 45553 14 45553 14 0 0 0 0 5 5 5 5 0 0 45553 14 45553 14 0 0 0 0 5 5 5 5 0 0 45553 14 45553 14 0 0 0 0
26 0 1000 0 0 1000 0 1000 6 6 6 6 0 0 30754 113 0 0 290 1 30464 112 6 6 6 6 0 0 30754 113 0 0 290 1 30464 112 6 6 6 6 0 0 30754 113 0 0 290 1 30464 112 6 6 6 6 0 0 30754 113 0 0 290 1 30464 112 6 6 6 6 0 0 30754 113 0 0 290 1 30464 112 6 6 6 6 0 0 30754 113 0 0 290 1 30464 112
27 0 1000 0 0 1000 0 1000 6 6 6 6 0 0 0 0 0 0 0 0 0 0 6 6 6 6 0 0 0 0 0 0 0 0 0 0 6 6 6 6 0 0 0 0 0 0 0 0 0 0 6 6 6 6 0 0 0 0 0 0 0 0 0 0 6 6 6 6 0 0 0 0 0 0 0 0 0 0 6 6 6 6 0 0 0 0 0 0 0 0 0 0
28 0 1000 0 0 1000 0 1000 6 6 6 6 0 0 0 0 0 0 0 0 0 0 6 6 6 6 0 0 0 0 0 0 0 0 0 0 6 6 6 6 0 0 0 0 0 0 0 0 0 0 6 6 6 6 0 0 0 0 0 0 0 0 0 0 6 6 6 6 0 0 0 0 0 0 0 0 0 0 6 6 6 6 0 0 0 0 0 0 0 0 0 0
29 0 1000 0 0 1000 0 1000 6 6 6 6 0 0 40218 10 40218 10 0 0 0 0 6 6 6 6 0 0 40218 10 40218 10 0 0 0 0 6 6 6 6 0 0 40218 10 40218 10 0 0 0 0 6 6 6 6 0 0 40218 10 40218 10 0 0 0 0 6 6 6 6 0 0 40218 10 40218 10 0 0 0 0 6 6 6 6 0 0 40218 10 40218 10 0 0 0 0
30 0 1000 0 0 1000 0 1000 7 7 7 7 0 0 28850 106 0 0 290 1 28560 105 7 7 7 7 0 0 28850 106 0 0 290 1 28560 105 7 7 7 7 0 0 28850 106 0 0 290 1 28560 105 7 7 7 7 0 0 28850 106 0 0 290 1 28560 105 7 7 7 7 0 0 28850 106 0 0 290 1 28560 105 7 7 7 7 0 0 28850 106 0 0 290 1 28560 105
31 0 1000 0 0 1000 0 1000 7 7 7 7 0 0 0 0 0 0 0 0 0 0 7 7 7 7 0 0 0 0 0 0 0 0 0 0 7 7 7 7 0 0 0 0 0 0 0 0 0 0 7 7 7 7 0 0 0 0 0 0 0 0 0 0 7 7 7 7 0 0 0 0 0 0 0 0 0 0 7 7 7 7 0 0 0 0 0 0 0 0 0 0
32 0 1000 0 0 1000 0 1000 7 7 7 7 0 0 0 0 0 0 0 0 0 0 7 7 7 7 0 0 0 0 0 0 0 0 0 0 7 7 7 7 0 0 0 0 0 0 0 0 0 0 7 7 7 7 0 0 0 0 0 0 0 0 0 0 7 7 7 7 0 0 0 0 0 0 0 0 0 0 7 7 7 7 0 0 0 0 0 0 0 0 0 0
33 0 1000 0 0 1000 0 1000 7 7 7 7 0 0 49374 13 49374 13 0 0 0 0 7 7 7 7 0 0 49374 13 49374 13 0 0 0 0 7 7 7 7 0 0 49374 13 49374 13 0 0 0 0 7 7 7 7 0 0 49374 13 49374 13 0 0 0 0 7 7 7 7 0 0 49374 13 49374 13 0 0 0 0 7 7 7 7 0 0 49374 13 49374 13 0 0 0 0
34 0 1000 0 0 1000 0 1000 8 8 8 8 0 0 28306 104 0 0 290 1 28016 103 8 8 8 8 0 0 28306 104 0 0 290 1 28016 103 8 8 8 8 0 0 28306 104 0 0 290 1 28016 103 8 8 8 8 0 0 28306 104 0 0 290 1 28016 103 8 8 8 8 0 0 28306 104 0 0 290 1 28016 103 8 8 8 8 0 0 28306 104 0 0 290 1 28016 103
35 0 1000 0 0 1000 0 1000 8 8 8 8 0 0 0 0 0 0 0 0 0 0 8 8 8 8 0 0 0 0 0 0 0 0 0 0 8 8 8 8 0 0 0 0 0 0 0 0 0 0 8 8 8 8 0 0 0 0 0 0 0 0 0 0 8 8 8 8 0 0 0 0 0 0 0 0 0 0 8 8 8 8 0 0 0 0 0 0 0 0 0 0
36 0 1000 0 0 1000 0 1000 8 8 8 8 0 0 0 0 0 0 0 0 0 0 8 8 8 8 0 0 0 0 0 0 0 0 0 0 8 8 8 8 0 0 0 0 0 0 0 0 0 0 8 8 8 8 0 0 0 0 0 0 0 0 0 0 8 8 8 8 0 0 0 0 0 0 0 0 0 0 8 8 8 8 0 0 0 0 0 0 0 0 0 0
37 0 1000 0 0 1000 0 1000 8 8 8 8 0 0 22403 6 22403 6 0 0 0 0 8 8 8 8 0 0 22403 6 22403 6 0 0 0 0 8 8 8 8 0 0 22403 6 22403 6 0 0 0 0 8 8 8 8 0 0 22403 6 22403 6 0 0 0 0 8 8 8 8 0 0 22403 6 22403 6 0 0 0 0 8 8 8 8 0 0 22403 6 22403 6 0 0 0 0
38 0 1000 0 0 1000 0 1000 9 9 9 9 0 0 30754 113 0 0 290 1 30464 112 9 9 9 9 0 0 30754 113 0 0 290 1 30464 112 9 9 9 9 0 0 30754 113 0 0 290 1 30464 112 9 9 9 9 0 0 30754 113 0 0 290 1 30464 112 9 9 9 9 0 0 30754 113 0 0 290 1 30464 112 9 9 9 9 0 0 30754 113 0 0 290 1 30464 112
39 0 1000 0 0 1000 0 1000 9 9 9 9 0 0 0 0 0 0 0 0 0 0 9 9 9 9 0 0 0 0 0 0 0 0 0 0 9 9 9 9 0 0 0 0 0 0 0 0 0 0 9 9 9 9 0 0 0 0 0 0 0 0 0 0 9 9 9 9 0 0 0 0 0 0 0 0 0 0 9 9 9 9 0 0 0 0 0 0 0 0 0 0
40 0 1000 0 0 1000 0 1000 9 9 9 9 0 0 0 0 0 0 0 0 0 0 9 9 9 9 0 0 0 0 0 0 0 0 0 0 9 9 9 9 0 0 0 0 0 0 0 0 0 0 9 9 9 9 0 0 0 0 0 0 0 0 0 0 9 9 9 9 0 0 0 0 0 0 0 0 0 0 9 9 9 9 0 0 0 0 0 0 0 0 0 0
41 0 1000 0 0 1000 0 1000 9 9 9 9 0 0 48272 12 48272 12 0 0 0 0 9 9 9 9 0 0 48272 12 48272 12 0 0 0 0 9 9 9 9 0 0 48272 12 48272 12 0 0 0 0 9 9 9 9 0 0 48272 12 48272 12 0 0 0 0 9 9 9 9 0 0 48272 12 48272 12 0 0 0 0 9 9 9 9 0 0 48272 12 48272 12 0 0 0 0
42 0 1000 0 0 1000 0 1000 10 10 10 10 0 0 29667 109 0 0 291 1 29376 108 10 10 10 10 0 0 29667 109 0 0 291 1 29376 108 10 10 10 10 0 0 29667 109 0 0 291 1 29376 108 10 10 10 10 0 0 29667 109 0 0 291 1 29376 108 10 10 10 10 0 0 29667 109 0 0 291 1 29376 108 10 10 10 10 0 0 29667 109 0 0 291 1 29376 108
43 0 1000 0 0 1000 0 1000 10 10 10 10 0 0 0 0 0 0 0 0 0 0 10 10 10 10 0 0 0 0 0 0 0 0 0 0 10 10 10 10 0 0 0 0 0 0 0 0 0 0 10 10 10 10 0 0 0 0 0 0 0 0 0 0 10 10 10 10 0 0 0 0 0 0 0 0 0 0 10 10 10 10 0 0 0 0 0 0 0 0 0 0
44 0 1000 0 0 1000 0 1000 10 10 10 10 0 0 0 0 0 0 0 0 0 0 10 10 10 10 0 0 0 0 0 0 0 0 0 0 10 10 10 10 0 0 0 0 0 0 0 0 0 0 10 10 10 10 0 0 0 0 0 0 0 0 0 0 10 10 10 10 0 0 0 0 0 0 0 0 0 0 10 10 10 10 0 0 0 0 0 0 0 0 0 0
45 0 1000 0 0 1000 0 1000 10 10 10 10 0 0 58425 15 58425 15 0 0 0 0 10 10 10 10 0 0 58425 15 58425 15 0 0 0 0 10 10 10 10 0 0 58425 15 58425 15 0 0 0 0 10 10 10 10 0 0 58425 15 58425 15 0 0 0 0 10 10 10 10 0 0 58425 15 58425 15 0 0 0 0 10 10 10 10 0 0 58425 15 58425 15 0 0 0 0
46 0 1000 0 0 1000 0 1000 11 11 11 11 0 0 27219 100 0 0 291 1 26928 99 11 11 11 11 0 0 27219 100 0 0 291 1 26928 99 11 11 11 11 0 0 27219 100 0 0 291 1 26928 99 11 11 11 11 0 0 27219 100 0 0 291 1 26928 99 11 11 11 11 0 0 27219 100 0 0 291 1 26928 99 11 11 11 11 0 0 27219 100 0 0 291 1 26928 99
47 0 1000 0 0 1000 0 1000 11 11 11 11 1 1 0 0 0 0 0 0 0 0 11 11 11 11 1 1 0 0 0 0 0 0 0 0 11 11 11 11 1 1 0 0 0 0 0 0 0 0 11 11 11 11 1 1 0 0 0 0 0 0 0 0 11 11 11 11 1 1 0 0 0 0 0 0 0 0 11 11 11 11 1 1 0 0 0 0 0 0 0 0
48 0 1000 0 0 1000 0 1000 11 11 11 11 1 1 0 0 0 0 0 0 0 0 11 11 11 11 1 1 0 0 0 0 0 0 0 0 11 11 11 11 1 1 0 0 0 0 0 0 0 0 11 11 11 11 1 1 0 0 0 0 0 0 0 0 11 11 11 11 1 1 0 0 0 0 0 0 0 0 11 11 11 11 1 1 0 0 0 0 0 0 0 0
49 0 1000 0 0 1000 0 1000 11 11 11 11 1 1 50496 14 50496 14 0 0 0 0 11 11 11 11 1 1 50496 14 50496 14 0 0 0 0 11 11 11 11 1 1 50496 14 50496 14 0 0 0 0 11 11 11 11 1 1 50496 14 50496 14 0 0 0 0 11 11 11 11 1 1 50496 14 50496 14 0 0 0 0 11 11 11 11 1 1 50496 14 50496 14 0 0 0 0
50 0 1000 0 0 1000 0 1000 12 12 12 12 1 1 27219 100 0 0 291 1 26928 99 12 12 12 12 1 1 27219 100 0 0 291 1 26928 99 12 12 12 12 1 1 27219 100 0 0 291 1 26928 99 12 12 12 12 1 1 27219 100 0 0 291 1 26928 99 12 12 12 12 1 1 27219 100 0 0 291 1 26928 99 12 12 12 12 1 1 27219 100 0 0 291 1 26928 99
51 0 1000 0 0 1000 0 1000 12 12 12 12 2 2 0 0 0 0 0 0 0 0 12 12 12 12 2 2 0 0 0 0 0 0 0 0 12 12 12 12 2 2 0 0 0 0 0 0 0 0 12 12 12 12 2 2 0 0 0 0 0 0 0 0 12 12 12 12 2 2 0 0 0 0 0 0 0 0 12 12 12 12 2 2 0 0 0 0 0 0 0 0
52 0 1000 0 0 1000 0 1000 12 12 12 12 2 2 0 0 0 0 0 0 0 0 12 12 12 12 2 2 0 0 0 0 0 0 0 0 12 12 12 12 2 2 0 0 0 0 0 0 0 0 12 12 12 12 2 2 0 0 0 0 0 0 0 0 12 12 12 12 2 2 0 0 0 0 0 0 0 0 12 12 12 12 2 2 0 0 0 0 0 0 0 0
53 0 1000 0 0 1000 0 1000 12 12 12 12 2 2 28855 8 28855 8 0 0 0 0 12 12 12 12 2 2 28855 8 28855 8 0 0 0 0 12 12 12 12 2 2 28855 8 28855 8 0 0 0 0 12 12 12 12 2 2 28855 8 28855 8 0 0 0 0 12 12 12 12 2 2 28855 8 28855 8 0 0 0 0 12 12 12 12 2 2 28855 8 28855 8 0 0 0 0
54 0 1000 0 0 1000 0 1000 13 13 13 13 2 2 22867 84 0 0 291 1 22576 83 13 13 13 13 2 2 22867 84 0 0 291 1 22576 83 13 13 13 13 2 2 22867 84 0 0 291 1 22576 83 13 13 13 13 2 2 22867 84 0 0 291 1 22576 83 13 13 13 13 2 2 22867 84 0 0 291 1 22576 83 13 13 13 13 2 2 22867 84 0 0 291 1 22576 83
55 0 1000 0 0 1000 0 1000 13 13 13 13 3 3 0 0 0 0 0 0 0 0 13 13 13 13 3 3 0 0 0 0 0 0 0 0 13 13 13 13 3 3 0 0 0 0 0 0 0 0 13 13 13 13 3 3 0 0 0 0 0 0 0 0 13 13 13 13 3 3 0 0 0 0 0 0 0 0 13 13 13 13 3 3 0 0 0 0 0 0 0 0
56 0 1000 0 0 1000 0 1000 13 13 13 13 3 3 0 0 0 0 0 0 0 0 13 13 13 13 3 3 0 0 0 0 0 0 0 0 13 13 13 13 3 3 0 0 0 0 0 0 0 0 13 13 13 13 3 3 0 0 0 0 0 0 0 0 13 13 13 13 3 3 0 0 0 0 0 0 0 0 13 13 13 13 3 3 0 0 0 0 0 0 0 0
57 0 1000 0 0 1000 0 1000 13 13 13 13 3 3 34045 11 34045 11 0 0 0 0 13 13 13 13 3 3 34045 11 34045 11 0 0 0 0 13 13 13 13 3 3 34045 11 34045 11 0 0 0 0 13 13 13 13 3 3 34045 11 34045 11 0 0 0 0 13 13 13 13 3 3 34045 11 34045 11 0 0 0 0 13 13 13 13 3 3 34045 11 34045 11 0 0 0 0
58 0 1000 0 0 1000 0 1000 14 14 14 14 3 3 24499 90 0 0 291 1 24208 89 14 14 14 14 3 3 24499 90 0 0 291 1 24208 89 14 14 14 14 3 3 24499 90 0 0 291 1 24208 89 14 14 14 14 3 3 24499 90 0 0 291 1 24208 89 14 14 14 14 3 3 24499 90 0 0 291 1 24208 89 14 14 14 14 3 3 24499 90 0 0 291 1 24208 89
59 0 1000 0 0 1000 0 1000 14 14 14 14 4 4 0 0 0 0 0 0 0 0 14 14 14 14 4 4 0 0 0 0 0 0 0 0 14 14 14 14 4 4 0 0 0 0 0 0 0 0 14 14 14 14 4 4 0 0 0 0 0 0 0 0 14 14 14 14 4 4 0 0 0 0 0 0 0 0 14 14 14 14 4 4 0 0 0 0 0 0 0 0
60 0 1000 0 0 1000 0 1000 14 14 14 14 4 4 0 0 0 0 0 0 0 0 14 14 14 14 4 4 0 0 0 0 0 0 0 0 14 14 14 14 4 4 0 0 0 0 0 0 0 0 14 14 14 14 4 4 0 0 0 0 0 0 0 0 14 14 14 14 4 4 0 0 0 0 0 0 0 0 14 14 14 14 4 4 0 0 0 0 0 0 0 0
61 0 1000 0 0 1000 0 1000 14 14 14 14 4 4 36157 11 36157 11 0 0 0 0 14 14 14 14 4 4 36157 11 36157 11 0 0 0 0 14 14 14 14 4 4 36157 11 36157 11 0 0 0 0 14 14 14 14 4 4 36157 11 36157 11 0 0 0 0 14 14 14 14 4 4 36157 11 36157 11 0 0 0 0 14 14 14 14 4 4 36157 11 36157 11 0 0 0 0
62 0 1000 0 0 1000 0 1000 15 15 15 15 4 4 30211 111 0 0 291 1 29920 110 15 15 15 15 4 4 30211 111 0 0 291 1 29920 110 15 15 15 15 4 4 30211 111 0 0 291 1 29920 110 15 15 15 15 4 4 30211 111 0 0 291 1 29920 110 15 15 15 15 4 4 30211 111 0 0 291 1 29920 110 15 15 15 15 4 4 30211 111 0 0 291 1 29920 110
63 0 1000 0 0 1000 0 1000 15 15 15 15 5 5 0 0 0 0 0 0 0 0 15 15 15 15 5 5 0 0 0 0 0 0 0 0 15 15 15 15 5 5 0 0 0 0 0 0 0 0 15 15 15 15 5 5 0 0 0 0 0 0 0 0 15 15 15 15 5 5 0 0 0 0 0 0 0 0 15 15 15 15 5 5 0 0 0 0 0 0 0 0
64 0 1000 0 0 1000 0 1000 15 15 15 15 5 5 0 0 0 0 0 0 0 0 15 15 15 15 5 5 0 0 0 0 0 0 0 0 15 15 15 15 5 5 0 0 0 0 0 0 0 0 15 15 15 15 5 5 0 0 0 0 0 0 0 0 15 15 15 15 5 5 0 0 0 0 0 0 0 0 15 15 15 15 5 5 0 0 0 0 0 0 0 0
65 900 100 900 0 100 0 1000 15 15 15 15 5 5 31671 8 31671 8 0 0 0 0 15 15 15 15 5 5 31671 8 31671 8 0 0 0 0 15 15 15 15 5 5 31671 8 31671 8 0 0 0 0 15 15 15 15 5 5 31671 8 31671 8 0 0 0 0 15 15 15 15 5 5 31671 8 31671 8 0 0 0 0 15 15 15 15 5 5 31671 8 31671 8 0 0 0 0
66 900 100 900 0 100 0 1000 15 15 15 15 5 5 3011 11 0 0 291 1 2720 10 15 15 15 15 5 5 3011 11 0 0 291 1 2720 10 15 15 15 15 5 5 3011 11 0 0 291 1 2720 10 15 15 15 15 5 5 3011 11 0 0 291 1 2720 10 15 15 15 15 5 5 3011 11 0 0 291 1 2720 10 15 15 15 15 5 5 3011 11 0 0 291 1 2720 10
67 900 100 900 0 100 0 1000 15 15 15 15 5 5 0 0 0 0 0 0 0 0 15 15 15 15 5 5 0 0 0 0 0 0 0 0 15 15 15 15 5 5 0 0 0 0 0 0 0 0 15 15 15 15 5 5 0 0 0 0 0 0 0 0 15 15 15 15 5 5 0 0 0 0 0 0 0 0 15 15 15 15 6 6 0 0 0 0 0 0 0 0
68 900 100 900 0 100 0 1000 15 15 15 15 5 5 0 0 0 0 0 0 0 0 15 15 15 15 5 5 0 0 0 0 0 0 0 0 15 15 15 15 5 5 0 0 0 0 0 0 0 0 15 15 15 15 5 5 0 0 0 0 0 0 0 0 15 15 15 15 5 5 0 0 0 0 0 0 0 0 15 15 15 15 6 6 0 0 0 0 0 0 0 0
69 900 100 900 0 100 0 1000 15 15 15 15 5 5 759 1 759 1 0 0 0 0 15 15 15 15 5 5 759 1 759 1 0 0 0 0 15 15 15 15 5 5 759 1 759 1 0 0 0 0 15 15 15 15 5 5 759 1 759 1 0 0 0 0 15 15 15 15 5 5 759 1 759 1 0 0 0 0 15 15 15 15 6 6 759 1 759 1 0 0 0 0
70 900 100 900 0 100 0 1000 15 15 15 15 5 5 1923 7 0 0 291 1 1632 6 15 15 15 15 5 5 1923 7 0 0 291 1 1632 6 15 15 15 15 5 5 1923 7 0 0 291 1 1632 6 15 15 15 15 5 5 1923 7 0 0 291 1 1632 6 15 15 15 15 5 5 1923 7 0 0 291 1 1632 6 15 15 15 15 6 6 1923 7 0 0 291 1 1632 6
71 900 100 900 0 100 0 1000 15 15 15 15 5 5 0 0 0 0 0 0 0 0 15 15 15 15 5 5 0 0 0 0 0 0 0 0 15 15 15 15 5 5 0 0 0 0 0 0 0 0 15 15 15 15 5 5 0 0 0 0 0 0 0 0 15 15 15 15 5 5 0 0 0 0 0 0 0 0 15 15 15 15 7 7 0 0 0 0 0 0 0 0
72 900 100 900 0 100 0 1000 15 15 15 15 5 5 0 0 0 0 0 0 0 0 15 15 15 15 5 5 0 0 0 0 0 0 0 0 15 15 15 15 5 5 0 0 0 0 0 0 0 0 15 15 15 15 5 5 0 0 0 0 0 0 0 0 15 15 15 15 5 5 0 0 0 0 0 0 0 0 15 15 15 15 7 7 0 0 0 0 0 0 0 0
73 900 100 900 0 100 0 1000 15 15 15 15 5 5 631 1 631 1 0 0 0 0 15 15 15 15 5 5 631 1 631 1 0 0 0 0 15 15 15 15 5 5 631 1 631 1 0 0 0 0 15 15 15 15 5 5 631 1 631 1 0 0 0 0 15 15 15 15 5 5 631 1 631 1 0 0 0 0 15 15 15 15 7 7 631 1 631 1 0 0 0 0
74 900 100 900 0 100 0 1000 15 15 15 15 5 5 1923 7 0 0 291 1 1632 6 15 15 15 15 5 5 1923 7 0 0 291 1 1632 6 15 15 15 15 5 5 1923 7 0 0 291 1 1632 6 15 15 15 15 5 5 1923 7 0 0 291 1 1632 6 15 15 15 15 5 5 1923 7 0 0 291 1 1632 6 15 15 15 15 7 7 1923 7 0 0 291 1 1632 6
75 900 100 900 0 100 0 1000 15 15 15 15 5 5 0 0 0 0 0 0 0 0 15 15 15 15 5 5 0 0 0 0 0 0 0 0 15 15 15 15 5 5 0 0 0 0 0 0 0 0 15 15 15 15 5 5 0 0 0 0 0 0 0 0 15 15 15 15 5 5 0 0 0 0 0 0 0 0 15 15 15 15 8 8 0 0 0 0 0 0 0 0
76 900 100 900 0 100 0 1000 15 15 15 15 5 5 0 0 0 0 0 0 0 0 15 15 15 15 5 5 0 0 0 0 0 0 0 0 15 15 15 15 5 5 0 0 0 0 0 0 0 0 15 15 15 15 5 5 0 0 0 0 0 0 0 0 15 15 15 15 5 5 0 0 0 0 0 0 0 0 15 15 15 15 8 8 0 0 0 0 0 0 0 0
77 900 100 900 0 100 0 1000 15 15 15 15 5 5 0 0 0 0 0 0 0 0 15 15 15 15 5 5 0 0 0 0 0 0 0 0 15 15 15 15 5 5 0 0 0 0 0 0 0 0 15 15 15 15 5 5 0 0 0 0 0 0 0 0 15 15 15 15 5 5 0 0 0 0 0 0 0 0 15 15 15 15 8 8 0 0 0 0 0 0 0 0
78 900 100 900 0 100 0 1000 15 15 15 15 5 5 4080 15 0 0 0 0 4080 15 15 15 15 15 5 5 4080 15 0 0 0 0 4080 15 15 15 15 15 5 5 4080 15 0 0 0 0 4080 15 15 15 15 15 5 5 4080 15 0 0 0 0 4080 15 15 15 15 15 5 5 4080 15 0 0 0 0 4080 15 15 15 15 15 8 8 4080 15 0 0 0 0 4080 15
79 900 100 900 0 100 0 1000 15 15 15 15 5 5 0 0 0 0 0 0 0 0 15 15 15 15 5 5 0 0 0 0 0 0 0 0 15 15 15 15 5 5 0 0 0 0 0 0 0 0 15 15 15 15 5 5 0 0 0 0 0 0 0 0 15 15 15 15 5 5 0 0 0 0 0 0 0 0 15 15 15 15 9 9 0 0 0 0 0 0 0 0
80 900 100 900 0 100 0 1000 15 15 15 15 5 5 0 0 0 0 0 0 0 0 15 15 15 15 5 5 0 0 0 0 0 0 0 0 15 15 15 15 5 5 0 0 0 0 0 0 0 0 15 15 15 15 5 5 0 0 0 0 0 0 0 0 15 15 15 15 5 5 0 0 0 0 0 0 0 0 15 15 15 15 9 9 0 0 0 0 0 0 0 0
81 900 100 900 0 100 0 1000 15 15 15 15 5 5 0 0 0 0 0 0 0 0 15 15 15 15 5 5 0 0 0 0 0 0 0 0 15 15 15 15 5 5 0 0 0 0 0 0 0 0 15 15 15 15 5 5 0 0 0 0 0 0 0 0 15 15 15 15 5 5 0 0 0 0 0 0 0 0 15 15 15 15 9 9 0 0 0 0 0 0 0 0
82 900 100 900 0 100 0 1000 15 15 15 15 5 5 2448 9 0 0 0 0 2448 9 15 15 15 15 5 5 2448 9 0 0 0 0 2448 9 15 15 15 15 5 5 2448 9 0 0 0 0 2448 9 15 15 15 15 5 5 2448 9 0 0 0 0 2448 9 15 15 15 15 5 5 2448 9 0 0 0 0 2448 9 15 15 15 15 9 9 2448 9 0 0 0 0 2448 9
83 900 100 900 0 100 0 1000 15 15 15 15 5 5 0 0 0 0 0 0 0 0 15 15 15 15 5 5 0 0 0 0 0 0 0 0 15 15 15 15 5 5 0 0 0 0 0 0 0 0 15 15 15 15 5 5 0 0 0 0 0 0 0 0 15 15 15 15 5 5 0 0 0 0 0 0 0 0 15 15 15 15 10 10 0 0 0 0 0 0 0 0
84 900 100 900 0 100 0 1000 15 15 15 15 5 5 0 0 0 0 0 0 0 0 15 15 15 15 5 5 0 0 0 0 0 0 0 0 15 15 15 15 5 5 0 0 0 0 0 0 0 0 15 15 15 15 5 5 0 0 0 0 0 0 0 0 15 15 15 15 5 5 0 0 0 0 0 0 0 0 15 15 15 15 10 10 0 0 0 0 0 0 0 0
85 900 100 900 0 100 0 1000 15 15 15 15 5 5 727 1 727 1 0 0 0 0 15 15 15 15 5 5 727 1 727 1 0 0 0 0 15 15 15 15 5 5 727 1 727 1 0 0 0 0 15 15 15 15 5 5 727 1 727 1 0 0 0 0 15 15 15 15 5 5 727 1 727 1 0 0 0 0 15 15 15 15 10 10 727 1 727 1 0 0 0 0
86 900 100 900 0 100 0 1000 15 15 15 15 5 5 3283 12 0 0 291 1 2992 11 15 15 15 15 5 5 3283 12 0 0 291 1 2992 11 15 15 15 15 5 5 3283 12 0 0 291 1 2992 11 15 15 15 15 5 5 3283 12 0 0 291 1 2992 11 15 15 15 15 5 5 3283 12 0 0 291 1 2992 11 15 15 15 15 10 10 3283 12 0 0 291 1 2992 11
87 900 100 900 0 100 0 1000 15 15 15 15 5 5 0 0 0 0 0 0 0 0 15 15 15 15 5 5 0 0 0 0 0 0 0 0 15 15 15 15 5 5 0 0 0 0 0 0 0 0 15 15 15 15 5 5 0 0 0 0 0 0 0 0 15 15 15 15 5 5 0 0 0 0 0 0 0 0 15 15 15 15 11 11 0 0 0 0 0 0 0 0
88 900 100 900 0 100 0 1000 15 15 15 15 5 5 0 0 0 0 0 0 0 0 15 15 15 15 5 5 0 0 0 0 0 0 0 0 15 15 15 15 5 5 0 0 0 0 0 0 0 0 15 15 15 15 5 5 0 0 0 0 0 0 0 0 15 15 15 15 5 5 0 0 0 0 0 0 0 0 15 15 15 15 11 11 0 0 0 0 0 0 0 0
89 900 100 900 0 100 0 1000 15 15 15 15 5 5 0 0 0 0 0 0 0 0 15 15 15 15 5 5 0 0 0 0 0 0 0 0 15 15 15 15 5 5 0 0 0 0 0 0 0 0 15 15 15 15 5 5 0 0 0 0 0 0 0 0 15 15 15 15 5 5 0 0 0 0 0 0 0 0 15 15 15 15 11 11 0 0 0 0 0 0 0 0
90 900 100 900 0 100 0 1000 15 15 15 15 5 5 2992 11 0 0 0 0 2992 11 15 15 15 15 5 5 2992 11 0 0 0 0 2992 11 15 15 15 15 5 5 2992 11 0 0 0 0 2992 11 15 15 15 15 5 5 2992 11 0 0 0 0 2992 11 15 15 15 15 5 5 2992 11 0 0 0 0 2992 11 15 15 15 15 11 11 2992 11 0 0 0 0 2992 11
91 900 100 900 0 100 0 1000 15 15 15 15 5 5 0 0 0 0 0 0 0 0 15 15 15 15 5 5 0 0 0 0 0 0 0 0 15 15 15 15 5 5 0 0 0 0 0 0 0 0 15 15 15 15 5 5 0 0 0 0 0 0 0 0 15 15 15 15 5 5 0 0 0 0 0 0 0 0 15 15 15 15 12 12 0 0 0 0 0 0 0 0
92 900 100 900 0 100 0 1000 15 15 15 15 5 5 0 0 0 0 0 0 0 0 15 15 15 15 5 5 0 0 0 0 0 0 0 0 15 15 15 15 5 5 0 0 0 0 0 0 0 0 15 15 15 15 5 5 0 0 0 0 0 0 0 0 15 15 15 15 5 5 0 0 0 0 0 0 0 0 15 15 15 15 12 12 0 0 0 0 0 0 0 0
93 900 100 900 0 100 0 1000 15 15 15 15 5 5 791 1 791 1 0 0 0 0 15 15 15 15 5 5 791 1 791 1 0 0 0 0 15 15 15 15 5 5 791 1 791 1 0 0 0 0 15 15 15 15 5 5 791 1 791 1 0 0 0 0 15 15 15 15 5 5 791 1 791 1 0 0 0 0 15 15 15 15 12 12 791 1 791 1 0 0 0 0
94 900 100 900 0 100 0 1000 15 15 15 15 5 5 3011 11 0 0 291 1 2720 10 15 15 15 15 5 5 3011 11 0 0 291 1 2720 10 15 15 15 15 5 5 3011 11 0 0 291 1 2720 10 15 15 15 15 5 5 3011 11 0 0 291 1 2720 10 15 15 15 15 5 5 3011 11 0 0 291 1 2720 10 15 15 15 15 12 12 3011 11 0 0 291 1 2720 10
95 900 100 900 0 100 0 1000 15 15 15 15 5 5 0 0 0 0 0 0 0 0 15 15 15 15 5 5 0 0 0 0 0 0 0 0 15 15 15 15 5 5 0 0 0 0 0 0 0 0 15 15 15 15 5 5 0 0 0 0 0 0 0 0 15 15 15 15 5 5 0 0 0 0 0 0 0 0 15 15 15 15 13 13 0 0 0 0 0 0 0 0
96 900 100 900 0 100 0 1000 15 15 15 15 5 5 0 0 0 0 0 0 0 0 15 15 15 15 5 5 0 0 0 0 0 0 0 0 15 15 15 15 5 5 0 0 0 0 0 0 0 0 15 15 15 15 5 5 0 0 0 0 0 0 0 0 15 15 15 15 5 5 0 0 0 0 0 0 0 0 15 15 15 15 13 13 0 0 0 0 0 0 0 0
97 900 100 900 0 100 0 1000 15 15 15 15 5 5 0 0 0 0 0 0 0 0 15 15 15 15 5 5 0 0 0 0 0 0 0 0 15 15 15 15 5 5 0 0 0 0 0 0 0 0 15 15 15 15 5 5 0 0 0 0 0 0 0 0 15 15 15 15 5 5 0 0 0 0 0 0 0 0 15 15 15 15 13 13 0 0 0 0 0 0 0 0
98 900 100 900 0 100 0 1000 15 15 15 15 5 5 2176 8 0 0 0 0 2176 8 15 15 15 15 5 5 2176 8 0 0 0 0 2176 8 15 15 15 15 5 5 2176 8 0 0 0 0 2176 8 15 15 15 15 5 5 2176 8 0 0 0 0 2176 8 15 15 15 15 5 5 2176 8 0 0 0 0 2176 8 15 15 15 15 13 13 2176 8 0 0 0 0 2176 8
99 900 100 900 0 100 0 1000 15 15 15 15 5 5 0 0 0 0 0 0 0 0 15 15 15 15 5 5 0 0 0 0 0 0 0 0 15 15 15 15 5 5 0 0 0 0 0 0 0 0 15 15 15 15 5 5 0 0 0 0 0 0 0 0 15 15 15 15 5 5 0 0 0 0 0 0 0 0 15 15 15 15 14 14 0 0 0 0 0 0 0 0
100 900 100 900 0 100 0 1000 15 15 15 15 5 5 0 0 0 0 0 0 0 0 15 15 15 15 5 5 0 0 0 0 0 0 0 0 15 15 15 15 5 5 0 0 0 0 0 0 0 0 15 15 15 15 5 5 0 0 0 0 0 0 0 0 15 15 15 15 5 5 0 0 0 0 0 0 0 0 15 15 15 15 14 14 0 0 0 0 0 0 0 0
101 900 100 900 0 100 0 1000 15 15 15 15 5 5 695 1 695 1 0 0 0 0 15 15 15 15 5 5 695 1 695 1 0 0 0 0 15 15 15 15 5 5 695 1 695 1 0 0 0 0 15 15 15 15 5 5 695 1 695 1 0 0 0 0 15 15 15 15 5 5 695 1 695 1 0 0 0 0 15 15 15 15 14 14 695 1 695 1 0 0 0 0
102 900 100 900 0 100 0 1000 15 15 15 15 5 5 3555 13 0 0 291 1 3264 12 15 15 15 15 5 5 3555 13 0 0 291 1 3264 12 15 15 15 15 5 5 3555 13 0 0 291 1 3264 12 15 15 15 15 5 5 3555 13 0 0 291 1 3264 12 15 15 15 15 5 5 3555 13 0 0 291 1 3264 12 15 15 15 15 14 14 3555 13 0 0 291 1 3264 12
103 900 100 900 0 100 0 1000 15 15 15 15 5 5 0 0 0 0 0 0 0 0 15 15 15 15 5 5 0 0 0 0 0 0 0 0 15 15 15 15 5 5 0 0 0 0 0 0 0 0 15 15 15 15 5 5 0 0 0 0 0 0 0 0 15 15 15 15 5 5 0 0 0 0 0 0 0 0 15 15 15 15 15 15 0 0 0 0 0 0 0 0
104 900 100 900 0 100 0 1000 15 15 15 15 5 5 0 0 0 0 0 0 0 0 15 15 15 15 5 5 0 0 0 0 0 0 0 0 15 15 15 15 5 5 0 0 0 0 0 0 0 0 15 15 15 15 5 5 0 0 0 0 0 0 0 0 15 15 15 15 5 5 0 0 0 0 0 0 0 0 15 15 15 15 15 15 0 0 0 0 0 0 0 0
105 900 100 900 0 100 0 1000 15 15 15 15 5 5 0 0 0 0 0 0 0 0 15 15 15 15 5 5 0 0 0 0 0 0 0 0 15 15 15 15 5 5 0 0 0 0 0 0 0 0 15 15 15 15 5 5 0 0 0 0 0 0 0 0 15 15 15 15 5 5 0 0 0 0 0 0 0 0 15 15 15 15 15 15 0 0 0 0 0 0 0 0
106 900 100 900 0 100 0 1000 15 15 15 15 5 5 2448 9 0 0 0 0 2448 9 15 15 15 15 5 5 2448 9 0 0 0 0 2448 9 15 15 15 15 5 5 2448 9 0 0 0 0 2448 9 15 15 15 15 5 5 2448 9 0 0 0 0 2448 9 15 15 15 15 5 5 2448 9 0 0 0 0 2448 9 15 15 15 15 15 15 2448 9 0 0 0 0 2448 9
107 900 100 900 0 100 0 1000 15 15 15 15 5 5 0 0 0 0 0 0 0 0 15 15 15 15 5 5 0 0 0 0 0 0 0 0 15 15 15 15 5 5 0 0 0 0 0 0 0 0 15 15 15 15 5 5 0 0 0 0 0 0 0 0 15 15 15 15 5 5 0 0 0 0 0 0 0 0 16 16 15 15 16 16 0 0 0 0 0 0 0 0
108 900 100 900 0 100 0 1000 15 15 15 15 5 5 0 0 0 0 0 0 0 0 15 15 15 15 5 5 0 0 0 0 0 0 0 0 15 15 15 15 5 5 0 0 0 0 0 0 0 0 15 15 15 15 5 5 0 0 0 0 0 0 0 0 15 15 15 15 5 5 0 0 0 0 0 0 0 0 16 16 15 15 16 16 0 0 0 0 0 0 0 0
109 900 100 900 0 100 0 1000 15 15 15 15 5 5 727 1 727 1 0 0 0 0 15 15 15 15 5 5 727 1 727 1 0 0 0 0 15 15 15 15 5 5 727 1 727 1 0 0 0 0 15 15 15 15 5 5 727 1 727 1 0 0 0 0 15 15 15 15 5 5 727 1 727 1 0 0 0 0 16 16 15 15 16 16 727 1 727 1 0 0 0 0
110 900 100 900 0 100 0 1000 15 15 15 15 5 5 2467 9 0 0 291 1 2176 8 15 15 15 15 5 5 2467 9 0 0 291 1 2176 8 15 15 15 15 5 5 2467 9 0 0 291 1 2176 8 15 15 15 15 5 5 2467 9 0 0 291 1 2176 8 15 15 15 15 5 5 2467 9 0 0 291 1 2176 8 16 16 15 15 16 16 2467 9 0 0 291 1 2176 8
111 900 100 900 0 100 0 1000 15 15 15 15 5 5 0 0 0 0 0 0 0 0 15 15 15 15 5 5 0 0 0 0 0 0 0 0 15 15 15 15 5 5 0 0 0 0 0 0 0 0 15 15 15 15 5 5 0 0 0 0 0 0 0 0 15 15 15 15 5 5 0 0 0 0 0 0 0 0 17 17 15 15 17 17 0 0 0 0 0 0 0 0
112 900 100 900 0 100 0 1000 15 15 15 15 5 5 0 0 0 0 0 0 0 0 15 15 15 15 5 5 0 0 0 0 0 0 0 0 15 15 15 15 5 5 0 0 0 0 0 0 0 0 15 15 15 15 5 5 0 0 0 0 0 0 0 0 15 15 15 15 5 5 0 0 0 0 0 0 0 0 17 17 15 15 17 17 0 0 0 0 0 0 0 0
113 900 100 900 0 100 0 1000 15 15 15 15 5 5 1390 2 1390 2 0 0 0 0 15 15 15 15 5 5 1390 2 1390 2 0 0 0 0 15 15 15 15 5 5 1390 2 1390 2 0 0 0 0 15 15 15 15 5 5 1390 2 1390 2 0 0 0 0 15 15 15 15 5 5 1390 2 1390 2 0 0 0 0 17 17 15 15 17 17 1390 2 1390 2 0 0 0 0
114 900 100 900 0 100 0 1000 15 15 15 15 5 5 2467 9 0 0 291 1 2176 8 15 15 15 15 5 5 2467 9 0 0 291 1 2176 8 15 15 15 15 5 5 2467 9 0 0 291 1 2176 8 15 15 15 15 5 5 2467 9 0 0 291 1 2176 8 15 15 15 15 5 5 2467 9 0 0 291 1 2176 8 17 17 15 15 17 17 2467 9 0 0 291 1 2176 8
115 900 100 900 0 100 0 1000 15 15 15 15 5 5 0 0 0 0 0 0 0 0 15 15 15 15 5 5 0 0 0 0 0 0 0 0 15 15 15 15 5 5 0 0 0 0 0 0 0 0 15 15 15 15 5 5 0 0 0 0 0 0 0 0 15 15 15 15 5 5 0 0 0 0 0 0 0 0 18 18 15 15 18 18 0 0 0 0 0 0 0 0
116 900 100 900 0 100 0 1000 15 15 15 15 5 5 0 0 0 0 0 0 0 0 15 15 15 15 5 5 0 0 0 0 0 0 0 0 15 15 15 15 5 5 0 0 0 0 0 0 0 0 15 15 15 15 5 5 0 0 0 0 0 0 0 0 15 15 15 15 5 5 0 0 0 0 0 0 0 0 18 18 15 15 18 18 0 0 0 0 0 0 0 0
117 900 100 900 0 100 0 1000 15 15 15 15 5 5 1390 2 1390 2 0 0 0 0 15 15 15 15 5 5 1390 2 1390 2 0 0 0 0 15 15 15 15 5 5 1390 2 1390 2 0 0 0 0 15 15 15 15 5 5 1390 2 1390 2 0 0 0 0 15 15 15 15 5 5 1390 2 1390 2 0 0 0 0 18 18 15 15 18 18 1390 2 1390 2 0 0 0 0
118 900 100 900 0 100 0 1000 15 15 15 15 5 5 2739 10 0 0 291 1 2448 9 15 15 15 15 5 5 2739 10 0 0 291 1 2448 9 15 15 15 15 5 5 2739 10 0 0 291 1 2448 9 15 15 15 15 5 5 2739 10 0 0 291 1 2448 9 15 15 15 15 5 5 2739 10 0 0 291 1 2448 9 18 18 15 15 18 18 2739 10 0 0 291 1 2448 9
119 900 100 900 0 100 0 1000 15 15 15 15 5 5 0 0 0 0 0 0 0 0 15 15 15 15 5 5 0 0 0 0 0 0 0 0 15 15 15 15 5 5 0 0 0 0 0 0 0 0 15 15 15 15 5 5 0 0 0 0 0 0 0 0 15 15 15 15 5 5 0 0 0 0 0 0 0 0 18 18 15 15 18 18 0 0 0 0 0 0 0 0
120 900 100 900 0 100 0 1000 15 15 15 15 5 5 0 0 0 0 0 0 0 0 15 15 15 15 5 5 0 0 0 0 0 0 0 0 15 15 15 15 5 5 0 0 0 0 0 0 0 0 15 15 15 15 5 5 0 0 0 0 0 0 0 0 15 15 15 15 5 5 0 0 0 0 0 0 0 0 18 18 15 15 18 18 0 0 0 0 0 0 0 0
121 900 100 900 0 100 0 1000 15 15 15 15 5 5 2181 3 2181 3 0 0 0 0 15 15 15 15 5 5 2181 3 2181 3 0 0 0 0 15 15 15 15 5 5 2181 3 2181 3 0 0 0 0 15 15 15 15 5 5 2181 3 2181 3 0 0 0 0 15 15 15 15 5 5 2181 3 2181 3 0 0 0 0 18 18 15 15 18 18 2181 3 2181 3 0 0 0 0
122 900 100 900 0 100 0 1000 15 15 15 15 5 5 2467 9 0 0 291 1 2176 8 15 15 15 15 5 5 2467 9 0 0 291 1 2176 8 15 15 15 15 5 5 2467 9 0 0 291 1 2176 8 15 15 15 15 5 5 2467 9 0 0 291 1 2176 8 15 15 15 15 5 5 2467 9 0 0 291 1 2176 8 18 18 15 15 18 18 2467 9 0 0 291 1 2176 8
123 900 100 900 0 100 0 1000 15 15 15 15 5 5 0 0 0 0 0 0 0 0 15 15 15 15 5 5 0 0 0 0 0 0 0 0 15 15 15 15 5 5 0 0 0 0 0 0 0 0 15 15 15 15 5 5 0 0 0 0 0 0 0 0 15 15 15 15 5 5 0 0 0 0 0 0 0 0 18 18 15 15 18 18 0 0 0 0 0 0 0 0
124 900 100 900 0 100 0 1000 15 15 15 15 5 5 0 0 0 0 0 0 0 0 15 15 15 15 5 5 0 0 0 0 0 0 0 0 15 15 15 15 5 5 0 0 0 0 0 0 0 0 15 15 15 15 5 5 0 0 0 0 0 0 0 0 15 15 15 15 5 5 0 0 0 0 0 0 0 0 18 18 15 15 18 18 0 0 0 0 0 0 0 0
125 900 100 900 0 100 0 1000 15 15 15 15 5 5 0 0 0 0 0 0 0 0 15 15 15 15 5 5 0 0 0 0 0 0 0 0 15 15 15 15 5 5 0 0 0 0 0 0 0 0 15 15 15 15 5 5 0 0 0 0 0 0 0 0 15 15 15 15 5 5 0 0 0 0 0 0 0 0 18 18 15 15 18 18 0 0 0 0 0 0 0 0
126 0 1000 0 900 100 0 1000 15 15 15 15 5 5 2176 8 0 0 0 0 2176 8 15 15 15 15 5 5 2176 8 0 0 0 0 2176 8 15 15 15 15 5 5 2176 8 0 0 0 0 2176 8 15 15 15 15 5 5 2176 8 0 0 0 0 2176 8 15 15 15 15 5 5 2176 8 0 0 0 0 2176 8 18 18 15 15 18 18 2176 8 0 0 0 0 2176 8
127 0 1000 0 0 1000 0 1000 19 21 15 15 19 21 0 0 0 0 0 0 0 0 19 21 15 15 19 21 0 0 0 0 0 0 0 0 19 21 15 15 19 21 0 0 0 0 0 0 0 0 19 21 15 15 19 21 0 0 0 0 0 0 0 0 19 21 15 15 19 21 0 0 0 0 0 0 0 0 19 21 15 15 19 21 0 0 0 0 0 0 0 0
128 0 1000 0 0 1000 0 1000 19 21 15 15 19 21 0 0 0 0 0 0 0 0 19 21 15 15 19 21 0 0 0 0 0 0 0 0 19 21 15 15 19 21 0 0 0 0 0 0 0 0 19 21 15 15 19 21 0 0 0 0 0 0 0 0 19 21 15 15 19 21 0 0 0 0 0 0 0 0 19 21 15 15 19 21 0 0 0 0 0 0 0 0
129 0 1000 0 0 1000 0 1000 19 21 15 15 19 21 9729 14 9729 14 0 0 0 0 19 21 15 15 19 21 9729 14 9729 14 0 0 0 0 19 21 15 15 19 21 9729 14 9729 14 0 0 0 0 19 21 15 15 19 21 9729 14 9729 14 0 0 0 0 19 21 15 15 19 21 9729 14 9729 14 0 0 0 0 19 21 15 15 19 21 9729 14 9729 14 0 0 0 0
130 0 1000 0 0 1000 0 1000 26 32 26 32 19 21 29939 110 0 0 291 1 29648 109 26 32 26 32 19 21 29939 110 0 0 291 1 29648 109 26 32 26 32 19 21 29939 110 0 0 291 1 29648 109 26 32 26 32 19 21 29939 110 0 0 291 1 29648 109 26 32 26 32 19 21 29939 110 0 0 291 1 29648 109 26 32 26 32 19 21 29939 110 0 0 291 1 29648 109
131 0 1000 0 0 1000 0 1000 26 32 26 32 19 21 0 0 0 0 0 0 0 0 26 32 26 32 19 21 0 0 0 0 0 0 0 0 26 32 26 32 19 21 0 0 0 0 0 0 0 0 26 32 26 32 19 21 0 0 0 0 0 0 0 0 26 32 26 32 19 21 0 0 0 0 0 0 0 0 26 32 26 32 19 21 0 0 0 0 0 0 0 0
132 0 1000 0 0 1000 0 1000 26 32 26 32 19 21 0 0 0 0 0 0 0 0 26 32 26 32 19 21 0 0 0 0 0 0 0 0 26 32 26 32 19 21 0 0 0 0 0 0 0 0 26 32 26 32 19 21 0 0 0 0 0 0 0 0 26 32 26 32 19 21 0 0 0 0 0 0 0 0 26 32 26 32 19 21 0 0 0 0 0 0 0 0
133 0 1000 0 0 1000 0 1000 26 32 26 32 19 21 35343 9 35343 9 0 0 0 0 26 32 26 32 19 21 35343 9 35343 9 0 0 0 0 26 32 26 32 19 21 35343 9 35343 9 0 0 0 0 26 32 26 32 19 21 35343 9 35343 9 0 0 0 0 26 32 26 32 19 21 35343 9 35343 9 0 0 0 0 26 32 26 32 19 21 35343 9 35343 9 0 0 0 0
134 0 1000 0 0 1000 0 1000 27 33 27 33 19 21 26947 99 0 0 291 1 26656 98 27 33 27 33 19 21 26947 99 0 0 291 1 26656 98 27 33 27 33 19 21 26947 99 0 0 291 1 26656 98 27 33 27 33 19 21 26947 99 0 0 291 1 26656 98 27 33 27 33 19 21 26947 99 0 0 291 1 26656 98 27 33 27 33 19 21 26947 99 0 0 291 1 26656 98
135 0 1000 0 0 1000 0 1000 27 33 27 33 20 23 0 0 0 0 0 0 0 0 27 33 27 33 20 23 0 0 0 0 0 0 0 0 27 33 27 33 20 23 0 0 0 0 0 0 0 0 27 33 27 33 20 23 0 0 0 0 0 0 0 0 27 33 27 33 20 23 0 0 0 0 0 0 0 0 27 33 27 33 20 23 0 0 0 0 0 0 0 0
136 0 1000 0 0 1000 0 1000 27 33 27 33 20 23 0 0 0 0 0 0 0 0 27 33 27 33 20 23 0 0 0 0 0 0 0 0 27 33 27 33 20 23 0 0 0 0 0 0 0 0 27 33 27 33 20 23 0 0 0 0 0 0 0 0 27 33 27 33 20 23 0 0 0 0 0 0 0 0 27 33 27 33 20 23 0 0 0 0 0 0 0 0
137 0 1000 0 0 1000 0 1000 27 33 27 33 20 23 32175 9 32175 9 0 0 0 0 27 33 27 33 20 23 32175 9 32175 9 0 0 0 0 27 33 27 33 20 23 32175 9 32175 9 0 0 0 0 27 33 27 33 20 23 32175 9 32175 9 0 0 0 0 27 33 27 33 20 23 32175 9 32175 9 0 0 0 0 27 33 27 33 20 23 32175 9 32175 9 0 0 0 0
138 0 1000 0 0 1000 0 1000 28 34 28 34 20 23 24771 91 0 0 291 1 24480 90 28 34 28 34 20 23 24771 91 0 0 291 1 24480 90 28 34 28 34 20 23 24771 91 0 0 291 1 24480 90 28 34 28 34 20 23 24771 91 0 0 291 1 24480 90 28 34 28 34 20 23 24771 91 0 0 291 1 24480 90 28 34 28 34 20 23 24771 91 0 0 291 1 24480 90
139 0 1000 0 0 1000 0 1000 28 34 28 34 20 23 0 0 0 0 0 0 0 0 28 34 28 34 20 23 0 0 0 0 0 0 0 0 28 34 28 34 20 23 0 0 0 0 0 0 0 0 28 34 28 34 20 23 0 0 0 0 0 0 0 0 28 34 28 34 20 23 0 0 0 0 0 0 0 0 28 34 28 34 20 23 0 0 0 0 0 0 0 0
140 0 1000 0 0 1000 0 1000 28 34 28 34 20 23 0 0 0 0 0 0 0 0 28 34 28 34 20 23 0 0 0 0 0 0 0 0 28 34 28 34 20 23 0 0 0 0 0 0 0 0 28 34 28 34 20 23 0 0 0 0 0 0 0 0 28 34 28 34 20 23 0 0 0 0 0 0 0 0 28 34 28 34 20 23 0 0 0 0 0 0 0 0
141 0 1000 0 0 1000 0 1000 28 34 28 34 20 23 33185 10 33185 10 0 0 0 0 28 34 28 34 20 23 33185 10 33185 10 0 0 0 0 28 34 28 34 20 23 33185 10 33185 10 0 0 0 0 28 34 28 34 20 23 33185 10 33185 10 0 0 0 0 28 34 28 34 20 23 33185 10 33185 10 0 0 0 0 28 34 28 34 20 23 33185 10 33185 10 0 0 0 0
142 0 1000 0 0 1000 0 1000 29 35 29 35 20 23 29666 109 0 0 290 1 29376 108 29 35 29 35 20 23 29666 109 0 0 290 1 29376 108 29 35 29 35 20 23 29666 109 0 0 290 1 29376 108 29 35 29 35 20 23 29666 109 0 0 290 1 29376 108 29 35 29 35 20 23 29666 109 0 0 290 1 29376 108 29 35 29 35 20 23 29666 109 0 0 290 1 29376 108
143 0 1000 0 0 1000 0 1000 29 35 29 35 21 25 0 0 0 0 0 0 0 0 29 35 29 35 21 25 0 0 0 0 0 0 0 0 29 35 29 35 21 25 0 0 0 0 0 0 0 0 29 35 29 35 21 25 0 0 0 0 0 0 0 0 29 35 29 35 21 25 0 0 0 0 0 0 0 0 29 35 29 35 21 25 0 0 0 0 0 0 0 0
144 0 1000 0 0 1000 0 1000 29 35 29 35 21 25 0 0 0 0 0 0 0 0 29 35 29 35 21 25 0 0 0 0 0 0 0 0 29 35 29 35 21 25 0 0 0 0 0 0 0 0 29 35 29 35 21 25 0 0 0 0 0 0 0 0 29 35 29 35 21 25 0 0 0 0 0 0 0 0 29 35 29 35 21 25 0 0 0 0 0 0 0 0
145 0 1000 0 0 1000 0 1000 29 35 29 35 21 25 46740 12 46740 12 0 0 0 0 29 35 29 35 21 25 46740 12 46740 12 0 0 0 0 29 35 29 35 21 25 46740 12 46740 12 0 0 0 0 29 35 29 35 21 25 46740 12 46740 12 0 0 0 0 29 35 29 35 21 25 46740 12 46740 12 0 0 0 0 29 35 29 35 21 25 46740 12 46740 12 0 0 0 0
146 0 1000 0 0 1000 0 1000 30 36 30 36 21 25 27763 102 0 0 291 1 27472 101 30 36 30 36 21 25 27763 102 0 0 291 1 27472 101 30 36 30 36 21 25 27763 102 0 0 291 1 27472 101 30 36 30 36 21 25 27763 102 0 0 291 1 27472 101 30 36 30 36 21 25 27763 102 0 0 291 1 27472 101 30 36 30 36 21 25 27763 102 0 0 291 1 27472 101
147 0 1000 0 0 1000 0 1000 30 36 30 36 21 25 0 0 0 0 0 0 0 0 30 36 30 36 21 25 0 0 0 0 0 0 0 0 30 36 30 36 21 25 0 0 0 0 0 0 0 0 30 36 30 36 21 25 0 0 0 0 0 0 0 0 30 36 30 36 21 25 0 0 0 0 0 0 0 0 30 36 30 36 21 25 0 0 0 0 0 0 0 0
148 0 1000 0 0 1000 0 1000 30 36 30 36 21 25 0 0 0 0 0 0 0 0 30 36 30 36 21 25 0 0 0 0 0 0 0 0 30 36 30 36 21 25 0 0 0 0 0 0 0 0 30 36 30 36 21 25 0 0 0 0 0 0 0 0 30 36 30 36 21 25 0 0 0 0 0 0 0 0 30 36 30 36 21 25 0 0 0 0 0 0 0 0
149 0 1000 0 0 1000 0 1000 30 36 30 36 21 25 40381 11 40381 11 0 0 0 0 30 36 30 36 21 25 40381 11 40381 11 0 0 0 0 30 36 30 36 21 25 40381 11 40381 11 0 0 0 0 30 36 30 36 21 25 40381 11 40381 11 0 0 0 0 30 36 30 36 21 25 40381 11 40381 11 0 0 0 0 30 36 30 36 21 25 40381 11 40381 11 0 0 0 0
150 0 1000 0 0 1000 0 1000 31 37 31 37 21 25 29667 109 0 0 291 1 29376 108 31 37 31 37 21 25 29667 109 0 0 291 1 29376 108 31 37 31 37 21 25 29667 109 0 0 291 1 29376 108 31 37 31 37 21 25 29667 109 0 0 291 1 29376 108 31 37 31 37 21 25 29667 109 0 0 291 1 29376 108 31 37 31 37 21 25 29667 109 0 0 291 1 29376 108
151 0 1000 0 0 1000 0 1000 31 37 31 37 22 27 0 0 0 0 0 0 0 0 31 37 31 37 22 27 0 0 0 0 0 0 0 0 31 37 31 37 22 27 0 0 0 0 0 0 0 0 31 37 31 37 22 27 0 0 0 0 0 0 0 0 31 37 31 37 22 27 0 0 0 0 0 0 0 0 31 37 31 37 22 27 0 0 0 0 0 0 0 0
152 0 1000 0 0 1000 0 1000 31 37 31 37 22 27 0 0 0 0 0 0 0 0 31 37 31 37 22 27 0 0 0 0 0 0 0 0 31 37 31 37 22 27 0 0 0 0 0 0 0 0 31 37 31 37 22 27 0 0 0 0 0 0 0 0 31 37 31 37 22 27 0 0 0 0 0 0 0 0 31 37 31 37 22 27 0 0 0 0 0 0 0 0
153 0 1000 0 0 1000 0 1000 31 37 31 37 22 27 31160 8 31160 8 0 0 0 0 31 37 31 37 22 27 31160 8 31160 8 0 0 0 0 31 37 31 37 22 27 31160 8 31160 8 0 0 0 0 31 37 31 37 22 27 31160 8 31160 8 0 0 0 0 31 37 31 37 22 27 31160 8 31160 8 0 0 0 0 31 37 31 37 22 27 31160 8 31160 8 0 0 0 0
154 0 1000 0 0 1000 0 1000 32 38 32 38 22 27 29667 109 0 0 291 1 29376 108 32 38 32 38 22 27 29667 109 0 0 291 1 29376 108 32 38 32 38 22 27 29667 109 0 0 291 1 29376 108 32 38 32 38 22 27 29667 109 0 0 291 1 29376 108 32 38 32 38 22 27 29667 109 0 0 291 1 29376 108 32 38 32 38 22 27 29667 109 0 0 291 1 29376 108
155 0 1000 0 0 1000 0 1000 32 38 32 38 23 28 0 0 0 0 0 0 0 0 32 38 32 38 23 28 0 0 0 0 0 0 0 0 32 38 32 38 23 28 0 0 0 0 0 0 0 0 32 38 32 38 23 28 0 0 0 0 0 0 0 0 32 38 32 38 23 28 0 0 0 0 0 0 0 0 32 38 32 38 23 28 0 0 0 0 0 0 0 0
156 0 1000 0 0 1000 0 1000 32 38 32 38 23 28 0 0 0 0 0 0 0 0 32 38 32 38 23 28 0 0 0 0 0 0 0 0 32 38 32 38 23 28 0 0 0 0 0 0 0 0 32 38 32 38 23 28 0 0 0 0 0 0 0 0 32 38 32 38 23 28 0 0 0 0 0 0 0 0 32 38 32 38 23 28 0 0 0 0 0 0 0 0
157 0 1000 0 0 1000 0 1000 32 38 32 38 23 28 23369 6 23369 6 0 0 0 0 32 38 32 38 23 28 23369 6 23369 6 0 0 0 0 32 38 32 38 23 28 23369 6 23369 6 0 0 0 0 32 38 32 38 23 28 23369 6 23369 6 0 0 0 0 32 38 32 38 23 28 23369 6 23369 6 0 0 0 0 32 38 32 38 23 28 23369 6 23369 6 0 0 0 0
158 0 1000 0 0 1000 0 1000 33 39 33 39 23 28 30211 111 0 0 291 1 29920 110 33 39 33 39 23 28 30211 111 0 0 291 1 29920 110 33 39 33 39 23 28 30211 111 0 0 291 1 29920 110 33 39 33 39 23 28 30211 111 0 0 291 1 29920 110 33 39 33 39 23 28 30211 111 0 0 291 1 29920 110 33 39 33 39 23 28 30211 111 0 0 291 1 29920 110
159 0 1000 0 0 1000 0 1000 33 39 33 39 24 29 0 0 0 0 0 0 0 0 33 39 33 39 24 29 0 0 0 0 0 0 0 0 33 39 33 39 24 29 0 0 0 0 0 0 0 0 33 39 33 39 24 29 0 0 0 0 0 0 0 0 33 39 33 39 24 29 0 0 0 0 0 0 0 0 33 39 33 39 24 29 0 0 0 0 0 0 0 0
160 0 1000 0 0 1000 0 1000 33 39 33 39 24 29 0 0 0 0 0 0 0 0 33 39 33 39 24 29 0 0 0 0 0 0 0 0 33 39 33 39 24 29 0 0 0 0 0 0 0 0 33 39 33 39 24 29 0 0 0 0 0 0 0 0 33 39 33 39 24 29 0 0 0 0 0 0 0 0 33 39 33 39 24 29 0 0 0 0 0 0 0 0
161 0 1000 0 0 1000 0 1000 33 39 33 39 24 29 31672 8 31672 8 0 0 0 0 33 39 33 39 24 29 31672 8 31672 8 0 0 0 0 33 39 33 39 24 29 31672 8 31672 8 0 0 0 0 33 39 33 39 24 29 31672 8 31672 8 0 0 0 0 33 39 33 39 24 29 31672 8 31672 8 0 0 0 0 33 39 33 39 24 29 31672 8 31672 8 0 0 0 0
162 0 1000 0 0 1000 0 1000 34 40 34 40 24 29 26131 96 0 0 291 1 25840 95 34 40 34 40 24 29 26131 96 0 0 291 1 25840 95 34 40 34 40 24 29 26131 96 0 0 291 1 25840 95 34 40 34 40 24 29 26131 96 0 0 291 1 25840 95 34 40 34 40 24 29 26131 96 0 0 291 1 25840 95 34 40 34 40 24 29 26131 96 0 0 291 1 25840 95
163 0 1000 0 0 1000 0 1000 34 40 34 40 25 30 0 0 0 0 0 0 0 0 34 40 34 40 25 30 0 0 0 0 0 0 0 0 34 40 34 40 25 30 0 0 0 0 0 0 0 0 34 40 34 40 25 30 0 0 0 0 0 0 0 0 34 40 34 40 25 30 0 0 0 0 0 0 0 0 34 40 34 40 25 30 0 0 0 0 0 0 0 0
164 0 1000 0 0 1000 0 1000 34 40 34 40 25 30 0 0 0 0 0 0 0 0 34 40 34 40 25 30 0 0 0 0 0 0 0 0 34 40 34 40 25 30 0 0 0 0 0 0 0 0 34 40 34 40 25 30 0 0 0 0 0 0 0 0 34 40 34 40 25 30 0 0 0 0 0 0 0 0 34 40 34 40 25 30 0 0 0 0 0 0 0 0
165 0 1000 0 0 1000 0 1000 34 40 34 40 25 30 34790 10 34790 10 0 0 0 0 34 40 34 40 25 30 34790 10 34790 10 0 0 0 0 34 40 34 40 25 30 34790 10 34790 10 0 0 0 0 34 40 34 40 25 30 34790 10 34790 10 0 0 0 0 34 40 34 40 25 30 34790 10 34790 10 0 0 0 0 34 40 34 40 25 30 34790 10 34790 10 0 0 0 0
166 0 1000 0 0 1000 0 1000 35 41 35 41 25 30 25859 95 0 0 291 1 25568 94 35 41 35 41 25 30 25859 95 0 0 291 1 25568 94 35 41 35 41 25 30 25859 95 0 0 291 1 25568 94 35 41 35 41 25 30 25859 95 0 0 291 1 25568 94 35 41 35 41 25 30 25859 95 0 0 291 1 25568 94 35 41 35 41 25 30 25859 95 0 0 291 1 25568 94
167 0 1000 0 0 1000 0 1000 35 41 35 41 25 30 0 0 0 0 0 0 0 0 35 41 35 41 25 30 0 0 0 0 0 0 0 0 35 41 35 41 25 30 0 0 0 0 0 0 0 0 35 41 35 41 25 30 0 0 0 0 0 0 0 0 35 41 35 41 25 30 0 0 0 0 0 0 0 0 35 41 35 41 25 30 0 0 0 0 0 0 0 0
168 0 1000 0 0 1000 0 1000 35 41 35 41 25 30 0 0 0 0 0 0 0 0 35 41 35 41 25 30 0 0 0 0 0 0 0 0 35 41 35 41 25 30 0 0 0 0 0 0 0 0 35 41 35 41 25 30 0 0 0 0 0 0 0 0 35 41 35 41 25 30 0 0 0 0 0 0 0 0 35 41 35 41 25 30 0 0 0 0 0 0 0 0
169 0 1000 0 0 1000 0 1000 35 41 35 41 25 30 34470 10 34470 10 0 0 0 0 35 41 35 41 25 30 34470 10 34470 10 0 0 0 0 35 41 35 41 25 30 34470 10 34470 10 0 0 0 0 35 41 35 41 25 30 34470 10 34470 10 0 0 0 0 35 41 35 41 25 30 34470 10 34470 10 0 0 0 0 35 41 35 41 25 30 34470 10 34470 10 0 0 0 0
170 0 1000 0 0 1000 0 1000 36 42 36 42 25 30 31843 117 0 0 291 1 31552 116 36 42 36 42 25 30 31843 117 0 0 291 1 31552 116 36 42 36 42 25 30 31843 117 0 0 291 1 31552 116 36 42 36 42 25 30 31843 117 0 0 291 1 31552 116 36 42 36 42 25 30 31843 117 0 0 291 1 31552 116 36 42 36 42 25 30 31843 117 0 0 291 1 31552 116
171 0 1000 0 0 1000 0 1000 36 42 36 42 26 32 0 0 0 0 0 0 0 0 36 42 36 42 26 32 0 0 0 0 0 0 0 0 36 42 36 42 26 32 0 0 0 0 0 0 0 0 36 42 36 42 26 32 0 0 0 0 0 0 0 0 36 42 36 42 26 32 0 0 0 0 0 0 0 0 36 42 36 42 26 32 0 0 0 0 0 0 0 0
172 0 1000 0 0 1000 0 1000 36 42 36 42 26 32 0 0 0 0 0 0 0 0 36 42 36 42 26 32 0 0 0 0 0 0 0 0 36 42 36 42 26 32 0 0 0 0 0 0 0 0 36 42 36 42 26 32 0 0 0 0 0 0 0 0 36 42 36 42 26 32 0 0 0 0 0 0 0 0 36 42 36 42 26 32 0 0 0 0 0 0 0 0
173 0 1000 0 0 1000 0 1000 36 42 36 42 26 32 53962 13 53962 13 0 0 0 0 36 42 36 42 26 32 53962 13 53962 13 0 0 0 0 36 42 36 42 26 32 53962 13 53962 13 0 0 0 0 36 42 36 42 26 32 53962 13 53962 13 0 0 0 0 36 42 36 42 26 32 53962 13 53962 13 0 0 0 0 36 42 36 42 26 32 53962 13 53962 13 0 0 0 0
174 0 1000 0 0 1000 0 1000 37 43 37 43 26 32 23411 86 0 0 291 1 23120 85 37 43 37 43 26 32 23411 86 0 0 291 1 23120 85 37 43 37 43 26 32 23411 86 0 0 291 1 23120 85 37 43 37 43 26 32 23411 86 0 0 291 1 23120 85 37 43 37 43 26 32 23411 86 0 0 291 1 23120 85 37 43 37 43 26 32 23411 86 0 0 291 1 23120 85
175 0 1000 0 0 1000 0 1000 37 43 37 43 27 33 0 0 0 0 0 0 0 0 37 43 37 43 27 33 0 0 0 0 0 0 0 0 37 43 37 43 27 33 0 0 0 0 0 0 0 0 37 43 37 43 27 33 0 0 0 0 0 0 0 0 37 43 37 43 27 33 0 0 0 0 0 0 0 0 37 43 37 43 27 33 0 0 0 0 0 0 0 0
176 0 1000 0 0 1000 0 1000 37 43 37 43 27 33 0 0 0 0 0 0 0 0 37 43 37 43 27 33 0 0 0 0 0 0 0 0 37 43 37 43 27 33 0 0 0 0 0 0 0 0 37 43 37 43 27 33 0 0 0 0 0 0 0 0 37 43 37 43 27 33 0 0 0 0 0 0 0 0 37 43 37 43 27 33 0 0 0 0 0 0 0 0
177 0 1000 0 0 1000 0 1000 37 43 37 43 27 33 28429 9 28429 9 0 0 0 0 37 43 37 43 27 33 28429 9 28429 9 0 0 0 0 37 43 37 43 27 33 28429 9 28429 9 0 0 0 0 37 43 37 43 27 33 28429 9 28429 9 0 0 0 0 37 43 37 43 27 33 28429 9 28429 9 0 0 0 0 37 43 37 43 27 33 28429 9 28429 9 0 0 0 0
178 0 1000 0 0 1000 0 1000 38 44 38 44 27 33 29667 109 0 0 291 1 29376 108 38 44 38 44 27 33 29667 109 0 0 291 1 29376 108 38 44 38 44 27 33 29667 109 0 0 291 1 29376 108 38 44 38 44 27 33 29667 109 0 0 291 1 29376 108 38 44 38 44 27 33 29667 109 0 0 291 1 29376 108 38 44 38 44 27 33 29667 109 0 0 291 1 29376 108
179 0 1000 0 0 1000 0 1000 38 44 38 44 28 34 0 0 0 0 0 0 0 0 38 44 38 44 28 34 0 0 0 0 0 0 0 0 38 44 38 44 28 34 0 0 0 0 0 0 0 0 38 44 38 44 28 34 0 0 0 0 0 0 0 0 38 44 38 44 28 34 0 0 0 0 0 0 0 0 38 44 38 44 28 34 0 0 0 0 0 0 0 0
180 0 1000 0 0 1000 0 1000 38 44 38 44 28 34 0 0 0 0 0 0 0 0 38 44 38 44 28 34 0 0 0 0 0 0 0 0 38 44 38 44 28 34 0 0 0 0 0 0 0 0 38 44 38 44 28 34 0 0 0 0 0 0 0 0 38 44 38 44 28 34 0 0 0 0 0 0 0 0 38 44 38 44 28 34 0 0 0 0 0 0 0 0
181 0 1000 0 0 1000 0 1000 38 44 38 44 28 34 42845 11 42845 11 0 0 0 0 38 44 38 44 28 34 42845 11 42845 11 0 0 0 0 38 44 38 44 28 34 42845 11 42845 11 0 0 0 0 38 44 38 44 28 34 42845 11 42845 11 0 0 0 0 38 44 38 44 28 34 42845 11 42845 11 0 0 0 0 38 44 38 44 28 34 42845 11 42845 11 0 0 0 0
182 0 1000 0 0 1000 0 1000 39 45 39 45 28 34 22323 82 0 0 291 1 22032 81 39 45 39 45 28 34 22323 82 0 0 291 1 22032 81 39 45 39 45 28 34 22323 82 0 0 291 1 22032 81 39 45 39 45 28 34 22323 82 0 0 291 1 22032 81 39 45 39 45 28 34 22323 82 0 0 291 1 22032 81 39 45 39 45 28 34 22323 82 0 0 291 1 22032 81
183 0 1000 0 0 1000 0 1000 39 45 39 45 29 35 0 0 0 0 0 0 0 0 39 45 39 45 29 35 0 0 0 0 0 0 0 0 39 45 39 45 29 35 0 0 0 0 0 0 0 0 39 45 39 45 29 35 0 0 0 0 0 0 0 0 39 45 39 45 29 35 0 0 0 0 0 0 0 0 39 45 39 45 29 35 0 0 0 0 0 0 0 0
184 0 1000 0 0 1000 0 1000 39 45 39 45 29 35 0 0 0 0 0 0 0 0 39 45 39 45 29 35 0 0 0 0 0 0 0 0 39 45 39 45 29 35 0 0 0 0 0 0 0 0 39 45 39 45 29 35 0 0 0 0 0 0 0 0 39 45 39 45 29 35 0 0 0 0 0 0 0 0 39 45 39 45 29 35 0 0 0 0 0 0 0 0
185 0 1000 0 0 1000 0 1000 39 45 39 45 29 35 42433 14 42433 14 0 0 0 0 39 45 39 45 29 35 42433 14 42433 14 0 0 0 0 39 45 39 45 29 35 42433 14 42433 14 0 0 0 0 39 45 39 45 29 35 42433 14 42433 14 0 0 0 0 39 45 39 45 29 35 42433 14 42433 14 0 0 0 0 39 45 39 45 29 35 42433 14 42433 14 0 0 0 0
186 0 1000 0 0 1000 0 1000 40 46 40 46 29 35 26403 97 0 0 291 1 26112 96 40 46 40 46 29 35 26403 97 0 0 291 1 26112 96 40 46 40 46 29 35 26403 97 0 0 291 1 26112 96 40 46 40 46 29 35 26403 97 0 0 291 1 26112 96 40 46 40 46 29 35 26403 97 0 0 291 1 26112 96 40 46 40 46 29 35 26403 97 0 0 291 1 26112 96
187 900 100 900 0 100 0 1000 40 46 40 46 29 35 0 0 0 0 0 0 0 0 40 46 40 46 29 35 0 0 0 0 0 0 0 0 40 46 40 46 29 35 0 0 0 0 0 0 0 0 40 46 40 46 29 35 0 0 0 0 0 0 0 0 40 46 40 46 29 35 0 0 0 0 0 0 0 0 40 46 40 46 30 36 0 0 0 0 0 0 0 0
188 900 100 900 0 100 0 1000 40 46 40 46 29 35 0 0 0 0 0 0 0 0 40 46 40 46 29 35 0 0 0 0 0 0 0 0 40 46 40 46 29 35 0 0 0 0 0 0 0 0 40 46 40 46 29 35 0 0 0 0 0 0 0 0 40 46 40 46 29 35 0 0 0 0 0 0 0 0 40 46 40 46 30 36 0 0 0 0 0 0 0 0
189 900 100 900 0 100 0 1000 40 46 40 46 29 35 3511 1 3511 1 0 0 0 0 40 46 40 46 29 35 3511 1 3511 1 0 0 0 0 40 46 40 46 29 35 3511 1 3511 1 0 0 0 0 40 46 40 46 29 35 3511 1 3511 1 0 0 0 0 40 46 40 46 29 35 3511 1 3511 1 0 0 0 0 40 46 40 46 30 36 3511 1 3511 1 0 0 0 0
190 900 100 900 0 100 0 1000 40 46 40 46 29 35 3283 12 0 0 291 1 2992 11 40 46 40 46 29 35 3283 12 0 0 291 1 2992 11 40 46 40 46 29 35 3283 12 0 0 291 1 2992 11 40 46 40 46 29 35 3283 12 0 0 291 1 2992 11 40 46 40 46 29 35 3283 12 0 0 291 1 2992 11 40 46 40 46 30 36 3283 12 0 0 291 1 2992 11
191 900 100 900 0 100 0 1000 40 46 40 46 29 35 0 0 0 0 0 0 0 0 40 46 40 46 29 35 0 0 0 0 0 0 0 0 40 46 40 46 29 35 0 0 0 0 0 0 0 0 40 46 40 46 29 35 0 0 0 0 0 0 0 0 40 46 40 46 29 35 0 0 0 0 0 0 0 0 40 46 40 46 31 37 0 0 0 0 0 0 0 0
192 900 100 900 0 100 0 1000 40 46 40 46 29 35 0 0 0 0 0 0 0 0 40 46 40 46 29 35 0 0 0 0 0 0 0 0 40 46 40 46 29 35 0 0 0 0 0 0 0 0 40 46 40 46 29 35 0 0 0 0 0 0 0 0 40 46 40 46 29 35 0 0 0 0 0 0 0 0 40 46 40 46 31 37 0 0 0 0 0 0 0 0
193 900 100 900 0 100 0 1000 40 46 40 46 29 35 1582 2 1582 2 0 0 0 0 40 46 40 46 29 35 1582 2 1582 2 0 0 0 0 40 46 40 46 29 35 1582 2 1582 2 0 0 0 0 40 46 40 46 29 35 1582 2 1582 2 0 0 0 0 40 46 40 46 29 35 1582 2 1582 2 0 0 0 0 40 46 40 46 31 37 1582 2 1582 2 0 0 0 0
194 900 100 900 0 100 0 1000 40 46 40 46 29 35 1107 4 0 0 291 1 816 3 40 46 40 46 29 35 1107 4 0 0 291 1 816 3 40 46 40 46 29 35 1107 4 0 0 291 1 816 3 40 46 40 46 29 35 1107 4 0 0 291 1 816 3 40 46 40 46 29 35 1107 4 0 0 291 1 816 3 40 46 40 46 31 37 1107 4 0 0 291 1 816 3
195 900 100 900 0 100 0 1000 40 46 40 46 29 35 0 0 0 0 0 0 0 0 40 46 40 46 29 35 0 0 0 0 0 0 0 0 40 46 40 46 29 35 0 0 0 0 0 0 0 0 40 46 40 46 29 35 0 0 0 0 0 0 0 0 40 46 40 46 29 35 0 0 0 0 0 0 0 0 40 46 40 46 32 38 0 0 0 0 0 0 0 0
196 900 100 900 0 100 0 1000 40 46 40 46 29 35 0 0 0 0 0 0 0 0 40 46 40 46 29 35 0 0 0 0 0 0 0 0 40 46 40 46 29 35 0 0 0 0 0 0 0 0 40 46 40 46 29 35 0 0 0 0 0 0 0 0 40 46 40 46 29 35 0 0 0 0 0 0 0 0 40 46 40 46 32 38 0 0 0 0 0 0 0 0
197 900 100 900 0 100 0 1000 40 46 40 46 29 35 1070 2 1070 2 0 0 0 0 40 46 40 46 29 35 1070 2 1070 2 0 0 0 0 40 46 40 46 29 35 1070 2 1070 2 0 0 0 0 40 46 40 46 29 35 1070 2 1070 2 0 0 0 0 40 46 40 46 29 35 1070 2 1070 2 0 0 0 0 40 46 40 46 32 38 1070 2 1070 2 0 0 0 0
198 900 100 900 0 100 0 1000 40 46 40 46 29 35 3283 12 0 0 291 1 2992 11 40 46 40 46 29 35 3283 12 0 0 291 1 2992 11 40 46 40 46 29 35 3283 12 0 0 291 1 2992 11 40 46 40 46 29 35 3283 12 0 0 291 1 2992 11 40 46 40 46 29 35 3283 12 0 0 291 1 2992 11 40 46 40 46 32 38 3283 12 0 0 291 1 2992 11
199 900 100 900 0 100 0 1000 40 46 40 46 29 35 0 0 0 0 0 0 0 0 40 46 40 46 29 35 0 0 0 0 0 0 0 0 40 46 40 46 29 35 0 0 0 0 0 0 0 0 40 46 40 46 29 35 0 0 0 0 0 0 0 0 40 46 40 46 29 35 0 0 0 0 0 0 0 0 40 46 40 46 33 39 0 0 0 0 0 0 0 0
200 900 100 900 0 100 0 1000 40 46 40 46 29 35 0 0 0 0 0 0 0 0 40 46 40 46 29 35 0 0 0 0 0 0 0 0 40 46 40 46 29 35 0 0 0 0 0 0 0 0 40 46 40 46 29 35 0 0 0 0 0 0 0 0 40 46 40 46 29 35 0 0 0 0 0 0 0 0 40 46 40 46 33 39 0 0 0 0 0 0 0 0
201 900 100 900 0 100 0 1000 40 46 40 46 29 35 1582 2 1582 2 0 0 0 0 40 46 40 46 29 35 1582 2 1582 2 0 0 0 0 40 46 40 46 29 35 1582 2 1582 2 0 0 0 0 40 46 40 46 29 35 1582 2 1582 2 0 0 0 0 40 46 40 46 29 35 1582 2 1582 2 0 0 0 0 40 46 40 46 33 39 1582 2 1582 2 0 0 0 0
202 900 100 900 0 100 0 1000 40 46 40 46 29 35 3555 13 0 0 291 1 3264 12 40 46 40 46 29 35 3555 13 0 0 291 1 3264 12 40 46 40 46 29 35 3555 13 0 0 291 1 3264 12 40 46 40 46 29 35 3555 13 0 0 291 1 3264 12 40 46 40 46 29 35 3555 13 0 0 291 1 3264 12 40 46 40 46 33 39 3555 13 0 0 291 1 3264 12
203 900 100 900 0 100 0 1000 40 46 40 46 29 35 0 0 0 0 0 0 0 0 40 46 40 46 29 35 0 0 0 0 0 0 0 0 40 46 40 46 29 35 0 0 0 0 0 0 0 0 40 46 40 46 29 35 0 0 0 0 0 0 0 0 40 46 40 46 29 35 0 0 0 0 0 0 0 0 40 46 40 46 34 40 0 0 0 0 0 0 0 0
204 900 100 900 0 100 0 1000 40 46 40 46 29 35 0 0 0 0 0 0 0 0 40 46 40 46 29 35 0 0 0 0 0 0 0 0 40 46 40 46 29 35 0 0 0 0 0 0 0 0 40 46 40 46 29 35 0 0 0 0 0 0 0 0 40 46 40 46 29 35 0 0 0 0 0 0 0 0 40 46 40 46 34 40 0 0 0 0 0 0 0 0
205 900 100 900 0 100 0 1000 40 46 40 46 29 35 0 0 0 0 0 0 0 0 40 46 40 46 29 35 0 0 0 0 0 0 0 0 40 46 40 46 29 35 0 0 0 0 0 0 0 0 40 46 40 46 29 35 0 0 0 0 0 0 0 0 40 46 40 46 29 35 0 0 0 0 0 0 0 0 40 46 40 46 34 40 0 0 0 0 0 0 0 0
206 900 100 900 0 100 0 1000 40 46 40 46 29 35 2720 10 0 0 0 0 2720 10 40 46 40 46 29 35 2720 10 0 0 0 0 2720 10 40 46 40 46 29 35 2720 10 0 0 0 0 2720 10 40 46 40 46 29 35 2720 10 0 0 0 0 2720 10 40 46 40 46 29 35 2720 10 0 0 0 0 2720 10 40 46 40 46 34 40 2720 10 0 0 0 0 2720 10
207 900 100 900 0 100 0 1000 40 46 40 46 29 35 0 0 0 0 0 0 0 0 40 46 40 46 29 35 0 0 0 0 0 0 0 0 40 46 40 46 29 35 0 0 0 0 0 0 0 0 40 46 40 46 29 35 0 0 0 0 0 0 0 0 40 46 40 46 29 35 0 0 0 0 0 0 0 0 40 46 40 46 35 41 0 0 0 0 0 0 0 0
208 900 100 900 0 100 0 1000 40 46 40 46 29 35 0 0 0 0 0 0 0 0 40 46 40 46 29 35 0 0 0 0 0 0 0 0 40 46 40 46 29 35 0 0 0 0 0 0 0 0 40 46 40 46 29 35 0 0 0 0 0 0 0 0 40 46 40 46 29 35 0 0 0 0 0 0 0 0 40 46 40 46 35 41 0 0 0 0 0 0 0 0
209 900 100 900 0 100 0 1000 40 46 40 46 29 35 759 1 759 1 0 0 0 0 40 46 40 46 29 35 759 1 759 1 0 0 0 0 40 46 40 46 29 35 759 1 759 1 0 0 0 0 40 46 40 46 29 35 759 1 759 1 0 0 0 0 40 46 40 46 29 35 759 1 759 1 0 0 0 0 40 46 40 46 35 41 759 1 759 1 0 0 0 0
210 900 100 900 0 100 0 1000 40 46 40 46 29 35 3827 14 0 0 291 1 3536 13 40 46 40 46 29 35 3827 14 0 0 291 1 3536 13 40 46 40 46 29 35 3827 14 0 0 291 1 3536 13 40 46 40 46 29 35 3827 14 0 0 291 1 3536 13 40 46 40 46 29 35 3827 14 0 0 291 1 3536 13 40 46 40 46 35 41 3827 14 0 0 291 1 3536 13
211 900 100 900 0 100 0 1000 40 46 40 46 29 35 0 0 0 0 0 0 0 0 40 46 40 46 29 35 0 0 0 0 0 0 0 0 40 46 40 46 29 35 0 0 0 0 0 0 0 0 40 46 40 46 29 35 0 0 0 0 0 0 0 0 40 46 40 46 29 35 0 0 0 0 0 0 0 0 40 46 40 46 36 42 0 0 0 0 0 0 0 0
212 900 100 900 0 100 0 1000 40 46 40 46 29 35 0 0 0 0 0 0 0 0 40 46 40 46 29 35 0 0 0 0 0 0 0 0 40 46 40 46 29 35 0 0 0 0 0 0 0 0 40 46 40 46 29 35 0 0 0 0 0 0 0 0 40 46 40 46 29 35 0 0 0 0 0 0 0 0 40 46 40 46 36 42 0 0 0 0 0 0 0 0
213 900 100 900 0 100 0 1000 40 46 40 46 29 35 855 1 855 1 0 0 0 0 40 46 40 46 29 35 855 1 855 1 0 0 0 0 40 46 40 46 29 35 855 1 855 1 0 0 0 0 40 46 40 46 29 35 855 1 855 1 0 0 0 0 40 46 40 46 29 35 855 1 855 1 0 0 0 0 40 46 40 46 36 42 855 1 855 1 0 0 0 0
214 900 100 900 0 100 0 1000 40 46 40 46 29 35 3283 12 0 0 291 1 2992 11 40 46 40 46 29 35 3283 12 0 0 291 1 2992 11 40 46 40 46 29 35 3283 12 0 0 291 1 2992 11 40 46 40 46 29 35 3283 12 0 0 291 1 2992 11 40 46 40 46 29 35 3283 12 0 0 291 1 2992 11 40 46 40 46 36 42 3283 12 0 0 291 1 2992 11
215 900 100 900 0 100 0 1000 40 46 40 46 29 35 0 0 0 0 0 0 0 0 40 46 40 46 29 35 0 0 0 0 0 0 0 0 40 46 40 46 29 35 0 0 0 0 0 0 0 0 40 46 40 46 29 35 0 0 0 0 0 0 0 0 40 46 40 46 29 35 0 0 0 0 0 0 0 0 40 46 40 46 37 43 0 0 0 0 0 0 0 0
216 900 100 900 0 100 0 1000 40 46 40 46 29 35 0 0 0 0 0 0 0 0 40 46 40 46 29 35 0 0 0 0 0 0 0 0 40 46 40 46 29 35 0 0 0 0 0 0 0 0 40 46 40 46 29 35 0 0 0 0 0 0 0 0 40 46 40 46 29 35 0 0 0 0 0 0 0 0 40 46 40 46 37 43 0 0 0 0 0 0 0 0
217 900 100 900 0 100 0 1000 40 46 40 46 29 35 0 0 0 0 0 0 0 0 40 46 40 46 29 35 0 0 0 0 0 0 0 0 40 46 40 46 29 35 0 0 0 0 0 0 0 0 40 46 40 46 29 35 0 0 0 0 0 0 0 0 40 46 40 46 29 35 0 0 0 0 0 0 0 0 40 46 40 46 37 43 0 0 0 0 0 0 0 0
218 900 100 900 0 100 0 1000 40 46 40 46 29 35 3264 12 0 0 0 0 3264 12 40 46 40 46 29 35 3264 12 0 0 0 0 3264 12 40 46 40 46 29 35 3264 12 0 0 0 0 3264 12 40 46 40 46 29 35 3264 12 0 0 0 0 3264 12 40 46 40 46 29 35 3264 12 0 0 0 0 3264 12 40 46 40 46 37 43 3264 12 0 0 0 0 3264 12
219 900 100 900 0 100 0 1000 40 46 40 46 29 35 0 0 0 0 0 0 0 0 40 46 40 46 29 35 0 0 0 0 0 0 0 0 40 46 40 46 29 35 0 0 0 0 0 0 0 0 40 46 40 46 29 35 0 0 0 0 0 0 0 0 40 46 40 46 29 35 0 0 0 0 0 0 0 0 40 46 40 46 38 44 0 0 0 0 0 0 0 0
220 900 100 900 0 100 0 1000 40 46 40 46 29 35 0 0 0 0 0 0 0 0 40 46 40 46 29 35 0 0 0 0 0 0 0 0 40 46 40 46 29 35 0 0 0 0 0 0 0 0 40 46 40 46 29 35 0 0 0 0 0 0 0 0 40 46 40 46 29 35 0 0 0 0 0 0 0 0 40 46 40 46 38 44 0 0 0 0 0 0 0 0
221 900 100 900 0 100 0 1000 40 46 40 46 29 35 1646 2 1646 2 0 0 0 0 40 46 40 46 29 35 1646 2 1646 2 0 0 0 0 40 46 40 46 29 35 1646 2 1646 2 0 0 0 0 40 46 40 46 29 35 1646 2 1646 2 0 0 0 0 40 46 40 46 29 35 1646 2 1646 2 0 0 0 0 40 46 40 46 38 44 1646 2 1646 2 0 0 0 0
222 900 100 900 0 100 0 1000 40 46 40 46 29 35 3555 13 0 0 291 1 3264 12 40 46 40 46 29 35 3555 13 0 0 291 1 3264 12 40 46 40 46 29 35 3555 13 0 0 291 1 3264 12 40 46 40 46 29 35 3555 13 0 0 291 1 3264 12 40 46 40 46 29 35 3555 13 0 0 291 1 3264 12 40 46 40 46 38 44 3555 13 0 0 291 1 3264 12
223 900 100 900 0 100 0 1000 40 46 40 46 29 35 0 0 0 0 0 0 0 0 40 46 40 46 29 35 0 0 0 0 0 0 0 0 40 46 40 46 29 35 0 0 0 0 0 0 0 0 40 46 40 46 29 35 0 0 0 0 0 0 0 0 40 46 40 46 29 35 0 0 0 0 0 0 0 0 40 46 40 46 39 45 0 0 0 0 0 0 0 0
224 900 100 900 0 100 0 1000 40 46 40 46 29 35 0 0 0 0 0 0 0 0 40 46 40 46 29 35 0 0 0 0 0 0 0 0 40 46 40 46 29 35 0 0 0 0 0 0 0 0 40 46 40 46 29 35 0 0 0 0 0 0 0 0 40 46 40 46 29 35 0 0 0 0 0 0 0 0 40 46 40 46 39 45 0 0 0 0 0 0 0 0
225 900 100 900 0 100 0 1000 40 46 40 46 29 35 1646 2 1646 2 0 0 0 0 40 46 40 46 29 35 1646 2 1646 2 0 0 0 0 40 46 40 46 29 35 1646 2 1646 2 0 0 0 0 40 46 40 46 29 35 1646 2 1646 2 0 0 0 0 40 46 40 46 29 35 1646 2 1646 2 0 0 0 0 40 46 40 46 39 45 1646 2 1646 2 0 0 0 0
226 900 100 900 0 100 0 1000 40 46 40 46 29 35 1651 6 0 0 291 1 1360 5 40 46 40 46 29 35 1651 6 0 0 291 1 1360 5 40 46 40 46 29 35 1651 6 0 0 291 1 1360 5 40 46 40 46 29 35 1651 6 0 0 291 1 1360 5 40 46 40 46 29 35 1651 6 0 0 291 1 1360 5 40 46 40 46 39 45 1651 6 0 0 291 1 1360 5
227 900 100 900 0 100 0 1000 40 46 40 46 29 35 0 0 0 0 0 0 0 0 40 46 40 46 29 35 0 0 0 0 0 0 0 0 40 46 40 46 29 35 0 0 0 0 0 0 0 0 40 46 40 46 29 35 0 0 0 0 0 0 0 0 40 46 40 46 29 35 0 0 0 0 0 0 0 0 40 46 40 46 40 46 0 0 0 0 0 0 0 0
228 900 100 900 0 100 0 1000 40 46 40 46 29 35 0 0 0 0 0 0 0 0 40 46 40 46 29 35 0 0 0 0 0 0 0 0 40 46 40 46 29 35 0 0 0 0 0 0 0 0 40 46 40 46 29 35 0 0 0 0 0 0 0 0 40 46 40 46 29 35 0 0 0 0 0 0 0 0 40 46 40 46 40 46 0 0 0 0 0 0 0 0
229 900 100 900 0 100 0 1000 40 46 40 46 29 35 599 1 599 1 0 0 0 0 40 46 40 46 29 35 599 1 599 1 0 0 0 0 40 46 40 46 29 35 599 1 599 1 0 0 0 0 40 46 40 46 29 35 599 1 599 1 0 0 0 0 40 46 40 46 29 35 599 1 599 1 0 0 0 0 40 46 40 46 40 46 599 1 599 1 0 0 0 0
230 900 100 900 0 100 0 1000 40 46 40 46 29 35 1923 7 0 0 291 1 1632 6 40 46 40 46 29 35 1923 7 0 0 291 1 1632 6 40 46 40 46 29 35 1923 7 0 0 291 1 1632 6 40 46 40 46 29 35 1923 7 0 0 291 1 1632 6 40 46 40 46 29 35 1923 7 0 0 291 1 1632 6 40 46 40 46 40 46 1923 7 0 0 291 1 1632 6
231 900 100 900 0 100 0 1000 40 46 40 46 29 35 0 0 0 0 0 0 0 0 40 46 40 46 29 35 0 0 0 0 0 0 0 0 40 46 40 46 29 35 0 0 0 0 0 0 0 0 40 46 40 46 29 35 0 0 0 0 0 0 0 0 40 46 40 46 29 35 0 0 0 0 0 0 0 0 41 47 40 46 41 47 0 0 0 0 0 0 0 0
232 900 100 900 0 100 0 1000 40 46 40 46 29 35 0 0 0 0 0 0 0 0 40 46 40 46 29 35 0 0 0 0 0 0 0 0 40 46 40 46 29 35 0 0 0 0 0 0 0 0 40 46 40 46 29 35 0 0 0 0 0 0 0 0 40 46 40 46 29 35 0 0 0 0 0 0 0 0 41 47 40 46 41 47 0 0 0 0 0 0 0 0
233 900 100 900 0 100 0 1000 40 46 40 46 29 35 0 0 0 0 0 0 0 0 40 46 40 46 29 35 0 0 0 0 0 0 0 0 40 46 40 46 29 35 0 0 0 0 0 0 0 0 40 46 40 46 29 35 0 0 0 0 0 0 0 0 40 46 40 46 29 35 0 0 0 0 0 0 0 0 41 47 40 46 41 47 0 0 0 0 0 0 0 0
234 900 100 900 0 100 0 1000 40 46 40 46 29 35 3536 13 0 0 0 0 3536 13 40 46 40 46 29 35 3536 13 0 0 0 0 3536 13 40 46 40 46 29 35 3536 13 0 0 0 0 3536 13 40 46 40 46 29 35 3536 13 0 0 0 0 3536 13 40 46 40 46 29 35 3536 13 0 0 0 0 3536 13 41 47 40 46 41 47 3536 13 0 0 0 0 3536 13
235 900 100 900 0 100 0 1000 40 46 40 46 29 35 0 0 0 0 0 0 0 0 40 46 40 46 29 35 0 0 0 0 0 0 0 0 40 46 40 46 29 35 0 0 0 0 0 0 0 0 40 46 40 46 29 35 0 0 0 0 0 0 0 0 40 46 40 46 29 35 0 0 0 0 0 0 0 0 42 48 40 46 42 48 0 0 0 0 0 0 0 0
236 900 100 900 0 100 0 1000 40 46 40 46 29 35 0 0 0 0 0 0 0 0 40 46 40 46 29 35 0 0 0 0 0 0 0 0 40 46 40 46 29 35 0 0 0 0 0 0 0 0 40 46 40 46 29 35 0 0 0 0 0 0 0 0 40 46 40 46 29 35 0 0 0 0 0 0 0 0 42 48 40 46 42 48 0 0 0 0 0 0 0 0
237 900 100 900 0 100 0 1000 40 46 40 46 29 35 855 1 855 1 0 0 0 0 40 46 40 46 29 35 855 1 855 1 0 0 0 0 40 46 40 46 29 35 855 1 855 1 0 0 0 0 40 46 40 46 29 35 855 1 855 1 0 0 0 0 40 46 40 46 29 35 855 1 855 1 0 0 0 0 42 48 40 46 42 48 855 1 855 1 0 0 0 0
238 900 100 900 0 100 0 1000 40 46 40 46 29 35 3283 12 0 0 291 1 2992 11 40 46 40 46 29 35 3283 12 0 0 291 1 2992 11 40 46 40 46 29 35 3283 12 0 0 291 1 2992 11 40 46 40 46 29 35 3283 12 0 0 291 1 2992 11 40 46 40 46 29 35 3283 12 0 0 291 1 2992 11 42 48 40 46 42 48 3283 12 0 0 291 1 2992 11
239 900 100 900 0 100 0 1000 40 46 40 46 29 35 0 0 0 0 0 0 0 0 40 46 40 46 29 35 0 0 0 0 0 0 0 0 40 46 40 46 29 35 0 0 0 0 0 0 0 0 40 46 40 46 29 35 0 0 0 0 0 0 0 0 40 46 40 46 29 35 0 0 0 0 0 0 0 0 43 49 40 46 43 49 0 0 0 0 0 0 0 0
240 900 100 900 0 100 0 1000 40 46 40 46 29 35 0 0 0 0 0 0 0 0 40 46 40 46 29 35 0 0 0 0 0 0 0 0 40 46 40 46 29 35 0 0 0 0 0 0 0 0 40 46 40 46 29 35 0 0 0 0 0 0 0 0 40 46 40 46 29 35 0 0 0 0 0 0 0 0 43 49 40 46 43 49 0 0 0 0 0 0 0 0
241 900 100 900 0 100 0 1000 40 46 40 46 29 35 1582 2 1582 2 0 0 0 0 40 46 40 46 29 35 1582 2 1582 2 0 0 0 0 40 46 40 46 29 35 1582 2 1582 2 0 0 0 0 40 46 40 46 29 35 1582 2 1582 2 0 0 0 0 40 46 40 46 29 35 1582 2 1582 2 0 0 0 0 43 49 40 46 43 49 1582 2 1582 2 0 0 0 0
242 900 100 900 0 100 0 1000 40 46 40 46 29 35 2739 10 0 0 291 1 2448 9 40 46 40 46 29 35 2739 10 0 0 291 1 2448 9 40 46 40 46 29 35 2739 10 0 0 291 1 2448 9 40 46 40 46 29 35 2739 10 0 0 291 1 2448 9 40 46 40 46 29 35 2739 10 0 0 291 1 2448 9 43 49 40 46 43 49 2739 10 0 0 291 1 2448 9
243 900 100 900 0 100 0 1000 40 46 40 46 29 35 0 0 0 0 0 0 0 0 40 46 40 46 29 35 0 0 0 0 0 0 0 0 40 46 40 46 29 35 0 0 0 0 0 0 0 0 40 46 40 46 29 35 0 0 0 0 0 0 0 0 40 46 40 46 29 35 0 0 0 0 0 0 0 0 44 50 40 46 44 50 0 0 0 0 0 0 0 0
244 900 100 900 0 100 0 1000 40 46 40 46 29 35 0 0 0 0 0 0 0 0 40 46 40 46 29 35 0 0 0 0 0 0 0 0 40 46 40 46 29 35 0 0 0 0 0 0 0 0 40 46 40 46 29 35 0 0 0 0 0 0 0 0 40 46 40 46 29 35 0 0 0 0 0 0 0 0 44 50 40 46 44 50 0 0 0 0 0 0 0 0
245 900 100 900 0 100 0 1000 40 46 40 46 29 35 0 0 0 0 0 0 0 0 40 46 40 46 29 35 0 0 0 0 0 0 0 0 40 46 40 46 29 35 0 0 0 0 0 0 0 0 40 46 40 46 29 35 0 0 0 0 0 0 0 0 40 46 40 46 29 35 0 0 0 0 0 0 0 0 44 50 40 46 44 50 0 0 0 0 0 0 0 0
246 900 100 900 0 100 0 1000 40 46 40 46 29 35 2448 9 0 0 0 0 2448 9 40 46 40 46 29 35 2448 9 0 0 0 0 2448 9 40 46 40 46 29 35 2448 9 0 0 0 0 2448 9 40 46 40 46 29 35 2448 9 0 0 0 0 2448 9 40 46 40 46 29 35 2448 9 0 0 0 0 2448 9 44 50 40 46 44 50 2448 9 0 0 0 0 2448 9
247 900 100 900 0 100 0 1000 40 46 40 46 29 35 0 0 0 0 0 0 0 0 40 46 40 46 29 35 0 0 0 0 0 0 0 0 40 46 40 46 29 35 0 0 0 0 0 0 0 0 40 46 40 46 29 35 0 0 0 0 0 0 0 0 40 46 40 46 29 35 0 0 0 0 0 0 0 0 44 50 40 46 44 50 0 0 0 0 0 0 0 0
248 0 1000 0 900 100 0 1000 40 46 40 46 29 35 0 0 0 0 0 0 0 0 40 46 40 46 29 35 0 0 0 0 0 0 0 0 40 46 40 46 29 35 0 0 0 0 0 0 0 0 40 46 40 46 29 35 0 0 0 0 0 0 0 0 40 46 40 46 29 35 0 0 0 0 0 0 0 0 44 50 40 46 44 50 0 0 0 0 0 0 0 0
249 0 1000 0 900 100 0 1000 40 46 40 46 29 35 0 0 0 0 0 0 0 0 40 46 40 46 29 35 0 0 0 0 0 0 0 0 40 46 40 46 29 35 0 0 0 0 0 0 0 0 40 46 40 46 29 35 0 0 0 0 0 0 0 0 40 46 40 46 29 35 0 0 0 0 0 0 0 0 44 50 40 46 44 50 0 0 0 0 0 0 0 0
250 0 1000 0 900 100 0 1000 40 46 40 46 29 35 816 3 0 0 0 0 816 3 40 46 40 46 29 35 816 3 0 0 0 0 816 3 40 46 40 46 29 35 816 3 0 0 0 0 816 3 40 46 40 46 29 35 816 3 0 0 0 0 816 3 40 46 40 46 29 35 816 3 0 0 0 0 816 3 44 50 40 46 44 50 816 3 0 0 0 0 816 3
251 0 1000 0 0 1000 0 1000 45 52 40 46 45 52 0 0 0 0 0 0 0 0 45 52 40 46 45 52 0 0 0 0 0 0 0 0 45 52 40 46 45 52 0 0 0 0 0 0 0 0 45 52 40 46 45 52 0 0 0 0 0 0 0 0 45 52 40 46 45 52 0 0 0 0 0 0 0 0 45 52 40 46 45 52 0 0 0 0 0 0 0 0
252 0 1000 0 0 1000 0 1000 45 52 40 46 45 52 0 0 0 0 0 0 0 0 45 52 40 46 45 52 0 0 0 0 0 0 0 0 45 52 40 46 45 52 0 0 0 0 0 0 0 0 45 52 40 46 45 52 0 0 0 0 0 0 0 0 45 52 40 46 45 52 0 0 0 0 0 0 0 0 45 52 40 46 45 52 0 0 0 0 0 0 0 0
253 0 1000 0 0 1000 0 1000 45 52 40 46 45 52 4815 9 4815 9 0 0 0 0 45 52 40 46 45 52 4815 9 4815 9 0 0 0 0 45 52 40 46 45 52 4815 9 4815 9 0 0 0 0 45 52 40 46 45 52 4815 9 4815 9 0 0 0 0 45 52 40 46 45 52 4815 9 4815 9 0 0 0 0 45 52 40 46 45 52 4815 9 4815 9 0 0 0 0
254 0 1000 0 0 1000 0 1000 52 63 52 63 45 52 32115 118 0 0 291 1 31824 117 52 63 52 63 45 52 32115 118 0 0 291 1 31824 117 52 63 52 63 45 52 32115 118 0 0 291 1 31824 117 52 63 52 63 45 52 32115 118 0 0 291 1 31824 117 52 63 52 63 45 52 32115 118 0 0 291 1 31824 117 52 63 52 63 45 52 32115 118 0 0 291 1 31824 117
255 0 1000 0 0 1000 0 1000 52 63 52 63 46 53 0 0 0 0 0 0 0 0 52 63 52 63 46 53 0 0 0 0 0 0 0 0 52 63 52 63 46 53 0 0 0 0 0 0 0 0 52 63 52 63 46 53 0 0 0 0 0 0 0 0 52 63 52 63 46 53 0 0 0 0 0 0 0 0 52 63 52 63 46 53 0 0 0 0 0 0 0 0
256 0 1000 0 0 1000 0 1000 52 63 52 63 46 53 0 0 0 0 0 0 0 0 52 63 52 63 46 53 0 0 0 0 0 0 0 0 52 63 52 63 46 53 0 0 0 0 0 0 0 0 52 63 52 63 46 53 0 0 0 0 0 0 0 0 52 63 52 63 46 53 0 0 0 0 0 0 0 0 52 63 52 63 46 53 0 0 0 0 0 0 0 0
257 0 1000 0 0 1000 0 1000 52 63 52 63 46 53 50191 12 50191 12 0 0 0 0 52 63 52 63 46 53 50191 12 50191 12 0 0 0 0 52 63 52 63 46 53 50191 12 50191 12 0 0 0 0 52 63 52 63 46 53 50191 12 50191 12 0 0 0 0 52 63 52 63 46 53 50191 12 50191 12 0 0 0 0 52 63 52 63 46 53 50191 12 50191 12 0 0 0 0
258 0 1000 0 0 1000 0 1000 53 64 53 64 46 53 28579 105 0 0 291 1 28288 104 53 64 53 64 46 53 28579 105 0 0 291 1 28288 104 53 64 53 64 46 53 28579 105 0 0 291 1 28288 104 53 64 53 64 46 53 28579 105 0 0 291 1 28288 104 53 64 53 64 46 53 28579 105 0 0 291 1 28288 104 53 64 53 64 46 53 28579 105 0 0 291 1 28288 104
259 0 1000 0 0 1000 0 1000 53 64 53 64 46 53 0 0 0 0 0 0 0 0 53 64 53 64 46 53 0 0 0 0 0 0 0 0 53 64 53 64 46 53 0 0 0 0 0 0 0 0 53 64 53 64 46 53 0 0 0 0 0 0 0 0 53 64 53 64 46 53 0 0 0 0 0 0 0 0 53 64 53 64 46 53 0 0 0 0 0 0 0 0
260 0 1000 0 0 1000 0 1000 53 64 53 64 46 53 0 0 0 0 0 0 0 0 53 64 53 64 46 53 0 0 0 0 0 0 0 0 53 64 53 64 46 53 0 0 0 0 0 0 0 0 53 64 53 64 46 53 0 0 0 0 0 0 0 0 53 64 53 64 46 53 0 0 0 0 0 0 0 0 53 64 53 64 46 53 0 0 0 0 0 0 0 0
261 0 1000 0 0 1000 0 1000 53 64 53 64 46 53 22600 6 22600 6 0 0 0 0 53 64 53 64 46 53 22600 6 22600 6 0 0 0 0 53 64 53 64 46 53 22600 6 22600 6 0 0 0 0 53 64 53 64 46 53 22600 6 22600 6 0 0 0 0 53 64 53 64 46 53 22600 6 22600 6 0 0 0 0 53 64 53 64 46 53 22600 6 22600 6 0 0 0 0
262 0 1000 0 0 1000 0 1000 54 65 54 65 46 53 29123 107 0 0 291 1 28832 106 54 65 54 65 46 53 29123 107 0 0 291 1 28832 106 54 65 54 65 46 53 29123 107 0 0 291 1 28832 106 54 65 54 65 46 53 29123 107 0 0 291 1 28832 106 54 65 54 65 46 53 29123 107 0 0 291 1 28832 106 54 65 54 65 46 53 29123 107 0 0 291 1 28832 106
263 0 1000 0 0 1000 0 1000 54 65 54 65 47 55 0 0 0 0 0 0 0 0 54 65 54 65 47 55 0 0 0 0 0 0 0 0 54 65 54 65 47 55 0 0 0 0 0 0 0 0 54 65 54 65 47 55 0 0 0 0 0 0 0 0 54 65 54 65 47 55 0 0 0 0 0 0 0 0 54 65 54 65 47 55 0 0 0 0 0 0 0 0
264 0 1000 0 0 1000 0 1000 54 65 54 65 47 55 0 0 0 0 0 0 0 0 54 65 54 65 47 55 0 0 0 0 0 0 0 0 54 65 54 65 47 55 0 0 0 0 0 0 0 0 54 65 54 65 47 55 0 0 0 0 0 0 0 0 54 65 54 65 47 55 0 0 0 0 0 0 0 0 54 65 54 65 47 55 0 0 0 0 0 0 0 0
265 0 1000 0 0 1000 0 1000 54 65 54 65 47 55 42139 11 42139 11 0 0 0 0 54 65 54 65 47 55 42139 11 42139 11 0 0 0 0 54 65 54 65 47 55 42139 11 42139 11 0 0 0 0 54 65 54 65 47 55 42139 11 42139 11 0 0 0 0 54 65 54 65 47 55 42139 11 42139 11 0 0 0 0 54 65 54 65 47 55 42139 11 42139 11 0 0 0 0
266 0 1000 0 0 1000 0 1000 55 66 55 66 47 55 20963 77 0 0 291 1 20672 76 55 66 55 66 47 55 20963 77 0 0 291 1 20672 76 55 66 55 66 47 55 20963 77 0 0 291 1 20672 76 55 66 55 66 47 55 20963 77 0 0 291 1 20672 76 55 66 55 66 47 55 20963 77 0 0 291 1 20672 76 55 66 55 66 47 55 20963 77 0 0 291 1 20672 76
267 0 1000 0 0 1000 0 1000 55 66 55 66 48 56 0 0 0 0 0 0 0 0 55 66 55 66 48 56 0 0 0 0 0 0 0 0 55 66 55 66 48 56 0 0 0 0 0 0 0 0 55 66 55 66 48 56 0 0 0 0 0 0 0 0 55 66 55 66 48 56 0 0 0 0 0 0 0 0 55 66 55 66 48 56 0 0 0 0 0 0 0 0
268 0 1000 0 0 1000 0 1000 55 66 55 66 48 56 0 0 0 0 0 0 0 0 55 66 55 66 48 56 0 0 0 0 0 0 0 0 55 66 55 66 48 56 0 0 0 0 0 0 0 0 55 66 55 66 48 56 0 0 0 0 0 0 0 0 55 66 55 66 48 56 0 0 0 0 0 0 0 0 55 66 55 66 48 56 0 0 0 0 0 0 0 0
269 0 1000 0 0 1000 0 1000 55 66 55 66 48 56 37321 13 37321 13 0 0 0 0 55 66 55 66 48 56 37321 13 37321 13 0 0 0 0 55 66 55 66 48 56 37321 13 37321 13 0 0 0 0 55 66 55 66 48 56 37321 13 37321 13 0 0 0 0 55 66 55 66 48 56 37321 13 37321 13 0 0 0 0 55 66 55 66 48 56 37321 13 37321 13 0 0 0 0
270 0 1000 0 0 1000 0 1000 56 67 56 67 48 56 30483 112 0 0 291 1 30192 111 56 67 56 67 48 56 30483 112 0 0 291 1 30192 111 56 67 56 67 48 56 30483 112 0 0 291 1 30192 111 56 67 56 67 48 56 30483 112 0 0 291 1 30192 111 56 67 56 67 48 56 30483 112 0 0 291 1 30192 111 56 67 56 67 48 56 30483 112 0 0 291 1 30192 111
271 0 1000 0 0 1000 0 1000 56 67 56 67 49 57 0 0 0 0 0 0 0 0 56 67 56 67 49 57 0 0 0 0 0 0 0 0 56 67 56 67 49 57 0 0 0 0 0 0 0 0 56 67 56 67 49 57 0 0 0 0 0 0 0 0 56 67 56 67 49 57 0 0 0 0 0 0 0 0 56 67 56 67 49 57 0 0 0 0 0 0 0 0
272 0 1000 0 0 1000 0 1000 56 67 56 67 49 57 0 0 0 0 0 0 0 0 56 67 56 67 49 57 0 0 0 0 0 0 0 0 56 67 56 67 49 57 0 0 0 0 0 0 0 0 56 67 56 67 49 57 0 0 0 0 0 0 0 0 56 67 56 67 49 57 0 0 0 0 0 0 0 0 56 67 56 67 49 57 0 0 0 0 0 0 0 0
273 0 1000 0 0 1000 0 1000 56 67 56 67 49 57 35917 9 35917 9 0 0 0 0 56 67 56 67 49 57 35917 9 35917 9 0 0 0 0 56 67 56 67 49 57 35917 9 35917 9 0 0 0 0 56 67 56 67 49 57 35917 9 35917 9 0 0 0 0 56 67 56 67 49 57 35917 9 35917 9 0 0 0 0 56 67 56 67 49 57 35917 9 35917 9 0 0 0 0
274 0 1000 0 0 1000 0 1000 57 68 57 68 49 57 27219 100 0 0 291 1 26928 99 57 68 57 68 49 57 27219 100 0 0 291 1 26928 99 57 68 57 68 49 57 27219 100 0 0 291 1 26928 99 57 68 57 68 49 57 27219 100 0 0 291 1 26928 99 57 68 57 68 49 57 27219 100 0 0 291 1 26928 99 57 68 57 68 49 57 27219 100 0 0 291 1 26928 99
275 0 1000 0 0 1000 0 1000 57 68 57 68 49 57 0 0 0 0 0 0 0 0 57 68 57 68 49 57 0 0 0 0 0 0 0 0 57 68 57 68 49 57 0 0 0 0 0 0 0 0 57 68 57 68 49 57 0 0 0 0 0 0 0 0 57 68 57 68 49 57 0 0 0 0 0 0 0 0 57 68 57 68 49 57 0 0 0 0 0 0 0 0
276 0 1000 0 0 1000 0 1000 57 68 57 68 49 57 0 0 0 0 0 0 0 0 57 68 57 68 49 57 0 0 0 0 0 0 0 0 57 68 57 68 49 57 0 0 0 0 0 0 0 0 57 68 57 68 49 57 0 0 0 0 0 0 0 0 57 68 57 68 49 57 0 0 0 0 0 0 0 0 57 68 57 68 49 57 0 0 0 0 0 0 0 0
277 0 1000 0 0 1000 0 1000 57 68 57 68 49 57 36068 10 36068 10 0 0 0 0 57 68 57 68 49 57 36068 10 36068 10 0 0 0 0 57 68 57 68 49 57 36068 10 36068 10 0 0 0 0 57 68 57 68 49 57 36068 10 36068 10 0 0 0 0 57 68 57 68 49 57 36068 10 36068 10 0 0 0 0 57 68 57 68 49 57 36068 10 36068 10 0 0 0 0
278 0 1000 0 0 1000 0 1000 58 69 58 69 49 57 27763 102 0 0 291 1 27472 101 58 69 58 69 49 57 27763 102 0 0 291 1 27472 101 58 69 58 69 49 57 27763 102 0 0 291 1 27472 101 58 69 58 69 49 57 27763 102 0 0 291 1 27472 101 58 69 58 69 49 57 27763 102 0 0 291 1 27472 101 58 69 58 69 49 57 27763 102 0 0 291 1 27472 101
279 0 1000 0 0 1000 0 1000 58 69 58 69 50 59 0 0 0 0 0 0 0 0 58 69 58 69 50 59 0 0 0 0 0 0 0 0 58 69 58 69 50 59 0 0 0 0 0 0 0 0 58 69 58 69 50 59 0 0 0 0 0 0 0 0 58 69 58 69 50 59 0 0 0 0 0 0 0 0 58 69 58 69 50 59 0 0 0 0 0 0 0 0
280 0 1000 0 0 1000 0 1000 58 69 58 69 50 59 0 0 0 0 0 0 0 0 58 69 58 69 50 59 0 0 0 0 0 0 0 0 58 69 58 69 50 59 0 0 0 0 0 0 0 0 58 69 58 69 50 59 0 0 0 0 0 0 0 0 58 69 58 69 50 59 0 0 0 0 0 0 0 0 58 69 58 69 50 59 0 0 0 0 0 0 0 0
281 0 1000 0 0 1000 0 1000 58 69 58 69 50 59 51391 14 51391 14 0 0 0 0 58 69 58 69 50 59 51391 14 51391 14 0 0 0 0 58 69 58 69 50 59 51391 14 51391 14 0 0 0 0 58 69 58 69 50 59 51391 14 51391 14 0 0 0 0 58 69 58 69 50 59 51391 14 51391 14 0 0 0 0 58 69 58 69 50 59 51391 14 51391 14 0 0 0 0
282 0 1000 0 0 1000 0 1000 59 70 59 70 50 59 22051 81 0 0 291 1 21760 80 59 70 59 70 50 59 22051 81 0 0 291 1 21760 80 59 70 59 70 50 59 22051 81 0 0 291 1 21760 80 59 70 59 70 50 59 22051 81 0 0 291 1 21760 80 59 70 59 70 50 59 22051 81 0 0 291 1 21760 80 59 70 59 70 50 59 22051 81 0 0 291 1 21760 80
283 0 1000 0 0 1000 0 1000 59 70 59 70 51 60 0 0 0 0 0 0 0 0 59 70 59 70 51 60 0 0 0 0 0 0 0 0 59 70 59 70 51 60 0 0 0 0 0 0 0 0 59 70 59 70 51 60 0 0 0 0 0 0 0 0 59 70 59 70 51 60 0 0 0 0 0 0 0 0 59 70 59 70 51 60 0 0 0 0 0 0 0 0
284 0 1000 0 0 1000 0 1000 59 70 59 70 51 60 0 0 0 0 0 0 0 0 59 70 59 70 51 60 0 0 0 0 0 0 0 0 59 70 59 70 51 60 0 0 0 0 0 0 0 0 59 70 59 70 51 60 0 0 0 0 0 0 0 0 59 70 59 70 51 60 0 0 0 0 0 0 0 0 59 70 59 70 51 60 0 0 0 0 0 0 0 0
285 0 1000 0 0 1000 0 1000 59 70 59 70 51 60 35987 12 35987 12 0 0 0 0 59 70 59 70 51 60 35987 12 35987 12 0 0 0 0 59 70 59 70 51 60 35987 12 35987 12 0 0 0 0 59 70 59 70 51 60 35987 12 35987 12 0 0 0 0 59 70 59 70 51 60 35987 12 35987 12 0 0 0 0 59 70 59 70 51 60 35987 12 35987 12 0 0 0 0
286 0 1000 0 0 1000 0 1000 60 71 60 71 51 60 29667 109 0 0 291 1 29376 108 60 71 60 71 51 60 29667 109 0 0 291 1 29376 108 60 71 60 71 51 60 29667 109 0 0 291 1 29376 108 60 71 60 71 51 60 29667 109 0 0 291 1 29376 108 60 71 60 71 51 60 29667 109 0 0 291 1 29376 108 60 71 60 71 51 60 29667 109 0 0 291 1 29376 108
287 0 1000 0 0 1000 0 1000 60 71 60 71 51 60 0 0 0 0 0 0 0 0 60 71 60 71 51 60 0 0 0 0 0 0 0 0 60 71 60 71 51 60 0 0 0 0 0 0 0 0 60 71 60 71 51 60 0 0 0 0 0 0 0 0 60 71 60 71 51 60 0 0 0 0 0 0 0 0 60 71 60 71 51 60 0 0 0 0 0 0 0 0
288 0 1000 0 0 1000 0 1000 60 71 60 71 51 60 0 0 0 0 0 0 0 0 60 71 60 71 51 60 0 0 0 0 0 0 0 0 60 71 60 71 51 60 0 0 0 0 0 0 0 0 60 71 60 71 51 60 0 0 0 0 0 0 0 0 60 71 60 71 51 60 0 0 0 0 0 0 0 0 60 71 60 71 51 60 0 0 0 0 0 0 0 0
289 0 1000 0 0 1000 0 1000 60 71 60 71 51 60 42844 11 42844 11 0 0 0 0 60 71 60 71 51 60 42844 11 42844 11 0 0 0 0 60 71 60 71 51 60 42844 11 42844 11 0 0 0 0 60 71 60 71 51 60 42844 11 42844 11 0 0 0 0 60 71 60 71 51 60 42844 11 42844 11 0 0 0 0 60 71 60 71 51 60 42844 11 42844 11 0 0 0 0
290 0 1000 0 0 1000 0 1000 61 72 61 72 51 60 26131 96 0 0 291 1 25840 95 61 72 61 72 51 60 26131 96 0 0 291 1 25840 95 61 72 61 72 51 60 26131 96 0 0 291 1 25840 95 61 72 61 72 51 60 26131 96 0 0 291 1 25840 95 61 72 61 72 51 60 26131 96 0 0 291 1 25840 95 61 72 61 72 51 60 26131 96 0 0 291 1 25840 95
291 0 1000 0 0 1000 0 1000 61 72 61 72 51 60 0 0 0 0 0 0 0 0 61 72 61 72 51 60 0 0 0 0 0 0 0 0 61 72 61 72 51 60 0 0 0 0 0 0 0 0 61 72 61 72 51 60 0 0 0 0 0 0 0 0 61 72 61 72 51 60 0 0 0 0 0 0 0 0 61 72 61 72 51 60 0 0 0 0 0 0 0 0
292 0 1000 0 0 1000 0 1000 61 72 61 72 51 60 0 0 0 0 0 0 0 0 61 72 61 72 51 60 0 0 0 0 0 0 0 0 61 72 61 72 51 60 0 0 0 0 0 0 0 0 61 72 61 72 51 60 0 0 0 0 0 0 0 0 61 72 61 72 51 60 0 0 0 0 0 0 0 0 61 72 61 72 51 60 0 0 0 0 0 0 0 0
293 0 1000 0 0 1000 0 1000 61 72 61 72 51 60 45224 13 45224 13 0 0 0 0 61 72 61 72 51 60 45224 13 45224 13 0 0 0 0 61 72 61 72 51 60 45224 13 45224 13 0 0 0 0 61 72 61 72 51 60 45224 13 45224 13 0 0 0 0 61 72 61 72 51 60 45224 13 45224 13 0 0 0 0 61 72 61 72 51 60 45224 13 45224 13 0 0 0 0
294 0 1000 0 0 1000 0 1000 62 73 62 73 51 60 22595 83 0 0 291 1 22304 82 62 73 62 73 51 60 22595 83 0 0 291 1 22304 82 62 73 62 73 51 60 22595 83 0 0 291 1 22304 82 62 73 62 73 51 60 22595 83 0 0 291 1 22304 82 62 73 62 73 51 60 22595 83 0 0 291 1 22304 82 62 73 62 73 51 60 22595 83 0 0 291 1 22304 82
295 0 1000 0 0 1000 0 1000 62 73 62 73 52 63 0 0 0 0 0 0 0 0 62 73 62 73 52 63 0 0 0 0 0 0 0 0 62 73 62 73 52 63 0 0 0 0 0 0 0 0 62 73 62 73 52 63 0 0 0 0 0 0 0 0 62 73 62 73 52 63 0 0 0 0 0 0 0 0 62 73 62 73 52 63 0 0 0 0 0 0 0 0
296 0 1000 0 0 1000 0 1000 62 73 62 73 52 63 0 0 0 0 0 0 0 0 62 73 62 73 52 63 0 0 0 0 0 0 0 0 62 73 62 73 52 63 0 0 0 0 0 0 0 0 62 73 62 73 52 63 0 0 0 0 0 0 0 0 62 73 62 73 52 63 0 0 0 0 0 0 0 0 62 73 62 73 52 63 0 0 0 0 0 0 0 0
297 0 1000 0 0 1000 0 1000 62 73 62 73 52 63 30629 10 30629 10 0 0 0 0 62 73 62 73 52 63 30629 10 30629 10 0 0 0 0 62 73 62 73 52 63 30629 10 30629 10 0 0 0 0 62 73 62 73 52 63 30629 10 30629 10 0 0 0 0 62 73 62 73 52 63 30629 10 30629 10 0 0 0 0 62 73 62 73 52 63 30629 10 30629 10 0 0 0 0
298 0 1000 0 0 1000 0 1000 63 74 63 74 52 63 29395 108 0 0 291 1 29104 107 63 74 63 74 52 63 29395 108 0 0 291 1 29104 107 63 74 63 74 52 63 29395 108 0 0 291 1 29104 107 63 74 63 74 52 63 29395 108 0 0 291 1 29104 107 63 74 63 74 52 63 29395 108 0 0 291 1 29104 107 63 74 63 74 52 63 29395 108 0 0 291 1 29104 107
299 0 1000 0 0 1000 0 1000 63 74 63 74 53 64 0 0 0 0 0 0 0 0 63 74 63 74 53 64 0 0 0 0 0 0 0 0 63 74 63 74 53 64 0 0 0 0 0 0 0 0 63 74 63 74 53 64 0 0 0 0 0 0 0 0 63 74 63 74 53 64 0 0 0 0 0 0 0 0 63 74 63 74 53 64 0 0 0 0 0 0 0 0
300 0 1000 0 0 1000 0 1000 63 74 63 74 53 64 0 0 0 0 0 0 0 0 63 74 63 74 53 64 0 0 0 0 0 0 0 0 63 74 63 74 53 64 0 0 0 0 0 0 0 0 63 74 63 74 53 64 0 0 0 0 0 0 0 0 63 74 63 74 53 64 0 0 0 0 0 0 0 0 63 74 63 74 53 64 0 0 0 0 0 0 0 0
301 0 1000 0 0 1000 0 1000 63 74 63 74 53 64 38629 10 38629 10 0 0 0 0 63 74 63 74 53 64 38629 10 38629 10 0 0 0 0 63 74 63 74 53 64 38629 10 38629 10 0 0 0 0 63 74 63 74 53 64 38629 10 38629 10 0 0 0 0 63 74 63 74 53 64 38629 10 38629 10 0 0 0 0 63 74 63 74 53 64 38629 10 38629 10 0 0 0 0
302 0 1000 0 0 1000 0 1000 64 75 64 75 53 64 23955 88 0 0 291 1 23664 87 64 75 64 75 53 64 23955 88 0 0 291 1 23664 87 64 75 64 75 53 64 23955 88 0 0 291 1 23664 87 64 75 64 75 53 64 23955 88 0 0 291 1 23664 87 64 75 64 75 53 64 23955 88 0 0 291 1 23664 87 64 75 64 75 53 64 23955 88 0 0 291 1 23664 87
303 0 1000 0 0 1000 0 1000 64 75 64 75 54 65 0 0 0 0 0 0 0 0 64 75 64 75 54 65 0 0 0 0 0 0 0 0 64 75 64 75 54 65 0 0 0 0 0 0 0 0 64 75 64 75 54 65 0 0 0 0 0 0 0 0 64 75 64 75 54 65 0 0 0 0 0 0 0 0 64 75 64 75 54 65 0 0 0 0 0 0 0 0
