r n_asleep n_awake n_honest_asleep n_honest_dreamy n_honest_awake n_adversary n_all party0_ledger_best_length party0_ledger_best_age party0_ledger_fast_length party0_ledger_fast_age party0_ledger_slow_length party0_ledger_slow_age party0_comms_all_size party0_comms_all_count party0_comms_proposal_size party0_comms_proposal_count party0_comms_piece_block_size party0_comms_piece_block_count party0_comms_piece_vote_size party0_comms_piece_vote_count party1_ledger_best_length party1_ledger_best_age party1_ledger_fast_length party1_ledger_fast_age party1_ledger_slow_length party1_ledger_slow_age party1_comms_all_size party1_comms_all_count party1_comms_proposal_size party1_comms_proposal_count party1_comms_piece_block_size party1_comms_piece_block_count party1_comms_piece_vote_size party1_comms_piece_vote_count party2_ledger_best_length party2_ledger_best_age party2_ledger_fast_length party2_ledger_fast_age party2_ledger_slow_length party2_ledger_slow_age party2_comms_all_size party2_comms_all_count party2_comms_proposal_size party2_comms_proposal_count party2_comms_piece_block_size party2_comms_piece_block_count party2_comms_piece_vote_size party2_comms_piece_vote_count party3_ledger_best_length party3_ledger_best_age party3_ledger_fast_length party3_ledger_fast_age party3_ledger_slow_length party3_ledger_slow_age party3_comms_all_size party3_comms_all_count party3_comms_proposal_size party3_comms_proposal_count party3_comms_piece_block_size party3_comms_piece_block_count party3_comms_piece_vote_size party3_comms_piece_vote_count party4_ledger_best_length party4_ledger_best_age party4_ledger_fast_length party4_ledger_fast_age party4_ledger_slow_length party4_ledger_slow_age party4_comms_all_size party4_comms_all_count party4_comms_proposal_size party4_comms_proposal_count party4_comms_piece_block_size party4_comms_piece_block_count party4_comms_piece_vote_size party4_comms_piece_vote_count partyALWAYSAWAKE_ledger_best_length partyALWAYSAWAKE_ledger_best_age partyALWAYSAWAKE_ledger_fast_length partyALWAYSAWAKE_ledger_fast_age partyALWAYSAWAKE_ledger_slow_length partyALWAYSAWAKE_ledger_slow_age partyALWAYSAWAKE_comms_all_size partyALWAYSAWAKE_comms_all_count partyALWAYSAWAKE_comms_proposal_size partyALWAYSAWAKE_comms_proposal_count partyALWAYSAWAKE_comms_piece_block_size partyALWAYSAWAKE_comms_piece_block_count partyALWAYSAWAKE_comms_piece_vote_size partyALWAYSAWAKE_comms_piece_vote_count
4 0 1000 0 0 1000 0 1000 0 0 0 0 0 0 0 0 0 0 0 0 0 0 0 0 0 0 0 0 0 0 0 0 0 0 0 0 0 0 0 0 0 0 0 0 0 0 0 0 0 0 0 0 0 0 0 0 0 0 0 0 0 0 0 0 0 0 0 0 0 0 0 0 0 0 0 0 0 0 0 0 0 0 0 0 0 0 0 0 0 0 0 0
5 0 1000 0 0 1000 0 1000 0 0 0 0 0 0 0 0 0 0 0 0 0 0 0 0 0 0 0 0 0 0 0 0 0 0 0 0 0 0 0 0 0 0 0 0 0 0 0 0 0 0 0 0 0 0 0 0 0 0 0 0 0 0 0 0 0 0 0 0 0 0 0 0 0 0 0 0 0 0 0 0 0 0 0 0 0 0 0 0 0 0 0 0
6 0 1000 0 0 1000 0 1000 0 0 0 0 0 0 29648 109 0 0 0 0 29648 109 0 0 0 0 0 0 29648 109 0 0 0 0 29648 109 0 0 0 0 0 0 29648 109 0 0 0 0 29648 109 0 0 0 0 0 0 29648 109 0 0 0 0 29648 109 0 0 0 0 0 0 29648 109 0 0 0 0 29648 109 0 0 0 0 0 0 29648 109 0 0 0 0 29648 109
7 0 1000 0 0 1000 0 1000 0 0 0 0 0 0 0 0 0 0 0 0 0 0 0 0 0 0 0 0 0 0 0 0 0 0 0 0 0 0 0 0 0 0 0 0 0 0 0 0 0 0 0 0 0 0 0 0 0 0 0 0 0 0 0 0 0 0 0 0 0 0 0 0 0 0 0 0 0 0 0 0 0 0 0 0 0 0 0 0 0 0 0 0
8 0 1000 0 0 1000 0 1000 0 0 0 0 0 0 0 0 0 0 0 0 0 0 0 0 0 0 0 0 0 0 0 0 0 0 0 0 0 0 0 0 0 0 0 0 0 0 0 0 0 0 0 0 0 0 0 0 0 0 0 0 0 0 0 0 0 0 0 0 0 0 0 0 0 0 0 0 0 0 0 0 0 0 0 0 0 0 0 0 0 0 0 0
9 0 1000 0 0 1000 0 1000 0 0 0 0 0 0 0 0 0 0 0 0 0 0 0 0 0 0 0 0 0 0 0 0 0 0 0 0 0 0 0 0 0 0 0 0 0 0 0 0 0 0 0 0 0 0 0 0 0 0 0 0 0 0 0 0 0 0 0 0 0 0 0 0 0 0 0 0 0 0 0 0 0 0 0 0 0 0 0 0 0 0 0 0
10 0 1000 0 0 1000 0 1000 0 0 0 0 0 0 25568 94 0 0 0 0 25568 94 0 0 0 0 0 0 25568 94 0 0 0 0 25568 94 0 0 0 0 0 0 25568 94 0 0 0 0 25568 94 0 0 0 0 0 0 25568 94 0 0 0 0 25568 94 0 0 0 0 0 0 25568 94 0 0 0 0 25568 94 0 0 0 0 0 0 25568 94 0 0 0 0 25568 94
11 0 1000 0 0 1000 0 1000 0 0 0 0 0 0 0 0 0 0 0 0 0 0 0 0 0 0 0 0 0 0 0 0 0 0 0 0 0 0 0 0 0 0 0 0 0 0 0 0 0 0 0 0 0 0 0 0 0 0 0 0 0 0 0 0 0 0 0 0 0 0 0 0 0 0 0 0 0 0 0 0 0 0 0 0 0 0 0 0 0 0 0 0
12 0 1000 0 0 1000 0 1000 0 0 0 0 0 0 0 0 0 0 0 0 0 0 0 0 0 0 0 0 0 0 0 0 0 0 0 0 0 0 0 0 0 0 0 0 0 0 0 0 0 0 0 0 0 0 0 0 0 0 0 0 0 0 0 0 0 0 0 0 0 0 0 0 0 0 0 0 0 0 0 0 0 0 0 0 0 0 0 0 0 0 0 0
13 0 1000 0 0 1000 0 1000 0 0 0 0 0 0 166892 2 166892 2 0 0 0 0 0 0 0 0 0 0 166892 2 166892 2 0 0 0 0 0 0 0 0 0 0 166892 2 166892 2 0 0 0 0 0 0 0 0 0 0 166892 2 166892 2 0 0 0 0 0 0 0 0 0 0 166892 2 166892 2 0 0 0 0 0 0 0 0 0 0 166892 2 166892 2 0 0 0 0
14 0 1000 0 0 1000 0 1000 1 3 1 3 0 0 103410 86 0 0 80290 1 23120 85 1 3 1 3 0 0 103410 86 0 0 80290 1 23120 85 1 3 1 3 0 0 103410 86 0 0 80290 1 23120 85 1 3 1 3 0 0 103410 86 0 0 80290 1 23120 85 1 3 1 3 0 0 103410 86 0 0 80290 1 23120 85 1 3 1 3 0 0 103410 86 0 0 80290 1 23120 85
15 0 1000 0 0 1000 0 1000 1 3 1 3 0 0 0 0 0 0 0 0 0 0 1 3 1 3 0 0 0 0 0 0 0 0 0 0 1 3 1 3 0 0 0 0 0 0 0 0 0 0 1 3 1 3 0 0 0 0 0 0 0 0 0 0 1 3 1 3 0 0 0 0 0 0 0 0 0 0 1 3 1 3 0 0 0 0 0 0 0 0 0 0
16 0 1000 0 0 1000 0 1000 1 3 1 3 0 0 0 0 0 0 0 0 0 0 1 3 1 3 0 0 0 0 0 0 0 0 0 0 1 3 1 3 0 0 0 0 0 0 0 0 0 0 1 3 1 3 0 0 0 0 0 0 0 0 0 0 1 3 1 3 0 0 0 0 0 0 0 0 0 0 1 3 1 3 0 0 0 0 0 0 0 0 0 0
17 0 1000 0 0 1000 0 1000 1 3 1 3 0 0 166316 2 166316 2 0 0 0 0 1 3 1 3 0 0 166316 2 166316 2 0 0 0 0 1 3 1 3 0 0 166316 2 166316 2 0 0 0 0 1 3 1 3 0 0 166316 2 166316 2 0 0 0 0 1 3 1 3 0 0 166316 2 166316 2 0 0 0 0 1 3 1 3 0 0 166316 2 166316 2 0 0 0 0
18 0 1000 0 0 1000 0 1000 2 4 2 4 0 0 110482 112 0 0 80290 1 30192 111 2 4 2 4 0 0 110482 112 0 0 80290 1 30192 111 2 4 2 4 0 0 110482 112 0 0 80290 1 30192 111 2 4 2 4 0 0 110482 112 0 0 80290 1 30192 111 2 4 2 4 0 0 110482 112 0 0 80290 1 30192 111 2 4 2 4 0 0 110482 112 0 0 80290 1 30192 111
19 0 1000 0 0 1000 0 1000 2 4 2 4 0 0 0 0 0 0 0 0 0 0 2 4 2 4 0 0 0 0 0 0 0 0 0 0 2 4 2 4 0 0 0 0 0 0 0 0 0 0 2 4 2 4 0 0 0 0 0 0 0 0 0 0 2 4 2 4 0 0 0 0 0 0 0 0 0 0 2 4 2 4 0 0 0 0 0 0 0 0 0 0
20 0 1000 0 0 1000 0 1000 2 4 2 4 0 0 0 0 0 0 0 0 0 0 2 4 2 4 0 0 0 0 0 0 0 0 0 0 2 4 2 4 0 0 0 0 0 0 0 0 0 0 2 4 2 4 0 0 0 0 0 0 0 0 0 0 2 4 2 4 0 0 0 0 0 0 0 0 0 0 2 4 2 4 0 0 0 0 0 0 0 0 0 0
21 0 1000 0 0 1000 0 1000 2 4 2 4 0 0 0 0 0 0 0 0 0 0 2 4 2 4 0 0 0 0 0 0 0 0 0 0 2 4 2 4 0 0 0 0 0 0 0 0 0 0 2 4 2 4 0 0 0 0 0 0 0 0 0 0 2 4 2 4 0 0 0 0 0 0 0 0 0 0 2 4 2 4 0 0 0 0 0 0 0 0 0 0
22 0 1000 0 0 1000 0 1000 2 4 2 4 0 0 27472 101 0 0 0 0 27472 101 2 4 2 4 0 0 27472 101 0 0 0 0 27472 101 2 4 2 4 0 0 27472 101 0 0 0 0 27472 101 2 4 2 4 0 0 27472 101 0 0 0 0 27472 101 2 4 2 4 0 0 27472 101 0 0 0 0 27472 101 2 4 2 4 0 0 27472 101 0 0 0 0 27472 101
23 0 1000 0 0 1000 0 1000 2 4 2 4 0 0 0 0 0 0 0 0 0 0 2 4 2 4 0 0 0 0 0 0 0 0 0 0 2 4 2 4 0 0 0 0 0 0 0 0 0 0 2 4 2 4 0 0 0 0 0 0 0 0 0 0 2 4 2 4 0 0 0 0 0 0 0 0 0 0 2 4 2 4 0 0 0 0 0 0 0 0 0 0
24 0 1000 0 0 1000 0 1000 2 4 2 4 0 0 0 0 0 0 0 0 0 0 2 4 2 4 0 0 0 0 0 0 0 0 0 0 2 4 2 4 0 0 0 0 0 0 0 0 0 0 2 4 2 4 0 0 0 0 0 0 0 0 0 0 2 4 2 4 0 0 0 0 0 0 0 0 0 0 2 4 2 4 0 0 0 0 0 0 0 0 0 0
25 0 1000 0 0 1000 0 1000 2 4 2 4 0 0 0 0 0 0 0 0 0 0 2 4 2 4 0 0 0 0 0 0 0 0 0 0 2 4 2 4 0 0 0 0 0 0 0 0 0 0 2 4 2 4 0 0 0 0 0 0 0 0 0 0 2 4 2 4 0 0 0 0 0 0 0 0 0 0 2 4 2 4 0 0 0 0 0 0 0 0 0 0
26 0 1000 0 0 1000 0 1000 2 4 2 4 0 0 25840 95 0 0 0 0 25840 95 2 4 2 4 0 0 25840 95 0 0 0 0 25840 95 2 4 2 4 0 0 25840 95 0 0 0 0 25840 95 2 4 2 4 0 0 25840 95 0 0 0 0 25840 95 2 4 2 4 0 0 25840 95 0 0 0 0 25840 95 2 4 2 4 0 0 25840 95 0 0 0 0 25840 95
27 0 1000 0 0 1000 0 1000 2 4 2 4 0 0 0 0 0 0 0 0 0 0 2 4 2 4 0 0 0 0 0 0 0 0 0 0 2 4 2 4 0 0 0 0 0 0 0 0 0 0 2 4 2 4 0 0 0 0 0 0 0 0 0 0 2 4 2 4 0 0 0 0 0 0 0 0 0 0 2 4 2 4 0 0 0 0 0 0 0 0 0 0
28 0 1000 0 0 1000 0 1000 2 4 2 4 0 0 0 0 0 0 0 0 0 0 2 4 2 4 0 0 0 0 0 0 0 0 0 0 2 4 2 4 0 0 0 0 0 0 0 0 0 0 2 4 2 4 0 0 0 0 0 0 0 0 0 0 2 4 2 4 0 0 0 0 0 0 0 0 0 0 2 4 2 4 0 0 0 0 0 0 0 0 0 0
29 0 1000 0 0 1000 0 1000 2 4 2 4 0 0 83478 1 83478 1 0 0 0 0 2 4 2 4 0 0 83478 1 83478 1 0 0 0 0 2 4 2 4 0 0 83478 1 83478 1 0 0 0 0 2 4 2 4 0 0 83478 1 83478 1 0 0 0 0 2 4 2 4 0 0 83478 1 83478 1 0 0 0 0 2 4 2 4 0 0 83478 1 83478 1 0 0 0 0
30 0 1000 0 0 1000 0 1000 3 7 3 7 0 0 109938 110 0 0 80290 1 29648 109 3 7 3 7 0 0 109938 110 0 0 80290 1 29648 109 3 7 3 7 0 0 109938 110 0 0 80290 1 29648 109 3 7 3 7 0 0 109938 110 0 0 80290 1 29648 109 3 7 3 7 0 0 109938 110 0 0 80290 1 29648 109 3 7 3 7 0 0 109938 110 0 0 80290 1 29648 109
31 0 1000 0 0 1000 0 1000 3 7 3 7 0 0 0 0 0 0 0 0 0 0 3 7 3 7 0 0 0 0 0 0 0 0 0 0 3 7 3 7 0 0 0 0 0 0 0 0 0 0 3 7 3 7 0 0 0 0 0 0 0 0 0 0 3 7 3 7 0 0 0 0 0 0 0 0 0 0 3 7 3 7 0 0 0 0 0 0 0 0 0 0
32 0 1000 0 0 1000 0 1000 3 7 3 7 0 0 0 0 0 0 0 0 0 0 3 7 3 7 0 0 0 0 0 0 0 0 0 0 3 7 3 7 0 0 0 0 0 0 0 0 0 0 3 7 3 7 0 0 0 0 0 0 0 0 0 0 3 7 3 7 0 0 0 0 0 0 0 0 0 0 3 7 3 7 0 0 0 0 0 0 0 0 0 0
33 0 1000 0 0 1000 0 1000 3 7 3 7 0 0 83925 1 83925 1 0 0 0 0 3 7 3 7 0 0 83925 1 83925 1 0 0 0 0 3 7 3 7 0 0 83925 1 83925 1 0 0 0 0 3 7 3 7 0 0 83925 1 83925 1 0 0 0 0 3 7 3 7 0 0 83925 1 83925 1 0 0 0 0 3 7 3 7 0 0 83925 1 83925 1 0 0 0 0
34 0 1000 0 0 1000 0 1000 4 8 4 8 0 0 107761 102 0 0 80289 1 27472 101 4 8 4 8 0 0 107761 102 0 0 80289 1 27472 101 4 8 4 8 0 0 107761 102 0 0 80289 1 27472 101 4 8 4 8 0 0 107761 102 0 0 80289 1 27472 101 4 8 4 8 0 0 107761 102 0 0 80289 1 27472 101 4 8 4 8 0 0 107761 102 0 0 80289 1 27472 101
35 0 1000 0 0 1000 0 1000 4 8 4 8 0 0 0 0 0 0 0 0 0 0 4 8 4 8 0 0 0 0 0 0 0 0 0 0 4 8 4 8 0 0 0 0 0 0 0 0 0 0 4 8 4 8 0 0 0 0 0 0 0 0 0 0 4 8 4 8 0 0 0 0 0 0 0 0 0 0 4 8 4 8 0 0 0 0 0 0 0 0 0 0
36 0 1000 0 0 1000 0 1000 4 8 4 8 0 0 0 0 0 0 0 0 0 0 4 8 4 8 0 0 0 0 0 0 0 0 0 0 4 8 4 8 0 0 0 0 0 0 0 0 0 0 4 8 4 8 0 0 0 0 0 0 0 0 0 0 4 8 4 8 0 0 0 0 0 0 0 0 0 0 4 8 4 8 0 0 0 0 0 0 0 0 0 0
37 0 1000 0 0 1000 0 1000 4 8 4 8 0 0 167340 2 167340 2 0 0 0 0 4 8 4 8 0 0 167340 2 167340 2 0 0 0 0 4 8 4 8 0 0 167340 2 167340 2 0 0 0 0 4 8 4 8 0 0 167340 2 167340 2 0 0 0 0 4 8 4 8 0 0 167340 2 167340 2 0 0 0 0 4 8 4 8 0 0 167340 2 167340 2 0 0 0 0
38 0 1000 0 0 1000 0 1000 5 9 5 9 0 0 109394 108 0 0 80290 1 29104 107 5 9 5 9 0 0 109394 108 0 0 80290 1 29104 107 5 9 5 9 0 0 109394 108 0 0 80290 1 29104 107 5 9 5 9 0 0 109394 108 0 0 80290 1 29104 107 5 9 5 9 0 0 109394 108 0 0 80290 1 29104 107 5 9 5 9 0 0 109394 108 0 0 80290 1 29104 107
39 0 1000 0 0 1000 0 1000 5 9 5 9 0 0 0 0 0 0 0 0 0 0 5 9 5 9 0 0 0 0 0 0 0 0 0 0 5 9 5 9 0 0 0 0 0 0 0 0 0 0 5 9 5 9 0 0 0 0 0 0 0 0 0 0 5 9 5 9 0 0 0 0 0 0 0 0 0 0 5 9 5 9 0 0 0 0 0 0 0 0 0 0
40 0 1000 0 0 1000 0 1000 5 9 5 9 0 0 0 0 0 0 0 0 0 0 5 9 5 9 0 0 0 0 0 0 0 0 0 0 5 9 5 9 0 0 0 0 0 0 0 0 0 0 5 9 5 9 0 0 0 0 0 0 0 0 0 0 5 9 5 9 0 0 0 0 0 0 0 0 0 0 5 9 5 9 0 0 0 0 0 0 0 0 0 0
41 0 1000 0 0 1000 0 1000 5 9 5 9 0 0 251589 3 251589 3 0 0 0 0 5 9 5 9 0 0 251589 3 251589 3 0 0 0 0 5 9 5 9 0 0 251589 3 251589 3 0 0 0 0 5 9 5 9 0 0 251589 3 251589 3 0 0 0 0 5 9 5 9 0 0 251589 3 251589 3 0 0 0 0 5 9 5 9 0 0 251589 3 251589 3 0 0 0 0
42 0 1000 0 0 1000 0 1000 6 10 6 10 0 0 107763 102 0 0 80291 1 27472 101 6 10 6 10 0 0 107763 102 0 0 80291 1 27472 101 6 10 6 10 0 0 107763 102 0 0 80291 1 27472 101 6 10 6 10 0 0 107763 102 0 0 80291 1 27472 101 6 10 6 10 0 0 107763 102 0 0 80291 1 27472 101 6 10 6 10 0 0 107763 102 0 0 80291 1 27472 101
43 0 1000 0 0 1000 0 1000 6 10 6 10 0 0 0 0 0 0 0 0 0 0 6 10 6 10 0 0 0 0 0 0 0 0 0 0 6 10 6 10 0 0 0 0 0 0 0 0 0 0 6 10 6 10 0 0 0 0 0 0 0 0 0 0 6 10 6 10 0 0 0 0 0 0 0 0 0 0 6 10 6 10 0 0 0 0 0 0 0 0 0 0
44 0 1000 0 0 1000 0 1000 6 10 6 10 0 0 0 0 0 0 0 0 0 0 6 10 6 10 0 0 0 0 0 0 0 0 0 0 6 10 6 10 0 0 0 0 0 0 0 0 0 0 6 10 6 10 0 0 0 0 0 0 0 0 0 0 6 10 6 10 0 0 0 0 0 0 0 0 0 0 6 10 6 10 0 0 0 0 0 0 0 0 0 0
45 0 1000 0 0 1000 0 1000 6 10 6 10 0 0 418355 5 418355 5 0 0 0 0 6 10 6 10 0 0 418355 5 418355 5 0 0 0 0 6 10 6 10 0 0 418355 5 418355 5 0 0 0 0 6 10 6 10 0 0 418355 5 418355 5 0 0 0 0 6 10 6 10 0 0 418355 5 418355 5 0 0 0 0 6 10 6 10 0 0 418355 5 418355 5 0 0 0 0
46 0 1000 0 0 1000 0 1000 7 11 7 11 0 0 109667 109 0 0 80291 1 29376 108 7 11 7 11 0 0 109667 109 0 0 80291 1 29376 108 7 11 7 11 0 0 109667 109 0 0 80291 1 29376 108 7 11 7 11 0 0 109667 109 0 0 80291 1 29376 108 7 11 7 11 0 0 109667 109 0 0 80291 1 29376 108 7 11 7 11 0 0 109667 109 0 0 80291 1 29376 108
47 0 1000 0 0 1000 0 1000 7 11 7 11 0 0 0 0 0 0 0 0 0 0 7 11 7 11 0 0 0 0 0 0 0 0 0 0 7 11 7 11 0 0 0 0 0 0 0 0 0 0 7 11 7 11 0 0 0 0 0 0 0 0 0 0 7 11 7 11 0 0 0 0 0 0 0 0 0 0 7 11 7 11 0 0 0 0 0 0 0 0 0 0
48 0 1000 0 0 1000 0 1000 7 11 7 11 0 0 0 0 0 0 0 0 0 0 7 11 7 11 0 0 0 0 0 0 0 0 0 0 7 11 7 11 0 0 0 0 0 0 0 0 0 0 7 11 7 11 0 0 0 0 0 0 0 0 0 0 7 11 7 11 0 0 0 0 0 0 0 0 0 0 7 11 7 11 0 0 0 0 0 0 0 0 0 0
49 0 1000 0 0 1000 0 1000 7 11 7 11 0 0 0 0 0 0 0 0 0 0 7 11 7 11 0 0 0 0 0 0 0 0 0 0 7 11 7 11 0 0 0 0 0 0 0 0 0 0 7 11 7 11 0 0 0 0 0 0 0 0 0 0 7 11 7 11 0 0 0 0 0 0 0 0 0 0 7 11 7 11 0 0 0 0 0 0 0 0 0 0
50 0 1000 0 0 1000 0 1000 7 11 7 11 0 0 27472 101 0 0 0 0 27472 101 7 11 7 11 0 0 27472 101 0 0 0 0 27472 101 7 11 7 11 0 0 27472 101 0 0 0 0 27472 101 7 11 7 11 0 0 27472 101 0 0 0 0 27472 101 7 11 7 11 0 0 27472 101 0 0 0 0 27472 101 7 11 7 11 0 0 27472 101 0 0 0 0 27472 101
51 0 1000 0 0 1000 0 1000 7 11 7 11 0 0 0 0 0 0 0 0 0 0 7 11 7 11 0 0 0 0 0 0 0 0 0 0 7 11 7 11 0 0 0 0 0 0 0 0 0 0 7 11 7 11 0 0 0 0 0 0 0 0 0 0 7 11 7 11 0 0 0 0 0 0 0 0 0 0 7 11 7 11 0 0 0 0 0 0 0 0 0 0
52 0 1000 0 0 1000 0 1000 7 11 7 11 0 0 0 0 0 0 0 0 0 0 7 11 7 11 0 0 0 0 0 0 0 0 0 0 7 11 7 11 0 0 0 0 0 0 0 0 0 0 7 11 7 11 0 0 0 0 0 0 0 0 0 0 7 11 7 11 0 0 0 0 0 0 0 0 0 0 7 11 7 11 0 0 0 0 0 0 0 0 0 0
53 0 1000 0 0 1000 0 1000 7 11 7 11 0 0 83671 1 83671 1 0 0 0 0 7 11 7 11 0 0 83671 1 83671 1 0 0 0 0 7 11 7 11 0 0 83671 1 83671 1 0 0 0 0 7 11 7 11 0 0 83671 1 83671 1 0 0 0 0 7 11 7 11 0 0 83671 1 83671 1 0 0 0 0 7 11 7 11 0 0 83671 1 83671 1 0 0 0 0
54 0 1000 0 0 1000 0 1000 8 13 8 13 0 0 108035 103 0 0 80291 1 27744 102 8 13 8 13 0 0 108035 103 0 0 80291 1 27744 102 8 13 8 13 0 0 108035 103 0 0 80291 1 27744 102 8 13 8 13 0 0 108035 103 0 0 80291 1 27744 102 8 13 8 13 0 0 108035 103 0 0 80291 1 27744 102 8 13 8 13 0 0 108035 103 0 0 80291 1 27744 102
55 0 1000 0 0 1000 0 1000 8 13 8 13 1 3 0 0 0 0 0 0 0 0 8 13 8 13 1 3 0 0 0 0 0 0 0 0 8 13 8 13 1 3 0 0 0 0 0 0 0 0 8 13 8 13 1 3 0 0 0 0 0 0 0 0 8 13 8 13 1 3 0 0 0 0 0 0 0 0 8 13 8 13 1 3 0 0 0 0 0 0 0 0
56 0 1000 0 0 1000 0 1000 8 13 8 13 1 3 0 0 0 0 0 0 0 0 8 13 8 13 1 3 0 0 0 0 0 0 0 0 8 13 8 13 1 3 0 0 0 0 0 0 0 0 8 13 8 13 1 3 0 0 0 0 0 0 0 0 8 13 8 13 1 3 0 0 0 0 0 0 0 0 8 13 8 13 1 3 0 0 0 0 0 0 0 0
57 0 1000 0 0 1000 0 1000 8 13 8 13 1 3 418515 5 418515 5 0 0 0 0 8 13 8 13 1 3 418515 5 418515 5 0 0 0 0 8 13 8 13 1 3 418515 5 418515 5 0 0 0 0 8 13 8 13 1 3 418515 5 418515 5 0 0 0 0 8 13 8 13 1 3 418515 5 418515 5 0 0 0 0 8 13 8 13 1 3 418515 5 418515 5 0 0 0 0
58 0 1000 0 0 1000 0 1000 9 14 9 14 1 3 105043 92 0 0 80291 1 24752 91 9 14 9 14 1 3 105043 92 0 0 80291 1 24752 91 9 14 9 14 1 3 105043 92 0 0 80291 1 24752 91 9 14 9 14 1 3 105043 92 0 0 80291 1 24752 91 9 14 9 14 1 3 105043 92 0 0 80291 1 24752 91 9 14 9 14 1 3 105043 92 0 0 80291 1 24752 91
59 0 1000 0 0 1000 0 1000 9 14 9 14 2 4 0 0 0 0 0 0 0 0 9 14 9 14 2 4 0 0 0 0 0 0 0 0 9 14 9 14 2 4 0 0 0 0 0 0 0 0 9 14 9 14 2 4 0 0 0 0 0 0 0 0 9 14 9 14 2 4 0 0 0 0 0 0 0 0 9 14 9 14 2 4 0 0 0 0 0 0 0 0
60 0 1000 0 0 1000 0 1000 9 14 9 14 2 4 0 0 0 0 0 0 0 0 9 14 9 14 2 4 0 0 0 0 0 0 0 0 9 14 9 14 2 4 0 0 0 0 0 0 0 0 9 14 9 14 2 4 0 0 0 0 0 0 0 0 9 14 9 14 2 4 0 0 0 0 0 0 0 0 9 14 9 14 2 4 0 0 0 0 0 0 0 0
61 0 1000 0 0 1000 0 1000 9 14 9 14 2 4 0 0 0 0 0 0 0 0 9 14 9 14 2 4 0 0 0 0 0 0 0 0 9 14 9 14 2 4 0 0 0 0 0 0 0 0 9 14 9 14 2 4 0 0 0 0 0 0 0 0 9 14 9 14 2 4 0 0 0 0 0 0 0 0 9 14 9 14 2 4 0 0 0 0 0 0 0 0
62 0 1000 0 0 1000 0 1000 9 14 9 14 2 4 26928 99 0 0 0 0 26928 99 9 14 9 14 2 4 26928 99 0 0 0 0 26928 99 9 14 9 14 2 4 26928 99 0 0 0 0 26928 99 9 14 9 14 2 4 26928 99 0 0 0 0 26928 99 9 14 9 14 2 4 26928 99 0 0 0 0 26928 99 9 14 9 14 2 4 26928 99 0 0 0 0 26928 99
63 0 1000 0 0 1000 0 1000 9 14 9 14 2 4 0 0 0 0 0 0 0 0 9 14 9 14 2 4 0 0 0 0 0 0 0 0 9 14 9 14 2 4 0 0 0 0 0 0 0 0 9 14 9 14 2 4 0 0 0 0 0 0 0 0 9 14 9 14 2 4 0 0 0 0 0 0 0 0 9 14 9 14 2 4 0 0 0 0 0 0 0 0
64 0 1000 0 0 1000 0 1000 9 14 9 14 2 4 0 0 0 0 0 0 0 0 9 14 9 14 2 4 0 0 0 0 0 0 0 0 9 14 9 14 2 4 0 0 0 0 0 0 0 0 9 14 9 14 2 4 0 0 0 0 0 0 0 0 9 14 9 14 2 4 0 0 0 0 0 0 0 0 9 14 9 14 2 4 0 0 0 0 0 0 0 0
65 0 1000 0 0 1000 0 1000 9 14 9 14 2 4 250821 3 250821 3 0 0 0 0 9 14 9 14 2 4 250821 3 250821 3 0 0 0 0 9 14 9 14 2 4 250821 3 250821 3 0 0 0 0 9 14 9 14 2 4 250821 3 250821 3 0 0 0 0 9 14 9 14 2 4 250821 3 250821 3 0 0 0 0 9 14 9 14 2 4 250821 3 250821 3 0 0 0 0
66 0 1000 0 0 1000 0 1000 10 16 10 16 2 4 104771 91 0 0 80291 1 24480 90 10 16 10 16 2 4 104771 91 0 0 80291 1 24480 90 10 16 10 16 2 4 104771 91 0 0 80291 1 24480 90 10 16 10 16 2 4 104771 91 0 0 80291 1 24480 90 10 16 10 16 2 4 104771 91 0 0 80291 1 24480 90 10 16 10 16 2 4 104771 91 0 0 80291 1 24480 90
67 0 1000 0 0 1000 0 1000 10 16 10 16 2 4 0 0 0 0 0 0 0 0 10 16 10 16 2 4 0 0 0 0 0 0 0 0 10 16 10 16 2 4 0 0 0 0 0 0 0 0 10 16 10 16 2 4 0 0 0 0 0 0 0 0 10 16 10 16 2 4 0 0 0 0 0 0 0 0 10 16 10 16 2 4 0 0 0 0 0 0 0 0
68 0 1000 0 0 1000 0 1000 10 16 10 16 2 4 0 0 0 0 0 0 0 0 10 16 10 16 2 4 0 0 0 0 0 0 0 0 10 16 10 16 2 4 0 0 0 0 0 0 0 0 10 16 10 16 2 4 0 0 0 0 0 0 0 0 10 16 10 16 2 4 0 0 0 0 0 0 0 0 10 16 10 16 2 4 0 0 0 0 0 0 0 0
69 0 1000 0 0 1000 0 1000 10 16 10 16 2 4 249957 3 249957 3 0 0 0 0 10 16 10 16 2 4 249957 3 249957 3 0 0 0 0 10 16 10 16 2 4 249957 3 249957 3 0 0 0 0 10 16 10 16 2 4 249957 3 249957 3 0 0 0 0 10 16 10 16 2 4 249957 3 249957 3 0 0 0 0 10 16 10 16 2 4 249957 3 249957 3 0 0 0 0
70 0 1000 0 0 1000 0 1000 11 17 11 17 2 4 108307 104 0 0 80291 1 28016 103 11 17 11 17 2 4 108307 104 0 0 80291 1 28016 103 11 17 11 17 2 4 108307 104 0 0 80291 1 28016 103 11 17 11 17 2 4 108307 104 0 0 80291 1 28016 103 11 17 11 17 2 4 108307 104 0 0 80291 1 28016 103 11 17 11 17 2 4 108307 104 0 0 80291 1 28016 103
71 0 1000 0 0 1000 0 1000 11 17 11 17 3 7 0 0 0 0 0 0 0 0 11 17 11 17 3 7 0 0 0 0 0 0 0 0 11 17 11 17 3 7 0 0 0 0 0 0 0 0 11 17 11 17 3 7 0 0 0 0 0 0 0 0 11 17 11 17 3 7 0 0 0 0 0 0 0 0 11 17 11 17 3 7 0 0 0 0 0 0 0 0
72 0 1000 0 0 1000 0 1000 11 17 11 17 3 7 0 0 0 0 0 0 0 0 11 17 11 17 3 7 0 0 0 0 0 0 0 0 11 17 11 17 3 7 0 0 0 0 0 0 0 0 11 17 11 17 3 7 0 0 0 0 0 0 0 0 11 17 11 17 3 7 0 0 0 0 0 0 0 0 11 17 11 17 3 7 0 0 0 0 0 0 0 0
73 0 1000 0 0 1000 0 1000 11 17 11 17 3 7 83735 1 83735 1 0 0 0 0 11 17 11 17 3 7 83735 1 83735 1 0 0 0 0 11 17 11 17 3 7 83735 1 83735 1 0 0 0 0 11 17 11 17 3 7 83735 1 83735 1 0 0 0 0 11 17 11 17 3 7 83735 1 83735 1 0 0 0 0 11 17 11 17 3 7 83735 1 83735 1 0 0 0 0
74 0 1000 0 0 1000 0 1000 12 18 12 18 3 7 109123 107 0 0 80291 1 28832 106 12 18 12 18 3 7 109123 107 0 0 80291 1 28832 106 12 18 12 18 3 7 109123 107 0 0 80291 1 28832 106 12 18 12 18 3 7 109123 107 0 0 80291 1 28832 106 12 18 12 18 3 7 109123 107 0 0 80291 1 28832 106 12 18 12 18 3 7 109123 107 0 0 80291 1 28832 106
75 0 1000 0 0 1000 0 1000 12 18 12 18 4 8 0 0 0 0 0 0 0 0 12 18 12 18 4 8 0 0 0 0 0 0 0 0 12 18 12 18 4 8 0 0 0 0 0 0 0 0 12 18 12 18 4 8 0 0 0 0 0 0 0 0 12 18 12 18 4 8 0 0 0 0 0 0 0 0 12 18 12 18 4 8 0 0 0 0 0 0 0 0
76 0 1000 0 0 1000 0 1000 12 18 12 18 4 8 0 0 0 0 0 0 0 0 12 18 12 18 4 8 0 0 0 0 0 0 0 0 12 18 12 18 4 8 0 0 0 0 0 0 0 0 12 18 12 18 4 8 0 0 0 0 0 0 0 0 12 18 12 18 4 8 0 0 0 0 0 0 0 0 12 18 12 18 4 8 0 0 0 0 0 0 0 0
77 0 1000 0 0 1000 0 1000 12 18 12 18 4 8 167662 2 167662 2 0 0 0 0 12 18 12 18 4 8 167662 2 167662 2 0 0 0 0 12 18 12 18 4 8 167662 2 167662 2 0 0 0 0 12 18 12 18 4 8 167662 2 167662 2 0 0 0 0 12 18 12 18 4 8 167662 2 167662 2 0 0 0 0 12 18 12 18 4 8 167662 2 167662 2 0 0 0 0
78 0 1000 0 0 1000 0 1000 13 19 13 19 4 8 104771 91 0 0 80291 1 24480 90 13 19 13 19 4 8 104771 91 0 0 80291 1 24480 90 13 19 13 19 4 8 104771 91 0 0 80291 1 24480 90 13 19 13 19 4 8 104771 91 0 0 80291 1 24480 90 13 19 13 19 4 8 104771 91 0 0 80291 1 24480 90 13 19 13 19 4 8 104771 91 0 0 80291 1 24480 90
79 0 1000 0 0 1000 0 1000 13 19 13 19 5 9 0 0 0 0 0 0 0 0 13 19 13 19 5 9 0 0 0 0 0 0 0 0 13 19 13 19 5 9 0 0 0 0 0 0 0 0 13 19 13 19 5 9 0 0 0 0 0 0 0 0 13 19 13 19 5 9 0 0 0 0 0 0 0 0 13 19 13 19 5 9 0 0 0 0 0 0 0 0
80 0 1000 0 0 1000 0 1000 13 19 13 19 5 9 0 0 0 0 0 0 0 0 13 19 13 19 5 9 0 0 0 0 0 0 0 0 13 19 13 19 5 9 0 0 0 0 0 0 0 0 13 19 13 19 5 9 0 0 0 0 0 0 0 0 13 19 13 19 5 9 0 0 0 0 0 0 0 0 13 19 13 19 5 9 0 0 0 0 0 0 0 0
81 0 1000 0 0 1000 0 1000 13 19 13 19 5 9 166638 2 166638 2 0 0 0 0 13 19 13 19 5 9 166638 2 166638 2 0 0 0 0 13 19 13 19 5 9 166638 2 166638 2 0 0 0 0 13 19 13 19 5 9 166638 2 166638 2 0 0 0 0 13 19 13 19 5 9 166638 2 166638 2 0 0 0 0 13 19 13 19 5 9 166638 2 166638 2 0 0 0 0
82 0 1000 0 0 1000 0 1000 14 20 14 20 5 9 108307 104 0 0 80291 1 28016 103 14 20 14 20 5 9 108307 104 0 0 80291 1 28016 103 14 20 14 20 5 9 108307 104 0 0 80291 1 28016 103 14 20 14 20 5 9 108307 104 0 0 80291 1 28016 103 14 20 14 20 5 9 108307 104 0 0 80291 1 28016 103 14 20 14 20 5 9 108307 104 0 0 80291 1 28016 103
83 0 1000 0 0 1000 0 1000 14 20 14 20 6 10 0 0 0 0 0 0 0 0 14 20 14 20 6 10 0 0 0 0 0 0 0 0 14 20 14 20 6 10 0 0 0 0 0 0 0 0 14 20 14 20 6 10 0 0 0 0 0 0 0 0 14 20 14 20 6 10 0 0 0 0 0 0 0 0 14 20 14 20 6 10 0 0 0 0 0 0 0 0
84 0 1000 0 0 1000 0 1000 14 20 14 20 6 10 0 0 0 0 0 0 0 0 14 20 14 20 6 10 0 0 0 0 0 0 0 0 14 20 14 20 6 10 0 0 0 0 0 0 0 0 14 20 14 20 6 10 0 0 0 0 0 0 0 0 14 20 14 20 6 10 0 0 0 0 0 0 0 0 14 20 14 20 6 10 0 0 0 0 0 0 0 0
85 0 1000 0 0 1000 0 1000 14 20 14 20 6 10 83735 1 83735 1 0 0 0 0 14 20 14 20 6 10 83735 1 83735 1 0 0 0 0 14 20 14 20 6 10 83735 1 83735 1 0 0 0 0 14 20 14 20 6 10 83735 1 83735 1 0 0 0 0 14 20 14 20 6 10 83735 1 83735 1 0 0 0 0 14 20 14 20 6 10 83735 1 83735 1 0 0 0 0
86 0 1000 0 0 1000 0 1000 15 21 15 21 6 10 109123 107 0 0 80291 1 28832 106 15 21 15 21 6 10 109123 107 0 0 80291 1 28832 106 15 21 15 21 6 10 109123 107 0 0 80291 1 28832 106 15 21 15 21 6 10 109123 107 0 0 80291 1 28832 106 15 21 15 21 6 10 109123 107 0 0 80291 1 28832 106 15 21 15 21 6 10 109123 107 0 0 80291 1 28832 106
87 0 1000 0 0 1000 0 1000 15 21 15 21 7 11 0 0 0 0 0 0 0 0 15 21 15 21 7 11 0 0 0 0 0 0 0 0 15 21 15 21 7 11 0 0 0 0 0 0 0 0 15 21 15 21 7 11 0 0 0 0 0 0 0 0 15 21 15 21 7 11 0 0 0 0 0 0 0 0 15 21 15 21 7 11 0 0 0 0 0 0 0 0
88 0 1000 0 0 1000 0 1000 15 21 15 21 7 11 0 0 0 0 0 0 0 0 15 21 15 21 7 11 0 0 0 0 0 0 0 0 15 21 15 21 7 11 0 0 0 0 0 0 0 0 15 21 15 21 7 11 0 0 0 0 0 0 0 0 15 21 15 21 7 11 0 0 0 0 0 0 0 0 15 21 15 21 7 11 0 0 0 0 0 0 0 0
89 0 1000 0 0 1000 0 1000 15 21 15 21 7 11 251493 3 251493 3 0 0 0 0 15 21 15 21 7 11 251493 3 251493 3 0 0 0 0 15 21 15 21 7 11 251493 3 251493 3 0 0 0 0 15 21 15 21 7 11 251493 3 251493 3 0 0 0 0 15 21 15 21 7 11 251493 3 251493 3 0 0 0 0 15 21 15 21 7 11 251493 3 251493 3 0 0 0 0
90 0 1000 0 0 1000 0 1000 16 22 16 22 7 11 107763 102 0 0 80291 1 27472 101 16 22 16 22 7 11 107763 102 0 0 80291 1 27472 101 16 22 16 22 7 11 107763 102 0 0 80291 1 27472 101 16 22 16 22 7 11 107763 102 0 0 80291 1 27472 101 16 22 16 22 7 11 107763 102 0 0 80291 1 27472 101 16 22 16 22 7 11 107763 102 0 0 80291 1 27472 101
91 0 1000 0 0 1000 0 1000 16 22 16 22 7 11 0 0 0 0 0 0 0 0 16 22 16 22 7 11 0 0 0 0 0 0 0 0 16 22 16 22 7 11 0 0 0 0 0 0 0 0 16 22 16 22 7 11 0 0 0 0 0 0 0 0 16 22 16 22 7 11 0 0 0 0 0 0 0 0 16 22 16 22 7 11 0 0 0 0 0 0 0 0
92 0 1000 0 0 1000 0 1000 16 22 16 22 7 11 0 0 0 0 0 0 0 0 16 22 16 22 7 11 0 0 0 0 0 0 0 0 16 22 16 22 7 11 0 0 0 0 0 0 0 0 16 22 16 22 7 11 0 0 0 0 0 0 0 0 16 22 16 22 7 11 0 0 0 0 0 0 0 0 16 22 16 22 7 11 0 0 0 0 0 0 0 0
93 0 1000 0 0 1000 0 1000 16 22 16 22 7 11 334684 4 334684 4 0 0 0 0 16 22 16 22 7 11 334684 4 334684 4 0 0 0 0 16 22 16 22 7 11 334684 4 334684 4 0 0 0 0 16 22 16 22 7 11 334684 4 334684 4 0 0 0 0 16 22 16 22 7 11 334684 4 334684 4 0 0 0 0 16 22 16 22 7 11 334684 4 334684 4 0 0 0 0
94 0 1000 0 0 1000 0 1000 17 23 17 23 7 11 104499 90 0 0 80291 1 24208 89 17 23 17 23 7 11 104499 90 0 0 80291 1 24208 89 17 23 17 23 7 11 104499 90 0 0 80291 1 24208 89 17 23 17 23 7 11 104499 90 0 0 80291 1 24208 89 17 23 17 23 7 11 104499 90 0 0 80291 1 24208 89 17 23 17 23 7 11 104499 90 0 0 80291 1 24208 89
95 0 1000 0 0 1000 0 1000 17 23 17 23 8 13 0 0 0 0 0 0 0 0 17 23 17 23 8 13 0 0 0 0 0 0 0 0 17 23 17 23 8 13 0 0 0 0 0 0 0 0 17 23 17 23 8 13 0 0 0 0 0 0 0 0 17 23 17 23 8 13 0 0 0 0 0 0 0 0 17 23 17 23 8 13 0 0 0 0 0 0 0 0
96 0 1000 0 0 1000 0 1000 17 23 17 23 8 13 0 0 0 0 0 0 0 0 17 23 17 23 8 13 0 0 0 0 0 0 0 0 17 23 17 23 8 13 0 0 0 0 0 0 0 0 17 23 17 23 8 13 0 0 0 0 0 0 0 0 17 23 17 23 8 13 0 0 0 0 0 0 0 0 17 23 17 23 8 13 0 0 0 0 0 0 0 0
97 0 1000 0 0 1000 0 1000 17 23 17 23 8 13 249860 3 249860 3 0 0 0 0 17 23 17 23 8 13 249860 3 249860 3 0 0 0 0 17 23 17 23 8 13 249860 3 249860 3 0 0 0 0 17 23 17 23 8 13 249860 3 249860 3 0 0 0 0 17 23 17 23 8 13 249860 3 249860 3 0 0 0 0 17 23 17 23 8 13 249860 3 249860 3 0 0 0 0
98 0 1000 0 0 1000 0 1000 18 24 18 24 8 13 108578 105 0 0 80290 1 28288 104 18 24 18 24 8 13 108578 105 0 0 80290 1 28288 104 18 24 18 24 8 13 108578 105 0 0 80290 1 28288 104 18 24 18 24 8 13 108578 105 0 0 80290 1 28288 104 18 24 18 24 8 13 108578 105 0 0 80290 1 28288 104 18 24 18 24 8 13 108578 105 0 0 80290 1 28288 104
99 0 1000 0 0 1000 0 1000 18 24 18 24 9 14 0 0 0 0 0 0 0 0 18 24 18 24 9 14 0 0 0 0 0 0 0 0 18 24 18 24 9 14 0 0 0 0 0 0 0 0 18 24 18 24 9 14 0 0 0 0 0 0 0 0 18 24 18 24 9 14 0 0 0 0 0 0 0 0 18 24 18 24 9 14 0 0 0 0 0 0 0 0
100 0 1000 0 0 1000 0 1000 18 24 18 24 9 14 0 0 0 0 0 0 0 0 18 24 18 24 9 14 0 0 0 0 0 0 0 0 18 24 18 24 9 14 0 0 0 0 0 0 0 0 18 24 18 24 9 14 0 0 0 0 0 0 0 0 18 24 18 24 9 14 0 0 0 0 0 0 0 0 18 24 18 24 9 14 0 0 0 0 0 0 0 0
101 0 1000 0 0 1000 0 1000 18 24 18 24 9 14 335068 4 335068 4 0 0 0 0 18 24 18 24 9 14 335068 4 335068 4 0 0 0 0 18 24 18 24 9 14 335068 4 335068 4 0 0 0 0 18 24 18 24 9 14 335068 4 335068 4 0 0 0 0 18 24 18 24 9 14 335068 4 335068 4 0 0 0 0 18 24 18 24 9 14 335068 4 335068 4 0 0 0 0
102 0 1000 0 0 1000 0 1000 19 25 19 25 9 14 110483 112 0 0 80291 1 30192 111 19 25 19 25 9 14 110483 112 0 0 80291 1 30192 111 19 25 19 25 9 14 110483 112 0 0 80291 1 30192 111 19 25 19 25 9 14 110483 112 0 0 80291 1 30192 111 19 25 19 25 9 14 110483 112 0 0 80291 1 30192 111 19 25 19 25 9 14 110483 112 0 0 80291 1 30192 111
103 0 1000 0 0 1000 0 1000 19 25 19 25 9 14 0 0 0 0 0 0 0 0 19 25 19 25 9 14 0 0 0 0 0 0 0 0 19 25 19 25 9 14 0 0 0 0 0 0 0 0 19 25 19 25 9 14 0 0 0 0 0 0 0 0 19 25 19 25 9 14 0 0 0 0 0 0 0 0 19 25 19 25 9 14 0 0 0 0 0 0 0 0
104 0 1000 0 0 1000 0 1000 19 25 19 25 9 14 0 0 0 0 0 0 0 0 19 25 19 25 9 14 0 0 0 0 0 0 0 0 19 25 19 25 9 14 0 0 0 0 0 0 0 0 19 25 19 25 9 14 0 0 0 0 0 0 0 0 19 25 19 25 9 14 0 0 0 0 0 0 0 0 19 25 19 25 9 14 0 0 0 0 0 0 0 0
105 0 1000 0 0 1000 0 1000 19 25 19 25 9 14 83991 1 83991 1 0 0 0 0 19 25 19 25 9 14 83991 1 83991 1 0 0 0 0 19 25 19 25 9 14 83991 1 83991 1 0 0 0 0 19 25 19 25 9 14 83991 1 83991 1 0 0 0 0 19 25 19 25 9 14 83991 1 83991 1 0 0 0 0 19 25 19 25 9 14 83991 1 83991 1 0 0 0 0
106 0 1000 0 0 1000 0 1000 20 26 20 26 9 14 110755 113 0 0 80291 1 30464 112 20 26 20 26 9 14 110755 113 0 0 80291 1 30464 112 20 26 20 26 9 14 110755 113 0 0 80291 1 30464 112 20 26 20 26 9 14 110755 113 0 0 80291 1 30464 112 20 26 20 26 9 14 110755 113 0 0 80291 1 30464 112 20 26 20 26 9 14 110755 113 0 0 80291 1 30464 112
107 0 1000 0 0 1000 0 1000 20 26 20 26 10 16 0 0 0 0 0 0 0 0 20 26 20 26 10 16 0 0 0 0 0 0 0 0 20 26 20 26 10 16 0 0 0 0 0 0 0 0 20 26 20 26 10 16 0 0 0 0 0 0 0 0 20 26 20 26 10 16 0 0 0 0 0 0 0 0 20 26 20 26 10 16 0 0 0 0 0 0 0 0
108 0 1000 0 0 1000 0 1000 20 26 20 26 10 16 0 0 0 0 0 0 0 0 20 26 20 26 10 16 0 0 0 0 0 0 0 0 20 26 20 26 10 16 0 0 0 0 0 0 0 0 20 26 20 26 10 16 0 0 0 0 0 0 0 0 20 26 20 26 10 16 0 0 0 0 0 0 0 0 20 26 20 26 10 16 0 0 0 0 0 0 0 0
109 0 1000 0 0 1000 0 1000 20 26 20 26 10 16 252069 3 252069 3 0 0 0 0 20 26 20 26 10 16 252069 3 252069 3 0 0 0 0 20 26 20 26 10 16 252069 3 252069 3 0 0 0 0 20 26 20 26 10 16 252069 3 252069 3 0 0 0 0 20 26 20 26 10 16 252069 3 252069 3 0 0 0 0 20 26 20 26 10 16 252069 3 252069 3 0 0 0 0
110 0 1000 0 0 1000 0 1000 21 27 21 27 10 16 110211 111 0 0 80291 1 29920 110 21 27 21 27 10 16 110211 111 0 0 80291 1 29920 110 21 27 21 27 10 16 110211 111 0 0 80291 1 29920 110 21 27 21 27 10 16 110211 111 0 0 80291 1 29920 110 21 27 21 27 10 16 110211 111 0 0 80291 1 29920 110 21 27 21 27 10 16 110211 111 0 0 80291 1 29920 110
111 0 1000 0 0 1000 0 1000 21 27 21 27 11 17 0 0 0 0 0 0 0 0 21 27 21 27 11 17 0 0 0 0 0 0 0 0 21 27 21 27 11 17 0 0 0 0 0 0 0 0 21 27 21 27 11 17 0 0 0 0 0 0 0 0 21 27 21 27 11 17 0 0 0 0 0 0 0 0 21 27 21 27 11 17 0 0 0 0 0 0 0 0
112 0 1000 0 0 1000 0 1000 21 27 21 27 11 17 0 0 0 0 0 0 0 0 21 27 21 27 11 17 0 0 0 0 0 0 0 0 21 27 21 27 11 17 0 0 0 0 0 0 0 0 21 27 21 27 11 17 0 0 0 0 0 0 0 0 21 27 21 27 11 17 0 0 0 0 0 0 0 0 21 27 21 27 11 17 0 0 0 0 0 0 0 0
113 0 1000 0 0 1000 0 1000 21 27 21 27 11 17 167918 2 167918 2 0 0 0 0 21 27 21 27 11 17 167918 2 167918 2 0 0 0 0 21 27 21 27 11 17 167918 2 167918 2 0 0 0 0 21 27 21 27 11 17 167918 2 167918 2 0 0 0 0 21 27 21 27 11 17 167918 2 167918 2 0 0 0 0 21 27 21 27 11 17 167918 2 167918 2 0 0 0 0
114 0 1000 0 0 1000 0 1000 22 28 22 28 11 17 107219 100 0 0 80291 1 26928 99 22 28 22 28 11 17 107219 100 0 0 80291 1 26928 99 22 28 22 28 11 17 107219 100 0 0 80291 1 26928 99 22 28 22 28 11 17 107219 100 0 0 80291 1 26928 99 22 28 22 28 11 17 107219 100 0 0 80291 1 26928 99 22 28 22 28 11 17 107219 100 0 0 80291 1 26928 99
115 0 1000 0 0 1000 0 1000 22 28 22 28 12 18 0 0 0 0 0 0 0 0 22 28 22 28 12 18 0 0 0 0 0 0 0 0 22 28 22 28 12 18 0 0 0 0 0 0 0 0 22 28 22 28 12 18 0 0 0 0 0 0 0 0 22 28 22 28 12 18 0 0 0 0 0 0 0 0 22 28 22 28 12 18 0 0 0 0 0 0 0 0
116 0 1000 0 0 1000 0 1000 22 28 22 28 12 18 0 0 0 0 0 0 0 0 22 28 22 28 12 18 0 0 0 0 0 0 0 0 22 28 22 28 12 18 0 0 0 0 0 0 0 0 22 28 22 28 12 18 0 0 0 0 0 0 0 0 22 28 22 28 12 18 0 0 0 0 0 0 0 0 22 28 22 28 12 18 0 0 0 0 0 0 0 0
117 0 1000 0 0 1000 0 1000 22 28 22 28 12 18 167214 2 167214 2 0 0 0 0 22 28 22 28 12 18 167214 2 167214 2 0 0 0 0 22 28 22 28 12 18 167214 2 167214 2 0 0 0 0 22 28 22 28 12 18 167214 2 167214 2 0 0 0 0 22 28 22 28 12 18 167214 2 167214 2 0 0 0 0 22 28 22 28 12 18 167214 2 167214 2 0 0 0 0
118 0 1000 0 0 1000 0 1000 23 29 23 29 12 18 109667 109 0 0 80291 1 29376 108 23 29 23 29 12 18 109667 109 0 0 80291 1 29376 108 23 29 23 29 12 18 109667 109 0 0 80291 1 29376 108 23 29 23 29 12 18 109667 109 0 0 80291 1 29376 108 23 29 23 29 12 18 109667 109 0 0 80291 1 29376 108 23 29 23 29 12 18 109667 109 0 0 80291 1 29376 108
119 0 1000 0 0 1000 0 1000 23 29 23 29 13 19 0 0 0 0 0 0 0 0 23 29 23 29 13 19 0 0 0 0 0 0 0 0 23 29 23 29 13 19 0 0 0 0 0 0 0 0 23 29 23 29 13 19 0 0 0 0 0 0 0 0 23 29 23 29 13 19 0 0 0 0 0 0 0 0 23 29 23 29 13 19 0 0 0 0 0 0 0 0
120 0 1000 0 0 1000 0 1000 23 29 23 29 13 19 0 0 0 0 0 0 0 0 23 29 23 29 13 19 0 0 0 0 0 0 0 0 23 29 23 29 13 19 0 0 0 0 0 0 0 0 23 29 23 29 13 19 0 0 0 0 0 0 0 0 23 29 23 29 13 19 0 0 0 0 0 0 0 0 23 29 23 29 13 19 0 0 0 0 0 0 0 0
121 0 1000 0 0 1000 0 1000 23 29 23 29 13 19 83895 1 83895 1 0 0 0 0 23 29 23 29 13 19 83895 1 83895 1 0 0 0 0 23 29 23 29 13 19 83895 1 83895 1 0 0 0 0 23 29 23 29 13 19 83895 1 83895 1 0 0 0 0 23 29 23 29 13 19 83895 1 83895 1 0 0 0 0 23 29 23 29 13 19 83895 1 83895 1 0 0 0 0
122 0 1000 0 0 1000 0 1000 24 30 24 30 13 19 107763 102 0 0 80291 1 27472 101 24 30 24 30 13 19 107763 102 0 0 80291 1 27472 101 24 30 24 30 13 19 107763 102 0 0 80291 1 27472 101 24 30 24 30 13 19 107763 102 0 0 80291 1 27472 101 24 30 24 30 13 19 107763 102 0 0 80291 1 27472 101 24 30 24 30 13 19 107763 102 0 0 80291 1 27472 101
123 0 1000 0 0 1000 0 1000 24 30 24 30 14 20 0 0 0 0 0 0 0 0 24 30 24 30 14 20 0 0 0 0 0 0 0 0 24 30 24 30 14 20 0 0 0 0 0 0 0 0 24 30 24 30 14 20 0 0 0 0 0 0 0 0 24 30 24 30 14 20 0 0 0 0 0 0 0 0 24 30 24 30 14 20 0 0 0 0 0 0 0 0
124 0 1000 0 0 1000 0 1000 24 30 24 30 14 20 0 0 0 0 0 0 0 0 24 30 24 30 14 20 0 0 0 0 0 0 0 0 24 30 24 30 14 20 0 0 0 0 0 0 0 0 24 30 24 30 14 20 0 0 0 0 0 0 0 0 24 30 24 30 14 20 0 0 0 0 0 0 0 0 24 30 24 30 14 20 0 0 0 0 0 0 0 0
125 0 1000 0 0 1000 0 1000 24 30 24 30 14 20 167342 2 167342 2 0 0 0 0 24 30 24 30 14 20 167342 2 167342 2 0 0 0 0 24 30 24 30 14 20 167342 2 167342 2 0 0 0 0 24 30 24 30 14 20 167342 2 167342 2 0 0 0 0 24 30 24 30 14 20 167342 2 167342 2 0 0 0 0 24 30 24 30 14 20 167342 2 167342 2 0 0 0 0
126 0 1000 0 0 1000 0 1000 25 31 25 31 14 20 108579 105 0 0 80291 1 28288 104 25 31 25 31 14 20 108579 105 0 0 80291 1 28288 104 25 31 25 31 14 20 108579 105 0 0 80291 1 28288 104 25 31 25 31 14 20 108579 105 0 0 80291 1 28288 104 25 31 25 31 14 20 108579 105 0 0 80291 1 28288 104 25 31 25 31 14 20 108579 105 0 0 80291 1 28288 104
127 0 1000 0 0 1000 0 1000 25 31 25 31 15 21 0 0 0 0 0 0 0 0 25 31 25 31 15 21 0 0 0 0 0 0 0 0 25 31 25 31 15 21 0 0 0 0 0 0 0 0 25 31 25 31 15 21 0 0 0 0 0 0 0 0 25 31 25 31 15 21 0 0 0 0 0 0 0 0 25 31 25 31 15 21 0 0 0 0 0 0 0 0
128 0 1000 0 0 1000 0 1000 25 31 25 31 15 21 0 0 0 0 0 0 0 0 25 31 25 31 15 21 0 0 0 0 0 0 0 0 25 31 25 31 15 21 0 0 0 0 0 0 0 0 25 31 25 31 15 21 0 0 0 0 0 0 0 0 25 31 25 31 15 21 0 0 0 0 0 0 0 0 25 31 25 31 15 21 0 0 0 0 0 0 0 0
129 0 1000 0 0 1000 0 1000 25 31 25 31 15 21 83767 1 83767 1 0 0 0 0 25 31 25 31 15 21 83767 1 83767 1 0 0 0 0 25 31 25 31 15 21 83767 1 83767 1 0 0 0 0 25 31 25 31 15 21 83767 1 83767 1 0 0 0 0 25 31 25 31 15 21 83767 1 83767 1 0 0 0 0 25 31 25 31 15 21 83767 1 83767 1 0 0 0 0
130 0 1000 0 0 1000 0 1000 26 32 26 32 15 21 105587 94 0 0 80291 1 25296 93 26 32 26 32 15 21 105587 94 0 0 80291 1 25296 93 26 32 26 32 15 21 105587 94 0 0 80291 1 25296 93 26 32 26 32 15 21 105587 94 0 0 80291 1 25296 93 26 32 26 32 15 21 105587 94 0 0 80291 1 25296 93 26 32 26 32 15 21 105587 94 0 0 80291 1 25296 93
131 0 1000 0 0 1000 0 1000 26 32 26 32 16 22 0 0 0 0 0 0 0 0 26 32 26 32 16 22 0 0 0 0 0 0 0 0 26 32 26 32 16 22 0 0 0 0 0 0 0 0 26 32 26 32 16 22 0 0 0 0 0 0 0 0 26 32 26 32 16 22 0 0 0 0 0 0 0 0 26 32 26 32 16 22 0 0 0 0 0 0 0 0
132 0 1000 0 0 1000 0 1000 26 32 26 32 16 22 0 0 0 0 0 0 0 0 26 32 26 32 16 22 0 0 0 0 0 0 0 0 26 32 26 32 16 22 0 0 0 0 0 0 0 0 26 32 26 32 16 22 0 0 0 0 0 0 0 0 26 32 26 32 16 22 0 0 0 0 0 0 0 0 26 32 26 32 16 22 0 0 0 0 0 0 0 0
133 0 1000 0 0 1000 0 1000 26 32 26 32 16 22 166830 2 166830 2 0 0 0 0 26 32 26 32 16 22 166830 2 166830 2 0 0 0 0 26 32 26 32 16 22 166830 2 166830 2 0 0 0 0 26 32 26 32 16 22 166830 2 166830 2 0 0 0 0 26 32 26 32 16 22 166830 2 166830 2 0 0 0 0 26 32 26 32 16 22 166830 2 166830 2 0 0 0 0
134 0 1000 0 0 1000 0 1000 27 33 27 33 16 22 106675 98 0 0 80291 1 26384 97 27 33 27 33 16 22 106675 98 0 0 80291 1 26384 97 27 33 27 33 16 22 106675 98 0 0 80291 1 26384 97 27 33 27 33 16 22 106675 98 0 0 80291 1 26384 97 27 33 27 33 16 22 106675 98 0 0 80291 1 26384 97 27 33 27 33 16 22 106675 98 0 0 80291 1 26384 97
135 0 1000 0 0 1000 0 1000 27 33 27 33 17 23 0 0 0 0 0 0 0 0 27 33 27 33 17 23 0 0 0 0 0 0 0 0 27 33 27 33 17 23 0 0 0 0 0 0 0 0 27 33 27 33 17 23 0 0 0 0 0 0 0 0 27 33 27 33 17 23 0 0 0 0 0 0 0 0 27 33 27 33 17 23 0 0 0 0 0 0 0 0
136 0 1000 0 0 1000 0 1000 27 33 27 33 17 23 0 0 0 0 0 0 0 0 27 33 27 33 17 23 0 0 0 0 0 0 0 0 27 33 27 33 17 23 0 0 0 0 0 0 0 0 27 33 27 33 17 23 0 0 0 0 0 0 0 0 27 33 27 33 17 23 0 0 0 0 0 0 0 0 27 33 27 33 17 23 0 0 0 0 0 0 0 0
137 0 1000 0 0 1000 0 1000 27 33 27 33 17 23 167086 2 167086 2 0 0 0 0 27 33 27 33 17 23 167086 2 167086 2 0 0 0 0 27 33 27 33 17 23 167086 2 167086 2 0 0 0 0 27 33 27 33 17 23 167086 2 167086 2 0 0 0 0 27 33 27 33 17 23 167086 2 167086 2 0 0 0 0 27 33 27 33 17 23 167086 2 167086 2 0 0 0 0
138 0 1000 0 0 1000 0 1000 28 34 28 34 17 23 104499 90 0 0 80291 1 24208 89 28 34 28 34 17 23 104499 90 0 0 80291 1 24208 89 28 34 28 34 17 23 104499 90 0 0 80291 1 24208 89 28 34 28 34 17 23 104499 90 0 0 80291 1 24208 89 28 34 28 34 17 23 104499 90 0 0 80291 1 24208 89 28 34 28 34 17 23 104499 90 0 0 80291 1 24208 89
139 0 1000 0 0 1000 0 1000 28 34 28 34 18 24 0 0 0 0 0 0 0 0 28 34 28 34 18 24 0 0 0 0 0 0 0 0 28 34 28 34 18 24 0 0 0 0 0 0 0 0 28 34 28 34 18 24 0 0 0 0 0 0 0 0 28 34 28 34 18 24 0 0 0 0 0 0 0 0 28 34 28 34 18 24 0 0 0 0 0 0 0 0
140 0 1000 0 0 1000 0 1000 28 34 28 34 18 24 0 0 0 0 0 0 0 0 28 34 28 34 18 24 0 0 0 0 0 0 0 0 28 34 28 34 18 24 0 0 0 0 0 0 0 0 28 34 28 34 18 24 0 0 0 0 0 0 0 0 28 34 28 34 18 24 0 0 0 0 0 0 0 0 28 34 28 34 18 24 0 0 0 0 0 0 0 0
141 0 1000 0 0 1000 0 1000 28 34 28 34 18 24 83287 1 83287 1 0 0 0 0 28 34 28 34 18 24 83287 1 83287 1 0 0 0 0 28 34 28 34 18 24 83287 1 83287 1 0 0 0 0 28 34 28 34 18 24 83287 1 83287 1 0 0 0 0 28 34 28 34 18 24 83287 1 83287 1 0 0 0 0 28 34 28 34 18 24 83287 1 83287 1 0 0 0 0
142 0 1000 0 0 1000 0 1000 29 35 29 35 18 24 109667 109 0 0 80291 1 29376 108 29 35 29 35 18 24 109667 109 0 0 80291 1 29376 108 29 35 29 35 18 24 109667 109 0 0 80291 1 29376 108 29 35 29 35 18 24 109667 109 0 0 80291 1 29376 108 29 35 29 35 18 24 109667 109 0 0 80291 1 29376 108 29 35 29 35 18 24 109667 109 0 0 80291 1 29376 108
143 0 1000 0 0 1000 0 1000 29 35 29 35 19 25 0 0 0 0 0 0 0 0 29 35 29 35 19 25 0 0 0 0 0 0 0 0 29 35 29 35 19 25 0 0 0 0 0 0 0 0 29 35 29 35 19 25 0 0 0 0 0 0 0 0 29 35 29 35 19 25 0 0 0 0 0 0 0 0 29 35 29 35 19 25 0 0 0 0 0 0 0 0
144 0 1000 0 0 1000 0 1000 29 35 29 35 19 25 0 0 0 0 0 0 0 0 29 35 29 35 19 25 0 0 0 0 0 0 0 0 29 35 29 35 19 25 0 0 0 0 0 0 0 0 29 35 29 35 19 25 0 0 0 0 0 0 0 0 29 35 29 35 19 25 0 0 0 0 0 0 0 0 29 35 29 35 19 25 0 0 0 0 0 0 0 0
145 0 1000 0 0 1000 0 1000 29 35 29 35 19 25 83895 1 83895 1 0 0 0 0 29 35 29 35 19 25 83895 1 83895 1 0 0 0 0 29 35 29 35 19 25 83895 1 83895 1 0 0 0 0 29 35 29 35 19 25 83895 1 83895 1 0 0 0 0 29 35 29 35 19 25 83895 1 83895 1 0 0 0 0 29 35 29 35 19 25 83895 1 83895 1 0 0 0 0
146 0 1000 0 0 1000 0 1000 30 36 30 36 19 25 105315 93 0 0 80291 1 25024 92 30 36 30 36 19 25 105315 93 0 0 80291 1 25024 92 30 36 30 36 19 25 105315 93 0 0 80291 1 25024 92 30 36 30 36 19 25 105315 93 0 0 80291 1 25024 92 30 36 30 36 19 25 105315 93 0 0 80291 1 25024 92 30 36 30 36 19 25 105315 93 0 0 80291 1 25024 92
147 0 1000 0 0 1000 0 1000 30 36 30 36 20 26 0 0 0 0 0 0 0 0 30 36 30 36 20 26 0 0 0 0 0 0 0 0 30 36 30 36 20 26 0 0 0 0 0 0 0 0 30 36 30 36 20 26 0 0 0 0 0 0 0 0 30 36 30 36 20 26 0 0 0 0 0 0 0 0 30 36 30 36 20 26 0 0 0 0 0 0 0 0
148 0 1000 0 0 1000 0 1000 30 36 30 36 20 26 0 0 0 0 0 0 0 0 30 36 30 36 20 26 0 0 0 0 0 0 0 0 30 36 30 36 20 26 0 0 0 0 0 0 0 0 30 36 30 36 20 26 0 0 0 0 0 0 0 0 30 36 30 36 20 26 0 0 0 0 0 0 0 0 30 36 30 36 20 26 0 0 0 0 0 0 0 0
149 0 1000 0 0 1000 0 1000 30 36 30 36 20 26 83383 1 83383 1 0 0 0 0 30 36 30 36 20 26 83383 1 83383 1 0 0 0 0 30 36 30 36 20 26 83383 1 83383 1 0 0 0 0 30 36 30 36 20 26 83383 1 83383 1 0 0 0 0 30 36 30 36 20 26 83383 1 83383 1 0 0 0 0 30 36 30 36 20 26 83383 1 83383 1 0 0 0 0
150 0 1000 0 0 1000 0 1000 31 37 31 37 20 26 109395 108 0 0 80291 1 29104 107 31 37 31 37 20 26 109395 108 0 0 80291 1 29104 107 31 37 31 37 20 26 109395 108 0 0 80291 1 29104 107 31 37 31 37 20 26 109395 108 0 0 80291 1 29104 107 31 37 31 37 20 26 109395 108 0 0 80291 1 29104 107 31 37 31 37 20 26 109395 108 0 0 80291 1 29104 107
151 0 1000 0 0 1000 0 1000 31 37 31 37 21 27 0 0 0 0 0 0 0 0 31 37 31 37 21 27 0 0 0 0 0 0 0 0 31 37 31 37 21 27 0 0 0 0 0 0 0 0 31 37 31 37 21 27 0 0 0 0 0 0 0 0 31 37 31 37 21 27 0 0 0 0 0 0 0 0 31 37 31 37 21 27 0 0 0 0 0 0 0 0
152 0 1000 0 0 1000 0 1000 31 37 31 37 21 27 0 0 0 0 0 0 0 0 31 37 31 37 21 27 0 0 0 0 0 0 0 0 31 37 31 37 21 27 0 0 0 0 0 0 0 0 31 37 31 37 21 27 0 0 0 0 0 0 0 0 31 37 31 37 21 27 0 0 0 0 0 0 0 0 31 37 31 37 21 27 0 0 0 0 0 0 0 0
153 0 1000 0 0 1000 0 1000 31 37 31 37 21 27 83863 1 83863 1 0 0 0 0 31 37 31 37 21 27 83863 1 83863 1 0 0 0 0 31 37 31 37 21 27 83863 1 83863 1 0 0 0 0 31 37 31 37 21 27 83863 1 83863 1 0 0 0 0 31 37 31 37 21 27 83863 1 83863 1 0 0 0 0 31 37 31 37 21 27 83863 1 83863 1 0 0 0 0
154 0 1000 0 0 1000 0 1000 32 38 32 38 21 27 111299 115 0 0 80291 1 31008 114 32 38 32 38 21 27 111299 115 0 0 80291 1 31008 114 32 38 32 38 21 27 111299 115 0 0 80291 1 31008 114 32 38 32 38 21 27 111299 115 0 0 80291 1 31008 114 32 38 32 38 21 27 111299 115 0 0 80291 1 31008 114 32 38 32 38 21 27 111299 115 0 0 80291 1 31008 114
155 0 1000 0 0 1000 0 1000 32 38 32 38 22 28 0 0 0 0 0 0 0 0 32 38 32 38 22 28 0 0 0 0 0 0 0 0 32 38 32 38 22 28 0 0 0 0 0 0 0 0 32 38 32 38 22 28 0 0 0 0 0 0 0 0 32 38 32 38 22 28 0 0 0 0 0 0 0 0 32 38 32 38 22 28 0 0 0 0 0 0 0 0
156 0 1000 0 0 1000 0 1000 32 38 32 38 22 28 0 0 0 0 0 0 0 0 32 38 32 38 22 28 0 0 0 0 0 0 0 0 32 38 32 38 22 28 0 0 0 0 0 0 0 0 32 38 32 38 22 28 0 0 0 0 0 0 0 0 32 38 32 38 22 28 0 0 0 0 0 0 0 0 32 38 32 38 22 28 0 0 0 0 0 0 0 0
157 0 1000 0 0 1000 0 1000 32 38 32 38 22 28 84086 1 84086 1 0 0 0 0 32 38 32 38 22 28 84086 1 84086 1 0 0 0 0 32 38 32 38 22 28 84086 1 84086 1 0 0 0 0 32 38 32 38 22 28 84086 1 84086 1 0 0 0 0 32 38 32 38 22 28 84086 1 84086 1 0 0 0 0 32 38 32 38 22 28 84086 1 84086 1 0 0 0 0
158 0 1000 0 0 1000 0 1000 33 39 33 39 22 28 108306 104 0 0 80290 1 28016 103 33 39 33 39 22 28 108306 104 0 0 80290 1 28016 103 33 39 33 39 22 28 108306 104 0 0 80290 1 28016 103 33 39 33 39 22 28 108306 104 0 0 80290 1 28016 103 33 39 33 39 22 28 108306 104 0 0 80290 1 28016 103 33 39 33 39 22 28 108306 104 0 0 80290 1 28016 103
159 0 1000 0 0 1000 0 1000 33 39 33 39 23 29 0 0 0 0 0 0 0 0 33 39 33 39 23 29 0 0 0 0 0 0 0 0 33 39 33 39 23 29 0 0 0 0 0 0 0 0 33 39 33 39 23 29 0 0 0 0 0 0 0 0 33 39 33 39 23 29 0 0 0 0 0 0 0 0 33 39 33 39 23 29 0 0 0 0 0 0 0 0
160 0 1000 0 0 1000 0 1000 33 39 33 39 23 29 0 0 0 0 0 0 0 0 33 39 33 39 23 29 0 0 0 0 0 0 0 0 33 39 33 39 23 29 0 0 0 0 0 0 0 0 33 39 33 39 23 29 0 0 0 0 0 0 0 0 33 39 33 39 23 29 0 0 0 0 0 0 0 0 33 39 33 39 23 29 0 0 0 0 0 0 0 0
161 0 1000 0 0 1000 0 1000 33 39 33 39 23 29 167470 2 167470 2 0 0 0 0 33 39 33 39 23 29 167470 2 167470 2 0 0 0 0 33 39 33 39 23 29 167470 2 167470 2 0 0 0 0 33 39 33 39 23 29 167470 2 167470 2 0 0 0 0 33 39 33 39 23 29 167470 2 167470 2 0 0 0 0 33 39 33 39 23 29 167470 2 167470 2 0 0 0 0
162 0 1000 0 0 1000 0 1000 34 40 34 40 23 29 105587 94 0 0 80291 1 25296 93 34 40 34 40 23 29 105587 94 0 0 80291 1 25296 93 34 40 34 40 23 29 105587 94 0 0 80291 1 25296 93 34 40 34 40 23 29 105587 94 0 0 80291 1 25296 93 34 40 34 40 23 29 105587 94 0 0 80291 1 25296 93 34 40 34 40 23 29 105587 94 0 0 80291 1 25296 93
163 0 1000 0 0 1000 0 1000 34 40 34 40 24 30 0 0 0 0 0 0 0 0 34 40 34 40 24 30 0 0 0 0 0 0 0 0 34 40 34 40 24 30 0 0 0 0 0 0 0 0 34 40 34 40 24 30 0 0 0 0 0 0 0 0 34 40 34 40 24 30 0 0 0 0 0 0 0 0 34 40 34 40 24 30 0 0 0 0 0 0 0 0
164 0 1000 0 0 1000 0 1000 34 40 34 40 24 30 0 0 0 0 0 0 0 0 34 40 34 40 24 30 0 0 0 0 0 0 0 0 34 40 34 40 24 30 0 0 0 0 0 0 0 0 34 40 34 40 24 30 0 0 0 0 0 0 0 0 34 40 34 40 24 30 0 0 0 0 0 0 0 0 34 40 34 40 24 30 0 0 0 0 0 0 0 0
165 0 1000 0 0 1000 0 1000 34 40 34 40 24 30 250243 3 250243 3 0 0 0 0 34 40 34 40 24 30 250243 3 250243 3 0 0 0 0 34 40 34 40 24 30 250243 3 250243 3 0 0 0 0 34 40 34 40 24 30 250243 3 250243 3 0 0 0 0 34 40 34 40 24 30 250243 3 250243 3 0 0 0 0 34 40 34 40 24 30 250243 3 250243 3 0 0 0 0
166 0 1000 0 0 1000 0 1000 35 41 35 41 24 30 108307 104 0 0 80291 1 28016 103 35 41 35 41 24 30 108307 104 0 0 80291 1 28016 103 35 41 35 41 24 30 108307 104 0 0 80291 1 28016 103 35 41 35 41 24 30 108307 104 0 0 80291 1 28016 103 35 41 35 41 24 30 108307 104 0 0 80291 1 28016 103 35 41 35 41 24 30 108307 104 0 0 80291 1 28016 103
167 0 1000 0 0 1000 0 1000 35 41 35 41 25 31 0 0 0 0 0 0 0 0 35 41 35 41 25 31 0 0 0 0 0 0 0 0 35 41 35 41 25 31 0 0 0 0 0 0 0 0 35 41 35 41 25 31 0 0 0 0 0 0 0 0 35 41 35 41 25 31 0 0 0 0 0 0 0 0 35 41 35 41 25 31 0 0 0 0 0 0 0 0
168 0 1000 0 0 1000 0 1000 35 41 35 41 25 31 0 0 0 0 0 0 0 0 35 41 35 41 25 31 0 0 0 0 0 0 0 0 35 41 35 41 25 31 0 0 0 0 0 0 0 0 35 41 35 41 25 31 0 0 0 0 0 0 0 0 35 41 35 41 25 31 0 0 0 0 0 0 0 0 35 41 35 41 25 31 0 0 0 0 0 0 0 0
169 0 1000 0 0 1000 0 1000 35 41 35 41 25 31 334940 4 334940 4 0 0 0 0 35 41 35 41 25 31 334940 4 334940 4 0 0 0 0 35 41 35 41 25 31 334940 4 334940 4 0 0 0 0 35 41 35 41 25 31 334940 4 334940 4 0 0 0 0 35 41 35 41 25 31 334940 4 334940 4 0 0 0 0 35 41 35 41 25 31 334940 4 334940 4 0 0 0 0
170 0 1000 0 0 1000 0 1000 36 42 36 42 25 31 104771 91 0 0 80291 1 24480 90 36 42 36 42 25 31 104771 91 0 0 80291 1 24480 90 36 42 36 42 25 31 104771 91 0 0 80291 1 24480 90 36 42 36 42 25 31 104771 91 0 0 80291 1 24480 90 36 42 36 42 25 31 104771 91 0 0 80291 1 24480 90 36 42 36 42 25 31 104771 91 0 0 80291 1 24480 90
171 0 1000 0 0 1000 0 1000 36 42 36 42 26 32 0 0 0 0 0 0 0 0 36 42 36 42 26 32 0 0 0 0 0 0 0 0 36 42 36 42 26 32 0 0 0 0 0 0 0 0 36 42 36 42 26 32 0 0 0 0 0 0 0 0 36 42 36 42 26 32 0 0 0 0 0 0 0 0 36 42 36 42 26 32 0 0 0 0 0 0 0 0
172 0 1000 0 0 1000 0 1000 36 42 36 42 26 32 0 0 0 0 0 0 0 0 36 42 36 42 26 32 0 0 0 0 0 0 0 0 36 42 36 42 26 32 0 0 0 0 0 0 0 0 36 42 36 42 26 32 0 0 0 0 0 0 0 0 36 42 36 42 26 32 0 0 0 0 0 0 0 0 36 42 36 42 26 32 0 0 0 0 0 0 0 0
173 0 1000 0 0 1000 0 1000 36 42 36 42 26 32 249957 3 249957 3 0 0 0 0 36 42 36 42 26 32 249957 3 249957 3 0 0 0 0 36 42 36 42 26 32 249957 3 249957 3 0 0 0 0 36 42 36 42 26 32 249957 3 249957 3 0 0 0 0 36 42 36 42 26 32 249957 3 249957 3 0 0 0 0 36 42 36 42 26 32 249957 3 249957 3 0 0 0 0
174 0 1000 0 0 1000 0 1000 37 43 37 43 26 32 106403 97 0 0 80291 1 26112 96 37 43 37 43 26 32 106403 97 0 0 80291 1 26112 96 37 43 37 43 26 32 106403 97 0 0 80291 1 26112 96 37 43 37 43 26 32 106403 97 0 0 80291 1 26112 96 37 43 37 43 26 32 106403 97 0 0 80291 1 26112 96 37 43 37 43 26 32 106403 97 0 0 80291 1 26112 96
175 0 1000 0 0 1000 0 1000 37 43 37 43 27 33 0 0 0 0 0 0 0 0 37 43 37 43 27 33 0 0 0 0 0 0 0 0 37 43 37 43 27 33 0 0 0 0 0 0 0 0 37 43 37 43 27 33 0 0 0 0 0 0 0 0 37 43 37 43 27 33 0 0 0 0 0 0 0 0 37 43 37 43 27 33 0 0 0 0 0 0 0 0
176 0 1000 0 0 1000 0 1000 37 43 37 43 27 33 0 0 0 0 0 0 0 0 37 43 37 43 27 33 0 0 0 0 0 0 0 0 37 43 37 43 27 33 0 0 0 0 0 0 0 0 37 43 37 43 27 33 0 0 0 0 0 0 0 0 37 43 37 43 27 33 0 0 0 0 0 0 0 0 37 43 37 43 27 33 0 0 0 0 0 0 0 0
177 0 1000 0 0 1000 0 1000 37 43 37 43 27 33 83511 1 83511 1 0 0 0 0 37 43 37 43 27 33 83511 1 83511 1 0 0 0 0 37 43 37 43 27 33 83511 1 83511 1 0 0 0 0 37 43 37 43 27 33 83511 1 83511 1 0 0 0 0 37 43 37 43 27 33 83511 1 83511 1 0 0 0 0 37 43 37 43 27 33 83511 1 83511 1 0 0 0 0
178 0 1000 0 0 1000 0 1000 38 44 38 44 27 33 107219 100 0 0 80291 1 26928 99 38 44 38 44 27 33 107219 100 0 0 80291 1 26928 99 38 44 38 44 27 33 107219 100 0 0 80291 1 26928 99 38 44 38 44 27 33 107219 100 0 0 80291 1 26928 99 38 44 38 44 27 33 107219 100 0 0 80291 1 26928 99 38 44 38 44 27 33 107219 100 0 0 80291 1 26928 99
179 0 1000 0 0 1000 0 1000 38 44 38 44 28 34 0 0 0 0 0 0 0 0 38 44 38 44 28 34 0 0 0 0 0 0 0 0 38 44 38 44 28 34 0 0 0 0 0 0 0 0 38 44 38 44 28 34 0 0 0 0 0 0 0 0 38 44 38 44 28 34 0 0 0 0 0 0 0 0 38 44 38 44 28 34 0 0 0 0 0 0 0 0
180 0 1000 0 0 1000 0 1000 38 44 38 44 28 34 0 0 0 0 0 0 0 0 38 44 38 44 28 34 0 0 0 0 0 0 0 0 38 44 38 44 28 34 0 0 0 0 0 0 0 0 38 44 38 44 28 34 0 0 0 0 0 0 0 0 38 44 38 44 28 34 0 0 0 0 0 0 0 0 38 44 38 44 28 34 0 0 0 0 0 0 0 0
181 0 1000 0 0 1000 0 1000 38 44 38 44 28 34 83607 1 83607 1 0 0 0 0 38 44 38 44 28 34 83607 1 83607 1 0 0 0 0 38 44 38 44 28 34 83607 1 83607 1 0 0 0 0 38 44 38 44 28 34 83607 1 83607 1 0 0 0 0 38 44 38 44 28 34 83607 1 83607 1 0 0 0 0 38 44 38 44 28 34 83607 1 83607 1 0 0 0 0
182 0 1000 0 0 1000 0 1000 39 45 39 45 28 34 109123 107 0 0 80291 1 28832 106 39 45 39 45 28 34 109123 107 0 0 80291 1 28832 106 39 45 39 45 28 34 109123 107 0 0 80291 1 28832 106 39 45 39 45 28 34 109123 107 0 0 80291 1 28832 106 39 45 39 45 28 34 109123 107 0 0 80291 1 28832 106 39 45 39 45 28 34 109123 107 0 0 80291 1 28832 106
183 0 1000 0 0 1000 0 1000 39 45 39 45 29 35 0 0 0 0 0 0 0 0 39 45 39 45 29 35 0 0 0 0 0 0 0 0 39 45 39 45 29 35 0 0 0 0 0 0 0 0 39 45 39 45 29 35 0 0 0 0 0 0 0 0 39 45 39 45 29 35 0 0 0 0 0 0 0 0 39 45 39 45 29 35 0 0 0 0 0 0 0 0
184 0 1000 0 0 1000 0 1000 39 45 39 45 29 35 0 0 0 0 0 0 0 0 39 45 39 45 29 35 0 0 0 0 0 0 0 0 39 45 39 45 29 35 0 0 0 0 0 0 0 0 39 45 39 45 29 35 0 0 0 0 0 0 0 0 39 45 39 45 29 35 0 0 0 0 0 0 0 0 39 45 39 45 29 35 0 0 0 0 0 0 0 0
185 0 1000 0 0 1000 0 1000 39 45 39 45 29 35 0 0 0 0 0 0 0 0 39 45 39 45 29 35 0 0 0 0 0 0 0 0 39 45 39 45 29 35 0 0 0 0 0 0 0 0 39 45 39 45 29 35 0 0 0 0 0 0 0 0 39 45 39 45 29 35 0 0 0 0 0 0 0 0 39 45 39 45 29 35 0 0 0 0 0 0 0 0
186 0 1000 0 0 1000 0 1000 39 45 39 45 29 35 30736 113 0 0 0 0 30736 113 39 45 39 45 29 35 30736 113 0 0 0 0 30736 113 39 45 39 45 29 35 30736 113 0 0 0 0 30736 113 39 45 39 45 29 35 30736 113 0 0 0 0 30736 113 39 45 39 45 29 35 30736 113 0 0 0 0 30736 113 39 45 39 45 29 35 30736 113 0 0 0 0 30736 113
187 0 1000 0 0 1000 0 1000 39 45 39 45 30 36 0 0 0 0 0 0 0 0 39 45 39 45 30 36 0 0 0 0 0 0 0 0 39 45 39 45 30 36 0 0 0 0 0 0 0 0 39 45 39 45 30 36 0 0 0 0 0 0 0 0 39 45 39 45 30 36 0 0 0 0 0 0 0 0 39 45 39 45 30 36 0 0 0 0 0 0 0 0
188 0 1000 0 0 1000 0 1000 39 45 39 45 30 36 0 0 0 0 0 0 0 0 39 45 39 45 30 36 0 0 0 0 0 0 0 0 39 45 39 45 30 36 0 0 0 0 0 0 0 0 39 45 39 45 30 36 0 0 0 0 0 0 0 0 39 45 39 45 30 36 0 0 0 0 0 0 0 0 39 45 39 45 30 36 0 0 0 0 0 0 0 0
189 0 1000 0 0 1000 0 1000 39 45 39 45 30 36 504329 6 504329 6 0 0 0 0 39 45 39 45 30 36 504329 6 504329 6 0 0 0 0 39 45 39 45 30 36 504329 6 504329 6 0 0 0 0 39 45 39 45 30 36 504329 6 504329 6 0 0 0 0 39 45 39 45 30 36 504329 6 504329 6 0 0 0 0 39 45 39 45 30 36 504329 6 504329 6 0 0 0 0
190 0 1000 0 0 1000 0 1000 40 47 40 47 30 36 106403 97 0 0 80291 1 26112 96 40 47 40 47 30 36 106403 97 0 0 80291 1 26112 96 40 47 40 47 30 36 106403 97 0 0 80291 1 26112 96 40 47 40 47 30 36 106403 97 0 0 80291 1 26112 96 40 47 40 47 30 36 106403 97 0 0 80291 1 26112 96 40 47 40 47 30 36 106403 97 0 0 80291 1 26112 96
191 0 1000 0 0 1000 0 1000 40 47 40 47 31 37 0 0 0 0 0 0 0 0 40 47 40 47 31 37 0 0 0 0 0 0 0 0 40 47 40 47 31 37 0 0 0 0 0 0 0 0 40 47 40 47 31 37 0 0 0 0 0 0 0 0 40 47 40 47 31 37 0 0 0 0 0 0 0 0 40 47 40 47 31 37 0 0 0 0 0 0 0 0
192 0 1000 0 0 1000 0 1000 40 47 40 47 31 37 0 0 0 0 0 0 0 0 40 47 40 47 31 37 0 0 0 0 0 0 0 0 40 47 40 47 31 37 0 0 0 0 0 0 0 0 40 47 40 47 31 37 0 0 0 0 0 0 0 0 40 47 40 47 31 37 0 0 0 0 0 0 0 0 40 47 40 47 31 37 0 0 0 0 0 0 0 0
193 0 1000 0 0 1000 0 1000 40 47 40 47 31 37 334044 4 334044 4 0 0 0 0 40 47 40 47 31 37 334044 4 334044 4 0 0 0 0 40 47 40 47 31 37 334044 4 334044 4 0 0 0 0 40 47 40 47 31 37 334044 4 334044 4 0 0 0 0 40 47 40 47 31 37 334044 4 334044 4 0 0 0 0 40 47 40 47 31 37 334044 4 334044 4 0 0 0 0
194 0 1000 0 0 1000 0 1000 41 48 41 48 31 37 111027 114 0 0 80291 1 30736 113 41 48 41 48 31 37 111027 114 0 0 80291 1 30736 113 41 48 41 48 31 37 111027 114 0 0 80291 1 30736 113 41 48 41 48 31 37 111027 114 0 0 80291 1 30736 113 41 48 41 48 31 37 111027 114 0 0 80291 1 30736 113 41 48 41 48 31 37 111027 114 0 0 80291 1 30736 113
195 0 1000 0 0 1000 0 1000 41 48 41 48 32 38 0 0 0 0 0 0 0 0 41 48 41 48 32 38 0 0 0 0 0 0 0 0 41 48 41 48 32 38 0 0 0 0 0 0 0 0 41 48 41 48 32 38 0 0 0 0 0 0 0 0 41 48 41 48 32 38 0 0 0 0 0 0 0 0 41 48 41 48 32 38 0 0 0 0 0 0 0 0
196 0 1000 0 0 1000 0 1000 41 48 41 48 32 38 0 0 0 0 0 0 0 0 41 48 41 48 32 38 0 0 0 0 0 0 0 0 41 48 41 48 32 38 0 0 0 0 0 0 0 0 41 48 41 48 32 38 0 0 0 0 0 0 0 0 41 48 41 48 32 38 0 0 0 0 0 0 0 0 41 48 41 48 32 38 0 0 0 0 0 0 0 0
197 0 1000 0 0 1000 0 1000 41 48 41 48 32 38 252165 3 252165 3 0 0 0 0 41 48 41 48 32 38 252165 3 252165 3 0 0 0 0 41 48 41 48 32 38 252165 3 252165 3 0 0 0 0 41 48 41 48 32 38 252165 3 252165 3 0 0 0 0 41 48 41 48 32 38 252165 3 252165 3 0 0 0 0 41 48 41 48 32 38 252165 3 252165 3 0 0 0 0
198 0 1000 0 0 1000 0 1000 42 49 42 49 32 38 107763 102 0 0 80291 1 27472 101 42 49 42 49 32 38 107763 102 0 0 80291 1 27472 101 42 49 42 49 32 38 107763 102 0 0 80291 1 27472 101 42 49 42 49 32 38 107763 102 0 0 80291 1 27472 101 42 49 42 49 32 38 107763 102 0 0 80291 1 27472 101 42 49 42 49 32 38 107763 102 0 0 80291 1 27472 101
199 0 1000 0 0 1000 0 1000 42 49 42 49 33 39 0 0 0 0 0 0 0 0 42 49 42 49 33 39 0 0 0 0 0 0 0 0 42 49 42 49 33 39 0 0 0 0 0 0 0 0 42 49 42 49 33 39 0 0 0 0 0 0 0 0 42 49 42 49 33 39 0 0 0 0 0 0 0 0 42 49 42 49 33 39 0 0 0 0 0 0 0 0
200 0 1000 0 0 1000 0 1000 42 49 42 49 33 39 0 0 0 0 0 0 0 0 42 49 42 49 33 39 0 0 0 0 0 0 0 0 42 49 42 49 33 39 0 0 0 0 0 0 0 0 42 49 42 49 33 39 0 0 0 0 0 0 0 0 42 49 42 49 33 39 0 0 0 0 0 0 0 0 42 49 42 49 33 39 0 0 0 0 0 0 0 0
201 0 1000 0 0 1000 0 1000 42 49 42 49 33 39 167342 2 167342 2 0 0 0 0 42 49 42 49 33 39 167342 2 167342 2 0 0 0 0 42 49 42 49 33 39 167342 2 167342 2 0 0 0 0 42 49 42 49 33 39 167342 2 167342 2 0 0 0 0 42 49 42 49 33 39 167342 2 167342 2 0 0 0 0 42 49 42 49 33 39 167342 2 167342 2 0 0 0 0
202 0 1000 0 0 1000 0 1000 43 50 43 50 33 39 104227 89 0 0 80291 1 23936 88 43 50 43 50 33 39 104227 89 0 0 80291 1 23936 88 43 50 43 50 33 39 104227 89 0 0 80291 1 23936 88 43 50 43 50 33 39 104227 89 0 0 80291 1 23936 88 43 50 43 50 33 39 104227 89 0 0 80291 1 23936 88 43 50 43 50 33 39 104227 89 0 0 80291 1 23936 88
203 0 1000 0 0 1000 0 1000 43 50 43 50 34 40 0 0 0 0 0 0 0 0 43 50 43 50 34 40 0 0 0 0 0 0 0 0 43 50 43 50 34 40 0 0 0 0 0 0 0 0 43 50 43 50 34 40 0 0 0 0 0 0 0 0 43 50 43 50 34 40 0 0 0 0 0 0 0 0 43 50 43 50 34 40 0 0 0 0 0 0 0 0
204 0 1000 0 0 1000 0 1000 43 50 43 50 34 40 0 0 0 0 0 0 0 0 43 50 43 50 34 40 0 0 0 0 0 0 0 0 43 50 43 50 34 40 0 0 0 0 0 0 0 0 43 50 43 50 34 40 0 0 0 0 0 0 0 0 43 50 43 50 34 40 0 0 0 0 0 0 0 0 43 50 43 50 34 40 0 0 0 0 0 0 0 0
205 0 1000 0 0 1000 0 1000 43 50 43 50 34 40 83255 1 83255 1 0 0 0 0 43 50 43 50 34 40 83255 1 83255 1 0 0 0 0 43 50 43 50 34 40 83255 1 83255 1 0 0 0 0 43 50 43 50 34 40 83255 1 83255 1 0 0 0 0 43 50 43 50 34 40 83255 1 83255 1 0 0 0 0 43 50 43 50 34 40 83255 1 83255 1 0 0 0 0
206 0 1000 0 0 1000 0 1000 44 51 44 51 34 40 106947 99 0 0 80291 1 26656 98 44 51 44 51 34 40 106947 99 0 0 80291 1 26656 98 44 51 44 51 34 40 106947 99 0 0 80291 1 26656 98 44 51 44 51 34 40 106947 99 0 0 80291 1 26656 98 44 51 44 51 34 40 106947 99 0 0 80291 1 26656 98 44 51 44 51 34 40 106947 99 0 0 80291 1 26656 98
207 0 1000 0 0 1000 0 1000 44 51 44 51 35 41 0 0 0 0 0 0 0 0 44 51 44 51 35 41 0 0 0 0 0 0 0 0 44 51 44 51 35 41 0 0 0 0 0 0 0 0 44 51 44 51 35 41 0 0 0 0 0 0 0 0 44 51 44 51 35 41 0 0 0 0 0 0 0 0 44 51 44 51 35 41 0 0 0 0 0 0 0 0
208 0 1000 0 0 1000 0 1000 44 51 44 51 35 41 0 0 0 0 0 0 0 0 44 51 44 51 35 41 0 0 0 0 0 0 0 0 44 51 44 51 35 41 0 0 0 0 0 0 0 0 44 51 44 51 35 41 0 0 0 0 0 0 0 0 44 51 44 51 35 41 0 0 0 0 0 0 0 0 44 51 44 51 35 41 0 0 0 0 0 0 0 0
209 0 1000 0 0 1000 0 1000 44 51 44 51 35 41 83575 1 83575 1 0 0 0 0 44 51 44 51 35 41 83575 1 83575 1 0 0 0 0 44 51 44 51 35 41 83575 1 83575 1 0 0 0 0 44 51 44 51 35 41 83575 1 83575 1 0 0 0 0 44 51 44 51 35 41 83575 1 83575 1 0 0 0 0 44 51 44 51 35 41 83575 1 83575 1 0 0 0 0
210 0 1000 0 0 1000 0 1000 45 52 45 52 35 41 111027 114 0 0 80291 1 30736 113 45 52 45 52 35 41 111027 114 0 0 80291 1 30736 113 45 52 45 52 35 41 111027 114 0 0 80291 1 30736 113 45 52 45 52 35 41 111027 114 0 0 80291 1 30736 113 45 52 45 52 35 41 111027 114 0 0 80291 1 30736 113 45 52 45 52 35 41 111027 114 0 0 80291 1 30736 113
211 0 1000 0 0 1000 0 1000 45 52 45 52 36 42 0 0 0 0 0 0 0 0 45 52 45 52 36 42 0 0 0 0 0 0 0 0 45 52 45 52 36 42 0 0 0 0 0 0 0 0 45 52 45 52 36 42 0 0 0 0 0 0 0 0 45 52 45 52 36 42 0 0 0 0 0 0 0 0 45 52 45 52 36 42 0 0 0 0 0 0 0 0
212 0 1000 0 0 1000 0 1000 45 52 45 52 36 42 0 0 0 0 0 0 0 0 45 52 45 52 36 42 0 0 0 0 0 0 0 0 45 52 45 52 36 42 0 0 0 0 0 0 0 0 45 52 45 52 36 42 0 0 0 0 0 0 0 0 45 52 45 52 36 42 0 0 0 0 0 0 0 0 45 52 45 52 36 42 0 0 0 0 0 0 0 0
213 0 1000 0 0 1000 0 1000 45 52 45 52 36 42 336219 4 336219 4 0 0 0 0 45 52 45 52 36 42 336219 4 336219 4 0 0 0 0 45 52 45 52 36 42 336219 4 336219 4 0 0 0 0 45 52 45 52 36 42 336219 4 336219 4 0 0 0 0 45 52 45 52 36 42 336219 4 336219 4 0 0 0 0 45 52 45 52 36 42 336219 4 336219 4 0 0 0 0
214 0 1000 0 0 1000 0 1000 46 53 46 53 36 42 110211 111 0 0 80291 1 29920 110 46 53 46 53 36 42 110211 111 0 0 80291 1 29920 110 46 53 46 53 36 42 110211 111 0 0 80291 1 29920 110 46 53 46 53 36 42 110211 111 0 0 80291 1 29920 110 46 53 46 53 36 42 110211 111 0 0 80291 1 29920 110 46 53 46 53 36 42 110211 111 0 0 80291 1 29920 110
215 0 1000 0 0 1000 0 1000 46 53 46 53 37 43 0 0 0 0 0 0 0 0 46 53 46 53 37 43 0 0 0 0 0 0 0 0 46 53 46 53 37 43 0 0 0 0 0 0 0 0 46 53 46 53 37 43 0 0 0 0 0 0 0 0 46 53 46 53 37 43 0 0 0 0 0 0 0 0 46 53 46 53 37 43 0 0 0 0 0 0 0 0
216 0 1000 0 0 1000 0 1000 46 53 46 53 37 43 0 0 0 0 0 0 0 0 46 53 46 53 37 43 0 0 0 0 0 0 0 0 46 53 46 53 37 43 0 0 0 0 0 0 0 0 46 53 46 53 37 43 0 0 0 0 0 0 0 0 46 53 46 53 37 43 0 0 0 0 0 0 0 0 46 53 46 53 37 43 0 0 0 0 0 0 0 0
217 0 1000 0 0 1000 0 1000 46 53 46 53 37 43 0 0 0 0 0 0 0 0 46 53 46 53 37 43 0 0 0 0 0 0 0 0 46 53 46 53 37 43 0 0 0 0 0 0 0 0 46 53 46 53 37 43 0 0 0 0 0 0 0 0 46 53 46 53 37 43 0 0 0 0 0 0 0 0 46 53 46 53 37 43 0 0 0 0 0 0 0 0
218 0 1000 0 0 1000 0 1000 46 53 46 53 37 43 32912 121 0 0 0 0 32912 121 46 53 46 53 37 43 32912 121 0 0 0 0 32912 121 46 53 46 53 37 43 32912 121 0 0 0 0 32912 121 46 53 46 53 37 43 32912 121 0 0 0 0 32912 121 46 53 46 53 37 43 32912 121 0 0 0 0 32912 121 46 53 46 53 37 43 32912 121 0 0 0 0 32912 121
219 0 1000 0 0 1000 0 1000 46 53 46 53 38 44 0 0 0 0 0 0 0 0 46 53 46 53 38 44 0 0 0 0 0 0 0 0 46 53 46 53 38 44 0 0 0 0 0 0 0 0 46 53 46 53 38 44 0 0 0 0 0 0 0 0 46 53 46 53 38 44 0 0 0 0 0 0 0 0 46 53 46 53 38 44 0 0 0 0 0 0 0 0
220 0 1000 0 0 1000 0 1000 46 53 46 53 38 44 0 0 0 0 0 0 0 0 46 53 46 53 38 44 0 0 0 0 0 0 0 0 46 53 46 53 38 44 0 0 0 0 0 0 0 0 46 53 46 53 38 44 0 0 0 0 0 0 0 0 46 53 46 53 38 44 0 0 0 0 0 0 0 0 46 53 46 53 38 44 0 0 0 0 0 0 0 0
221 0 1000 0 0 1000 0 1000 46 53 46 53 38 44 84311 1 84311 1 0 0 0 0 46 53 46 53 38 44 84311 1 84311 1 0 0 0 0 46 53 46 53 38 44 84311 1 84311 1 0 0 0 0 46 53 46 53 38 44 84311 1 84311 1 0 0 0 0 46 53 46 53 38 44 84311 1 84311 1 0 0 0 0 46 53 46 53 38 44 84311 1 84311 1 0 0 0 0
222 0 1000 0 0 1000 0 1000 47 55 47 55 38 44 103411 86 0 0 80291 1 23120 85 47 55 47 55 38 44 103411 86 0 0 80291 1 23120 85 47 55 47 55 38 44 103411 86 0 0 80291 1 23120 85 47 55 47 55 38 44 103411 86 0 0 80291 1 23120 85 47 55 47 55 38 44 103411 86 0 0 80291 1 23120 85 47 55 47 55 38 44 103411 86 0 0 80291 1 23120 85
223 0 1000 0 0 1000 0 1000 47 55 47 55 39 45 0 0 0 0 0 0 0 0 47 55 47 55 39 45 0 0 0 0 0 0 0 0 47 55 47 55 39 45 0 0 0 0 0 0 0 0 47 55 47 55 39 45 0 0 0 0 0 0 0 0 47 55 47 55 39 45 0 0 0 0 0 0 0 0 47 55 47 55 39 45 0 0 0 0 0 0 0 0
224 0 1000 0 0 1000 0 1000 47 55 47 55 39 45 0 0 0 0 0 0 0 0 47 55 47 55 39 45 0 0 0 0 0 0 0 0 47 55 47 55 39 45 0 0 0 0 0 0 0 0 47 55 47 55 39 45 0 0 0 0 0 0 0 0 47 55 47 55 39 45 0 0 0 0 0 0 0 0 47 55 47 55 39 45 0 0 0 0 0 0 0 0
225 0 1000 0 0 1000 0 1000 47 55 47 55 39 45 166318 2 166318 2 0 0 0 0 47 55 47 55 39 45 166318 2 166318 2 0 0 0 0 47 55 47 55 39 45 166318 2 166318 2 0 0 0 0 47 55 47 55 39 45 166318 2 166318 2 0 0 0 0 47 55 47 55 39 45 166318 2 166318 2 0 0 0 0 47 55 47 55 39 45 166318 2 166318 2 0 0 0 0
226 0 1000 0 0 1000 0 1000 48 56 48 56 39 45 110483 112 0 0 80291 1 30192 111 48 56 48 56 39 45 110483 112 0 0 80291 1 30192 111 48 56 48 56 39 45 110483 112 0 0 80291 1 30192 111 48 56 48 56 39 45 110483 112 0 0 80291 1 30192 111 48 56 48 56 39 45 110483 112 0 0 80291 1 30192 111 48 56 48 56 39 45 110483 112 0 0 80291 1 30192 111
227 0 1000 0 0 1000 0 1000 48 56 48 56 39 45 0 0 0 0 0 0 0 0 48 56 48 56 39 45 0 0 0 0 0 0 0 0 48 56 48 56 39 45 0 0 0 0 0 0 0 0 48 56 48 56 39 45 0 0 0 0 0 0 0 0 48 56 48 56 39 45 0 0 0 0 0 0 0 0 48 56 48 56 39 45 0 0 0 0 0 0 0 0
228 0 1000 0 0 1000 0 1000 48 56 48 56 39 45 0 0 0 0 0 0 0 0 48 56 48 56 39 45 0 0 0 0 0 0 0 0 48 56 48 56 39 45 0 0 0 0 0 0 0 0 48 56 48 56 39 45 0 0 0 0 0 0 0 0 48 56 48 56 39 45 0 0 0 0 0 0 0 0 48 56 48 56 39 45 0 0 0 0 0 0 0 0
229 0 1000 0 0 1000 0 1000 48 56 48 56 39 45 83991 1 83991 1 0 0 0 0 48 56 48 56 39 45 83991 1 83991 1 0 0 0 0 48 56 48 56 39 45 83991 1 83991 1 0 0 0 0 48 56 48 56 39 45 83991 1 83991 1 0 0 0 0 48 56 48 56 39 45 83991 1 83991 1 0 0 0 0 48 56 48 56 39 45 83991 1 83991 1 0 0 0 0
230 0 1000 0 0 1000 0 1000 49 57 49 57 39 45 105859 95 0 0 80291 1 25568 94 49 57 49 57 39 45 105859 95 0 0 80291 1 25568 94 49 57 49 57 39 45 105859 95 0 0 80291 1 25568 94 49 57 49 57 39 45 105859 95 0 0 80291 1 25568 94 49 57 49 57 39 45 105859 95 0 0 80291 1 25568 94 49 57 49 57 39 45 105859 95 0 0 80291 1 25568 94
231 0 1000 0 0 1000 0 1000 49 57 49 57 40 47 0 0 0 0 0 0 0 0 49 57 49 57 40 47 0 0 0 0 0 0 0 0 49 57 49 57 40 47 0 0 0 0 0 0 0 0 49 57 49 57 40 47 0 0 0 0 0 0 0 0 49 57 49 57 40 47 0 0 0 0 0 0 0 0 49 57 49 57 40 47 0 0 0 0 0 0 0 0
232 0 1000 0 0 1000 0 1000 49 57 49 57 40 47 0 0 0 0 0 0 0 0 49 57 49 57 40 47 0 0 0 0 0 0 0 0 49 57 49 57 40 47 0 0 0 0 0 0 0 0 49 57 49 57 40 47 0 0 0 0 0 0 0 0 49 57 49 57 40 47 0 0 0 0 0 0 0 0 49 57 49 57 40 47 0 0 0 0 0 0 0 0
233 0 1000 0 0 1000 0 1000 49 57 49 57 40 47 417234 5 417234 5 0 0 0 0 49 57 49 57 40 47 417234 5 417234 5 0 0 0 0 49 57 49 57 40 47 417234 5 417234 5 0 0 0 0 49 57 49 57 40 47 417234 5 417234 5 0 0 0 0 49 57 49 57 40 47 417234 5 417234 5 0 0 0 0 49 57 49 57 40 47 417234 5 417234 5 0 0 0 0
234 0 1000 0 0 1000 0 1000 50 58 50 58 40 47 107219 100 0 0 80291 1 26928 99 50 58 50 58 40 47 107219 100 0 0 80291 1 26928 99 50 58 50 58 40 47 107219 100 0 0 80291 1 26928 99 50 58 50 58 40 47 107219 100 0 0 80291 1 26928 99 50 58 50 58 40 47 107219 100 0 0 80291 1 26928 99 50 58 50 58 40 47 107219 100 0 0 80291 1 26928 99
235 0 1000 0 0 1000 0 1000 50 58 50 58 41 48 0 0 0 0 0 0 0 0 50 58 50 58 41 48 0 0 0 0 0 0 0 0 50 58 50 58 41 48 0 0 0 0 0 0 0 0 50 58 50 58 41 48 0 0 0 0 0 0 0 0 50 58 50 58 41 48 0 0 0 0 0 0 0 0 50 58 50 58 41 48 0 0 0 0 0 0 0 0
236 0 1000 0 0 1000 0 1000 50 58 50 58 41 48 0 0 0 0 0 0 0 0 50 58 50 58 41 48 0 0 0 0 0 0 0 0 50 58 50 58 41 48 0 0 0 0 0 0 0 0 50 58 50 58 41 48 0 0 0 0 0 0 0 0 50 58 50 58 41 48 0 0 0 0 0 0 0 0 50 58 50 58 41 48 0 0 0 0 0 0 0 0
237 0 1000 0 0 1000 0 1000 50 58 50 58 41 48 250821 3 250821 3 0 0 0 0 50 58 50 58 41 48 250821 3 250821 3 0 0 0 0 50 58 50 58 41 48 250821 3 250821 3 0 0 0 0 50 58 50 58 41 48 250821 3 250821 3 0 0 0 0 50 58 50 58 41 48 250821 3 250821 3 0 0 0 0 50 58 50 58 41 48 250821 3 250821 3 0 0 0 0
238 0 1000 0 0 1000 0 1000 51 59 51 59 41 48 108851 106 0 0 80291 1 28560 105 51 59 51 59 41 48 108851 106 0 0 80291 1 28560 105 51 59 51 59 41 48 108851 106 0 0 80291 1 28560 105 51 59 51 59 41 48 108851 106 0 0 80291 1 28560 105 51 59 51 59 41 48 108851 106 0 0 80291 1 28560 105 51 59 51 59 41 48 108851 106 0 0 80291 1 28560 105
239 0 1000 0 0 1000 0 1000 51 59 51 59 42 49 0 0 0 0 0 0 0 0 51 59 51 59 42 49 0 0 0 0 0 0 0 0 51 59 51 59 42 49 0 0 0 0 0 0 0 0 51 59 51 59 42 49 0 0 0 0 0 0 0 0 51 59 51 59 42 49 0 0 0 0 0 0 0 0 51 59 51 59 42 49 0 0 0 0 0 0 0 0
240 0 1000 0 0 1000 0 1000 51 59 51 59 42 49 0 0 0 0 0 0 0 0 51 59 51 59 42 49 0 0 0 0 0 0 0 0 51 59 51 59 42 49 0 0 0 0 0 0 0 0 51 59 51 59 42 49 0 0 0 0 0 0 0 0 51 59 51 59 42 49 0 0 0 0 0 0 0 0 51 59 51 59 42 49 0 0 0 0 0 0 0 0
241 0 1000 0 0 1000 0 1000 51 59 51 59 42 49 167598 2 167598 2 0 0 0 0 51 59 51 59 42 49 167598 2 167598 2 0 0 0 0 51 59 51 59 42 49 167598 2 167598 2 0 0 0 0 51 59 51 59 42 49 167598 2 167598 2 0 0 0 0 51 59 51 59 42 49 167598 2 167598 2 0 0 0 0 51 59 51 59 42 49 167598 2 167598 2 0 0 0 0
242 0 1000 0 0 1000 0 1000 52 60 52 60 42 49 109939 110 0 0 80291 1 29648 109 52 60 52 60 42 49 109939 110 0 0 80291 1 29648 109 52 60 52 60 42 49 109939 110 0 0 80291 1 29648 109 52 60 52 60 42 49 109939 110 0 0 80291 1 29648 109 52 60 52 60 42 49 109939 110 0 0 80291 1 29648 109 52 60 52 60 42 49 109939 110 0 0 80291 1 29648 109
243 0 1000 0 0 1000 0 1000 52 60 52 60 43 50 0 0 0 0 0 0 0 0 52 60 52 60 43 50 0 0 0 0 0 0 0 0 52 60 52 60 43 50 0 0 0 0 0 0 0 0 52 60 52 60 43 50 0 0 0 0 0 0 0 0 52 60 52 60 43 50 0 0 0 0 0 0 0 0 52 60 52 60 43 50 0 0 0 0 0 0 0 0
244 0 1000 0 0 1000 0 1000 52 60 52 60 43 50 0 0 0 0 0 0 0 0 52 60 52 60 43 50 0 0 0 0 0 0 0 0 52 60 52 60 43 50 0 0 0 0 0 0 0 0 52 60 52 60 43 50 0 0 0 0 0 0 0 0 52 60 52 60 43 50 0 0 0 0 0 0 0 0 52 60 52 60 43 50 0 0 0 0 0 0 0 0
245 0 1000 0 0 1000 0 1000 52 60 52 60 43 50 167854 2 167854 2 0 0 0 0 52 60 52 60 43 50 167854 2 167854 2 0 0 0 0 52 60 52 60 43 50 167854 2 167854 2 0 0 0 0 52 60 52 60 43 50 167854 2 167854 2 0 0 0 0 52 60 52 60 43 50 167854 2 167854 2 0 0 0 0 52 60 52 60 43 50 167854 2 167854 2 0 0 0 0
246 0 1000 0 0 1000 0 1000 53 61 53 61 43 50 106947 99 0 0 80291 1 26656 98 53 61 53 61 43 50 106947 99 0 0 80291 1 26656 98 53 61 53 61 43 50 106947 99 0 0 80291 1 26656 98 53 61 53 61 43 50 106947 99 0 0 80291 1 26656 98 53 61 53 61 43 50 106947 99 0 0 80291 1 26656 98 53 61 53 61 43 50 106947 99 0 0 80291 1 26656 98
247 0 1000 0 0 1000 0 1000 53 61 53 61 44 51 0 0 0 0 0 0 0 0 53 61 53 61 44 51 0 0 0 0 0 0 0 0 53 61 53 61 44 51 0 0 0 0 0 0 0 0 53 61 53 61 44 51 0 0 0 0 0 0 0 0 53 61 53 61 44 51 0 0 0 0 0 0 0 0 53 61 53 61 44 51 0 0 0 0 0 0 0 0
248 0 1000 0 0 1000 0 1000 53 61 53 61 44 51 0 0 0 0 0 0 0 0 53 61 53 61 44 51 0 0 0 0 0 0 0 0 53 61 53 61 44 51 0 0 0 0 0 0 0 0 53 61 53 61 44 51 0 0 0 0 0 0 0 0 53 61 53 61 44 51 0 0 0 0 0 0 0 0 53 61 53 61 44 51 0 0 0 0 0 0 0 0
249 0 1000 0 0 1000 0 1000 53 61 53 61 44 51 0 0 0 0 0 0 0 0 53 61 53 61 44 51 0 0 0 0 0 0 0 0 53 61 53 61 44 51 0 0 0 0 0 0 0 0 53 61 53 61 44 51 0 0 0 0 0 0 0 0 53 61 53 61 44 51 0 0 0 0 0 0 0 0 53 61 53 61 44 51 0 0 0 0 0 0 0 0
250 0 1000 0 0 1000 0 1000 53 61 53 61 44 51 25568 94 0 0 0 0 25568 94 53 61 53 61 44 51 25568 94 0 0 0 0 25568 94 53 61 53 61 44 51 25568 94 0 0 0 0 25568 94 53 61 53 61 44 51 25568 94 0 0 0 0 25568 94 53 61 53 61 44 51 25568 94 0 0 0 0 25568 94 53 61 53 61 44 51 25568 94 0 0 0 0 25568 94
251 0 1000 0 0 1000 0 1000 53 61 53 61 45 52 0 0 0 0 0 0 0 0 53 61 53 61 45 52 0 0 0 0 0 0 0 0 53 61 53 61 45 52 0 0 0 0 0 0 0 0 53 61 53 61 45 52 0 0 0 0 0 0 0 0 53 61 53 61 45 52 0 0 0 0 0 0 0 0 53 61 53 61 45 52 0 0 0 0 0 0 0 0
252 0 1000 0 0 1000 0 1000 53 61 53 61 45 52 0 0 0 0 0 0 0 0 53 61 53 61 45 52 0 0 0 0 0 0 0 0 53 61 53 61 45 52 0 0 0 0 0 0 0 0 53 61 53 61 45 52 0 0 0 0 0 0 0 0 53 61 53 61 45 52 0 0 0 0 0 0 0 0 53 61 53 61 45 52 0 0 0 0 0 0 0 0
253 0 1000 0 0 1000 0 1000 53 61 53 61 45 52 0 0 0 0 0 0 0 0 53 61 53 61 45 52 0 0 0 0 0 0 0 0 53 61 53 61 45 52 0 0 0 0 0 0 0 0 53 61 53 61 45 52 0 0 0 0 0 0 0 0 53 61 53 61 45 52 0 0 0 0 0 0 0 0 53 61 53 61 45 52 0 0 0 0 0 0 0 0
254 0 1000 0 0 1000 0 1000 53 61 53 61 45 52 30192 111 0 0 0 0 30192 111 53 61 53 61 45 52 30192 111 0 0 0 0 30192 111 53 61 53 61 45 52 30192 111 0 0 0 0 30192 111 53 61 53 61 45 52 30192 111 0 0 0 0 30192 111 53 61 53 61 45 52 30192 111 0 0 0 0 30192 111 53 61 53 61 45 52 30192 111 0 0 0 0 30192 111
255 0 1000 0 0 1000 0 1000 53 61 53 61 46 53 0 0 0 0 0 0 0 0 53 61 53 61 46 53 0 0 0 0 0 0 0 0 53 61 53 61 46 53 0 0 0 0 0 0 0 0 53 61 53 61 46 53 0 0 0 0 0 0 0 0 53 61 53 61 46 53 0 0 0 0 0 0 0 0 53 61 53 61 46 53 0 0 0 0 0 0 0 0
256 0 1000 0 0 1000 0 1000 53 61 53 61 46 53 0 0 0 0 0 0 0 0 53 61 53 61 46 53 0 0 0 0 0 0 0 0 53 61 53 61 46 53 0 0 0 0 0 0 0 0 53 61 53 61 46 53 0 0 0 0 0 0 0 0 53 61 53 61 46 53 0 0 0 0 0 0 0 0 53 61 53 61 46 53 0 0 0 0 0 0 0 0
257 0 1000 0 0 1000 0 1000 53 61 53 61 46 53 167982 2 167982 2 0 0 0 0 53 61 53 61 46 53 167982 2 167982 2 0 0 0 0 53 61 53 61 46 53 167982 2 167982 2 0 0 0 0 53 61 53 61 46 53 167982 2 167982 2 0 0 0 0 53 61 53 61 46 53 167982 2 167982 2 0 0 0 0 53 61 53 61 46 53 167982 2 167982 2 0 0 0 0
258 0 1000 0 0 1000 0 1000 54 64 54 64 46 53 107763 102 0 0 80291 1 27472 101 54 64 54 64 46 53 107763 102 0 0 80291 1 27472 101 54 64 54 64 46 53 107763 102 0 0 80291 1 27472 101 54 64 54 64 46 53 107763 102 0 0 80291 1 27472 101 54 64 54 64 46 53 107763 102 0 0 80291 1 27472 101 54 64 54 64 46 53 107763 102 0 0 80291 1 27472 101
259 0 1000 0 0 1000 0 1000 54 64 54 64 46 53 0 0 0 0 0 0 0 0 54 64 54 64 46 53 0 0 0 0 0 0 0 0 54 64 54 64 46 53 0 0 0 0 0 0 0 0 54 64 54 64 46 53 0 0 0 0 0 0 0 0 54 64 54 64 46 53 0 0 0 0 0 0 0 0 54 64 54 64 46 53 0 0 0 0 0 0 0 0
260 0 1000 0 0 1000 0 1000 54 64 54 64 46 53 0 0 0 0 0 0 0 0 54 64 54 64 46 53 0 0 0 0 0 0 0 0 54 64 54 64 46 53 0 0 0 0 0 0 0 0 54 64 54 64 46 53 0 0 0 0 0 0 0 0 54 64 54 64 46 53 0 0 0 0 0 0 0 0 54 64 54 64 46 53 0 0 0 0 0 0 0 0
261 0 1000 0 0 1000 0 1000 54 64 54 64 46 53 167342 2 167342 2 0 0 0 0 54 64 54 64 46 53 167342 2 167342 2 0 0 0 0 54 64 54 64 46 53 167342 2 167342 2 0 0 0 0 54 64 54 64 46 53 167342 2 167342 2 0 0 0 0 54 64 54 64 46 53 167342 2 167342 2 0 0 0 0 54 64 54 64 46 53 167342 2 167342 2 0 0 0 0
262 0 1000 0 0 1000 0 1000 55 65 55 65 46 53 105859 95 0 0 80291 1 25568 94 55 65 55 65 46 53 105859 95 0 0 80291 1 25568 94 55 65 55 65 46 53 105859 95 0 0 80291 1 25568 94 55 65 55 65 46 53 105859 95 0 0 80291 1 25568 94 55 65 55 65 46 53 105859 95 0 0 80291 1 25568 94 55 65 55 65 46 53 105859 95 0 0 80291 1 25568 94
263 0 1000 0 0 1000 0 1000 55 65 55 65 47 55 0 0 0 0 0 0 0 0 55 65 55 65 47 55 0 0 0 0 0 0 0 0 55 65 55 65 47 55 0 0 0 0 0 0 0 0 55 65 55 65 47 55 0 0 0 0 0 0 0 0 55 65 55 65 47 55 0 0 0 0 0 0 0 0 55 65 55 65 47 55 0 0 0 0 0 0 0 0
264 0 1000 0 0 1000 0 1000 55 65 55 65 47 55 0 0 0 0 0 0 0 0 55 65 55 65 47 55 0 0 0 0 0 0 0 0 55 65 55 65 47 55 0 0 0 0 0 0 0 0 55 65 55 65 47 55 0 0 0 0 0 0 0 0 55 65 55 65 47 55 0 0 0 0 0 0 0 0 55 65 55 65 47 55 0 0 0 0 0 0 0 0
265 0 1000 0 0 1000 0 1000 55 65 55 65 47 55 83446 1 83446 1 0 0 0 0 55 65 55 65 47 55 83446 1 83446 1 0 0 0 0 55 65 55 65 47 55 83446 1 83446 1 0 0 0 0 55 65 55 65 47 55 83446 1 83446 1 0 0 0 0 55 65 55 65 47 55 83446 1 83446 1 0 0 0 0 55 65 55 65 47 55 83446 1 83446 1 0 0 0 0
266 0 1000 0 0 1000 0 1000 56 66 56 66 47 55 107490 101 0 0 80290 1 27200 100 56 66 56 66 47 55 107490 101 0 0 80290 1 27200 100 56 66 56 66 47 55 107490 101 0 0 80290 1 27200 100 56 66 56 66 47 55 107490 101 0 0 80290 1 27200 100 56 66 56 66 47 55 107490 101 0 0 80290 1 27200 100 56 66 56 66 47 55 107490 101 0 0 80290 1 27200 100
267 0 1000 0 0 1000 0 1000 56 66 56 66 48 56 0 0 0 0 0 0 0 0 56 66 56 66 48 56 0 0 0 0 0 0 0 0 56 66 56 66 48 56 0 0 0 0 0 0 0 0 56 66 56 66 48 56 0 0 0 0 0 0 0 0 56 66 56 66 48 56 0 0 0 0 0 0 0 0 56 66 56 66 48 56 0 0 0 0 0 0 0 0
268 0 1000 0 0 1000 0 1000 56 66 56 66 48 56 0 0 0 0 0 0 0 0 56 66 56 66 48 56 0 0 0 0 0 0 0 0 56 66 56 66 48 56 0 0 0 0 0 0 0 0 56 66 56 66 48 56 0 0 0 0 0 0 0 0 56 66 56 66 48 56 0 0 0 0 0 0 0 0 56 66 56 66 48 56 0 0 0 0 0 0 0 0
269 0 1000 0 0 1000 0 1000 56 66 56 66 48 56 83639 1 83639 1 0 0 0 0 56 66 56 66 48 56 83639 1 83639 1 0 0 0 0 56 66 56 66 48 56 83639 1 83639 1 0 0 0 0 56 66 56 66 48 56 83639 1 83639 1 0 0 0 0 56 66 56 66 48 56 83639 1 83639 1 0 0 0 0 56 66 56 66 48 56 83639 1 83639 1 0 0 0 0
270 0 1000 0 0 1000 0 1000 57 67 57 67 48 56 109395 108 0 0 80291 1 29104 107 57 67 57 67 48 56 109395 108 0 0 80291 1 29104 107 57 67 57 67 48 56 109395 108 0 0 80291 1 29104 107 57 67 57 67 48 56 109395 108 0 0 80291 1 29104 107 57 67 57 67 48 56 109395 108 0 0 80291 1 29104 107 57 67 57 67 48 56 109395 108 0 0 80291 1 29104 107
271 0 1000 0 0 1000 0 1000 57 67 57 67 49 57 0 0 0 0 0 0 0 0 57 67 57 67 49 57 0 0 0 0 0 0 0 0 57 67 57 67 49 57 0 0 0 0 0 0 0 0 57 67 57 67 49 57 0 0 0 0 0 0 0 0 57 67 57 67 49 57 0 0 0 0 0 0 0 0 57 67 57 67 49 57 0 0 0 0 0 0 0 0
272 0 1000 0 0 1000 0 1000 57 67 57 67 49 57 0 0 0 0 0 0 0 0 57 67 57 67 49 57 0 0 0 0 0 0 0 0 57 67 57 67 49 57 0 0 0 0 0 0 0 0 57 67 57 67 49 57 0 0 0 0 0 0 0 0 57 67 57 67 49 57 0 0 0 0 0 0 0 0 57 67 57 67 49 57 0 0 0 0 0 0 0 0
273 0 1000 0 0 1000 0 1000 57 67 57 67 49 57 251589 3 251589 3 0 0 0 0 57 67 57 67 49 57 251589 3 251589 3 0 0 0 0 57 67 57 67 49 57 251589 3 251589 3 0 0 0 0 57 67 57 67 49 57 251589 3 251589 3 0 0 0 0 57 67 57 67 49 57 251589 3 251589 3 0 0 0 0 57 67 57 67 49 57 251589 3 251589 3 0 0 0 0
274 0 1000 0 0 1000 0 1000 58 68 58 68 49 57 112387 119 0 0 80291 1 32096 118 58 68 58 68 49 57 112387 119 0 0 80291 1 32096 118 58 68 58 68 49 57 112387 119 0 0 80291 1 32096 118 58 68 58 68 49 57 112387 119 0 0 80291 1 32096 118 58 68 58 68 49 57 112387 119 0 0 80291 1 32096 118 58 68 58 68 49 57 112387 119 0 0 80291 1 32096 118
275 0 1000 0 0 1000 0 1000 58 68 58 68 50 58 0 0 0 0 0 0 0 0 58 68 58 68 50 58 0 0 0 0 0 0 0 0 58 68 58 68 50 58 0 0 0 0 0 0 0 0 58 68 58 68 50 58 0 0 0 0 0 0 0 0 58 68 58 68 50 58 0 0 0 0 0 0 0 0 58 68 58 68 50 58 0 0 0 0 0 0 0 0
276 0 1000 0 0 1000 0 1000 58 68 58 68 50 58 0 0 0 0 0 0 0 0 58 68 58 68 50 58 0 0 0 0 0 0 0 0 58 68 58 68 50 58 0 0 0 0 0 0 0 0 58 68 58 68 50 58 0 0 0 0 0 0 0 0 58 68 58 68 50 58 0 0 0 0 0 0 0 0 58 68 58 68 50 58 0 0 0 0 0 0 0 0
277 0 1000 0 0 1000 0 1000 58 68 58 68 50 58 252645 3 252645 3 0 0 0 0 58 68 58 68 50 58 252645 3 252645 3 0 0 0 0 58 68 58 68 50 58 252645 3 252645 3 0 0 0 0 58 68 58 68 50 58 252645 3 252645 3 0 0 0 0 58 68 58 68 50 58 252645 3 252645 3 0 0 0 0 58 68 58 68 50 58 252645 3 252645 3 0 0 0 0
278 0 1000 0 0 1000 0 1000 59 69 59 69 50 58 103683 87 0 0 80291 1 23392 86 59 69 59 69 50 58 103683 87 0 0 80291 1 23392 86 59 69 59 69 50 58 103683 87 0 0 80291 1 23392 86 59 69 59 69 50 58 103683 87 0 0 80291 1 23392 86 59 69 59 69 50 58 103683 87 0 0 80291 1 23392 86 59 69 59 69 50 58 103683 87 0 0 80291 1 23392 86
279 0 1000 0 0 1000 0 1000 59 69 59 69 51 59 0 0 0 0 0 0 0 0 59 69 59 69 51 59 0 0 0 0 0 0 0 0 59 69 59 69 51 59 0 0 0 0 0 0 0 0 59 69 59 69 51 59 0 0 0 0 0 0 0 0 59 69 59 69 51 59 0 0 0 0 0 0 0 0 59 69 59 69 51 59 0 0 0 0 0 0 0 0
280 0 1000 0 0 1000 0 1000 59 69 59 69 51 59 0 0 0 0 0 0 0 0 59 69 59 69 51 59 0 0 0 0 0 0 0 0 59 69 59 69 51 59 0 0 0 0 0 0 0 0 59 69 59 69 51 59 0 0 0 0 0 0 0 0 59 69 59 69 51 59 0 0 0 0 0 0 0 0 59 69 59 69 51 59 0 0 0 0 0 0 0 0
281 0 1000 0 0 1000 0 1000 59 69 59 69 51 59 582336 7 582336 7 0 0 0 0 59 69 59 69 51 59 582336 7 582336 7 0 0 0 0 59 69 59 69 51 59 582336 7 582336 7 0 0 0 0 59 69 59 69 51 59 582336 7 582336 7 0 0 0 0 59 69 59 69 51 59 582336 7 582336 7 0 0 0 0 59 69 59 69 51 59 582336 7 582336 7 0 0 0 0
282 0 1000 0 0 1000 0 1000 60 70 60 70 51 59 106675 98 0 0 80291 1 26384 97 60 70 60 70 51 59 106675 98 0 0 80291 1 26384 97 60 70 60 70 51 59 106675 98 0 0 80291 1 26384 97 60 70 60 70 51 59 106675 98 0 0 80291 1 26384 97 60 70 60 70 51 59 106675 98 0 0 80291 1 26384 97 60 70 60 70 51 59 106675 98 0 0 80291 1 26384 97
283 0 1000 0 0 1000 0 1000 60 70 60 70 52 60 0 0 0 0 0 0 0 0 60 70 60 70 52 60 0 0 0 0 0 0 0 0 60 70 60 70 52 60 0 0 0 0 0 0 0 0 60 70 60 70 52 60 0 0 0 0 0 0 0 0 60 70 60 70 52 60 0 0 0 0 0 0 0 0 60 70 60 70 52 60 0 0 0 0 0 0 0 0
284 0 1000 0 0 1000 0 1000 60 70 60 70 52 60 0 0 0 0 0 0 0 0 60 70 60 70 52 60 0 0 0 0 0 0 0 0 60 70 60 70 52 60 0 0 0 0 0 0 0 0 60 70 60 70 52 60 0 0 0 0 0 0 0 0 60 70 60 70 52 60 0 0 0 0 0 0 0 0 60 70 60 70 52 60 0 0 0 0 0 0 0 0
285 0 1000 0 0 1000 0 1000 60 70 60 70 52 60 250629 3 250629 3 0 0 0 0 60 70 60 70 52 60 250629 3 250629 3 0 0 0 0 60 70 60 70 52 60 250629 3 250629 3 0 0 0 0 60 70 60 70 52 60 250629 3 250629 3 0 0 0 0 60 70 60 70 52 60 250629 3 250629 3 0 0 0 0 60 70 60 70 52 60 250629 3 250629 3 0 0 0 0
286 0 1000 0 0 1000 0 1000 61 71 61 71 52 60 103955 88 0 0 80291 1 23664 87 61 71 61 71 52 60 103955 88 0 0 80291 1 23664 87 61 71 61 71 52 60 103955 88 0 0 80291 1 23664 87 61 71 61 71 52 60 103955 88 0 0 80291 1 23664 87 61 71 61 71 52 60 103955 88 0 0 80291 1 23664 87 61 71 61 71 52 60 103955 88 0 0 80291 1 23664 87
287 0 1000 0 0 1000 0 1000 61 71 61 71 53 61 0 0 0 0 0 0 0 0 61 71 61 71 53 61 0 0 0 0 0 0 0 0 61 71 61 71 53 61 0 0 0 0 0 0 0 0 61 71 61 71 53 61 0 0 0 0 0 0 0 0 61 71 61 71 53 61 0 0 0 0 0 0 0 0 61 71 61 71 53 61 0 0 0 0 0 0 0 0
288 0 1000 0 0 1000 0 1000 61 71 61 71 53 61 0 0 0 0 0 0 0 0 61 71 61 71 53 61 0 0 0 0 0 0 0 0 61 71 61 71 53 61 0 0 0 0 0 0 0 0 61 71 61 71 53 61 0 0 0 0 0 0 0 0 61 71 61 71 53 61 0 0 0 0 0 0 0 0 61 71 61 71 53 61 0 0 0 0 0 0 0 0
289 0 1000 0 0 1000 0 1000 61 71 61 71 53 61 0 0 0 0 0 0 0 0 61 71 61 71 53 61 0 0 0 0 0 0 0 0 61 71 61 71 53 61 0 0 0 0 0 0 0 0 61 71 61 71 53 61 0 0 0 0 0 0 0 0 61 71 61 71 53 61 0 0 0 0 0 0 0 0 61 71 61 71 53 61 0 0 0 0 0 0 0 0
290 0 1000 0 0 1000 0 1000 61 71 61 71 53 61 27200 100 0 0 0 0 27200 100 61 71 61 71 53 61 27200 100 0 0 0 0 27200 100 61 71 61 71 53 61 27200 100 0 0 0 0 27200 100 61 71 61 71 53 61 27200 100 0 0 0 0 27200 100 61 71 61 71 53 61 27200 100 0 0 0 0 27200 100 61 71 61 71 53 61 27200 100 0 0 0 0 27200 100
291 0 1000 0 0 1000 0 1000 61 71 61 71 53 61 0 0 0 0 0 0 0 0 61 71 61 71 53 61 0 0 0 0 0 0 0 0 61 71 61 71 53 61 0 0 0 0 0 0 0 0 61 71 61 71 53 61 0 0 0 0 0 0 0 0 61 71 61 71 53 61 0 0 0 0 0 0 0 0 61 71 61 71 53 61 0 0 0 0 0 0 0 0
292 0 1000 0 0 1000 0 1000 61 71 61 71 53 61 0 0 0 0 0 0 0 0 61 71 61 71 53 61 0 0 0 0 0 0 0 0 61 71 61 71 53 61 0 0 0 0 0 0 0 0 61 71 61 71 53 61 0 0 0 0 0 0 0 0 61 71 61 71 53 61 0 0 0 0 0 0 0 0 61 71 61 71 53 61 0 0 0 0 0 0 0 0
293 0 1000 0 0 1000 0 1000 61 71 61 71 53 61 167278 2 167278 2 0 0 0 0 61 71 61 71 53 61 167278 2 167278 2 0 0 0 0 61 71 61 71 53 61 167278 2 167278 2 0 0 0 0 61 71 61 71 53 61 167278 2 167278 2 0 0 0 0 61 71 61 71 53 61 167278 2 167278 2 0 0 0 0 61 71 61 71 53 61 167278 2 167278 2 0 0 0 0
294 0 1000 0 0 1000 0 1000 62 73 62 73 53 61 102867 84 0 0 80291 1 22576 83 62 73 62 73 53 61 102867 84 0 0 80291 1 22576 83 62 73 62 73 53 61 102867 84 0 0 80291 1 22576 83 62 73 62 73 53 61 102867 84 0 0 80291 1 22576 83 62 73 62 73 53 61 102867 84 0 0 80291 1 22576 83 62 73 62 73 53 61 102867 84 0 0 80291 1 22576 83
295 0 1000 0 0 1000 0 1000 62 73 62 73 53 61 0 0 0 0 0 0 0 0 62 73 62 73 53 61 0 0 0 0 0 0 0 0 62 73 62 73 53 61 0 0 0 0 0 0 0 0 62 73 62 73 53 61 0 0 0 0 0 0 0 0 62 73 62 73 53 61 0 0 0 0 0 0 0 0 62 73 62 73 53 61 0 0 0 0 0 0 0 0
296 0 1000 0 0 1000 0 1000 62 73 62 73 53 61 0 0 0 0 0 0 0 0 62 73 62 73 53 61 0 0 0 0 0 0 0 0 62 73 62 73 53 61 0 0 0 0 0 0 0 0 62 73 62 73 53 61 0 0 0 0 0 0 0 0 62 73 62 73 53 61 0 0 0 0 0 0 0 0 62 73 62 73 53 61 0 0 0 0 0 0 0 0
297 0 1000 0 0 1000 0 1000 62 73 62 73 53 61 166190 2 166190 2 0 0 0 0 62 73 62 73 53 61 166190 2 166190 2 0 0 0 0 62 73 62 73 53 61 166190 2 166190 2 0 0 0 0 62 73 62 73 53 61 166190 2 166190 2 0 0 0 0 62 73 62 73 53 61 166190 2 166190 2 0 0 0 0 62 73 62 73 53 61 166190 2 166190 2 0 0 0 0
298 0 1000 0 0 1000 0 1000 63 74 63 74 53 61 105043 92 0 0 80291 1 24752 91 63 74 63 74 53 61 105043 92 0 0 80291 1 24752 91 63 74 63 74 53 61 105043 92 0 0 80291 1 24752 91 63 74 63 74 53 61 105043 92 0 0 80291 1 24752 91 63 74 63 74 53 61 105043 92 0 0 80291 1 24752 91 63 74 63 74 53 61 105043 92 0 0 80291 1 24752 91
299 0 1000 0 0 1000 0 1000 63 74 63 74 54 64 0 0 0 0 0 0 0 0 63 74 63 74 54 64 0 0 0 0 0 0 0 0 63 74 63 74 54 64 0 0 0 0 0 0 0 0 63 74 63 74 54 64 0 0 0 0 0 0 0 0 63 74 63 74 54 64 0 0 0 0 0 0 0 0 63 74 63 74 54 64 0 0 0 0 0 0 0 0
300 0 1000 0 0 1000 0 1000 63 74 63 74 54 64 0 0 0 0 0 0 0 0 63 74 63 74 54 64 0 0 0 0 0 0 0 0 63 74 63 74 54 64 0 0 0 0 0 0 0 0 63 74 63 74 54 64 0 0 0 0 0 0 0 0 63 74 63 74 54 64 0 0 0 0 0 0 0 0 63 74 63 74 54 64 0 0 0 0 0 0 0 0
301 0 1000 0 0 1000 0 1000 63 74 63 74 54 64 250053 3 250053 3 0 0 0 0 63 74 63 74 54 64 250053 3 250053 3 0 0 0 0 63 74 63 74 54 64 250053 3 250053 3 0 0 0 0 63 74 63 74 54 64 250053 3 250053 3 0 0 0 0 63 74 63 74 54 64 250053 3 250053 3 0 0 0 0 63 74 63 74 54 64 250053 3 250053 3 0 0 0 0
302 0 1000 0 0 1000 0 1000 64 75 64 75 54 64 109395 108 0 0 80291 1 29104 107 64 75 64 75 54 64 109395 108 0 0 80291 1 29104 107 64 75 64 75 54 64 109395 108 0 0 80291 1 29104 107 64 75 64 75 54 64 109395 108 0 0 80291 1 29104 107 64 75 64 75 54 64 109395 108 0 0 80291 1 29104 107 64 75 64 75 54 64 109395 108 0 0 80291 1 29104 107
303 0 1000 0 0 1000 0 1000 64 75 64 75 55 65 0 0 0 0 0 0 0 0 64 75 64 75 55 65 0 0 0 0 0 0 0 0 64 75 64 75 55 65 0 0 0 0 0 0 0 0 64 75 64 75 55 65 0 0 0 0 0 0 0 0 64 75 64 75 55 65 0 0 0 0 0 0 0 0 64 75 64 75 55 65 0 0 0 0 0 0 0 0
