r n_asleep n_awake n_honest_asleep n_honest_dreamy n_honest_awake n_adversary n_all party0_ledger_best_length party0_ledger_best_age party0_ledger_fast_length party0_ledger_fast_age party0_ledger_slow_length party0_ledger_slow_age party0_comms_all_size party0_comms_all_count party0_comms_proposal_size party0_comms_proposal_count party0_comms_piece_block_size party0_comms_piece_block_count party0_comms_piece_vote_size party0_comms_piece_vote_count party1_ledger_best_length party1_ledger_best_age party1_ledger_fast_length party1_ledger_fast_age party1_ledger_slow_length party1_ledger_slow_age party1_comms_all_size party1_comms_all_count party1_comms_proposal_size party1_comms_proposal_count party1_comms_piece_block_size party1_comms_piece_block_count party1_comms_piece_vote_size party1_comms_piece_vote_count party2_ledger_best_length party2_ledger_best_age party2_ledger_fast_length party2_ledger_fast_age party2_ledger_slow_length party2_ledger_slow_age party2_comms_all_size party2_comms_all_count party2_comms_proposal_size party2_comms_proposal_count party2_comms_piece_block_size party2_comms_piece_block_count party2_comms_piece_vote_size party2_comms_piece_vote_count party3_ledger_best_length party3_ledger_best_age party3_ledger_fast_length party3_ledger_fast_age party3_ledger_slow_length party3_ledger_slow_age party3_comms_all_size party3_comms_all_count party3_comms_proposal_size party3_comms_proposal_count party3_comms_piece_block_size party3_comms_piece_block_count party3_comms_piece_vote_size party3_comms_piece_vote_count party4_ledger_best_length party4_ledger_best_age party4_ledger_fast_length party4_ledger_fast_age party4_ledger_slow_length party4_ledger_slow_age party4_comms_all_size party4_comms_all_count party4_comms_proposal_size party4_comms_proposal_count party4_comms_piece_block_size party4_comms_piece_block_count party4_comms_piece_vote_size party4_comms_piece_vote_count partyALWAYSAWAKE_ledger_best_length partyALWAYSAWAKE_ledger_best_age partyALWAYSAWAKE_ledger_fast_length partyALWAYSAWAKE_ledger_fast_age partyALWAYSAWAKE_ledger_slow_length partyALWAYSAWAKE_ledger_slow_age partyALWAYSAWAKE_comms_all_size partyALWAYSAWAKE_comms_all_count partyALWAYSAWAKE_comms_proposal_size partyALWAYSAWAKE_comms_proposal_count partyALWAYSAWAKE_comms_piece_block_size partyALWAYSAWAKE_comms_piece_block_count partyALWAYSAWAKE_comms_piece_vote_size partyALWAYSAWAKE_comms_piece_vote_count
4 0 1000 0 0 1000 0 1000 0 0 0 0 0 0 0 0 0 0 0 0 0 0 0 0 0 0 0 0 0 0 0 0 0 0 0 0 0 0 0 0 0 0 0 0 0 0 0 0 0 0 0 0 0 0 0 0 0 0 0 0 0 0 0 0 0 0 0 0 0 0 0 0 0 0 0 0 0 0 0 0 0 0 0 0 0 0 0 0 0 0 0 0
5 0 1000 0 0 1000 0 1000 0 0 0 0 0 0 160875 2 160875 2 0 0 0 0 0 0 0 0 0 0 160875 2 160875 2 0 0 0 0 0 0 0 0 0 0 160875 2 160875 2 0 0 0 0 0 0 0 0 0 0 160875 2 160875 2 0 0 0 0 0 0 0 0 0 0 160875 2 160875 2 0 0 0 0 0 0 0 0 0 0 160875 2 160875 2 0 0 0 0
6 0 1000 0 0 1000 0 1000 1 1 1 1 0 0 108849 106 0 0 80289 1 28560 105 1 1 1 1 0 0 108849 106 0 0 80289 1 28560 105 1 1 1 1 0 0 108849 106 0 0 80289 1 28560 105 1 1 1 1 0 0 108849 106 0 0 80289 1 28560 105 1 1 1 1 0 0 108849 106 0 0 80289 1 28560 105 1 1 1 1 0 0 108849 106 0 0 80289 1 28560 105
7 0 1000 0 0 1000 0 1000 1 1 1 1 0 0 0 0 0 0 0 0 0 0 1 1 1 1 0 0 0 0 0 0 0 0 0 0 1 1 1 1 0 0 0 0 0 0 0 0 0 0 1 1 1 1 0 0 0 0 0 0 0 0 0 0 1 1 1 1 0 0 0 0 0 0 0 0 0 0 1 1 1 1 0 0 0 0 0 0 0 0 0 0
8 0 1000 0 0 1000 0 1000 1 1 1 1 0 0 0 0 0 0 0 0 0 0 1 1 1 1 0 0 0 0 0 0 0 0 0 0 1 1 1 1 0 0 0 0 0 0 0 0 0 0 1 1 1 1 0 0 0 0 0 0 0 0 0 0 1 1 1 1 0 0 0 0 0 0 0 0 0 0 1 1 1 1 0 0 0 0 0 0 0 0 0 0
9 0 1000 0 0 1000 0 1000 1 1 1 1 0 0 335192 4 335192 4 0 0 0 0 1 1 1 1 0 0 335192 4 335192 4 0 0 0 0 1 1 1 1 0 0 335192 4 335192 4 0 0 0 0 1 1 1 1 0 0 335192 4 335192 4 0 0 0 0 1 1 1 1 0 0 335192 4 335192 4 0 0 0 0 1 1 1 1 0 0 335192 4 335192 4 0 0 0 0
10 0 1000 0 0 1000 0 1000 2 2 2 2 0 0 104226 89 0 0 80290 1 23936 88 2 2 2 2 0 0 104226 89 0 0 80290 1 23936 88 2 2 2 2 0 0 104226 89 0 0 80290 1 23936 88 2 2 2 2 0 0 104226 89 0 0 80290 1 23936 88 2 2 2 2 0 0 104226 89 0 0 80290 1 23936 88 2 2 2 2 0 0 104226 89 0 0 80290 1 23936 88
11 0 1000 0 0 1000 0 1000 2 2 2 2 0 0 0 0 0 0 0 0 0 0 2 2 2 2 0 0 0 0 0 0 0 0 0 0 2 2 2 2 0 0 0 0 0 0 0 0 0 0 2 2 2 2 0 0 0 0 0 0 0 0 0 0 2 2 2 2 0 0 0 0 0 0 0 0 0 0 2 2 2 2 0 0 0 0 0 0 0 0 0 0
12 0 1000 0 0 1000 0 1000 2 2 2 2 0 0 0 0 0 0 0 0 0 0 2 2 2 2 0 0 0 0 0 0 0 0 0 0 2 2 2 2 0 0 0 0 0 0 0 0 0 0 2 2 2 2 0 0 0 0 0 0 0 0 0 0 2 2 2 2 0 0 0 0 0 0 0 0 0 0 2 2 2 2 0 0 0 0 0 0 0 0 0 0
13 0 1000 0 0 1000 0 1000 2 2 2 2 0 0 333015 4 333015 4 0 0 0 0 2 2 2 2 0 0 333015 4 333015 4 0 0 0 0 2 2 2 2 0 0 333015 4 333015 4 0 0 0 0 2 2 2 2 0 0 333015 4 333015 4 0 0 0 0 2 2 2 2 0 0 333015 4 333015 4 0 0 0 0 2 2 2 2 0 0 333015 4 333015 4 0 0 0 0
14 0 1000 0 0 1000 0 1000 3 3 3 3 0 0 103953 88 0 0 80289 1 23664 87 3 3 3 3 0 0 103953 88 0 0 80289 1 23664 87 3 3 3 3 0 0 103953 88 0 0 80289 1 23664 87 3 3 3 3 0 0 103953 88 0 0 80289 1 23664 87 3 3 3 3 0 0 103953 88 0 0 80289 1 23664 87 3 3 3 3 0 0 103953 88 0 0 80289 1 23664 87
15 0 1000 0 0 1000 0 1000 3 3 3 3 0 0 0 0 0 0 0 0 0 0 3 3 3 3 0 0 0 0 0 0 0 0 0 0 3 3 3 3 0 0 0 0 0 0 0 0 0 0 3 3 3 3 0 0 0 0 0 0 0 0 0 0 3 3 3 3 0 0 0 0 0 0 0 0 0 0 3 3 3 3 0 0 0 0 0 0 0 0 0 0
16 0 1000 0 0 1000 0 1000 3 3 3 3 0 0 0 0 0 0 0 0 0 0 3 3 3 3 0 0 0 0 0 0 0 0 0 0 3 3 3 3 0 0 0 0 0 0 0 0 0 0 3 3 3 3 0 0 0 0 0 0 0 0 0 0 3 3 3 3 0 0 0 0 0 0 0 0 0 0 3 3 3 3 0 0 0 0 0 0 0 0 0 0
17 0 1000 0 0 1000 0 1000 3 3 3 3 0 0 0 0 0 0 0 0 0 0 3 3 3 3 0 0 0 0 0 0 0 0 0 0 3 3 3 3 0 0 0 0 0 0 0 0 0 0 3 3 3 3 0 0 0 0 0 0 0 0 0 0 3 3 3 3 0 0 0 0 0 0 0 0 0 0 3 3 3 3 0 0 0 0 0 0 0 0 0 0
18 0 1000 0 0 1000 0 1000 3 3 3 3 0 0 32912 121 0 0 0 0 32912 121 3 3 3 3 0 0 32912 121 0 0 0 0 32912 121 3 3 3 3 0 0 32912 121 0 0 0 0 32912 121 3 3 3 3 0 0 32912 121 0 0 0 0 32912 121 3 3 3 3 0 0 32912 121 0 0 0 0 32912 121 3 3 3 3 0 0 32912 121 0 0 0 0 32912 121
19 0 1000 0 0 1000 0 1000 3 3 3 3 0 0 0 0 0 0 0 0 0 0 3 3 3 3 0 0 0 0 0 0 0 0 0 0 3 3 3 3 0 0 0 0 0 0 0 0 0 0 3 3 3 3 0 0 0 0 0 0 0 0 0 0 3 3 3 3 0 0 0 0 0 0 0 0 0 0 3 3 3 3 0 0 0 0 0 0 0 0 0 0
20 0 1000 0 0 1000 0 1000 3 3 3 3 0 0 0 0 0 0 0 0 0 0 3 3 3 3 0 0 0 0 0 0 0 0 0 0 3 3 3 3 0 0 0 0 0 0 0 0 0 0 3 3 3 3 0 0 0 0 0 0 0 0 0 0 3 3 3 3 0 0 0 0 0 0 0 0 0 0 3 3 3 3 0 0 0 0 0 0 0 0 0 0
21 0 1000 0 0 1000 0 1000 3 3 3 3 0 0 168620 2 168620 2 0 0 0 0 3 3 3 3 0 0 168620 2 168620 2 0 0 0 0 3 3 3 3 0 0 168620 2 168620 2 0 0 0 0 3 3 3 3 0 0 168620 2 168620 2 0 0 0 0 3 3 3 3 0 0 168620 2 168620 2 0 0 0 0 3 3 3 3 0 0 168620 2 168620 2 0 0 0 0
22 0 1000 0 0 1000 0 1000 4 5 4 5 0 0 106130 96 0 0 80290 1 25840 95 4 5 4 5 0 0 106130 96 0 0 80290 1 25840 95 4 5 4 5 0 0 106130 96 0 0 80290 1 25840 95 4 5 4 5 0 0 106130 96 0 0 80290 1 25840 95 4 5 4 5 0 0 106130 96 0 0 80290 1 25840 95 4 5 4 5 0 0 106130 96 0 0 80290 1 25840 95
23 0 1000 0 0 1000 0 1000 4 5 4 5 0 0 0 0 0 0 0 0 0 0 4 5 4 5 0 0 0 0 0 0 0 0 0 0 4 5 4 5 0 0 0 0 0 0 0 0 0 0 4 5 4 5 0 0 0 0 0 0 0 0 0 0 4 5 4 5 0 0 0 0 0 0 0 0 0 0 4 5 4 5 0 0 0 0 0 0 0 0 0 0
24 0 1000 0 0 1000 0 1000 4 5 4 5 0 0 0 0 0 0 0 0 0 0 4 5 4 5 0 0 0 0 0 0 0 0 0 0 4 5 4 5 0 0 0 0 0 0 0 0 0 0 4 5 4 5 0 0 0 0 0 0 0 0 0 0 4 5 4 5 0 0 0 0 0 0 0 0 0 0 4 5 4 5 0 0 0 0 0 0 0 0 0 0
25 0 1000 0 0 1000 0 1000 4 5 4 5 0 0 166956 2 166956 2 0 0 0 0 4 5 4 5 0 0 166956 2 166956 2 0 0 0 0 4 5 4 5 0 0 166956 2 166956 2 0 0 0 0 4 5 4 5 0 0 166956 2 166956 2 0 0 0 0 4 5 4 5 0 0 166956 2 166956 2 0 0 0 0 4 5 4 5 0 0 166956 2 166956 2 0 0 0 0
26 0 1000 0 0 1000 0 1000 5 6 5 6 0 0 106130 96 0 0 80290 1 25840 95 5 6 5 6 0 0 106130 96 0 0 80290 1 25840 95 5 6 5 6 0 0 106130 96 0 0 80290 1 25840 95 5 6 5 6 0 0 106130 96 0 0 80290 1 25840 95 5 6 5 6 0 0 106130 96 0 0 80290 1 25840 95 5 6 5 6 0 0 106130 96 0 0 80290 1 25840 95
27 0 1000 0 0 1000 0 1000 5 6 5 6 0 0 0 0 0 0 0 0 0 0 5 6 5 6 0 0 0 0 0 0 0 0 0 0 5 6 5 6 0 0 0 0 0 0 0 0 0 0 5 6 5 6 0 0 0 0 0 0 0 0 0 0 5 6 5 6 0 0 0 0 0 0 0 0 0 0 5 6 5 6 0 0 0 0 0 0 0 0 0 0
28 0 1000 0 0 1000 0 1000 5 6 5 6 0 0 0 0 0 0 0 0 0 0 5 6 5 6 0 0 0 0 0 0 0 0 0 0 5 6 5 6 0 0 0 0 0 0 0 0 0 0 5 6 5 6 0 0 0 0 0 0 0 0 0 0 5 6 5 6 0 0 0 0 0 0 0 0 0 0 5 6 5 6 0 0 0 0 0 0 0 0 0 0
29 0 1000 0 0 1000 0 1000 5 6 5 6 0 0 417390 5 417390 5 0 0 0 0 5 6 5 6 0 0 417390 5 417390 5 0 0 0 0 5 6 5 6 0 0 417390 5 417390 5 0 0 0 0 5 6 5 6 0 0 417390 5 417390 5 0 0 0 0 5 6 5 6 0 0 417390 5 417390 5 0 0 0 0 5 6 5 6 0 0 417390 5 417390 5 0 0 0 0
30 0 1000 0 0 1000 0 1000 6 7 6 7 0 0 105858 95 0 0 80290 1 25568 94 6 7 6 7 0 0 105858 95 0 0 80290 1 25568 94 6 7 6 7 0 0 105858 95 0 0 80290 1 25568 94 6 7 6 7 0 0 105858 95 0 0 80290 1 25568 94 6 7 6 7 0 0 105858 95 0 0 80290 1 25568 94 6 7 6 7 0 0 105858 95 0 0 80290 1 25568 94
31 0 1000 0 0 1000 0 1000 6 7 6 7 0 0 0 0 0 0 0 0 0 0 6 7 6 7 0 0 0 0 0 0 0 0 0 0 6 7 6 7 0 0 0 0 0 0 0 0 0 0 6 7 6 7 0 0 0 0 0 0 0 0 0 0 6 7 6 7 0 0 0 0 0 0 0 0 0 0 6 7 6 7 0 0 0 0 0 0 0 0 0 0
32 0 1000 0 0 1000 0 1000 6 7 6 7 0 0 0 0 0 0 0 0 0 0 6 7 6 7 0 0 0 0 0 0 0 0 0 0 6 7 6 7 0 0 0 0 0 0 0 0 0 0 6 7 6 7 0 0 0 0 0 0 0 0 0 0 6 7 6 7 0 0 0 0 0 0 0 0 0 0 6 7 6 7 0 0 0 0 0 0 0 0 0 0
33 0 1000 0 0 1000 0 1000 6 7 6 7 0 0 417230 5 417230 5 0 0 0 0 6 7 6 7 0 0 417230 5 417230 5 0 0 0 0 6 7 6 7 0 0 417230 5 417230 5 0 0 0 0 6 7 6 7 0 0 417230 5 417230 5 0 0 0 0 6 7 6 7 0 0 417230 5 417230 5 0 0 0 0 6 7 6 7 0 0 417230 5 417230 5 0 0 0 0
34 648 352 648 0 352 0 1000 7 8 7 8 0 0 104770 91 0 0 80290 1 24480 90 6 7 6 7 0 0 104770 91 0 0 80290 1 24480 90 7 8 7 8 0 0 104770 91 0 0 80290 1 24480 90 6 7 6 7 0 0 104770 91 0 0 80290 1 24480 90 6 7 6 7 0 0 104770 91 0 0 80290 1 24480 90 7 8 7 8 0 0 104770 91 0 0 80290 1 24480 90
35 436 564 436 0 564 0 1000 7 8 7 8 0 0 0 0 0 0 0 0 0 0 6 7 6 7 0 0 0 0 0 0 0 0 0 0 7 8 7 8 0 0 0 0 0 0 0 0 0 0 6 7 6 7 0 0 0 0 0 0 0 0 0 0 6 7 6 7 0 0 0 0 0 0 0 0 0 0 7 8 7 8 0 0 0 0 0 0 0 0 0 0
36 136 864 136 300 564 0 1000 7 8 7 8 0 0 0 0 0 0 0 0 0 0 6 7 6 7 0 0 0 0 0 0 0 0 0 0 7 8 7 8 0 0 0 0 0 0 0 0 0 0 6 7 6 7 0 0 0 0 0 0 0 0 0 0 6 7 6 7 0 0 0 0 0 0 0 0 0 0 7 8 7 8 0 0 0 0 0 0 0 0 0 0
37 752 248 752 78 170 0 1000 7 8 7 8 0 0 166635 2 166635 2 0 0 0 0 6 7 6 7 0 0 166635 2 166635 2 0 0 0 0 7 8 7 8 0 0 166635 2 166635 2 0 0 0 0 6 7 6 7 0 0 166635 2 166635 2 0 0 0 0 6 7 6 7 0 0 166635 2 166635 2 0 0 0 0 7 8 7 8 0 0 166635 2 166635 2 0 0 0 0
38 278 722 278 552 170 0 1000 7 8 7 8 0 0 83282 12 0 0 80290 1 2992 11 6 7 6 7 0 0 83282 12 0 0 80290 1 2992 11 7 8 7 8 0 0 83282 12 0 0 80290 1 2992 11 6 7 6 7 0 0 83282 12 0 0 80290 1 2992 11 6 7 6 7 0 0 83282 12 0 0 80290 1 2992 11 7 8 7 8 0 0 83282 12 0 0 80290 1 2992 11
39 410 590 410 0 590 0 1000 7 8 7 8 0 0 0 0 0 0 0 0 0 0 6 7 6 7 0 0 0 0 0 0 0 0 0 0 7 8 7 8 0 0 0 0 0 0 0 0 0 0 6 7 6 7 0 0 0 0 0 0 0 0 0 0 6 7 6 7 0 0 0 0 0 0 0 0 0 0 7 8 7 8 0 0 0 0 0 0 0 0 0 0
40 818 182 818 0 182 0 1000 7 8 7 8 0 0 0 0 0 0 0 0 0 0 6 7 6 7 0 0 0 0 0 0 0 0 0 0 7 8 7 8 0 0 0 0 0 0 0 0 0 0 6 7 6 7 0 0 0 0 0 0 0 0 0 0 6 7 6 7 0 0 0 0 0 0 0 0 0 0 7 8 7 8 0 0 0 0 0 0 0 0 0 0
41 86 914 86 732 182 0 1000 7 8 7 8 0 0 161582 2 161582 2 0 0 0 0 6 7 6 7 0 0 161582 2 161582 2 0 0 0 0 7 8 7 8 0 0 161582 2 161582 2 0 0 0 0 6 7 6 7 0 0 161582 2 161582 2 0 0 0 0 6 7 6 7 0 0 161582 2 161582 2 0 0 0 0 7 8 7 8 0 0 161582 2 161582 2 0 0 0 0
42 42 958 42 776 182 0 1000 7 8 7 8 0 0 86547 24 0 0 80291 1 6256 23 6 7 6 7 0 0 86547 24 0 0 80291 1 6256 23 7 8 7 8 0 0 86547 24 0 0 80291 1 6256 23 6 7 6 7 0 0 86547 24 0 0 80291 1 6256 23 6 7 6 7 0 0 86547 24 0 0 80291 1 6256 23 7 8 7 8 0 0 86547 24 0 0 80291 1 6256 23
43 431 569 431 0 569 0 1000 7 8 7 8 0 0 0 0 0 0 0 0 0 0 6 7 6 7 0 0 0 0 0 0 0 0 0 0 7 8 7 8 0 0 0 0 0 0 0 0 0 0 6 7 6 7 0 0 0 0 0 0 0 0 0 0 6 7 6 7 0 0 0 0 0 0 0 0 0 0 7 8 7 8 0 0 0 0 0 0 0 0 0 0
44 885 115 885 0 115 0 1000 7 8 7 8 0 0 0 0 0 0 0 0 0 0 6 7 6 7 0 0 0 0 0 0 0 0 0 0 7 8 7 8 0 0 0 0 0 0 0 0 0 0 6 7 6 7 0 0 0 0 0 0 0 0 0 0 6 7 6 7 0 0 0 0 0 0 0 0 0 0 7 8 7 8 0 0 0 0 0 0 0 0 0 0
45 564 436 564 321 115 0 1000 7 8 7 8 0 0 0 0 0 0 0 0 0 0 6 7 6 7 0 0 0 0 0 0 0 0 0 0 7 8 7 8 0 0 0 0 0 0 0 0 0 0 6 7 6 7 0 0 0 0 0 0 0 0 0 0 6 7 6 7 0 0 0 0 0 0 0 0 0 0 7 8 7 8 0 0 0 0 0 0 0 0 0 0
46 816 184 816 142 42 0 1000 7 8 7 8 0 0 2176 8 0 0 0 0 2176 8 6 7 6 7 0 0 2176 8 0 0 0 0 2176 8 7 8 7 8 0 0 2176 8 0 0 0 0 2176 8 6 7 6 7 0 0 2176 8 0 0 0 0 2176 8 6 7 6 7 0 0 2176 8 0 0 0 0 2176 8 7 8 7 8 0 0 2176 8 0 0 0 0 2176 8
47 445 555 445 0 555 0 1000 7 8 7 8 0 0 0 0 0 0 0 0 0 0 6 7 6 7 0 0 0 0 0 0 0 0 0 0 7 8 7 8 1 1 0 0 0 0 0 0 0 0 6 7 6 7 1 1 0 0 0 0 0 0 0 0 6 7 6 7 1 1 0 0 0 0 0 0 0 0 7 8 7 8 1 1 0 0 0 0 0 0 0 0
48 256 744 256 189 555 0 1000 7 8 7 8 0 0 0 0 0 0 0 0 0 0 6 7 6 7 0 0 0 0 0 0 0 0 0 0 7 8 7 8 1 1 0 0 0 0 0 0 0 0 6 7 6 7 1 1 0 0 0 0 0 0 0 0 6 7 6 7 1 1 0 0 0 0 0 0 0 0 7 8 7 8 1 1 0 0 0 0 0 0 0 0
49 424 576 424 150 426 0 1000 7 8 7 8 0 0 161390 2 161390 2 0 0 0 0 6 7 6 7 0 0 161390 2 161390 2 0 0 0 0 7 8 7 8 1 1 161390 2 161390 2 0 0 0 0 6 7 6 7 1 1 161390 2 161390 2 0 0 0 0 6 7 6 7 1 1 161390 2 161390 2 0 0 0 0 7 8 7 8 1 1 161390 2 161390 2 0 0 0 0
50 714 286 714 70 216 0 1000 7 8 7 8 0 0 92531 46 0 0 80291 1 12240 45 6 7 6 7 0 0 92531 46 0 0 80291 1 12240 45 7 8 7 8 1 1 92531 46 0 0 80291 1 12240 45 6 7 6 7 1 1 92531 46 0 0 80291 1 12240 45 6 7 6 7 1 1 92531 46 0 0 80291 1 12240 45 7 8 7 8 1 1 92531 46 0 0 80291 1 12240 45
51 393 607 393 0 607 0 1000 7 8 7 8 2 2 0 0 0 0 0 0 0 0 6 7 6 7 2 2 0 0 0 0 0 0 0 0 7 8 7 8 1 1 0 0 0 0 0 0 0 0 6 7 6 7 2 2 0 0 0 0 0 0 0 0 6 7 6 7 2 2 0 0 0 0 0 0 0 0 7 8 7 8 2 2 0 0 0 0 0 0 0 0
52 451 549 451 0 549 0 1000 7 8 7 8 2 2 0 0 0 0 0 0 0 0 6 7 6 7 2 2 0 0 0 0 0 0 0 0 7 8 7 8 1 1 0 0 0 0 0 0 0 0 6 7 6 7 2 2 0 0 0 0 0 0 0 0 6 7 6 7 2 2 0 0 0 0 0 0 0 0 7 8 7 8 2 2 0 0 0 0 0 0 0 0
53 236 764 236 215 549 0 1000 7 8 7 8 2 2 245637 3 245637 3 0 0 0 0 6 7 6 7 2 2 245637 3 245637 3 0 0 0 0 7 8 7 8 1 1 245637 3 245637 3 0 0 0 0 6 7 6 7 2 2 245637 3 245637 3 0 0 0 0 6 7 6 7 2 2 245637 3 245637 3 0 0 0 0 7 8 7 8 2 2 245637 3 245637 3 0 0 0 0
54 663 337 663 93 244 0 1000 7 8 7 8 2 2 92531 46 0 0 80291 1 12240 45 6 7 6 7 2 2 92531 46 0 0 80291 1 12240 45 7 8 7 8 1 1 92531 46 0 0 80291 1 12240 45 6 7 6 7 2 2 92531 46 0 0 80291 1 12240 45 6 7 6 7 2 2 92531 46 0 0 80291 1 12240 45 7 8 7 8 2 2 92531 46 0 0 80291 1 12240 45
55 127 873 127 0 873 0 1000 7 8 7 8 3 3 0 0 0 0 0 0 0 0 6 7 6 7 3 3 0 0 0 0 0 0 0 0 7 8 7 8 3 3 0 0 0 0 0 0 0 0 6 7 6 7 3 3 0 0 0 0 0 0 0 0 6 7 6 7 3 3 0 0 0 0 0 0 0 0 7 8 7 8 3 3 0 0 0 0 0 0 0 0
56 10 990 10 117 873 0 1000 7 8 7 8 3 3 0 0 0 0 0 0 0 0 6 7 6 7 3 3 0 0 0 0 0 0 0 0 7 8 7 8 3 3 0 0 0 0 0 0 0 0 6 7 6 7 3 3 0 0 0 0 0 0 0 0 6 7 6 7 3 3 0 0 0 0 0 0 0 0 7 8 7 8 3 3 0 0 0 0 0 0 0 0
57 184 816 184 95 721 0 1000 7 8 7 8 3 3 163758 2 163758 2 0 0 0 0 6 7 6 7 3 3 163758 2 163758 2 0 0 0 0 7 8 7 8 3 3 163758 2 163758 2 0 0 0 0 6 7 6 7 3 3 163758 2 163758 2 0 0 0 0 6 7 6 7 3 3 163758 2 163758 2 0 0 0 0 7 8 7 8 3 3 163758 2 163758 2 0 0 0 0
58 550 450 550 47 403 0 1000 12 14 12 14 3 3 101779 80 0 0 80291 1 21488 79 6 7 6 7 3 3 101779 80 0 0 80291 1 21488 79 12 14 12 14 3 3 101779 80 0 0 80291 1 21488 79 12 14 12 14 3 3 101779 80 0 0 80291 1 21488 79 12 14 12 14 3 3 101779 80 0 0 80291 1 21488 79 12 14 12 14 3 3 101779 80 0 0 80291 1 21488 79
59 84 916 84 0 916 0 1000 12 14 12 14 3 3 0 0 0 0 0 0 0 0 6 7 6 7 3 3 0 0 0 0 0 0 0 0 12 14 12 14 3 3 0 0 0 0 0 0 0 0 12 14 12 14 3 3 0 0 0 0 0 0 0 0 12 14 12 14 3 3 0 0 0 0 0 0 0 0 12 14 12 14 3 3 0 0 0 0 0 0 0 0
60 605 395 605 0 395 0 1000 12 14 12 14 3 3 0 0 0 0 0 0 0 0 6 7 6 7 3 3 0 0 0 0 0 0 0 0 12 14 12 14 3 3 0 0 0 0 0 0 0 0 12 14 12 14 3 3 0 0 0 0 0 0 0 0 12 14 12 14 3 3 0 0 0 0 0 0 0 0 12 14 12 14 3 3 0 0 0 0 0 0 0 0
61 863 137 863 0 137 0 1000 12 14 12 14 3 3 165934 2 165934 2 0 0 0 0 6 7 6 7 3 3 165934 2 165934 2 0 0 0 0 12 14 12 14 3 3 165934 2 165934 2 0 0 0 0 12 14 12 14 3 3 165934 2 165934 2 0 0 0 0 12 14 12 14 3 3 165934 2 165934 2 0 0 0 0 12 14 12 14 3 3 165934 2 165934 2 0 0 0 0
62 251 749 251 612 137 0 1000 12 14 12 14 3 3 84099 15 0 0 80291 1 3808 14 6 7 6 7 3 3 84099 15 0 0 80291 1 3808 14 12 14 12 14 3 3 84099 15 0 0 80291 1 3808 14 12 14 12 14 3 3 84099 15 0 0 80291 1 3808 14 12 14 12 14 3 3 84099 15 0 0 80291 1 3808 14 12 14 12 14 3 3 84099 15 0 0 80291 1 3808 14
63 4 996 4 0 996 0 1000 12 14 12 14 4 5 0 0 0 0 0 0 0 0 6 7 6 7 4 5 0 0 0 0 0 0 0 0 12 14 12 14 4 5 0 0 0 0 0 0 0 0 12 14 12 14 4 5 0 0 0 0 0 0 0 0 12 14 12 14 4 5 0 0 0 0 0 0 0 0 12 14 12 14 4 5 0 0 0 0 0 0 0 0
64 583 417 583 0 417 0 1000 12 14 12 14 4 5 0 0 0 0 0 0 0 0 6 7 6 7 4 5 0 0 0 0 0 0 0 0 12 14 12 14 4 5 0 0 0 0 0 0 0 0 12 14 12 14 4 5 0 0 0 0 0 0 0 0 12 14 12 14 4 5 0 0 0 0 0 0 0 0 12 14 12 14 4 5 0 0 0 0 0 0 0 0
65 172 828 172 411 417 0 1000 12 14 12 14 4 5 0 0 0 0 0 0 0 0 6 7 6 7 4 5 0 0 0 0 0 0 0 0 12 14 12 14 4 5 0 0 0 0 0 0 0 0 12 14 12 14 4 5 0 0 0 0 0 0 0 0 12 14 12 14 4 5 0 0 0 0 0 0 0 0 12 14 12 14 4 5 0 0 0 0 0 0 0 0
66 139 861 139 444 417 0 1000 12 14 12 14 4 5 10336 38 0 0 0 0 10336 38 6 7 6 7 4 5 10336 38 0 0 0 0 10336 38 12 14 12 14 4 5 10336 38 0 0 0 0 10336 38 12 14 12 14 4 5 10336 38 0 0 0 0 10336 38 12 14 12 14 4 5 10336 38 0 0 0 0 10336 38 12 14 12 14 4 5 10336 38 0 0 0 0 10336 38
67 30 970 30 0 970 0 1000 12 14 12 14 5 6 0 0 0 0 0 0 0 0 6 7 6 7 5 6 0 0 0 0 0 0 0 0 12 14 12 14 5 6 0 0 0 0 0 0 0 0 12 14 12 14 5 6 0 0 0 0 0 0 0 0 12 14 12 14 5 6 0 0 0 0 0 0 0 0 12 14 12 14 5 6 0 0 0 0 0 0 0 0
68 566 434 566 0 434 0 1000 12 14 12 14 5 6 0 0 0 0 0 0 0 0 6 7 6 7 5 6 0 0 0 0 0 0 0 0 12 14 12 14 5 6 0 0 0 0 0 0 0 0 12 14 12 14 5 6 0 0 0 0 0 0 0 0 12 14 12 14 5 6 0 0 0 0 0 0 0 0 12 14 12 14 5 6 0 0 0 0 0 0 0 0
69 170 830 170 396 434 0 1000 12 14 12 14 5 6 0 0 0 0 0 0 0 0 6 7 6 7 5 6 0 0 0 0 0 0 0 0 12 14 12 14 5 6 0 0 0 0 0 0 0 0 12 14 12 14 5 6 0 0 0 0 0 0 0 0 12 14 12 14 5 6 0 0 0 0 0 0 0 0 12 14 12 14 5 6 0 0 0 0 0 0 0 0
70 696 304 696 149 155 0 1000 12 14 12 14 5 6 9248 34 0 0 0 0 9248 34 6 7 6 7 5 6 9248 34 0 0 0 0 9248 34 12 14 12 14 5 6 9248 34 0 0 0 0 9248 34 12 14 12 14 5 6 9248 34 0 0 0 0 9248 34 12 14 12 14 5 6 9248 34 0 0 0 0 9248 34 12 14 12 14 5 6 9248 34 0 0 0 0 9248 34
71 695 305 695 0 305 0 1000 12 14 12 14 5 6 0 0 0 0 0 0 0 0 6 7 6 7 5 6 0 0 0 0 0 0 0 0 12 14 12 14 6 7 0 0 0 0 0 0 0 0 12 14 12 14 5 6 0 0 0 0 0 0 0 0 12 14 12 14 5 6 0 0 0 0 0 0 0 0 12 14 12 14 6 7 0 0 0 0 0 0 0 0
72 631 369 631 64 305 0 1000 12 14 12 14 5 6 0 0 0 0 0 0 0 0 6 7 6 7 5 6 0 0 0 0 0 0 0 0 12 14 12 14 6 7 0 0 0 0 0 0 0 0 12 14 12 14 5 6 0 0 0 0 0 0 0 0 12 14 12 14 5 6 0 0 0 0 0 0 0 0 12 14 12 14 6 7 0 0 0 0 0 0 0 0
73 390 610 390 305 305 0 1000 12 14 12 14 5 6 163054 2 163054 2 0 0 0 0 6 7 6 7 5 6 163054 2 163054 2 0 0 0 0 12 14 12 14 6 7 163054 2 163054 2 0 0 0 0 12 14 12 14 5 6 163054 2 163054 2 0 0 0 0 12 14 12 14 5 6 163054 2 163054 2 0 0 0 0 12 14 12 14 6 7 163054 2 163054 2 0 0 0 0
74 302 698 302 393 305 0 1000 12 14 12 14 5 6 89539 35 0 0 80291 1 9248 34 6 7 6 7 5 6 89539 35 0 0 80291 1 9248 34 12 14 12 14 6 7 89539 35 0 0 80291 1 9248 34 12 14 12 14 5 6 89539 35 0 0 80291 1 9248 34 12 14 12 14 5 6 89539 35 0 0 80291 1 9248 34 12 14 12 14 6 7 89539 35 0 0 80291 1 9248 34
75 63 937 63 0 937 0 1000 12 14 12 14 7 8 0 0 0 0 0 0 0 0 7 8 6 7 7 8 0 0 0 0 0 0 0 0 12 14 12 14 7 8 0 0 0 0 0 0 0 0 12 14 12 14 7 8 0 0 0 0 0 0 0 0 12 14 12 14 7 8 0 0 0 0 0 0 0 0 12 14 12 14 7 8 0 0 0 0 0 0 0 0
76 696 304 696 0 304 0 1000 12 14 12 14 7 8 0 0 0 0 0 0 0 0 7 8 6 7 7 8 0 0 0 0 0 0 0 0 12 14 12 14 7 8 0 0 0 0 0 0 0 0 12 14 12 14 7 8 0 0 0 0 0 0 0 0 12 14 12 14 7 8 0 0 0 0 0 0 0 0 12 14 12 14 7 8 0 0 0 0 0 0 0 0
77 585 415 585 111 304 0 1000 12 14 12 14 7 8 163054 2 163054 2 0 0 0 0 7 8 6 7 7 8 163054 2 163054 2 0 0 0 0 12 14 12 14 7 8 163054 2 163054 2 0 0 0 0 12 14 12 14 7 8 163054 2 163054 2 0 0 0 0 12 14 12 14 7 8 163054 2 163054 2 0 0 0 0 12 14 12 14 7 8 163054 2 163054 2 0 0 0 0
78 613 387 613 105 282 0 1000 12 14 12 14 7 8 88723 32 0 0 80291 1 8432 31 7 8 6 7 7 8 88723 32 0 0 80291 1 8432 31 12 14 12 14 7 8 88723 32 0 0 80291 1 8432 31 12 14 12 14 7 8 88723 32 0 0 80291 1 8432 31 12 14 12 14 7 8 88723 32 0 0 80291 1 8432 31 12 14 12 14 7 8 88723 32 0 0 80291 1 8432 31
79 740 260 740 0 260 0 1000 12 14 12 14 7 8 0 0 0 0 0 0 0 0 7 8 6 7 7 8 0 0 0 0 0 0 0 0 12 14 12 14 7 8 0 0 0 0 0 0 0 0 12 14 12 14 8 9 0 0 0 0 0 0 0 0 12 14 12 14 8 9 0 0 0 0 0 0 0 0 12 14 12 14 8 9 0 0 0 0 0 0 0 0
80 302 698 302 438 260 0 1000 12 14 12 14 7 8 0 0 0 0 0 0 0 0 7 8 6 7 7 8 0 0 0 0 0 0 0 0 12 14 12 14 7 8 0 0 0 0 0 0 0 0 12 14 12 14 8 9 0 0 0 0 0 0 0 0 12 14 12 14 8 9 0 0 0 0 0 0 0 0 12 14 12 14 8 9 0 0 0 0 0 0 0 0
81 67 933 67 673 260 0 1000 12 14 12 14 7 8 244293 3 244293 3 0 0 0 0 7 8 6 7 7 8 244293 3 244293 3 0 0 0 0 12 14 12 14 7 8 244293 3 244293 3 0 0 0 0 12 14 12 14 8 9 244293 3 244293 3 0 0 0 0 12 14 12 14 8 9 244293 3 244293 3 0 0 0 0 12 14 12 14 8 9 244293 3 244293 3 0 0 0 0
82 282 718 282 513 205 0 1000 12 14 12 14 7 8 87363 27 0 0 80291 1 7072 26 7 8 6 7 7 8 87363 27 0 0 80291 1 7072 26 12 14 12 14 7 8 87363 27 0 0 80291 1 7072 26 12 14 12 14 8 9 87363 27 0 0 80291 1 7072 26 12 14 12 14 8 9 87363 27 0 0 80291 1 7072 26 12 14 12 14 8 9 87363 27 0 0 80291 1 7072 26
83 454 546 454 0 546 0 1000 12 14 12 14 7 8 0 0 0 0 0 0 0 0 9 10 6 7 9 10 0 0 0 0 0 0 0 0 12 14 12 14 9 10 0 0 0 0 0 0 0 0 12 14 12 14 9 10 0 0 0 0 0 0 0 0 12 14 12 14 8 9 0 0 0 0 0 0 0 0 12 14 12 14 9 10 0 0 0 0 0 0 0 0
84 600 400 600 0 400 0 1000 12 14 12 14 7 8 0 0 0 0 0 0 0 0 9 10 6 7 9 10 0 0 0 0 0 0 0 0 12 14 12 14 9 10 0 0 0 0 0 0 0 0 12 14 12 14 9 10 0 0 0 0 0 0 0 0 12 14 12 14 8 9 0 0 0 0 0 0 0 0 12 14 12 14 9 10 0 0 0 0 0 0 0 0
85 267 733 267 333 400 0 1000 12 14 12 14 7 8 325084 4 325084 4 0 0 0 0 9 10 6 7 9 10 325084 4 325084 4 0 0 0 0 12 14 12 14 9 10 325084 4 325084 4 0 0 0 0 12 14 12 14 9 10 325084 4 325084 4 0 0 0 0 12 14 12 14 8 9 325084 4 325084 4 0 0 0 0 12 14 12 14 9 10 325084 4 325084 4 0 0 0 0
86 596 404 596 199 205 0 1000 12 14 12 14 7 8 87363 27 0 0 80291 1 7072 26 9 10 6 7 9 10 87363 27 0 0 80291 1 7072 26 12 14 12 14 9 10 87363 27 0 0 80291 1 7072 26 12 14 12 14 9 10 87363 27 0 0 80291 1 7072 26 12 14 12 14 8 9 87363 27 0 0 80291 1 7072 26 12 14 12 14 9 10 87363 27 0 0 80291 1 7072 26
87 692 308 692 0 308 0 1000 12 14 12 14 7 8 0 0 0 0 0 0 0 0 9 10 6 7 9 10 0 0 0 0 0 0 0 0 12 14 12 14 9 10 0 0 0 0 0 0 0 0 12 14 12 14 9 10 0 0 0 0 0 0 0 0 12 14 12 14 8 9 0 0 0 0 0 0 0 0 12 14 12 14 9 10 0 0 0 0 0 0 0 0
88 83 917 83 609 308 0 1000 12 14 12 14 7 8 0 0 0 0 0 0 0 0 9 10 6 7 9 10 0 0 0 0 0 0 0 0 12 14 12 14 9 10 0 0 0 0 0 0 0 0 12 14 12 14 9 10 0 0 0 0 0 0 0 0 12 14 12 14 8 9 0 0 0 0 0 0 0 0 12 14 12 14 9 10 0 0 0 0 0 0 0 0
89 261 739 261 489 250 0 1000 12 14 12 14 7 8 81271 1 81271 1 0 0 0 0 9 10 6 7 9 10 81271 1 81271 1 0 0 0 0 12 14 12 14 9 10 81271 1 81271 1 0 0 0 0 12 14 12 14 9 10 81271 1 81271 1 0 0 0 0 12 14 12 14 8 9 81271 1 81271 1 0 0 0 0 12 14 12 14 9 10 81271 1 81271 1 0 0 0 0
90 61 939 61 689 250 0 1000 12 14 12 14 7 8 83555 13 0 0 80291 1 3264 12 9 10 6 7 9 10 83555 13 0 0 80291 1 3264 12 12 14 12 14 9 10 83555 13 0 0 80291 1 3264 12 12 14 12 14 9 10 83555 13 0 0 80291 1 3264 12 12 14 12 14 8 9 83555 13 0 0 80291 1 3264 12 12 14 12 14 9 10 83555 13 0 0 80291 1 3264 12
91 59 941 59 0 941 0 1000 12 14 12 14 7 8 0 0 0 0 0 0 0 0 10 12 6 7 10 12 0 0 0 0 0 0 0 0 12 14 12 14 10 12 0 0 0 0 0 0 0 0 12 14 12 14 10 12 0 0 0 0 0 0 0 0 12 14 12 14 10 12 0 0 0 0 0 0 0 0 12 14 12 14 10 12 0 0 0 0 0 0 0 0
92 571 429 571 0 429 0 1000 12 14 12 14 7 8 0 0 0 0 0 0 0 0 10 12 6 7 10 12 0 0 0 0 0 0 0 0 12 14 12 14 10 12 0 0 0 0 0 0 0 0 12 14 12 14 10 12 0 0 0 0 0 0 0 0 12 14 12 14 10 12 0 0 0 0 0 0 0 0 12 14 12 14 10 12 0 0 0 0 0 0 0 0
93 277 723 277 294 429 0 1000 12 14 12 14 7 8 80823 1 80823 1 0 0 0 0 10 12 6 7 10 12 80823 1 80823 1 0 0 0 0 12 14 12 14 10 12 80823 1 80823 1 0 0 0 0 12 14 12 14 10 12 80823 1 80823 1 0 0 0 0 12 14 12 14 10 12 80823 1 80823 1 0 0 0 0 12 14 12 14 10 12 80823 1 80823 1 0 0 0 0
94 519 481 519 199 282 0 1000 12 14 12 14 7 8 91171 41 0 0 80291 1 10880 40 10 12 6 7 10 12 91171 41 0 0 80291 1 10880 40 12 14 12 14 10 12 91171 41 0 0 80291 1 10880 40 12 14 12 14 10 12 91171 41 0 0 80291 1 10880 40 12 14 12 14 10 12 91171 41 0 0 80291 1 10880 40 12 14 12 14 10 12 91171 41 0 0 80291 1 10880 40
95 468 532 468 0 532 0 1000 12 14 12 14 7 8 0 0 0 0 0 0 0 0 11 13 6 7 11 13 0 0 0 0 0 0 0 0 12 14 12 14 11 13 0 0 0 0 0 0 0 0 12 14 12 14 10 12 0 0 0 0 0 0 0 0 12 14 12 14 11 13 0 0 0 0 0 0 0 0 12 14 12 14 11 13 0 0 0 0 0 0 0 0
96 356 644 356 112 532 0 1000 12 14 12 14 7 8 0 0 0 0 0 0 0 0 11 13 6 7 11 13 0 0 0 0 0 0 0 0 12 14 12 14 11 13 0 0 0 0 0 0 0 0 12 14 12 14 10 12 0 0 0 0 0 0 0 0 12 14 12 14 11 13 0 0 0 0 0 0 0 0 12 14 12 14 11 13 0 0 0 0 0 0 0 0
97 39 961 39 429 532 0 1000 12 14 12 14 7 8 163438 2 163438 2 0 0 0 0 11 13 6 7 11 13 163438 2 163438 2 0 0 0 0 12 14 12 14 11 13 163438 2 163438 2 0 0 0 0 12 14 12 14 10 12 163438 2 163438 2 0 0 0 0 12 14 12 14 11 13 163438 2 163438 2 0 0 0 0 12 14 12 14 11 13 163438 2 163438 2 0 0 0 0
98 738 262 738 111 151 0 1000 12 14 12 14 7 8 94979 55 0 0 80291 1 14688 54 11 13 6 7 11 13 94979 55 0 0 80291 1 14688 54 12 14 12 14 11 13 94979 55 0 0 80291 1 14688 54 12 14 12 14 10 12 94979 55 0 0 80291 1 14688 54 12 14 12 14 11 13 94979 55 0 0 80291 1 14688 54 12 14 12 14 11 13 94979 55 0 0 80291 1 14688 54
99 431 569 431 0 569 0 1000 12 14 12 14 12 14 0 0 0 0 0 0 0 0 12 14 6 7 12 14 0 0 0 0 0 0 0 0 12 14 12 14 12 14 0 0 0 0 0 0 0 0 12 14 12 14 12 14 0 0 0 0 0 0 0 0 12 14 12 14 11 13 0 0 0 0 0 0 0 0 12 14 12 14 12 14 0 0 0 0 0 0 0 0
100 406 594 406 25 569 0 1000 12 14 12 14 12 14 0 0 0 0 0 0 0 0 12 14 6 7 12 14 0 0 0 0 0 0 0 0 12 14 12 14 12 14 0 0 0 0 0 0 0 0 12 14 12 14 12 14 0 0 0 0 0 0 0 0 12 14 12 14 11 13 0 0 0 0 0 0 0 0 12 14 12 14 12 14 0 0 0 0 0 0 0 0
101 812 188 812 2 186 0 1000 12 14 12 14 12 14 82167 1 82167 1 0 0 0 0 12 14 6 7 12 14 82167 1 82167 1 0 0 0 0 12 14 12 14 12 14 82167 1 82167 1 0 0 0 0 12 14 12 14 12 14 82167 1 82167 1 0 0 0 0 12 14 12 14 11 13 82167 1 82167 1 0 0 0 0 12 14 12 14 12 14 82167 1 82167 1 0 0 0 0
102 201 799 201 613 186 0 1000 12 14 12 14 12 14 84371 16 0 0 80291 1 4080 15 12 14 6 7 12 14 84371 16 0 0 80291 1 4080 15 12 14 12 14 12 14 84371 16 0 0 80291 1 4080 15 12 14 12 14 12 14 84371 16 0 0 80291 1 4080 15 12 14 12 14 11 13 84371 16 0 0 80291 1 4080 15 12 14 12 14 12 14 84371 16 0 0 80291 1 4080 15
103 455 545 455 0 545 0 1000 13 15 12 14 13 15 0 0 0 0 0 0 0 0 12 14 6 7 12 14 0 0 0 0 0 0 0 0 12 14 12 14 12 14 0 0 0 0 0 0 0 0 13 15 12 14 13 15 0 0 0 0 0 0 0 0 12 14 12 14 11 13 0 0 0 0 0 0 0 0 13 15 12 14 13 15 0 0 0 0 0 0 0 0
104 288 712 288 167 545 0 1000 13 15 12 14 13 15 0 0 0 0 0 0 0 0 12 14 6 7 12 14 0 0 0 0 0 0 0 0 12 14 12 14 12 14 0 0 0 0 0 0 0 0 13 15 12 14 13 15 0 0 0 0 0 0 0 0 12 14 12 14 11 13 0 0 0 0 0 0 0 0 13 15 12 14 13 15 0 0 0 0 0 0 0 0
105 286 714 286 169 545 0 1000 13 15 12 14 13 15 80919 1 80919 1 0 0 0 0 12 14 6 7 12 14 80919 1 80919 1 0 0 0 0 12 14 12 14 12 14 80919 1 80919 1 0 0 0 0 13 15 12 14 13 15 80919 1 80919 1 0 0 0 0 12 14 12 14 11 13 80919 1 80919 1 0 0 0 0 13 15 12 14 13 15 80919 1 80919 1 0 0 0 0
106 665 335 665 80 255 0 1000 13 15 12 14 13 15 96611 61 0 0 80291 1 16320 60 12 14 6 7 12 14 96611 61 0 0 80291 1 16320 60 12 14 12 14 12 14 96611 61 0 0 80291 1 16320 60 13 15 12 14 13 15 96611 61 0 0 80291 1 16320 60 12 14 12 14 11 13 96611 61 0 0 80291 1 16320 60 13 15 12 14 13 15 96611 61 0 0 80291 1 16320 60
107 102 898 102 0 898 0 1000 13 15 12 14 13 15 0 0 0 0 0 0 0 0 13 15 6 7 13 15 0 0 0 0 0 0 0 0 13 15 12 14 13 15 0 0 0 0 0 0 0 0 13 15 12 14 13 15 0 0 0 0 0 0 0 0 13 15 12 14 13 15 0 0 0 0 0 0 0 0 13 15 12 14 13 15 0 0 0 0 0 0 0 0
108 652 348 652 0 348 0 1000 13 15 12 14 13 15 0 0 0 0 0 0 0 0 13 15 6 7 13 15 0 0 0 0 0 0 0 0 13 15 12 14 13 15 0 0 0 0 0 0 0 0 13 15 12 14 13 15 0 0 0 0 0 0 0 0 13 15 12 14 13 15 0 0 0 0 0 0 0 0 13 15 12 14 13 15 0 0 0 0 0 0 0 0
109 266 734 266 386 348 0 1000 13 15 12 14 13 15 82358 1 82358 1 0 0 0 0 13 15 6 7 13 15 82358 1 82358 1 0 0 0 0 13 15 12 14 13 15 82358 1 82358 1 0 0 0 0 13 15 12 14 13 15 82358 1 82358 1 0 0 0 0 13 15 12 14 13 15 82358 1 82358 1 0 0 0 0 13 15 12 14 13 15 82358 1 82358 1 0 0 0 0
110 431 569 431 294 275 0 1000 13 15 12 14 13 15 89266 34 0 0 80290 1 8976 33 13 15 6 7 13 15 89266 34 0 0 80290 1 8976 33 13 15 12 14 13 15 89266 34 0 0 80290 1 8976 33 13 15 12 14 13 15 89266 34 0 0 80290 1 8976 33 13 15 12 14 13 15 89266 34 0 0 80290 1 8976 33 13 15 12 14 13 15 89266 34 0 0 80290 1 8976 33
111 823 177 823 0 177 0 1000 13 15 12 14 13 15 0 0 0 0 0 0 0 0 13 15 6 7 13 15 0 0 0 0 0 0 0 0 13 15 12 14 13 15 0 0 0 0 0 0 0 0 13 15 12 14 13 15 0 0 0 0 0 0 0 0 13 15 12 14 13 15 0 0 0 0 0 0 0 0 13 15 12 14 13 15 0 0 0 0 0 0 0 0
112 680 320 680 143 177 0 1000 13 15 12 14 13 15 0 0 0 0 0 0 0 0 13 15 6 7 13 15 0 0 0 0 0 0 0 0 13 15 12 14 13 15 0 0 0 0 0 0 0 0 13 15 12 14 13 15 0 0 0 0 0 0 0 0 13 15 12 14 13 15 0 0 0 0 0 0 0 0 13 15 12 14 13 15 0 0 0 0 0 0 0 0
113 498 502 498 325 177 0 1000 13 15 12 14 13 15 81495 1 81495 1 0 0 0 0 13 15 6 7 13 15 81495 1 81495 1 0 0 0 0 13 15 12 14 13 15 81495 1 81495 1 0 0 0 0 13 15 12 14 13 15 81495 1 81495 1 0 0 0 0 13 15 12 14 13 15 81495 1 81495 1 0 0 0 0 13 15 12 14 13 15 81495 1 81495 1 0 0 0 0
114 313 687 313 510 177 0 1000 13 15 12 14 13 15 85459 20 0 0 80291 1 5168 19 13 15 6 7 13 15 85459 20 0 0 80291 1 5168 19 13 15 12 14 13 15 85459 20 0 0 80291 1 5168 19 13 15 12 14 13 15 85459 20 0 0 80291 1 5168 19 13 15 12 14 13 15 85459 20 0 0 80291 1 5168 19 13 15 12 14 13 15 85459 20 0 0 80291 1 5168 19
115 654 346 654 0 346 0 1000 13 15 12 14 13 15 0 0 0 0 0 0 0 0 13 15 6 7 13 15 0 0 0 0 0 0 0 0 13 15 12 14 13 15 0 0 0 0 0 0 0 0 14 18 12 14 14 18 0 0 0 0 0 0 0 0 13 15 12 14 13 15 0 0 0 0 0 0 0 0 14 18 12 14 14 18 0 0 0 0 0 0 0 0
116 516 484 516 138 346 0 1000 13 15 12 14 13 15 0 0 0 0 0 0 0 0 13 15 6 7 13 15 0 0 0 0 0 0 0 0 13 15 12 14 13 15 0 0 0 0 0 0 0 0 14 18 12 14 14 18 0 0 0 0 0 0 0 0 13 15 12 14 13 15 0 0 0 0 0 0 0 0 14 18 12 14 14 18 0 0 0 0 0 0 0 0
117 327 673 327 327 346 0 1000 13 15 12 14 13 15 0 0 0 0 0 0 0 0 13 15 6 7 13 15 0 0 0 0 0 0 0 0 13 15 12 14 13 15 0 0 0 0 0 0 0 0 14 18 12 14 14 18 0 0 0 0 0 0 0 0 13 15 12 14 13 15 0 0 0 0 0 0 0 0 14 18 12 14 14 18 0 0 0 0 0 0 0 0
118 661 339 661 163 176 0 1000 13 15 12 14 13 15 8976 33 0 0 0 0 8976 33 13 15 6 7 13 15 8976 33 0 0 0 0 8976 33 13 15 12 14 13 15 8976 33 0 0 0 0 8976 33 14 18 12 14 14 18 8976 33 0 0 0 0 8976 33 13 15 12 14 13 15 8976 33 0 0 0 0 8976 33 14 18 12 14 14 18 8976 33 0 0 0 0 8976 33
119 824 176 824 0 176 0 1000 13 15 12 14 13 15 0 0 0 0 0 0 0 0 13 15 6 7 13 15 0 0 0 0 0 0 0 0 13 15 12 14 13 15 0 0 0 0 0 0 0 0 14 18 12 14 14 18 0 0 0 0 0 0 0 0 15 19 12 14 15 19 0 0 0 0 0 0 0 0 15 19 12 14 15 19 0 0 0 0 0 0 0 0
120 338 662 338 486 176 0 1000 13 15 12 14 13 15 0 0 0 0 0 0 0 0 13 15 6 7 13 15 0 0 0 0 0 0 0 0 13 15 12 14 13 15 0 0 0 0 0 0 0 0 14 18 12 14 14 18 0 0 0 0 0 0 0 0 15 19 12 14 15 19 0 0 0 0 0 0 0 0 15 19 12 14 15 19 0 0 0 0 0 0 0 0
121 348 652 348 480 172 0 1000 13 15 12 14 13 15 0 0 0 0 0 0 0 0 13 15 6 7 13 15 0 0 0 0 0 0 0 0 13 15 12 14 13 15 0 0 0 0 0 0 0 0 14 18 12 14 14 18 0 0 0 0 0 0 0 0 15 19 12 14 15 19 0 0 0 0 0 0 0 0 15 19 12 14 15 19 0 0 0 0 0 0 0 0
122 56 944 56 772 172 0 1000 13 15 12 14 13 15 3536 13 0 0 0 0 3536 13 13 15 6 7 13 15 3536 13 0 0 0 0 3536 13 13 15 12 14 13 15 3536 13 0 0 0 0 3536 13 14 18 12 14 14 18 3536 13 0 0 0 0 3536 13 15 19 12 14 15 19 3536 13 0 0 0 0 3536 13 15 19 12 14 15 19 3536 13 0 0 0 0 3536 13
123 513 487 513 0 487 0 1000 16 20 12 14 16 20 0 0 0 0 0 0 0 0 16 20 6 7 16 20 0 0 0 0 0 0 0 0 16 20 12 14 16 20 0 0 0 0 0 0 0 0 16 20 12 14 16 20 0 0 0 0 0 0 0 0 16 20 12 14 16 20 0 0 0 0 0 0 0 0 16 20 12 14 16 20 0 0 0 0 0 0 0 0
124 324 676 324 189 487 0 1000 16 20 12 14 16 20 0 0 0 0 0 0 0 0 16 20 6 7 16 20 0 0 0 0 0 0 0 0 16 20 12 14 16 20 0 0 0 0 0 0 0 0 16 20 12 14 16 20 0 0 0 0 0 0 0 0 16 20 12 14 16 20 0 0 0 0 0 0 0 0 16 20 12 14 16 20 0 0 0 0 0 0 0 0
125 456 544 456 155 389 0 1000 16 20 12 14 16 20 80855 1 80855 1 0 0 0 0 16 20 6 7 16 20 80855 1 80855 1 0 0 0 0 16 20 12 14 16 20 80855 1 80855 1 0 0 0 0 16 20 12 14 16 20 80855 1 80855 1 0 0 0 0 16 20 12 14 16 20 80855 1 80855 1 0 0 0 0 16 20 12 14 16 20 80855 1 80855 1 0 0 0 0
126 762 238 762 66 172 0 1000 16 20 12 14 16 20 87907 29 0 0 80291 1 7616 28 16 20 6 7 16 20 87907 29 0 0 80291 1 7616 28 16 20 12 14 16 20 87907 29 0 0 80291 1 7616 28 16 20 12 14 16 20 87907 29 0 0 80291 1 7616 28 16 20 12 14 16 20 87907 29 0 0 80291 1 7616 28 16 20 12 14 16 20 87907 29 0 0 80291 1 7616 28
127 318 682 318 0 682 0 1000 17 21 12 14 17 21 0 0 0 0 0 0 0 0 17 21 6 7 17 21 0 0 0 0 0 0 0 0 17 21 12 14 17 21 0 0 0 0 0 0 0 0 16 20 12 14 16 20 0 0 0 0 0 0 0 0 17 21 12 14 17 21 0 0 0 0 0 0 0 0 17 21 12 14 17 21 0 0 0 0 0 0 0 0
128 37 963 37 281 682 0 1000 17 21 12 14 17 21 0 0 0 0 0 0 0 0 17 21 6 7 17 21 0 0 0 0 0 0 0 0 17 21 12 14 17 21 0 0 0 0 0 0 0 0 16 20 12 14 16 20 0 0 0 0 0 0 0 0 17 21 12 14 17 21 0 0 0 0 0 0 0 0 17 21 12 14 17 21 0 0 0 0 0 0 0 0
129 66 934 66 275 659 0 1000 17 21 12 14 17 21 162670 2 162670 2 0 0 0 0 17 21 6 7 17 21 162670 2 162670 2 0 0 0 0 17 21 12 14 17 21 162670 2 162670 2 0 0 0 0 16 20 12 14 16 20 162670 2 162670 2 0 0 0 0 17 21 12 14 17 21 162670 2 162670 2 0 0 0 0 17 21 12 14 17 21 162670 2 162670 2 0 0 0 0
130 643 357 643 102 255 0 1000 17 21 12 14 17 21 99059 70 0 0 80291 1 18768 69 17 21 6 7 17 21 99059 70 0 0 80291 1 18768 69 17 21 12 14 17 21 99059 70 0 0 80291 1 18768 69 16 20 12 14 16 20 99059 70 0 0 80291 1 18768 69 17 21 12 14 17 21 99059 70 0 0 80291 1 18768 69 17 21 12 14 17 21 99059 70 0 0 80291 1 18768 69
131 110 890 110 0 890 0 1000 18 22 12 14 18 22 0 0 0 0 0 0 0 0 18 22 6 7 18 22 0 0 0 0 0 0 0 0 17 21 12 14 17 21 0 0 0 0 0 0 0 0 18 22 12 14 18 22 0 0 0 0 0 0 0 0 18 22 12 14 18 22 0 0 0 0 0 0 0 0 18 22 12 14 18 22 0 0 0 0 0 0 0 0
132 89 911 89 21 890 0 1000 18 22 12 14 18 22 0 0 0 0 0 0 0 0 18 22 6 7 18 22 0 0 0 0 0 0 0 0 17 21 12 14 17 21 0 0 0 0 0 0 0 0 18 22 12 14 18 22 0 0 0 0 0 0 0 0 18 22 12 14 18 22 0 0 0 0 0 0 0 0 18 22 12 14 18 22 0 0 0 0 0 0 0 0
133 72 928 72 38 890 0 1000 18 22 12 14 18 22 413235 5 413235 5 0 0 0 0 18 22 6 7 18 22 413235 5 413235 5 0 0 0 0 17 21 12 14 17 21 413235 5 413235 5 0 0 0 0 18 22 12 14 18 22 413235 5 413235 5 0 0 0 0 18 22 12 14 18 22 413235 5 413235 5 0 0 0 0 18 22 12 14 18 22 413235 5 413235 5 0 0 0 0
134 99 901 99 38 863 0 1000 27 33 27 33 18 22 105315 93 0 0 80291 1 25024 92 27 33 27 33 18 22 105315 93 0 0 80291 1 25024 92 17 21 12 14 17 21 105315 93 0 0 80291 1 25024 92 27 33 27 33 18 22 105315 93 0 0 80291 1 25024 92 27 33 27 33 18 22 105315 93 0 0 80291 1 25024 92 27 33 27 33 18 22 105315 93 0 0 80291 1 25024 92
135 450 550 450 0 550 0 1000 27 33 27 33 18 22 0 0 0 0 0 0 0 0 27 33 27 33 19 23 0 0 0 0 0 0 0 0 19 23 12 14 19 23 0 0 0 0 0 0 0 0 27 33 27 33 19 23 0 0 0 0 0 0 0 0 27 33 27 33 19 23 0 0 0 0 0 0 0 0 27 33 27 33 19 23 0 0 0 0 0 0 0 0
136 383 617 383 67 550 0 1000 27 33 27 33 18 22 0 0 0 0 0 0 0 0 27 33 27 33 19 23 0 0 0 0 0 0 0 0 19 23 12 14 19 23 0 0 0 0 0 0 0 0 27 33 27 33 19 23 0 0 0 0 0 0 0 0 27 33 27 33 19 23 0 0 0 0 0 0 0 0 27 33 27 33 19 23 0 0 0 0 0 0 0 0
137 128 872 128 322 550 0 1000 27 33 27 33 18 22 333531 4 333531 4 0 0 0 0 27 33 27 33 19 23 333531 4 333531 4 0 0 0 0 19 23 12 14 19 23 333531 4 333531 4 0 0 0 0 27 33 27 33 19 23 333531 4 333531 4 0 0 0 0 27 33 27 33 19 23 333531 4 333531 4 0 0 0 0 27 33 27 33 19 23 333531 4 333531 4 0 0 0 0
138 430 570 430 210 360 0 1000 27 33 27 33 18 22 96339 60 0 0 80291 1 16048 59 27 33 27 33 19 23 96339 60 0 0 80291 1 16048 59 19 23 12 14 19 23 96339 60 0 0 80291 1 16048 59 27 33 27 33 19 23 96339 60 0 0 80291 1 16048 59 27 33 27 33 19 23 96339 60 0 0 80291 1 16048 59 27 33 27 33 19 23 96339 60 0 0 80291 1 16048 59
139 402 598 402 0 598 0 1000 27 33 27 33 18 22 0 0 0 0 0 0 0 0 27 33 27 33 20 24 0 0 0 0 0 0 0 0 20 24 12 14 20 24 0 0 0 0 0 0 0 0 27 33 27 33 20 24 0 0 0 0 0 0 0 0 27 33 27 33 19 23 0 0 0 0 0 0 0 0 27 33 27 33 20 24 0 0 0 0 0 0 0 0
140 236 764 236 166 598 0 1000 27 33 27 33 18 22 0 0 0 0 0 0 0 0 27 33 27 33 20 24 0 0 0 0 0 0 0 0 20 24 12 14 20 24 0 0 0 0 0 0 0 0 27 33 27 33 20 24 0 0 0 0 0 0 0 0 27 33 27 33 19 23 0 0 0 0 0 0 0 0 27 33 27 33 20 24 0 0 0 0 0 0 0 0
141 540 460 540 100 360 0 1000 27 33 27 33 18 22 246981 3 246981 3 0 0 0 0 27 33 27 33 20 24 246981 3 246981 3 0 0 0 0 20 24 12 14 20 24 246981 3 246981 3 0 0 0 0 27 33 27 33 20 24 246981 3 246981 3 0 0 0 0 27 33 27 33 19 23 246981 3 246981 3 0 0 0 0 27 33 27 33 20 24 246981 3 246981 3 0 0 0 0
142 225 775 225 415 360 0 1000 27 33 27 33 18 22 93891 51 0 0 80291 1 13600 50 27 33 27 33 20 24 93891 51 0 0 80291 1 13600 50 20 24 12 14 20 24 93891 51 0 0 80291 1 13600 50 27 33 27 33 20 24 93891 51 0 0 80291 1 13600 50 27 33 27 33 19 23 93891 51 0 0 80291 1 13600 50 27 33 27 33 20 24 93891 51 0 0 80291 1 13600 50
143 348 652 348 0 652 0 1000 27 33 27 33 18 22 0 0 0 0 0 0 0 0 27 33 27 33 20 24 0 0 0 0 0 0 0 0 21 25 12 14 21 25 0 0 0 0 0 0 0 0 27 33 27 33 20 24 0 0 0 0 0 0 0 0 27 33 27 33 21 25 0 0 0 0 0 0 0 0 27 33 27 33 21 25 0 0 0 0 0 0 0 0
144 356 644 356 0 644 0 1000 27 33 27 33 18 22 0 0 0 0 0 0 0 0 27 33 27 33 20 24 0 0 0 0 0 0 0 0 21 25 12 14 21 25 0 0 0 0 0 0 0 0 27 33 27 33 20 24 0 0 0 0 0 0 0 0 27 33 27 33 21 25 0 0 0 0 0 0 0 0 27 33 27 33 21 25 0 0 0 0 0 0 0 0
145 38 962 38 318 644 0 1000 27 33 27 33 18 22 164077 2 164077 2 0 0 0 0 27 33 27 33 20 24 164077 2 164077 2 0 0 0 0 21 25 12 14 21 25 164077 2 164077 2 0 0 0 0 27 33 27 33 20 24 164077 2 164077 2 0 0 0 0 27 33 27 33 21 25 164077 2 164077 2 0 0 0 0 27 33 27 33 21 25 164077 2 164077 2 0 0 0 0
146 285 715 285 235 480 0 1000 27 33 27 33 18 22 95251 56 0 0 80291 1 14960 55 27 33 27 33 20 24 95251 56 0 0 80291 1 14960 55 21 25 12 14 21 25 95251 56 0 0 80291 1 14960 55 27 33 27 33 20 24 95251 56 0 0 80291 1 14960 55 27 33 27 33 21 25 95251 56 0 0 80291 1 14960 55 27 33 27 33 21 25 95251 56 0 0 80291 1 14960 55
147 100 900 100 0 900 0 1000 27 33 27 33 22 26 0 0 0 0 0 0 0 0 27 33 27 33 22 26 0 0 0 0 0 0 0 0 22 26 12 14 22 26 0 0 0 0 0 0 0 0 27 33 27 33 20 24 0 0 0 0 0 0 0 0 27 33 27 33 22 26 0 0 0 0 0 0 0 0 27 33 27 33 22 26 0 0 0 0 0 0 0 0
148 372 628 372 0 628 0 1000 27 33 27 33 22 26 0 0 0 0 0 0 0 0 27 33 27 33 22 26 0 0 0 0 0 0 0 0 22 26 12 14 22 26 0 0 0 0 0 0 0 0 27 33 27 33 20 24 0 0 0 0 0 0 0 0 27 33 27 33 22 26 0 0 0 0 0 0 0 0 27 33 27 33 22 26 0 0 0 0 0 0 0 0
149 383 617 383 0 617 0 1000 27 33 27 33 22 26 246597 3 246597 3 0 0 0 0 27 33 27 33 22 26 246597 3 246597 3 0 0 0 0 22 26 12 14 22 26 246597 3 246597 3 0 0 0 0 27 33 27 33 20 24 246597 3 246597 3 0 0 0 0 27 33 27 33 22 26 246597 3 246597 3 0 0 0 0 27 33 27 33 22 26 246597 3 246597 3 0 0 0 0
150 182 818 182 201 617 0 1000 27 33 27 33 22 26 98787 69 0 0 80291 1 18496 68 27 33 27 33 22 26 98787 69 0 0 80291 1 18496 68 22 26 12 14 22 26 98787 69 0 0 80291 1 18496 68 27 33 27 33 20 24 98787 69 0 0 80291 1 18496 68 27 33 27 33 22 26 98787 69 0 0 80291 1 18496 68 27 33 27 33 22 26 98787 69 0 0 80291 1 18496 68
151 445 555 445 0 555 0 1000 27 33 27 33 23 27 0 0 0 0 0 0 0 0 27 33 27 33 23 27 0 0 0 0 0 0 0 0 22 26 12 14 22 26 0 0 0 0 0 0 0 0 27 33 27 33 20 24 0 0 0 0 0 0 0 0 27 33 27 33 23 27 0 0 0 0 0 0 0 0 27 33 27 33 23 27 0 0 0 0 0 0 0 0
152 33 967 33 412 555 0 1000 27 33 27 33 23 27 0 0 0 0 0 0 0 0 27 33 27 33 23 27 0 0 0 0 0 0 0 0 22 26 12 14 22 26 0 0 0 0 0 0 0 0 27 33 27 33 20 24 0 0 0 0 0 0 0 0 27 33 27 33 23 27 0 0 0 0 0 0 0 0 27 33 27 33 23 27 0 0 0 0 0 0 0 0
153 704 296 704 128 168 0 1000 27 33 27 33 23 27 165230 2 165230 2 0 0 0 0 27 33 27 33 23 27 165230 2 165230 2 0 0 0 0 22 26 12 14 22 26 165230 2 165230 2 0 0 0 0 27 33 27 33 20 24 165230 2 165230 2 0 0 0 0 27 33 27 33 23 27 165230 2 165230 2 0 0 0 0 27 33 27 33 23 27 165230 2 165230 2 0 0 0 0
154 571 429 571 261 168 0 1000 27 33 27 33 23 27 85187 19 0 0 80291 1 4896 18 27 33 27 33 23 27 85187 19 0 0 80291 1 4896 18 22 26 12 14 22 26 85187 19 0 0 80291 1 4896 18 27 33 27 33 20 24 85187 19 0 0 80291 1 4896 18 27 33 27 33 23 27 85187 19 0 0 80291 1 4896 18 27 33 27 33 23 27 85187 19 0 0 80291 1 4896 18
155 788 212 788 0 212 0 1000 27 33 27 33 23 27 0 0 0 0 0 0 0 0 27 33 27 33 24 28 0 0 0 0 0 0 0 0 24 28 12 14 24 28 0 0 0 0 0 0 0 0 27 33 27 33 20 24 0 0 0 0 0 0 0 0 27 33 27 33 23 27 0 0 0 0 0 0 0 0 27 33 27 33 24 28 0 0 0 0 0 0 0 0
156 378 622 378 410 212 0 1000 27 33 27 33 23 27 0 0 0 0 0 0 0 0 27 33 27 33 24 28 0 0 0 0 0 0 0 0 24 28 12 14 24 28 0 0 0 0 0 0 0 0 27 33 27 33 20 24 0 0 0 0 0 0 0 0 27 33 27 33 23 27 0 0 0 0 0 0 0 0 27 33 27 33 24 28 0 0 0 0 0 0 0 0
157 652 348 652 223 125 0 1000 27 33 27 33 23 27 81015 1 81015 1 0 0 0 0 27 33 27 33 24 28 81015 1 81015 1 0 0 0 0 24 28 12 14 24 28 81015 1 81015 1 0 0 0 0 27 33 27 33 20 24 81015 1 81015 1 0 0 0 0 27 33 27 33 23 27 81015 1 81015 1 0 0 0 0 27 33 27 33 24 28 81015 1 81015 1 0 0 0 0
158 580 420 580 295 125 0 1000 27 33 27 33 23 27 82739 10 0 0 80291 1 2448 9 27 33 27 33 24 28 82739 10 0 0 80291 1 2448 9 24 28 12 14 24 28 82739 10 0 0 80291 1 2448 9 27 33 27 33 20 24 82739 10 0 0 80291 1 2448 9 27 33 27 33 23 27 82739 10 0 0 80291 1 2448 9 27 33 27 33 24 28 82739 10 0 0 80291 1 2448 9
159 7 993 7 0 993 0 1000 27 33 27 33 24 28 0 0 0 0 0 0 0 0 27 33 27 33 24 28 0 0 0 0 0 0 0 0 24 28 12 14 24 28 0 0 0 0 0 0 0 0 27 33 27 33 24 28 0 0 0 0 0 0 0 0 27 33 27 33 24 28 0 0 0 0 0 0 0 0 27 33 27 33 24 28 0 0 0 0 0 0 0 0
160 888 112 888 0 112 0 1000 27 33 27 33 24 28 0 0 0 0 0 0 0 0 27 33 27 33 24 28 0 0 0 0 0 0 0 0 24 28 12 14 24 28 0 0 0 0 0 0 0 0 27 33 27 33 24 28 0 0 0 0 0 0 0 0 27 33 27 33 24 28 0 0 0 0 0 0 0 0 27 33 27 33 24 28 0 0 0 0 0 0 0 0
161 593 407 593 295 112 0 1000 27 33 27 33 24 28 80727 1 80727 1 0 0 0 0 27 33 27 33 24 28 80727 1 80727 1 0 0 0 0 24 28 12 14 24 28 80727 1 80727 1 0 0 0 0 27 33 27 33 24 28 80727 1 80727 1 0 0 0 0 27 33 27 33 24 28 80727 1 80727 1 0 0 0 0 27 33 27 33 24 28 80727 1 80727 1 0 0 0 0
162 803 197 803 145 52 0 1000 27 33 27 33 24 28 83011 11 0 0 80291 1 2720 10 27 33 27 33 24 28 83011 11 0 0 80291 1 2720 10 24 28 12 14 24 28 83011 11 0 0 80291 1 2720 10 27 33 27 33 24 28 83011 11 0 0 80291 1 2720 10 27 33 27 33 24 28 83011 11 0 0 80291 1 2720 10 27 33 27 33 24 28 83011 11 0 0 80291 1 2720 10
163 114 886 114 0 886 0 1000 27 33 27 33 24 28 0 0 0 0 0 0 0 0 27 33 27 33 24 28 0 0 0 0 0 0 0 0 24 28 12 14 24 28 0 0 0 0 0 0 0 0 27 33 27 33 24 28 0 0 0 0 0 0 0 0 27 33 27 33 24 28 0 0 0 0 0 0 0 0 27 33 27 33 24 28 0 0 0 0 0 0 0 0
164 764 236 764 0 236 0 1000 27 33 27 33 24 28 0 0 0 0 0 0 0 0 27 33 27 33 24 28 0 0 0 0 0 0 0 0 24 28 12 14 24 28 0 0 0 0 0 0 0 0 27 33 27 33 24 28 0 0 0 0 0 0 0 0 27 33 27 33 24 28 0 0 0 0 0 0 0 0 27 33 27 33 24 28 0 0 0 0 0 0 0 0
165 110 890 110 654 236 0 1000 27 33 27 33 24 28 0 0 0 0 0 0 0 0 27 33 27 33 24 28 0 0 0 0 0 0 0 0 24 28 12 14 24 28 0 0 0 0 0 0 0 0 27 33 27 33 24 28 0 0 0 0 0 0 0 0 27 33 27 33 24 28 0 0 0 0 0 0 0 0 27 33 27 33 24 28 0 0 0 0 0 0 0 0
166 487 513 487 376 137 0 1000 27 33 27 33 24 28 7888 29 0 0 0 0 7888 29 27 33 27 33 24 28 7888 29 0 0 0 0 7888 29 24 28 12 14 24 28 7888 29 0 0 0 0 7888 29 27 33 27 33 24 28 7888 29 0 0 0 0 7888 29 27 33 27 33 24 28 7888 29 0 0 0 0 7888 29 27 33 27 33 24 28 7888 29 0 0 0 0 7888 29
167 689 311 689 0 311 0 1000 27 33 27 33 24 28 0 0 0 0 0 0 0 0 27 33 27 33 24 28 0 0 0 0 0 0 0 0 25 31 12 14 25 31 0 0 0 0 0 0 0 0 27 33 27 33 25 31 0 0 0 0 0 0 0 0 27 33 27 33 24 28 0 0 0 0 0 0 0 0 27 33 27 33 25 31 0 0 0 0 0 0 0 0
168 846 154 846 0 154 0 1000 27 33 27 33 24 28 0 0 0 0 0 0 0 0 27 33 27 33 24 28 0 0 0 0 0 0 0 0 25 31 12 14 25 31 0 0 0 0 0 0 0 0 27 33 27 33 25 31 0 0 0 0 0 0 0 0 27 33 27 33 24 28 0 0 0 0 0 0 0 0 27 33 27 33 25 31 0 0 0 0 0 0 0 0
169 138 862 138 708 154 0 1000 27 33 27 33 24 28 0 0 0 0 0 0 0 0 27 33 27 33 24 28 0 0 0 0 0 0 0 0 25 31 12 14 25 31 0 0 0 0 0 0 0 0 27 33 27 33 25 31 0 0 0 0 0 0 0 0 27 33 27 33 24 28 0 0 0 0 0 0 0 0 27 33 27 33 25 31 0 0 0 0 0 0 0 0
170 259 741 259 605 136 0 1000 27 33 27 33 24 28 3264 12 0 0 0 0 3264 12 27 33 27 33 24 28 3264 12 0 0 0 0 3264 12 25 31 12 14 25 31 3264 12 0 0 0 0 3264 12 27 33 27 33 25 31 3264 12 0 0 0 0 3264 12 27 33 27 33 24 28 3264 12 0 0 0 0 3264 12 27 33 27 33 25 31 3264 12 0 0 0 0 3264 12
171 126 874 126 0 874 0 1000 27 33 27 33 26 32 0 0 0 0 0 0 0 0 27 33 27 33 26 32 0 0 0 0 0 0 0 0 25 31 12 14 25 31 0 0 0 0 0 0 0 0 27 33 27 33 26 32 0 0 0 0 0 0 0 0 27 33 27 33 26 32 0 0 0 0 0 0 0 0 27 33 27 33 26 32 0 0 0 0 0 0 0 0
172 670 330 670 0 330 0 1000 27 33 27 33 26 32 0 0 0 0 0 0 0 0 27 33 27 33 26 32 0 0 0 0 0 0 0 0 25 31 12 14 25 31 0 0 0 0 0 0 0 0 27 33 27 33 26 32 0 0 0 0 0 0 0 0 27 33 27 33 26 32 0 0 0 0 0 0 0 0 27 33 27 33 26 32 0 0 0 0 0 0 0 0
173 158 842 158 512 330 0 1000 27 33 27 33 26 32 80821 1 80821 1 0 0 0 0 27 33 27 33 26 32 80821 1 80821 1 0 0 0 0 25 31 12 14 25 31 80821 1 80821 1 0 0 0 0 27 33 27 33 26 32 80821 1 80821 1 0 0 0 0 27 33 27 33 26 32 80821 1 80821 1 0 0 0 0 27 33 27 33 26 32 80821 1 80821 1 0 0 0 0
174 108 892 108 562 330 0 1000 27 33 27 33 26 32 90081 37 0 0 80289 1 9792 36 27 33 27 33 26 32 90081 37 0 0 80289 1 9792 36 25 31 12 14 25 31 90081 37 0 0 80289 1 9792 36 27 33 27 33 26 32 90081 37 0 0 80289 1 9792 36 27 33 27 33 26 32 90081 37 0 0 80289 1 9792 36 27 33 27 33 26 32 90081 37 0 0 80289 1 9792 36
175 23 977 23 0 977 0 1000 27 33 27 33 27 33 0 0 0 0 0 0 0 0 27 33 27 33 27 33 0 0 0 0 0 0 0 0 27 33 12 14 27 33 0 0 0 0 0 0 0 0 27 33 27 33 27 33 0 0 0 0 0 0 0 0 27 33 27 33 27 33 0 0 0 0 0 0 0 0 27 33 27 33 27 33 0 0 0 0 0 0 0 0
176 500 500 500 0 500 0 1000 27 33 27 33 27 33 0 0 0 0 0 0 0 0 27 33 27 33 27 33 0 0 0 0 0 0 0 0 27 33 12 14 27 33 0 0 0 0 0 0 0 0 27 33 27 33 27 33 0 0 0 0 0 0 0 0 27 33 27 33 27 33 0 0 0 0 0 0 0 0 27 33 27 33 27 33 0 0 0 0 0 0 0 0
177 214 786 214 286 500 0 1000 27 33 27 33 27 33 81591 1 81591 1 0 0 0 0 27 33 27 33 27 33 81591 1 81591 1 0 0 0 0 27 33 12 14 27 33 81591 1 81591 1 0 0 0 0 27 33 27 33 27 33 81591 1 81591 1 0 0 0 0 27 33 27 33 27 33 81591 1 81591 1 0 0 0 0 27 33 27 33 27 33 81591 1 81591 1 0 0 0 0
178 120 880 120 380 500 0 1000 27 33 27 33 27 33 92803 47 0 0 80291 1 12512 46 27 33 27 33 27 33 92803 47 0 0 80291 1 12512 46 27 33 12 14 27 33 92803 47 0 0 80291 1 12512 46 27 33 27 33 27 33 92803 47 0 0 80291 1 12512 46 27 33 27 33 27 33 92803 47 0 0 80291 1 12512 46 27 33 27 33 27 33 92803 47 0 0 80291 1 12512 46
179 126 874 126 0 874 0 1000 28 34 27 33 28 34 0 0 0 0 0 0 0 0 27 33 27 33 27 33 0 0 0 0 0 0 0 0 28 34 12 14 28 34 0 0 0 0 0 0 0 0 28 34 27 33 28 34 0 0 0 0 0 0 0 0 28 34 27 33 28 34 0 0 0 0 0 0 0 0 28 34 27 33 28 34 0 0 0 0 0 0 0 0
180 27 973 27 99 874 0 1000 28 34 27 33 28 34 0 0 0 0 0 0 0 0 27 33 27 33 27 33 0 0 0 0 0 0 0 0 28 34 12 14 28 34 0 0 0 0 0 0 0 0 28 34 27 33 28 34 0 0 0 0 0 0 0 0 28 34 27 33 28 34 0 0 0 0 0 0 0 0 28 34 27 33 28 34 0 0 0 0 0 0 0 0
181 205 795 205 83 712 0 1000 28 34 27 33 28 34 81911 1 81911 1 0 0 0 0 27 33 27 33 27 33 81911 1 81911 1 0 0 0 0 28 34 12 14 28 34 81911 1 81911 1 0 0 0 0 28 34 27 33 28 34 81911 1 81911 1 0 0 0 0 28 34 27 33 28 34 81911 1 81911 1 0 0 0 0 28 34 27 33 28 34 81911 1 81911 1 0 0 0 0
182 591 409 591 41 368 0 1000 28 34 27 33 28 34 98787 69 0 0 80291 1 18496 68 27 33 27 33 27 33 98787 69 0 0 80291 1 18496 68 28 34 12 14 28 34 98787 69 0 0 80291 1 18496 68 28 34 27 33 28 34 98787 69 0 0 80291 1 18496 68 28 34 27 33 28 34 98787 69 0 0 80291 1 18496 68 28 34 27 33 28 34 98787 69 0 0 80291 1 18496 68
183 755 245 755 0 245 0 1000 28 34 27 33 28 34 0 0 0 0 0 0 0 0 27 33 27 33 27 33 0 0 0 0 0 0 0 0 28 34 12 14 28 34 0 0 0 0 0 0 0 0 29 35 27 33 29 35 0 0 0 0 0 0 0 0 28 34 27 33 28 34 0 0 0 0 0 0 0 0 29 35 27 33 29 35 0 0 0 0 0 0 0 0
184 897 103 897 0 103 0 1000 28 34 27 33 28 34 0 0 0 0 0 0 0 0 27 33 27 33 27 33 0 0 0 0 0 0 0 0 28 34 12 14 28 34 0 0 0 0 0 0 0 0 29 35 27 33 29 35 0 0 0 0 0 0 0 0 28 34 27 33 28 34 0 0 0 0 0 0 0 0 29 35 27 33 29 35 0 0 0 0 0 0 0 0
185 98 902 98 799 103 0 1000 28 34 27 33 28 34 82615 1 82615 1 0 0 0 0 27 33 27 33 27 33 82615 1 82615 1 0 0 0 0 28 34 12 14 28 34 82615 1 82615 1 0 0 0 0 29 35 27 33 29 35 82615 1 82615 1 0 0 0 0 28 34 27 33 28 34 82615 1 82615 1 0 0 0 0 29 35 27 33 29 35 82615 1 82615 1 0 0 0 0
186 714 286 714 255 31 0 1000 28 34 27 33 28 34 83555 13 0 0 80291 1 3264 12 27 33 27 33 27 33 83555 13 0 0 80291 1 3264 12 28 34 12 14 28 34 83555 13 0 0 80291 1 3264 12 29 35 27 33 29 35 83555 13 0 0 80291 1 3264 12 28 34 27 33 28 34 83555 13 0 0 80291 1 3264 12 29 35 27 33 29 35 83555 13 0 0 80291 1 3264 12
187 478 522 478 0 522 0 1000 28 34 27 33 28 34 0 0 0 0 0 0 0 0 30 36 27 33 30 36 0 0 0 0 0 0 0 0 28 34 12 14 28 34 0 0 0 0 0 0 0 0 30 36 27 33 30 36 0 0 0 0 0 0 0 0 28 34 27 33 28 34 0 0 0 0 0 0 0 0 30 36 27 33 30 36 0 0 0 0 0 0 0 0
188 139 861 139 339 522 0 1000 28 34 27 33 28 34 0 0 0 0 0 0 0 0 30 36 27 33 30 36 0 0 0 0 0 0 0 0 28 34 12 14 28 34 0 0 0 0 0 0 0 0 30 36 27 33 30 36 0 0 0 0 0 0 0 0 28 34 27 33 28 34 0 0 0 0 0 0 0 0 30 36 27 33 30 36 0 0 0 0 0 0 0 0
189 689 311 689 128 183 0 1000 28 34 27 33 28 34 0 0 0 0 0 0 0 0 30 36 27 33 30 36 0 0 0 0 0 0 0 0 28 34 12 14 28 34 0 0 0 0 0 0 0 0 30 36 27 33 30 36 0 0 0 0 0 0 0 0 28 34 27 33 28 34 0 0 0 0 0 0 0 0 30 36 27 33 30 36 0 0 0 0 0 0 0 0
190 452 548 452 365 183 0 1000 28 34 27 33 28 34 5440 20 0 0 0 0 5440 20 30 36 27 33 30 36 5440 20 0 0 0 0 5440 20 28 34 12 14 28 34 5440 20 0 0 0 0 5440 20 30 36 27 33 30 36 5440 20 0 0 0 0 5440 20 28 34 27 33 28 34 5440 20 0 0 0 0 5440 20 30 36 27 33 30 36 5440 20 0 0 0 0 5440 20
191 688 312 688 0 312 0 1000 31 37 27 33 31 37 0 0 0 0 0 0 0 0 30 36 27 33 30 36 0 0 0 0 0 0 0 0 28 34 12 14 28 34 0 0 0 0 0 0 0 0 31 37 27 33 31 37 0 0 0 0 0 0 0 0 31 37 27 33 31 37 0 0 0 0 0 0 0 0 31 37 27 33 31 37 0 0 0 0 0 0 0 0
192 107 893 107 581 312 0 1000 31 37 27 33 31 37 0 0 0 0 0 0 0 0 30 36 27 33 30 36 0 0 0 0 0 0 0 0 28 34 12 14 28 34 0 0 0 0 0 0 0 0 31 37 27 33 31 37 0 0 0 0 0 0 0 0 31 37 27 33 31 37 0 0 0 0 0 0 0 0 31 37 27 33 31 37 0 0 0 0 0 0 0 0
193 170 830 170 537 293 0 1000 31 37 27 33 31 37 0 0 0 0 0 0 0 0 30 36 27 33 30 36 0 0 0 0 0 0 0 0 28 34 12 14 28 34 0 0 0 0 0 0 0 0 31 37 27 33 31 37 0 0 0 0 0 0 0 0 31 37 27 33 31 37 0 0 0 0 0 0 0 0 31 37 27 33 31 37 0 0 0 0 0 0 0 0
194 187 813 187 526 287 0 1000 31 37 27 33 31 37 6528 24 0 0 0 0 6528 24 30 36 27 33 30 36 6528 24 0 0 0 0 6528 24 28 34 12 14 28 34 6528 24 0 0 0 0 6528 24 31 37 27 33 31 37 6528 24 0 0 0 0 6528 24 31 37 27 33 31 37 6528 24 0 0 0 0 6528 24 31 37 27 33 31 37 6528 24 0 0 0 0 6528 24
195 161 839 161 0 839 0 1000 32 38 27 33 32 38 0 0 0 0 0 0 0 0 32 38 27 33 32 38 0 0 0 0 0 0 0 0 32 38 12 14 32 38 0 0 0 0 0 0 0 0 32 38 27 33 32 38 0 0 0 0 0 0 0 0 31 37 27 33 31 37 0 0 0 0 0 0 0 0 32 38 27 33 32 38 0 0 0 0 0 0 0 0
196 65 935 65 96 839 0 1000 32 38 27 33 32 38 0 0 0 0 0 0 0 0 32 38 27 33 32 38 0 0 0 0 0 0 0 0 32 38 12 14 32 38 0 0 0 0 0 0 0 0 32 38 27 33 32 38 0 0 0 0 0 0 0 0 31 37 27 33 31 37 0 0 0 0 0 0 0 0 32 38 27 33 32 38 0 0 0 0 0 0 0 0
197 416 584 416 56 528 0 1000 32 38 27 33 32 38 162414 2 162414 2 0 0 0 0 32 38 27 33 32 38 162414 2 162414 2 0 0 0 0 32 38 12 14 32 38 162414 2 162414 2 0 0 0 0 32 38 27 33 32 38 162414 2 162414 2 0 0 0 0 31 37 27 33 31 37 162414 2 162414 2 0 0 0 0 32 38 27 33 32 38 162414 2 162414 2 0 0 0 0
198 331 669 331 141 528 0 1000 32 38 27 33 32 38 94707 54 0 0 80291 1 14416 53 32 38 27 33 32 38 94707 54 0 0 80291 1 14416 53 32 38 12 14 32 38 94707 54 0 0 80291 1 14416 53 32 38 27 33 32 38 94707 54 0 0 80291 1 14416 53 31 37 27 33 31 37 94707 54 0 0 80291 1 14416 53 32 38 27 33 32 38 94707 54 0 0 80291 1 14416 53
199 451 549 451 0 549 0 1000 33 39 27 33 33 39 0 0 0 0 0 0 0 0 32 38 27 33 32 38 0 0 0 0 0 0 0 0 33 39 12 14 33 39 0 0 0 0 0 0 0 0 33 39 27 33 33 39 0 0 0 0 0 0 0 0 31 37 27 33 31 37 0 0 0 0 0 0 0 0 33 39 27 33 33 39 0 0 0 0 0 0 0 0
200 611 389 611 0 389 0 1000 33 39 27 33 33 39 0 0 0 0 0 0 0 0 32 38 27 33 32 38 0 0 0 0 0 0 0 0 33 39 12 14 33 39 0 0 0 0 0 0 0 0 33 39 27 33 33 39 0 0 0 0 0 0 0 0 31 37 27 33 31 37 0 0 0 0 0 0 0 0 33 39 27 33 33 39 0 0 0 0 0 0 0 0
201 284 716 284 327 389 0 1000 33 39 27 33 33 39 82135 1 82135 1 0 0 0 0 32 38 27 33 32 38 82135 1 82135 1 0 0 0 0 33 39 12 14 33 39 82135 1 82135 1 0 0 0 0 33 39 27 33 33 39 82135 1 82135 1 0 0 0 0 31 37 27 33 31 37 82135 1 82135 1 0 0 0 0 33 39 27 33 33 39 82135 1 82135 1 0 0 0 0
202 891 109 891 46 63 0 1000 33 39 27 33 33 39 90899 40 0 0 80291 1 10608 39 32 38 27 33 32 38 90899 40 0 0 80291 1 10608 39 33 39 12 14 33 39 90899 40 0 0 80291 1 10608 39 33 39 27 33 33 39 90899 40 0 0 80291 1 10608 39 31 37 27 33 31 37 90899 40 0 0 80291 1 10608 39 33 39 27 33 33 39 90899 40 0 0 80291 1 10608 39
203 840 160 840 0 160 0 1000 33 39 27 33 33 39 0 0 0 0 0 0 0 0 34 40 27 33 34 40 0 0 0 0 0 0 0 0 33 39 12 14 33 39 0 0 0 0 0 0 0 0 33 39 27 33 33 39 0 0 0 0 0 0 0 0 31 37 27 33 31 37 0 0 0 0 0 0 0 0 34 40 27 33 34 40 0 0 0 0 0 0 0 0
204 288 712 288 552 160 0 1000 33 39 27 33 33 39 0 0 0 0 0 0 0 0 34 40 27 33 34 40 0 0 0 0 0 0 0 0 33 39 12 14 33 39 0 0 0 0 0 0 0 0 33 39 27 33 33 39 0 0 0 0 0 0 0 0 31 37 27 33 31 37 0 0 0 0 0 0 0 0 34 40 27 33 34 40 0 0 0 0 0 0 0 0
205 862 138 862 107 31 0 1000 33 39 27 33 33 39 0 0 0 0 0 0 0 0 34 40 27 33 34 40 0 0 0 0 0 0 0 0 33 39 12 14 33 39 0 0 0 0 0 0 0 0 33 39 27 33 33 39 0 0 0 0 0 0 0 0 31 37 27 33 31 37 0 0 0 0 0 0 0 0 34 40 27 33 34 40 0 0 0 0 0 0 0 0
206 752 248 752 217 31 0 1000 33 39 27 33 33 39 272 1 0 0 0 0 272 1 34 40 27 33 34 40 272 1 0 0 0 0 272 1 33 39 12 14 33 39 272 1 0 0 0 0 272 1 33 39 27 33 33 39 272 1 0 0 0 0 272 1 31 37 27 33 31 37 272 1 0 0 0 0 272 1 34 40 27 33 34 40 272 1 0 0 0 0 272 1
207 518 482 518 0 482 0 1000 34 40 27 33 34 40 0 0 0 0 0 0 0 0 34 40 27 33 34 40 0 0 0 0 0 0 0 0 33 39 12 14 33 39 0 0 0 0 0 0 0 0 34 40 27 33 34 40 0 0 0 0 0 0 0 0 31 37 27 33 31 37 0 0 0 0 0 0 0 0 34 40 27 33 34 40 0 0 0 0 0 0 0 0
208 707 293 707 0 293 0 1000 34 40 27 33 34 40 0 0 0 0 0 0 0 0 34 40 27 33 34 40 0 0 0 0 0 0 0 0 33 39 12 14 33 39 0 0 0 0 0 0 0 0 34 40 27 33 34 40 0 0 0 0 0 0 0 0 31 37 27 33 31 37 0 0 0 0 0 0 0 0 34 40 27 33 34 40 0 0 0 0 0 0 0 0
209 880 120 880 0 120 0 1000 34 40 27 33 34 40 0 0 0 0 0 0 0 0 34 40 27 33 34 40 0 0 0 0 0 0 0 0 33 39 12 14 33 39 0 0 0 0 0 0 0 0 34 40 27 33 34 40 0 0 0 0 0 0 0 0 31 37 27 33 31 37 0 0 0 0 0 0 0 0 34 40 27 33 34 40 0 0 0 0 0 0 0 0
210 647 353 647 233 120 0 1000 34 40 27 33 34 40 3808 14 0 0 0 0 3808 14 34 40 27 33 34 40 3808 14 0 0 0 0 3808 14 33 39 12 14 33 39 3808 14 0 0 0 0 3808 14 34 40 27 33 34 40 3808 14 0 0 0 0 3808 14 31 37 27 33 31 37 3808 14 0 0 0 0 3808 14 34 40 27 33 34 40 3808 14 0 0 0 0 3808 14
211 172 828 172 0 828 0 1000 34 40 27 33 34 40 0 0 0 0 0 0 0 0 34 40 27 33 34 40 0 0 0 0 0 0 0 0 34 40 12 14 34 40 0 0 0 0 0 0 0 0 34 40 27 33 34 40 0 0 0 0 0 0 0 0 34 40 27 33 34 40 0 0 0 0 0 0 0 0 34 40 27 33 34 40 0 0 0 0 0 0 0 0
212 636 364 636 0 364 0 1000 34 40 27 33 34 40 0 0 0 0 0 0 0 0 34 40 27 33 34 40 0 0 0 0 0 0 0 0 34 40 12 14 34 40 0 0 0 0 0 0 0 0 34 40 27 33 34 40 0 0 0 0 0 0 0 0 34 40 27 33 34 40 0 0 0 0 0 0 0 0 34 40 27 33 34 40 0 0 0 0 0 0 0 0
213 353 647 353 283 364 0 1000 34 40 27 33 34 40 0 0 0 0 0 0 0 0 34 40 27 33 34 40 0 0 0 0 0 0 0 0 34 40 12 14 34 40 0 0 0 0 0 0 0 0 34 40 27 33 34 40 0 0 0 0 0 0 0 0 34 40 27 33 34 40 0 0 0 0 0 0 0 0 34 40 27 33 34 40 0 0 0 0 0 0 0 0
214 135 865 135 501 364 0 1000 34 40 27 33 34 40 10336 38 0 0 0 0 10336 38 34 40 27 33 34 40 10336 38 0 0 0 0 10336 38 34 40 12 14 34 40 10336 38 0 0 0 0 10336 38 34 40 27 33 34 40 10336 38 0 0 0 0 10336 38 34 40 27 33 34 40 10336 38 0 0 0 0 10336 38 34 40 27 33 34 40 10336 38 0 0 0 0 10336 38
215 232 768 232 0 768 0 1000 35 43 27 33 35 43 0 0 0 0 0 0 0 0 35 43 27 33 35 43 0 0 0 0 0 0 0 0 34 40 12 14 34 40 0 0 0 0 0 0 0 0 34 40 27 33 34 40 0 0 0 0 0 0 0 0 35 43 27 33 35 43 0 0 0 0 0 0 0 0 35 43 27 33 35 43 0 0 0 0 0 0 0 0
216 843 157 843 0 157 0 1000 35 43 27 33 35 43 0 0 0 0 0 0 0 0 35 43 27 33 35 43 0 0 0 0 0 0 0 0 34 40 12 14 34 40 0 0 0 0 0 0 0 0 34 40 27 33 34 40 0 0 0 0 0 0 0 0 35 43 27 33 35 43 0 0 0 0 0 0 0 0 35 43 27 33 35 43 0 0 0 0 0 0 0 0
217 260 740 260 583 157 0 1000 35 43 27 33 35 43 163310 2 163310 2 0 0 0 0 35 43 27 33 35 43 163310 2 163310 2 0 0 0 0 34 40 12 14 34 40 163310 2 163310 2 0 0 0 0 34 40 27 33 34 40 163310 2 163310 2 0 0 0 0 35 43 27 33 35 43 163310 2 163310 2 0 0 0 0 35 43 27 33 35 43 163310 2 163310 2 0 0 0 0
218 568 432 568 336 96 0 1000 35 43 27 33 35 43 85459 20 0 0 80291 1 5168 19 35 43 27 33 35 43 85459 20 0 0 80291 1 5168 19 34 40 12 14 34 40 85459 20 0 0 80291 1 5168 19 34 40 27 33 34 40 85459 20 0 0 80291 1 5168 19 35 43 27 33 35 43 85459 20 0 0 80291 1 5168 19 35 43 27 33 35 43 85459 20 0 0 80291 1 5168 19
219 519 481 519 0 481 0 1000 35 43 27 33 35 43 0 0 0 0 0 0 0 0 35 43 27 33 35 43 0 0 0 0 0 0 0 0 34 40 12 14 34 40 0 0 0 0 0 0 0 0 34 40 27 33 34 40 0 0 0 0 0 0 0 0 36 44 27 33 36 44 0 0 0 0 0 0 0 0 36 44 27 33 36 44 0 0 0 0 0 0 0 0
220 805 195 805 0 195 0 1000 35 43 27 33 35 43 0 0 0 0 0 0 0 0 35 43 27 33 35 43 0 0 0 0 0 0 0 0 34 40 12 14 34 40 0 0 0 0 0 0 0 0 34 40 27 33 34 40 0 0 0 0 0 0 0 0 36 44 27 33 36 44 0 0 0 0 0 0 0 0 36 44 27 33 36 44 0 0 0 0 0 0 0 0
221 626 374 626 179 195 0 1000 35 43 27 33 35 43 81047 1 81047 1 0 0 0 0 35 43 27 33 35 43 81047 1 81047 1 0 0 0 0 34 40 12 14 34 40 81047 1 81047 1 0 0 0 0 34 40 27 33 34 40 81047 1 81047 1 0 0 0 0 36 44 27 33 36 44 81047 1 81047 1 0 0 0 0 36 44 27 33 36 44 81047 1 81047 1 0 0 0 0
222 523 477 523 282 195 0 1000 35 43 27 33 35 43 84099 15 0 0 80291 1 3808 14 35 43 27 33 35 43 84099 15 0 0 80291 1 3808 14 34 40 12 14 34 40 84099 15 0 0 80291 1 3808 14 34 40 27 33 34 40 84099 15 0 0 80291 1 3808 14 36 44 27 33 36 44 84099 15 0 0 80291 1 3808 14 36 44 27 33 36 44 84099 15 0 0 80291 1 3808 14
223 596 404 596 0 404 0 1000 37 45 27 33 37 45 0 0 0 0 0 0 0 0 35 43 27 33 35 43 0 0 0 0 0 0 0 0 34 40 12 14 34 40 0 0 0 0 0 0 0 0 37 45 27 33 37 45 0 0 0 0 0 0 0 0 37 45 27 33 37 45 0 0 0 0 0 0 0 0 37 45 27 33 37 45 0 0 0 0 0 0 0 0
224 35 965 35 561 404 0 1000 37 45 27 33 37 45 0 0 0 0 0 0 0 0 35 43 27 33 35 43 0 0 0 0 0 0 0 0 34 40 12 14 34 40 0 0 0 0 0 0 0 0 37 45 27 33 37 45 0 0 0 0 0 0 0 0 37 45 27 33 37 45 0 0 0 0 0 0 0 0 37 45 27 33 37 45 0 0 0 0 0 0 0 0
225 427 573 427 332 241 0 1000 37 45 27 33 37 45 161773 2 161773 2 0 0 0 0 35 43 27 33 35 43 161773 2 161773 2 0 0 0 0 34 40 12 14 34 40 161773 2 161773 2 0 0 0 0 37 45 27 33 37 45 161773 2 161773 2 0 0 0 0 37 45 27 33 37 45 161773 2 161773 2 0 0 0 0 37 45 27 33 37 45 161773 2 161773 2 0 0 0 0
226 432 568 432 328 240 0 1000 37 45 27 33 37 45 86546 24 0 0 80290 1 6256 23 35 43 27 33 35 43 86546 24 0 0 80290 1 6256 23 34 40 12 14 34 40 86546 24 0 0 80290 1 6256 23 37 45 27 33 37 45 86546 24 0 0 80290 1 6256 23 37 45 27 33 37 45 86546 24 0 0 80290 1 6256 23 37 45 27 33 37 45 86546 24 0 0 80290 1 6256 23
227 482 518 482 0 518 0 1000 38 46 27 33 38 46 0 0 0 0 0 0 0 0 38 46 27 33 38 46 0 0 0 0 0 0 0 0 34 40 12 14 34 40 0 0 0 0 0 0 0 0 38 46 27 33 38 46 0 0 0 0 0 0 0 0 38 46 27 33 38 46 0 0 0 0 0 0 0 0 38 46 27 33 38 46 0 0 0 0 0 0 0 0
228 444 556 444 38 518 0 1000 38 46 27 33 38 46 0 0 0 0 0 0 0 0 38 46 27 33 38 46 0 0 0 0 0 0 0 0 34 40 12 14 34 40 0 0 0 0 0 0 0 0 38 46 27 33 38 46 0 0 0 0 0 0 0 0 38 46 27 33 38 46 0 0 0 0 0 0 0 0 38 46 27 33 38 46 0 0 0 0 0 0 0 0
229 253 747 253 229 518 0 1000 38 46 27 33 38 46 324700 4 324700 4 0 0 0 0 38 46 27 33 38 46 324700 4 324700 4 0 0 0 0 34 40 12 14 34 40 324700 4 324700 4 0 0 0 0 38 46 27 33 38 46 324700 4 324700 4 0 0 0 0 38 46 27 33 38 46 324700 4 324700 4 0 0 0 0 38 46 27 33 38 46 324700 4 324700 4 0 0 0 0
230 602 398 602 113 285 0 1000 38 46 27 33 38 46 93347 49 0 0 80291 1 13056 48 38 46 27 33 38 46 93347 49 0 0 80291 1 13056 48 34 40 12 14 34 40 93347 49 0 0 80291 1 13056 48 38 46 27 33 38 46 93347 49 0 0 80291 1 13056 48 38 46 27 33 38 46 93347 49 0 0 80291 1 13056 48 38 46 27 33 38 46 93347 49 0 0 80291 1 13056 48
231 139 861 139 0 861 0 1000 38 46 27 33 38 46 0 0 0 0 0 0 0 0 38 46 27 33 38 46 0 0 0 0 0 0 0 0 38 46 12 14 38 46 0 0 0 0 0 0 0 0 38 46 27 33 38 46 0 0 0 0 0 0 0 0 38 46 27 33 38 46 0 0 0 0 0 0 0 0 38 46 27 33 38 46 0 0 0 0 0 0 0 0
232 735 265 735 0 265 0 1000 38 46 27 33 38 46 0 0 0 0 0 0 0 0 38 46 27 33 38 46 0 0 0 0 0 0 0 0 38 46 12 14 38 46 0 0 0 0 0 0 0 0 38 46 27 33 38 46 0 0 0 0 0 0 0 0 38 46 27 33 38 46 0 0 0 0 0 0 0 0 38 46 27 33 38 46 0 0 0 0 0 0 0 0
233 188 812 188 547 265 0 1000 38 46 27 33 38 46 0 0 0 0 0 0 0 0 38 46 27 33 38 46 0 0 0 0 0 0 0 0 38 46 12 14 38 46 0 0 0 0 0 0 0 0 38 46 27 33 38 46 0 0 0 0 0 0 0 0 38 46 27 33 38 46 0 0 0 0 0 0 0 0 38 46 27 33 38 46 0 0 0 0 0 0 0 0
234 26 974 26 709 265 0 1000 38 46 27 33 38 46 8160 30 0 0 0 0 8160 30 38 46 27 33 38 46 8160 30 0 0 0 0 8160 30 38 46 12 14 38 46 8160 30 0 0 0 0 8160 30 38 46 27 33 38 46 8160 30 0 0 0 0 8160 30 38 46 27 33 38 46 8160 30 0 0 0 0 8160 30 38 46 27 33 38 46 8160 30 0 0 0 0 8160 30
235 424 576 424 0 576 0 1000 38 46 27 33 38 46 0 0 0 0 0 0 0 0 38 46 27 33 38 46 0 0 0 0 0 0 0 0 38 46 12 14 38 46 0 0 0 0 0 0 0 0 38 46 27 33 38 46 0 0 0 0 0 0 0 0 38 46 27 33 38 46 0 0 0 0 0 0 0 0 38 46 27 33 38 46 0 0 0 0 0 0 0 0
236 816 184 816 0 184 0 1000 38 46 27 33 38 46 0 0 0 0 0 0 0 0 38 46 27 33 38 46 0 0 0 0 0 0 0 0 38 46 12 14 38 46 0 0 0 0 0 0 0 0 38 46 27 33 38 46 0 0 0 0 0 0 0 0 38 46 27 33 38 46 0 0 0 0 0 0 0 0 38 46 27 33 38 46 0 0 0 0 0 0 0 0
237 753 247 753 63 184 0 1000 38 46 27 33 38 46 81398 1 81398 1 0 0 0 0 38 46 27 33 38 46 81398 1 81398 1 0 0 0 0 38 46 12 14 38 46 81398 1 81398 1 0 0 0 0 38 46 27 33 38 46 81398 1 81398 1 0 0 0 0 38 46 27 33 38 46 81398 1 81398 1 0 0 0 0 38 46 27 33 38 46 81398 1 81398 1 0 0 0 0
238 78 922 78 738 184 0 1000 38 46 27 33 38 46 86274 23 0 0 80290 1 5984 22 38 46 27 33 38 46 86274 23 0 0 80290 1 5984 22 38 46 12 14 38 46 86274 23 0 0 80290 1 5984 22 38 46 27 33 38 46 86274 23 0 0 80290 1 5984 22 38 46 27 33 38 46 86274 23 0 0 80290 1 5984 22 38 46 27 33 38 46 86274 23 0 0 80290 1 5984 22
239 868 132 868 0 132 0 1000 39 49 27 33 39 49 0 0 0 0 0 0 0 0 38 46 27 33 38 46 0 0 0 0 0 0 0 0 38 46 12 14 38 46 0 0 0 0 0 0 0 0 38 46 27 33 38 46 0 0 0 0 0 0 0 0 39 49 27 33 39 49 0 0 0 0 0 0 0 0 39 49 27 33 39 49 0 0 0 0 0 0 0 0
240 280 720 280 588 132 0 1000 39 49 27 33 39 49 0 0 0 0 0 0 0 0 38 46 27 33 38 46 0 0 0 0 0 0 0 0 38 46 12 14 38 46 0 0 0 0 0 0 0 0 38 46 27 33 38 46 0 0 0 0 0 0 0 0 39 49 27 33 39 49 0 0 0 0 0 0 0 0 39 49 27 33 39 49 0 0 0 0 0 0 0 0
241 618 382 618 310 72 0 1000 39 49 27 33 39 49 0 0 0 0 0 0 0 0 38 46 27 33 38 46 0 0 0 0 0 0 0 0 38 46 12 14 38 46 0 0 0 0 0 0 0 0 38 46 27 33 38 46 0 0 0 0 0 0 0 0 39 49 27 33 39 49 0 0 0 0 0 0 0 0 39 49 27 33 39 49 0 0 0 0 0 0 0 0
242 631 369 631 301 68 0 1000 39 49 27 33 39 49 3536 13 0 0 0 0 3536 13 38 46 27 33 38 46 3536 13 0 0 0 0 3536 13 38 46 12 14 38 46 3536 13 0 0 0 0 3536 13 38 46 27 33 38 46 3536 13 0 0 0 0 3536 13 39 49 27 33 39 49 3536 13 0 0 0 0 3536 13 39 49 27 33 39 49 3536 13 0 0 0 0 3536 13
243 635 365 635 0 365 0 1000 40 50 27 33 40 50 0 0 0 0 0 0 0 0 38 46 27 33 38 46 0 0 0 0 0 0 0 0 38 46 12 14 38 46 0 0 0 0 0 0 0 0 38 46 27 33 38 46 0 0 0 0 0 0 0 0 39 49 27 33 39 49 0 0 0 0 0 0 0 0 40 50 27 33 40 50 0 0 0 0 0 0 0 0
244 248 752 248 387 365 0 1000 40 50 27 33 40 50 0 0 0 0 0 0 0 0 38 46 27 33 38 46 0 0 0 0 0 0 0 0 38 46 12 14 38 46 0 0 0 0 0 0 0 0 38 46 27 33 38 46 0 0 0 0 0 0 0 0 39 49 27 33 39 49 0 0 0 0 0 0 0 0 40 50 27 33 40 50 0 0 0 0 0 0 0 0
245 701 299 701 152 147 0 1000 40 50 27 33 40 50 80855 1 80855 1 0 0 0 0 38 46 27 33 38 46 80855 1 80855 1 0 0 0 0 38 46 12 14 38 46 80855 1 80855 1 0 0 0 0 38 46 27 33 38 46 80855 1 80855 1 0 0 0 0 39 49 27 33 39 49 80855 1 80855 1 0 0 0 0 40 50 27 33 40 50 80855 1 80855 1 0 0 0 0
246 476 524 476 377 147 0 1000 40 50 27 33 40 50 84371 16 0 0 80291 1 4080 15 38 46 27 33 38 46 84371 16 0 0 80291 1 4080 15 38 46 12 14 38 46 84371 16 0 0 80291 1 4080 15 38 46 27 33 38 46 84371 16 0 0 80291 1 4080 15 39 49 27 33 39 49 84371 16 0 0 80291 1 4080 15 40 50 27 33 40 50 84371 16 0 0 80291 1 4080 15
247 825 175 825 0 175 0 1000 40 50 27 33 40 50 0 0 0 0 0 0 0 0 38 46 27 33 38 46 0 0 0 0 0 0 0 0 38 46 12 14 38 46 0 0 0 0 0 0 0 0 38 46 27 33 38 46 0 0 0 0 0 0 0 0 39 49 27 33 39 49 0 0 0 0 0 0 0 0 40 50 27 33 40 50 0 0 0 0 0 0 0 0
248 114 886 114 711 175 0 1000 40 50 27 33 40 50 0 0 0 0 0 0 0 0 38 46 27 33 38 46 0 0 0 0 0 0 0 0 38 46 12 14 38 46 0 0 0 0 0 0 0 0 38 46 27 33 38 46 0 0 0 0 0 0 0 0 39 49 27 33 39 49 0 0 0 0 0 0 0 0 40 50 27 33 40 50 0 0 0 0 0 0 0 0
249 262 738 262 591 147 0 1000 40 50 27 33 40 50 0 0 0 0 0 0 0 0 38 46 27 33 38 46 0 0 0 0 0 0 0 0 38 46 12 14 38 46 0 0 0 0 0 0 0 0 38 46 27 33 38 46 0 0 0 0 0 0 0 0 39 49 27 33 39 49 0 0 0 0 0 0 0 0 40 50 27 33 40 50 0 0 0 0 0 0 0 0
250 77 923 77 776 147 0 1000 40 50 27 33 40 50 4352 16 0 0 0 0 4352 16 38 46 27 33 38 46 4352 16 0 0 0 0 4352 16 38 46 12 14 38 46 4352 16 0 0 0 0 4352 16 38 46 27 33 38 46 4352 16 0 0 0 0 4352 16 39 49 27 33 39 49 4352 16 0 0 0 0 4352 16 40 50 27 33 40 50 4352 16 0 0 0 0 4352 16
251 857 143 857 0 143 0 1000 40 50 27 33 40 50 0 0 0 0 0 0 0 0 38 46 27 33 38 46 0 0 0 0 0 0 0 0 38 46 12 14 38 46 0 0 0 0 0 0 0 0 38 46 27 33 38 46 0 0 0 0 0 0 0 0 39 49 27 33 39 49 0 0 0 0 0 0 0 0 40 50 27 33 40 50 0 0 0 0 0 0 0 0
252 437 563 437 420 143 0 1000 40 50 27 33 40 50 0 0 0 0 0 0 0 0 38 46 27 33 38 46 0 0 0 0 0 0 0 0 38 46 12 14 38 46 0 0 0 0 0 0 0 0 38 46 27 33 38 46 0 0 0 0 0 0 0 0 39 49 27 33 39 49 0 0 0 0 0 0 0 0 40 50 27 33 40 50 0 0 0 0 0 0 0 0
253 880 120 880 88 32 0 1000 40 50 27 33 40 50 0 0 0 0 0 0 0 0 38 46 27 33 38 46 0 0 0 0 0 0 0 0 38 46 12 14 38 46 0 0 0 0 0 0 0 0 38 46 27 33 38 46 0 0 0 0 0 0 0 0 39 49 27 33 39 49 0 0 0 0 0 0 0 0 40 50 27 33 40 50 0 0 0 0 0 0 0 0
254 54 946 54 914 32 0 1000 40 50 27 33 40 50 544 2 0 0 0 0 544 2 38 46 27 33 38 46 544 2 0 0 0 0 544 2 38 46 12 14 38 46 544 2 0 0 0 0 544 2 38 46 27 33 38 46 544 2 0 0 0 0 544 2 39 49 27 33 39 49 544 2 0 0 0 0 544 2 40 50 27 33 40 50 544 2 0 0 0 0 544 2
255 891 109 891 0 109 0 1000 40 50 27 33 40 50 0 0 0 0 0 0 0 0 38 46 27 33 38 46 0 0 0 0 0 0 0 0 38 46 12 14 38 46 0 0 0 0 0 0 0 0 38 46 27 33 38 46 0 0 0 0 0 0 0 0 39 49 27 33 39 49 0 0 0 0 0 0 0 0 40 50 27 33 40 50 0 0 0 0 0 0 0 0
256 467 533 467 424 109 0 1000 40 50 27 33 40 50 0 0 0 0 0 0 0 0 38 46 27 33 38 46 0 0 0 0 0 0 0 0 38 46 12 14 38 46 0 0 0 0 0 0 0 0 38 46 27 33 38 46 0 0 0 0 0 0 0 0 39 49 27 33 39 49 0 0 0 0 0 0 0 0 40 50 27 33 40 50 0 0 0 0 0 0 0 0
257 211 789 211 680 109 0 1000 40 50 27 33 40 50 0 0 0 0 0 0 0 0 38 46 27 33 38 46 0 0 0 0 0 0 0 0 38 46 12 14 38 46 0 0 0 0 0 0 0 0 38 46 27 33 38 46 0 0 0 0 0 0 0 0 39 49 27 33 39 49 0 0 0 0 0 0 0 0 40 50 27 33 40 50 0 0 0 0 0 0 0 0
258 390 610 390 526 84 0 1000 40 50 27 33 40 50 2720 10 0 0 0 0 2720 10 38 46 27 33 38 46 2720 10 0 0 0 0 2720 10 38 46 12 14 38 46 2720 10 0 0 0 0 2720 10 38 46 27 33 38 46 2720 10 0 0 0 0 2720 10 39 49 27 33 39 49 2720 10 0 0 0 0 2720 10 40 50 27 33 40 50 2720 10 0 0 0 0 2720 10
259 434 566 434 0 566 0 1000 41 54 27 33 41 54 0 0 0 0 0 0 0 0 41 54 27 33 41 54 0 0 0 0 0 0 0 0 38 46 12 14 38 46 0 0 0 0 0 0 0 0 38 46 27 33 38 46 0 0 0 0 0 0 0 0 39 49 27 33 39 49 0 0 0 0 0 0 0 0 41 54 27 33 41 54 0 0 0 0 0 0 0 0
260 891 109 891 0 109 0 1000 41 54 27 33 41 54 0 0 0 0 0 0 0 0 41 54 27 33 41 54 0 0 0 0 0 0 0 0 38 46 12 14 38 46 0 0 0 0 0 0 0 0 38 46 27 33 38 46 0 0 0 0 0 0 0 0 39 49 27 33 39 49 0 0 0 0 0 0 0 0 41 54 27 33 41 54 0 0 0 0 0 0 0 0
261 868 132 868 23 109 0 1000 41 54 27 33 41 54 0 0 0 0 0 0 0 0 41 54 27 33 41 54 0 0 0 0 0 0 0 0 38 46 12 14 38 46 0 0 0 0 0 0 0 0 38 46 27 33 38 46 0 0 0 0 0 0 0 0 39 49 27 33 39 49 0 0 0 0 0 0 0 0 41 54 27 33 41 54 0 0 0 0 0 0 0 0
262 722 278 722 169 109 0 1000 41 54 27 33 41 54 2720 10 0 0 0 0 2720 10 41 54 27 33 41 54 2720 10 0 0 0 0 2720 10 38 46 12 14 38 46 2720 10 0 0 0 0 2720 10 38 46 27 33 38 46 2720 10 0 0 0 0 2720 10 39 49 27 33 39 49 2720 10 0 0 0 0 2720 10 41 54 27 33 41 54 2720 10 0 0 0 0 2720 10
263 443 557 443 0 557 0 1000 42 55 27 33 42 55 0 0 0 0 0 0 0 0 42 55 27 33 42 55 0 0 0 0 0 0 0 0 38 46 12 14 38 46 0 0 0 0 0 0 0 0 38 46 27 33 38 46 0 0 0 0 0 0 0 0 42 55 27 33 42 55 0 0 0 0 0 0 0 0 42 55 27 33 42 55 0 0 0 0 0 0 0 0
264 31 969 31 412 557 0 1000 42 55 27 33 42 55 0 0 0 0 0 0 0 0 42 55 27 33 42 55 0 0 0 0 0 0 0 0 38 46 12 14 38 46 0 0 0 0 0 0 0 0 38 46 27 33 38 46 0 0 0 0 0 0 0 0 42 55 27 33 42 55 0 0 0 0 0 0 0 0 42 55 27 33 42 55 0 0 0 0 0 0 0 0
265 440 560 440 236 324 0 1000 42 55 27 33 42 55 161518 2 161518 2 0 0 0 0 42 55 27 33 42 55 161518 2 161518 2 0 0 0 0 38 46 12 14 38 46 161518 2 161518 2 0 0 0 0 38 46 27 33 38 46 161518 2 161518 2 0 0 0 0 42 55 27 33 42 55 161518 2 161518 2 0 0 0 0 42 55 27 33 42 55 161518 2 161518 2 0 0 0 0
266 666 334 666 140 194 0 1000 42 55 27 33 42 55 87907 29 0 0 80291 1 7616 28 42 55 27 33 42 55 87907 29 0 0 80291 1 7616 28 38 46 12 14 38 46 87907 29 0 0 80291 1 7616 28 38 46 27 33 38 46 87907 29 0 0 80291 1 7616 28 42 55 27 33 42 55 87907 29 0 0 80291 1 7616 28 42 55 27 33 42 55 87907 29 0 0 80291 1 7616 28
267 508 492 508 0 492 0 1000 42 55 27 33 42 55 0 0 0 0 0 0 0 0 42 55 27 33 42 55 0 0 0 0 0 0 0 0 38 46 12 14 38 46 0 0 0 0 0 0 0 0 38 46 27 33 38 46 0 0 0 0 0 0 0 0 43 56 27 33 43 56 0 0 0 0 0 0 0 0 43 56 27 33 43 56 0 0 0 0 0 0 0 0
268 345 655 345 163 492 0 1000 42 55 27 33 42 55 0 0 0 0 0 0 0 0 42 55 27 33 42 55 0 0 0 0 0 0 0 0 38 46 12 14 38 46 0 0 0 0 0 0 0 0 38 46 27 33 38 46 0 0 0 0 0 0 0 0 43 56 27 33 43 56 0 0 0 0 0 0 0 0 43 56 27 33 43 56 0 0 0 0 0 0 0 0
269 529 471 529 120 351 0 1000 42 55 27 33 42 55 81335 1 81335 1 0 0 0 0 42 55 27 33 42 55 81335 1 81335 1 0 0 0 0 38 46 12 14 38 46 81335 1 81335 1 0 0 0 0 38 46 27 33 38 46 81335 1 81335 1 0 0 0 0 43 56 27 33 43 56 81335 1 81335 1 0 0 0 0 43 56 27 33 43 56 81335 1 81335 1 0 0 0 0
270 821 179 821 45 134 0 1000 42 55 27 33 42 55 88451 31 0 0 80291 1 8160 30 42 55 27 33 42 55 88451 31 0 0 80291 1 8160 30 38 46 12 14 38 46 88451 31 0 0 80291 1 8160 30 38 46 27 33 38 46 88451 31 0 0 80291 1 8160 30 43 56 27 33 43 56 88451 31 0 0 80291 1 8160 30 43 56 27 33 43 56 88451 31 0 0 80291 1 8160 30
271 683 317 683 0 317 0 1000 42 55 27 33 42 55 0 0 0 0 0 0 0 0 42 55 27 33 42 55 0 0 0 0 0 0 0 0 38 46 12 14 38 46 0 0 0 0 0 0 0 0 38 46 27 33 38 46 0 0 0 0 0 0 0 0 44 57 27 33 44 57 0 0 0 0 0 0 0 0 44 57 27 33 44 57 0 0 0 0 0 0 0 0
272 439 561 439 244 317 0 1000 42 55 27 33 42 55 0 0 0 0 0 0 0 0 42 55 27 33 42 55 0 0 0 0 0 0 0 0 38 46 12 14 38 46 0 0 0 0 0 0 0 0 38 46 27 33 38 46 0 0 0 0 0 0 0 0 44 57 27 33 44 57 0 0 0 0 0 0 0 0 44 57 27 33 44 57 0 0 0 0 0 0 0 0
273 609 391 609 175 216 0 1000 42 55 27 33 42 55 0 0 0 0 0 0 0 0 42 55 27 33 42 55 0 0 0 0 0 0 0 0 38 46 12 14 38 46 0 0 0 0 0 0 0 0 38 46 27 33 38 46 0 0 0 0 0 0 0 0 44 57 27 33 44 57 0 0 0 0 0 0 0 0 44 57 27 33 44 57 0 0 0 0 0 0 0 0
274 802 198 802 83 115 0 1000 42 55 27 33 42 55 4624 17 0 0 0 0 4624 17 42 55 27 33 42 55 4624 17 0 0 0 0 4624 17 38 46 12 14 38 46 4624 17 0 0 0 0 4624 17 38 46 27 33 38 46 4624 17 0 0 0 0 4624 17 44 57 27 33 44 57 4624 17 0 0 0 0 4624 17 44 57 27 33 44 57 4624 17 0 0 0 0 4624 17
275 0 1000 0 0 1000 0 1000 44 57 27 33 44 57 0 0 0 0 0 0 0 0 44 57 27 33 44 57 0 0 0 0 0 0 0 0 44 57 12 14 44 57 0 0 0 0 0 0 0 0 44 57 27 33 44 57 0 0 0 0 0 0 0 0 44 57 27 33 44 57 0 0 0 0 0 0 0 0 44 57 27 33 44 57 0 0 0 0 0 0 0 0
276 0 1000 0 0 1000 0 1000 44 57 27 33 44 57 0 0 0 0 0 0 0 0 44 57 27 33 44 57 0 0 0 0 0 0 0 0 44 57 12 14 44 57 0 0 0 0 0 0 0 0 44 57 27 33 44 57 0 0 0 0 0 0 0 0 44 57 27 33 44 57 0 0 0 0 0 0 0 0 44 57 27 33 44 57 0 0 0 0 0 0 0 0
277 0 1000 0 0 1000 0 1000 44 57 27 33 44 57 80983 1 80983 1 0 0 0 0 44 57 27 33 44 57 80983 1 80983 1 0 0 0 0 44 57 12 14 44 57 80983 1 80983 1 0 0 0 0 44 57 27 33 44 57 80983 1 80983 1 0 0 0 0 44 57 27 33 44 57 80983 1 80983 1 0 0 0 0 44 57 27 33 44 57 80983 1 80983 1 0 0 0 0
278 0 1000 0 0 1000 0 1000 49 69 49 69 44 57 107491 101 0 0 80291 1 27200 100 49 69 49 69 44 57 107491 101 0 0 80291 1 27200 100 49 69 49 69 44 57 107491 101 0 0 80291 1 27200 100 49 69 49 69 44 57 107491 101 0 0 80291 1 27200 100 49 69 49 69 44 57 107491 101 0 0 80291 1 27200 100 49 69 49 69 44 57 107491 101 0 0 80291 1 27200 100
279 0 1000 0 0 1000 0 1000 49 69 49 69 45 59 0 0 0 0 0 0 0 0 49 69 49 69 45 59 0 0 0 0 0 0 0 0 49 69 49 69 45 59 0 0 0 0 0 0 0 0 49 69 49 69 45 59 0 0 0 0 0 0 0 0 49 69 49 69 45 59 0 0 0 0 0 0 0 0 49 69 49 69 45 59 0 0 0 0 0 0 0 0
280 0 1000 0 0 1000 0 1000 49 69 49 69 45 59 0 0 0 0 0 0 0 0 49 69 49 69 45 59 0 0 0 0 0 0 0 0 49 69 49 69 45 59 0 0 0 0 0 0 0 0 49 69 49 69 45 59 0 0 0 0 0 0 0 0 49 69 49 69 45 59 0 0 0 0 0 0 0 0 49 69 49 69 45 59 0 0 0 0 0 0 0 0
281 0 1000 0 0 1000 0 1000 49 69 49 69 45 59 167278 2 167278 2 0 0 0 0 49 69 49 69 45 59 167278 2 167278 2 0 0 0 0 49 69 49 69 45 59 167278 2 167278 2 0 0 0 0 49 69 49 69 45 59 167278 2 167278 2 0 0 0 0 49 69 49 69 45 59 167278 2 167278 2 0 0 0 0 49 69 49 69 45 59 167278 2 167278 2 0 0 0 0
282 0 1000 0 0 1000 0 1000 50 70 50 70 45 59 107219 100 0 0 80291 1 26928 99 50 70 50 70 45 59 107219 100 0 0 80291 1 26928 99 50 70 50 70 45 59 107219 100 0 0 80291 1 26928 99 50 70 50 70 45 59 107219 100 0 0 80291 1 26928 99 50 70 50 70 45 59 107219 100 0 0 80291 1 26928 99 50 70 50 70 45 59 107219 100 0 0 80291 1 26928 99
283 0 1000 0 0 1000 0 1000 50 70 50 70 45 59 0 0 0 0 0 0 0 0 50 70 50 70 45 59 0 0 0 0 0 0 0 0 50 70 50 70 45 59 0 0 0 0 0 0 0 0 50 70 50 70 45 59 0 0 0 0 0 0 0 0 50 70 50 70 45 59 0 0 0 0 0 0 0 0 50 70 50 70 45 59 0 0 0 0 0 0 0 0
284 0 1000 0 0 1000 0 1000 50 70 50 70 45 59 0 0 0 0 0 0 0 0 50 70 50 70 45 59 0 0 0 0 0 0 0 0 50 70 50 70 45 59 0 0 0 0 0 0 0 0 50 70 50 70 45 59 0 0 0 0 0 0 0 0 50 70 50 70 45 59 0 0 0 0 0 0 0 0 50 70 50 70 45 59 0 0 0 0 0 0 0 0
285 0 1000 0 0 1000 0 1000 50 70 50 70 45 59 0 0 0 0 0 0 0 0 50 70 50 70 45 59 0 0 0 0 0 0 0 0 50 70 50 70 45 59 0 0 0 0 0 0 0 0 50 70 50 70 45 59 0 0 0 0 0 0 0 0 50 70 50 70 45 59 0 0 0 0 0 0 0 0 50 70 50 70 45 59 0 0 0 0 0 0 0 0
286 0 1000 0 0 1000 0 1000 50 70 50 70 45 59 26928 99 0 0 0 0 26928 99 50 70 50 70 45 59 26928 99 0 0 0 0 26928 99 50 70 50 70 45 59 26928 99 0 0 0 0 26928 99 50 70 50 70 45 59 26928 99 0 0 0 0 26928 99 50 70 50 70 45 59 26928 99 0 0 0 0 26928 99 50 70 50 70 45 59 26928 99 0 0 0 0 26928 99
287 0 1000 0 0 1000 0 1000 50 70 50 70 46 61 0 0 0 0 0 0 0 0 50 70 50 70 46 61 0 0 0 0 0 0 0 0 50 70 50 70 46 61 0 0 0 0 0 0 0 0 50 70 50 70 46 61 0 0 0 0 0 0 0 0 50 70 50 70 46 61 0 0 0 0 0 0 0 0 50 70 50 70 46 61 0 0 0 0 0 0 0 0
288 0 1000 0 0 1000 0 1000 50 70 50 70 46 61 0 0 0 0 0 0 0 0 50 70 50 70 46 61 0 0 0 0 0 0 0 0 50 70 50 70 46 61 0 0 0 0 0 0 0 0 50 70 50 70 46 61 0 0 0 0 0 0 0 0 50 70 50 70 46 61 0 0 0 0 0 0 0 0 50 70 50 70 46 61 0 0 0 0 0 0 0 0
289 0 1000 0 0 1000 0 1000 50 70 50 70 46 61 334427 4 334427 4 0 0 0 0 50 70 50 70 46 61 334427 4 334427 4 0 0 0 0 50 70 50 70 46 61 334427 4 334427 4 0 0 0 0 50 70 50 70 46 61 334427 4 334427 4 0 0 0 0 50 70 50 70 46 61 334427 4 334427 4 0 0 0 0 50 70 50 70 46 61 334427 4 334427 4 0 0 0 0
290 0 1000 0 0 1000 0 1000 51 72 51 72 46 61 105043 92 0 0 80291 1 24752 91 51 72 51 72 46 61 105043 92 0 0 80291 1 24752 91 51 72 51 72 46 61 105043 92 0 0 80291 1 24752 91 51 72 51 72 46 61 105043 92 0 0 80291 1 24752 91 51 72 51 72 46 61 105043 92 0 0 80291 1 24752 91 51 72 51 72 46 61 105043 92 0 0 80291 1 24752 91
291 0 1000 0 0 1000 0 1000 51 72 51 72 46 61 0 0 0 0 0 0 0 0 51 72 51 72 46 61 0 0 0 0 0 0 0 0 51 72 51 72 46 61 0 0 0 0 0 0 0 0 51 72 51 72 46 61 0 0 0 0 0 0 0 0 51 72 51 72 46 61 0 0 0 0 0 0 0 0 51 72 51 72 46 61 0 0 0 0 0 0 0 0
292 0 1000 0 0 1000 0 1000 51 72 51 72 46 61 0 0 0 0 0 0 0 0 51 72 51 72 46 61 0 0 0 0 0 0 0 0 51 72 51 72 46 61 0 0 0 0 0 0 0 0 51 72 51 72 46 61 0 0 0 0 0 0 0 0 51 72 51 72 46 61 0 0 0 0 0 0 0 0 51 72 51 72 46 61 0 0 0 0 0 0 0 0
293 0 1000 0 0 1000 0 1000 51 72 51 72 46 61 83350 1 83350 1 0 0 0 0 51 72 51 72 46 61 83350 1 83350 1 0 0 0 0 51 72 51 72 46 61 83350 1 83350 1 0 0 0 0 51 72 51 72 46 61 83350 1 83350 1 0 0 0 0 51 72 51 72 46 61 83350 1 83350 1 0 0 0 0 51 72 51 72 46 61 83350 1 83350 1 0 0 0 0
294 0 1000 0 0 1000 0 1000 52 73 52 73 46 61 108578 105 0 0 80290 1 28288 104 52 73 52 73 46 61 108578 105 0 0 80290 1 28288 104 52 73 52 73 46 61 108578 105 0 0 80290 1 28288 104 52 73 52 73 46 61 108578 105 0 0 80290 1 28288 104 52 73 52 73 46 61 108578 105 0 0 80290 1 28288 104 52 73 52 73 46 61 108578 105 0 0 80290 1 28288 104
295 0 1000 0 0 1000 0 1000 52 73 52 73 46 61 0 0 0 0 0 0 0 0 52 73 52 73 46 61 0 0 0 0 0 0 0 0 52 73 52 73 46 61 0 0 0 0 0 0 0 0 52 73 52 73 46 61 0 0 0 0 0 0 0 0 52 73 52 73 46 61 0 0 0 0 0 0 0 0 52 73 52 73 46 61 0 0 0 0 0 0 0 0
296 0 1000 0 0 1000 0 1000 52 73 52 73 46 61 0 0 0 0 0 0 0 0 52 73 52 73 46 61 0 0 0 0 0 0 0 0 52 73 52 73 46 61 0 0 0 0 0 0 0 0 52 73 52 73 46 61 0 0 0 0 0 0 0 0 52 73 52 73 46 61 0 0 0 0 0 0 0 0 52 73 52 73 46 61 0 0 0 0 0 0 0 0
297 0 1000 0 0 1000 0 1000 52 73 52 73 46 61 0 0 0 0 0 0 0 0 52 73 52 73 46 61 0 0 0 0 0 0 0 0 52 73 52 73 46 61 0 0 0 0 0 0 0 0 52 73 52 73 46 61 0 0 0 0 0 0 0 0 52 73 52 73 46 61 0 0 0 0 0 0 0 0 52 73 52 73 46 61 0 0 0 0 0 0 0 0
298 0 1000 0 0 1000 0 1000 52 73 52 73 46 61 25568 94 0 0 0 0 25568 94 52 73 52 73 46 61 25568 94 0 0 0 0 25568 94 52 73 52 73 46 61 25568 94 0 0 0 0 25568 94 52 73 52 73 46 61 25568 94 0 0 0 0 25568 94 52 73 52 73 46 61 25568 94 0 0 0 0 25568 94 52 73 52 73 46 61 25568 94 0 0 0 0 25568 94
299 0 1000 0 0 1000 0 1000 52 73 52 73 46 61 0 0 0 0 0 0 0 0 52 73 52 73 46 61 0 0 0 0 0 0 0 0 52 73 52 73 46 61 0 0 0 0 0 0 0 0 52 73 52 73 46 61 0 0 0 0 0 0 0 0 52 73 52 73 46 61 0 0 0 0 0 0 0 0 52 73 52 73 46 61 0 0 0 0 0 0 0 0
300 0 1000 0 0 1000 0 1000 52 73 52 73 46 61 0 0 0 0 0 0 0 0 52 73 52 73 46 61 0 0 0 0 0 0 0 0 52 73 52 73 46 61 0 0 0 0 0 0 0 0 52 73 52 73 46 61 0 0 0 0 0 0 0 0 52 73 52 73 46 61 0 0 0 0 0 0 0 0 52 73 52 73 46 61 0 0 0 0 0 0 0 0
301 0 1000 0 0 1000 0 1000 52 73 52 73 46 61 333788 4 333788 4 0 0 0 0 52 73 52 73 46 61 333788 4 333788 4 0 0 0 0 52 73 52 73 46 61 333788 4 333788 4 0 0 0 0 52 73 52 73 46 61 333788 4 333788 4 0 0 0 0 52 73 52 73 46 61 333788 4 333788 4 0 0 0 0 52 73 52 73 46 61 333788 4 333788 4 0 0 0 0
302 0 1000 0 0 1000 0 1000 53 75 53 75 46 61 106131 96 0 0 80291 1 25840 95 53 75 53 75 46 61 106131 96 0 0 80291 1 25840 95 53 75 53 75 46 61 106131 96 0 0 80291 1 25840 95 53 75 53 75 46 61 106131 96 0 0 80291 1 25840 95 53 75 53 75 46 61 106131 96 0 0 80291 1 25840 95 53 75 53 75 46 61 106131 96 0 0 80291 1 25840 95
303 0 1000 0 0 1000 0 1000 53 75 53 75 46 61 0 0 0 0 0 0 0 0 53 75 53 75 46 61 0 0 0 0 0 0 0 0 53 75 53 75 46 61 0 0 0 0 0 0 0 0 53 75 53 75 46 61 0 0 0 0 0 0 0 0 53 75 53 75 46 61 0 0 0 0 0 0 0 0 53 75 53 75 46 61 0 0 0 0 0 0 0 0
