r n_asleep n_awake n_honest_asleep n_honest_dreamy n_honest_awake n_adversary n_all party0_ledger_best_length party0_ledger_best_age party0_ledger_fast_length party0_ledger_fast_age party0_ledger_slow_length party0_ledger_slow_age party0_comms_all_size party0_comms_all_count party0_comms_proposal_size party0_comms_proposal_count party0_comms_piece_block_size party0_comms_piece_block_count party0_comms_piece_vote_size party0_comms_piece_vote_count party1_ledger_best_length party1_ledger_best_age party1_ledger_fast_length party1_ledger_fast_age party1_ledger_slow_length party1_ledger_slow_age party1_comms_all_size party1_comms_all_count party1_comms_proposal_size party1_comms_proposal_count party1_comms_piece_block_size party1_comms_piece_block_count party1_comms_piece_vote_size party1_comms_piece_vote_count party2_ledger_best_length party2_ledger_best_age party2_ledger_fast_length party2_ledger_fast_age party2_ledger_slow_length party2_ledger_slow_age party2_comms_all_size party2_comms_all_count party2_comms_proposal_size party2_comms_proposal_count party2_comms_piece_block_size party2_comms_piece_block_count party2_comms_piece_vote_size party2_comms_piece_vote_count party3_ledger_best_length party3_ledger_best_age party3_ledger_fast_length party3_ledger_fast_age party3_ledger_slow_length party3_ledger_slow_age party3_comms_all_size party3_comms_all_count party3_comms_proposal_size party3_comms_proposal_count party3_comms_piece_block_size party3_comms_piece_block_count party3_comms_piece_vote_size party3_comms_piece_vote_count party4_ledger_best_length party4_ledger_best_age party4_ledger_fast_length party4_ledger_fast_age party4_ledger_slow_length party4_ledger_slow_age party4_comms_all_size party4_comms_all_count party4_comms_proposal_size party4_comms_proposal_count party4_comms_piece_block_size party4_comms_piece_block_count party4_comms_piece_vote_size party4_comms_piece_vote_count partyALWAYSAWAKE_ledger_best_length partyALWAYSAWAKE_ledger_best_age partyALWAYSAWAKE_ledger_fast_length partyALWAYSAWAKE_ledger_fast_age partyALWAYSAWAKE_ledger_slow_length partyALWAYSAWAKE_ledger_slow_age partyALWAYSAWAKE_comms_all_size partyALWAYSAWAKE_comms_all_count partyALWAYSAWAKE_comms_proposal_size partyALWAYSAWAKE_comms_proposal_count partyALWAYSAWAKE_comms_piece_block_size partyALWAYSAWAKE_comms_piece_block_count partyALWAYSAWAKE_comms_piece_vote_size partyALWAYSAWAKE_comms_piece_vote_count
4 0 1000 0 0 1000 0 1000 0 0 0 0 0 0 0 0 0 0 0 0 0 0 0 0 0 0 0 0 0 0 0 0 0 0 0 0 0 0 0 0 0 0 0 0 0 0 0 0 0 0 0 0 0 0 0 0 0 0 0 0 0 0 0 0 0 0 0 0 0 0 0 0 0 0 0 0 0 0 0 0 0 0 0 0 0 0 0 0 0 0 0 0
5 0 1000 0 0 1000 0 1000 0 0 0 0 0 0 0 0 0 0 0 0 0 0 0 0 0 0 0 0 0 0 0 0 0 0 0 0 0 0 0 0 0 0 0 0 0 0 0 0 0 0 0 0 0 0 0 0 0 0 0 0 0 0 0 0 0 0 0 0 0 0 0 0 0 0 0 0 0 0 0 0 0 0 0 0 0 0 0 0 0 0 0 0
6 0 1000 0 0 1000 0 1000 0 0 0 0 0 0 29376 108 0 0 0 0 29376 108 0 0 0 0 0 0 29376 108 0 0 0 0 29376 108 0 0 0 0 0 0 29376 108 0 0 0 0 29376 108 0 0 0 0 0 0 29376 108 0 0 0 0 29376 108 0 0 0 0 0 0 29376 108 0 0 0 0 29376 108 0 0 0 0 0 0 29376 108 0 0 0 0 29376 108
7 0 1000 0 0 1000 0 1000 0 0 0 0 0 0 0 0 0 0 0 0 0 0 0 0 0 0 0 0 0 0 0 0 0 0 0 0 0 0 0 0 0 0 0 0 0 0 0 0 0 0 0 0 0 0 0 0 0 0 0 0 0 0 0 0 0 0 0 0 0 0 0 0 0 0 0 0 0 0 0 0 0 0 0 0 0 0 0 0 0 0 0 0
8 0 1000 0 0 1000 0 1000 0 0 0 0 0 0 0 0 0 0 0 0 0 0 0 0 0 0 0 0 0 0 0 0 0 0 0 0 0 0 0 0 0 0 0 0 0 0 0 0 0 0 0 0 0 0 0 0 0 0 0 0 0 0 0 0 0 0 0 0 0 0 0 0 0 0 0 0 0 0 0 0 0 0 0 0 0 0 0 0 0 0 0 0
9 0 1000 0 0 1000 0 1000 0 0 0 0 0 0 0 0 0 0 0 0 0 0 0 0 0 0 0 0 0 0 0 0 0 0 0 0 0 0 0 0 0 0 0 0 0 0 0 0 0 0 0 0 0 0 0 0 0 0 0 0 0 0 0 0 0 0 0 0 0 0 0 0 0 0 0 0 0 0 0 0 0 0 0 0 0 0 0 0 0 0 0 0
10 0 1000 0 0 1000 0 1000 0 0 0 0 0 0 25024 92 0 0 0 0 25024 92 0 0 0 0 0 0 25024 92 0 0 0 0 25024 92 0 0 0 0 0 0 25024 92 0 0 0 0 25024 92 0 0 0 0 0 0 25024 92 0 0 0 0 25024 92 0 0 0 0 0 0 25024 92 0 0 0 0 25024 92 0 0 0 0 0 0 25024 92 0 0 0 0 25024 92
11 0 1000 0 0 1000 0 1000 0 0 0 0 0 0 0 0 0 0 0 0 0 0 0 0 0 0 0 0 0 0 0 0 0 0 0 0 0 0 0 0 0 0 0 0 0 0 0 0 0 0 0 0 0 0 0 0 0 0 0 0 0 0 0 0 0 0 0 0 0 0 0 0 0 0 0 0 0 0 0 0 0 0 0 0 0 0 0 0 0 0 0 0
12 0 1000 0 0 1000 0 1000 0 0 0 0 0 0 0 0 0 0 0 0 0 0 0 0 0 0 0 0 0 0 0 0 0 0 0 0 0 0 0 0 0 0 0 0 0 0 0 0 0 0 0 0 0 0 0 0 0 0 0 0 0 0 0 0 0 0 0 0 0 0 0 0 0 0 0 0 0 0 0 0 0 0 0 0 0 0 0 0 0 0 0 0
13 0 1000 0 0 1000 0 1000 0 0 0 0 0 0 0 0 0 0 0 0 0 0 0 0 0 0 0 0 0 0 0 0 0 0 0 0 0 0 0 0 0 0 0 0 0 0 0 0 0 0 0 0 0 0 0 0 0 0 0 0 0 0 0 0 0 0 0 0 0 0 0 0 0 0 0 0 0 0 0 0 0 0 0 0 0 0 0 0 0 0 0 0
14 0 1000 0 0 1000 0 1000 0 0 0 0 0 0 23664 87 0 0 0 0 23664 87 0 0 0 0 0 0 23664 87 0 0 0 0 23664 87 0 0 0 0 0 0 23664 87 0 0 0 0 23664 87 0 0 0 0 0 0 23664 87 0 0 0 0 23664 87 0 0 0 0 0 0 23664 87 0 0 0 0 23664 87 0 0 0 0 0 0 23664 87 0 0 0 0 23664 87
15 0 1000 0 0 1000 0 1000 0 0 0 0 0 0 0 0 0 0 0 0 0 0 0 0 0 0 0 0 0 0 0 0 0 0 0 0 0 0 0 0 0 0 0 0 0 0 0 0 0 0 0 0 0 0 0 0 0 0 0 0 0 0 0 0 0 0 0 0 0 0 0 0 0 0 0 0 0 0 0 0 0 0 0 0 0 0 0 0 0 0 0 0
16 0 1000 0 0 1000 0 1000 0 0 0 0 0 0 0 0 0 0 0 0 0 0 0 0 0 0 0 0 0 0 0 0 0 0 0 0 0 0 0 0 0 0 0 0 0 0 0 0 0 0 0 0 0 0 0 0 0 0 0 0 0 0 0 0 0 0 0 0 0 0 0 0 0 0 0 0 0 0 0 0 0 0 0 0 0 0 0 0 0 0 0 0
17 0 1000 0 0 1000 0 1000 0 0 0 0 0 0 0 0 0 0 0 0 0 0 0 0 0 0 0 0 0 0 0 0 0 0 0 0 0 0 0 0 0 0 0 0 0 0 0 0 0 0 0 0 0 0 0 0 0 0 0 0 0 0 0 0 0 0 0 0 0 0 0 0 0 0 0 0 0 0 0 0 0 0 0 0 0 0 0 0 0 0 0 0
18 0 1000 0 0 1000 0 1000 0 0 0 0 0 0 27744 102 0 0 0 0 27744 102 0 0 0 0 0 0 27744 102 0 0 0 0 27744 102 0 0 0 0 0 0 27744 102 0 0 0 0 27744 102 0 0 0 0 0 0 27744 102 0 0 0 0 27744 102 0 0 0 0 0 0 27744 102 0 0 0 0 27744 102 0 0 0 0 0 0 27744 102 0 0 0 0 27744 102
19 0 1000 0 0 1000 0 1000 0 0 0 0 0 0 0 0 0 0 0 0 0 0 0 0 0 0 0 0 0 0 0 0 0 0 0 0 0 0 0 0 0 0 0 0 0 0 0 0 0 0 0 0 0 0 0 0 0 0 0 0 0 0 0 0 0 0 0 0 0 0 0 0 0 0 0 0 0 0 0 0 0 0 0 0 0 0 0 0 0 0 0 0
20 0 1000 0 0 1000 0 1000 0 0 0 0 0 0 0 0 0 0 0 0 0 0 0 0 0 0 0 0 0 0 0 0 0 0 0 0 0 0 0 0 0 0 0 0 0 0 0 0 0 0 0 0 0 0 0 0 0 0 0 0 0 0 0 0 0 0 0 0 0 0 0 0 0 0 0 0 0 0 0 0 0 0 0 0 0 0 0 0 0 0 0 0
21 0 1000 0 0 1000 0 1000 0 0 0 0 0 0 0 0 0 0 0 0 0 0 0 0 0 0 0 0 0 0 0 0 0 0 0 0 0 0 0 0 0 0 0 0 0 0 0 0 0 0 0 0 0 0 0 0 0 0 0 0 0 0 0 0 0 0 0 0 0 0 0 0 0 0 0 0 0 0 0 0 0 0 0 0 0 0 0 0 0 0 0 0
22 0 1000 0 0 1000 0 1000 0 0 0 0 0 0 28560 105 0 0 0 0 28560 105 0 0 0 0 0 0 28560 105 0 0 0 0 28560 105 0 0 0 0 0 0 28560 105 0 0 0 0 28560 105 0 0 0 0 0 0 28560 105 0 0 0 0 28560 105 0 0 0 0 0 0 28560 105 0 0 0 0 28560 105 0 0 0 0 0 0 28560 105 0 0 0 0 28560 105
23 0 1000 0 0 1000 0 1000 0 0 0 0 0 0 0 0 0 0 0 0 0 0 0 0 0 0 0 0 0 0 0 0 0 0 0 0 0 0 0 0 0 0 0 0 0 0 0 0 0 0 0 0 0 0 0 0 0 0 0 0 0 0 0 0 0 0 0 0 0 0 0 0 0 0 0 0 0 0 0 0 0 0 0 0 0 0 0 0 0 0 0 0
24 0 1000 0 0 1000 0 1000 0 0 0 0 0 0 0 0 0 0 0 0 0 0 0 0 0 0 0 0 0 0 0 0 0 0 0 0 0 0 0 0 0 0 0 0 0 0 0 0 0 0 0 0 0 0 0 0 0 0 0 0 0 0 0 0 0 0 0 0 0 0 0 0 0 0 0 0 0 0 0 0 0 0 0 0 0 0 0 0 0 0 0 0
25 0 1000 0 0 1000 0 1000 0 0 0 0 0 0 0 0 0 0 0 0 0 0 0 0 0 0 0 0 0 0 0 0 0 0 0 0 0 0 0 0 0 0 0 0 0 0 0 0 0 0 0 0 0 0 0 0 0 0 0 0 0 0 0 0 0 0 0 0 0 0 0 0 0 0 0 0 0 0 0 0 0 0 0 0 0 0 0 0 0 0 0 0
26 0 1000 0 0 1000 0 1000 0 0 0 0 0 0 22576 83 0 0 0 0 22576 83 0 0 0 0 0 0 22576 83 0 0 0 0 22576 83 0 0 0 0 0 0 22576 83 0 0 0 0 22576 83 0 0 0 0 0 0 22576 83 0 0 0 0 22576 83 0 0 0 0 0 0 22576 83 0 0 0 0 22576 83 0 0 0 0 0 0 22576 83 0 0 0 0 22576 83
27 0 1000 0 0 1000 0 1000 0 0 0 0 0 0 0 0 0 0 0 0 0 0 0 0 0 0 0 0 0 0 0 0 0 0 0 0 0 0 0 0 0 0 0 0 0 0 0 0 0 0 0 0 0 0 0 0 0 0 0 0 0 0 0 0 0 0 0 0 0 0 0 0 0 0 0 0 0 0 0 0 0 0 0 0 0 0 0 0 0 0 0 0
28 0 1000 0 0 1000 0 1000 0 0 0 0 0 0 0 0 0 0 0 0 0 0 0 0 0 0 0 0 0 0 0 0 0 0 0 0 0 0 0 0 0 0 0 0 0 0 0 0 0 0 0 0 0 0 0 0 0 0 0 0 0 0 0 0 0 0 0 0 0 0 0 0 0 0 0 0 0 0 0 0 0 0 0 0 0 0 0 0 0 0 0 0
29 0 1000 0 0 1000 0 1000 0 0 0 0 0 0 0 0 0 0 0 0 0 0 0 0 0 0 0 0 0 0 0 0 0 0 0 0 0 0 0 0 0 0 0 0 0 0 0 0 0 0 0 0 0 0 0 0 0 0 0 0 0 0 0 0 0 0 0 0 0 0 0 0 0 0 0 0 0 0 0 0 0 0 0 0 0 0 0 0 0 0 0 0
30 0 1000 0 0 1000 0 1000 0 0 0 0 0 0 25840 95 0 0 0 0 25840 95 0 0 0 0 0 0 25840 95 0 0 0 0 25840 95 0 0 0 0 0 0 25840 95 0 0 0 0 25840 95 0 0 0 0 0 0 25840 95 0 0 0 0 25840 95 0 0 0 0 0 0 25840 95 0 0 0 0 25840 95 0 0 0 0 0 0 25840 95 0 0 0 0 25840 95
31 0 1000 0 0 1000 0 1000 0 0 0 0 0 0 0 0 0 0 0 0 0 0 0 0 0 0 0 0 0 0 0 0 0 0 0 0 0 0 0 0 0 0 0 0 0 0 0 0 0 0 0 0 0 0 0 0 0 0 0 0 0 0 0 0 0 0 0 0 0 0 0 0 0 0 0 0 0 0 0 0 0 0 0 0 0 0 0 0 0 0 0 0
32 0 1000 0 0 1000 0 1000 0 0 0 0 0 0 0 0 0 0 0 0 0 0 0 0 0 0 0 0 0 0 0 0 0 0 0 0 0 0 0 0 0 0 0 0 0 0 0 0 0 0 0 0 0 0 0 0 0 0 0 0 0 0 0 0 0 0 0 0 0 0 0 0 0 0 0 0 0 0 0 0 0 0 0 0 0 0 0 0 0 0 0 0
33 0 1000 0 0 1000 0 1000 0 0 0 0 0 0 0 0 0 0 0 0 0 0 0 0 0 0 0 0 0 0 0 0 0 0 0 0 0 0 0 0 0 0 0 0 0 0 0 0 0 0 0 0 0 0 0 0 0 0 0 0 0 0 0 0 0 0 0 0 0 0 0 0 0 0 0 0 0 0 0 0 0 0 0 0 0 0 0 0 0 0 0 0
34 0 1000 0 0 1000 0 1000 0 0 0 0 0 0 25024 92 0 0 0 0 25024 92 0 0 0 0 0 0 25024 92 0 0 0 0 25024 92 0 0 0 0 0 0 25024 92 0 0 0 0 25024 92 0 0 0 0 0 0 25024 92 0 0 0 0 25024 92 0 0 0 0 0 0 25024 92 0 0 0 0 25024 92 0 0 0 0 0 0 25024 92 0 0 0 0 25024 92
35 0 1000 0 0 1000 0 1000 0 0 0 0 0 0 0 0 0 0 0 0 0 0 0 0 0 0 0 0 0 0 0 0 0 0 0 0 0 0 0 0 0 0 0 0 0 0 0 0 0 0 0 0 0 0 0 0 0 0 0 0 0 0 0 0 0 0 0 0 0 0 0 0 0 0 0 0 0 0 0 0 0 0 0 0 0 0 0 0 0 0 0 0
36 0 1000 0 0 1000 0 1000 0 0 0 0 0 0 0 0 0 0 0 0 0 0 0 0 0 0 0 0 0 0 0 0 0 0 0 0 0 0 0 0 0 0 0 0 0 0 0 0 0 0 0 0 0 0 0 0 0 0 0 0 0 0 0 0 0 0 0 0 0 0 0 0 0 0 0 0 0 0 0 0 0 0 0 0 0 0 0 0 0 0 0 0
37 0 1000 0 0 1000 0 1000 0 0 0 0 0 0 0 0 0 0 0 0 0 0 0 0 0 0 0 0 0 0 0 0 0 0 0 0 0 0 0 0 0 0 0 0 0 0 0 0 0 0 0 0 0 0 0 0 0 0 0 0 0 0 0 0 0 0 0 0 0 0 0 0 0 0 0 0 0 0 0 0 0 0 0 0 0 0 0 0 0 0 0 0
38 0 1000 0 0 1000 0 1000 0 0 0 0 0 0 27472 101 0 0 0 0 27472 101 0 0 0 0 0 0 27472 101 0 0 0 0 27472 101 0 0 0 0 0 0 27472 101 0 0 0 0 27472 101 0 0 0 0 0 0 27472 101 0 0 0 0 27472 101 0 0 0 0 0 0 27472 101 0 0 0 0 27472 101 0 0 0 0 0 0 27472 101 0 0 0 0 27472 101
39 0 1000 0 0 1000 0 1000 0 0 0 0 0 0 0 0 0 0 0 0 0 0 0 0 0 0 0 0 0 0 0 0 0 0 0 0 0 0 0 0 0 0 0 0 0 0 0 0 0 0 0 0 0 0 0 0 0 0 0 0 0 0 0 0 0 0 0 0 0 0 0 0 0 0 0 0 0 0 0 0 0 0 0 0 0 0 0 0 0 0 0 0
40 0 1000 0 0 1000 0 1000 0 0 0 0 0 0 0 0 0 0 0 0 0 0 0 0 0 0 0 0 0 0 0 0 0 0 0 0 0 0 0 0 0 0 0 0 0 0 0 0 0 0 0 0 0 0 0 0 0 0 0 0 0 0 0 0 0 0 0 0 0 0 0 0 0 0 0 0 0 0 0 0 0 0 0 0 0 0 0 0 0 0 0 0
41 0 1000 0 0 1000 0 1000 0 0 0 0 0 0 0 0 0 0 0 0 0 0 0 0 0 0 0 0 0 0 0 0 0 0 0 0 0 0 0 0 0 0 0 0 0 0 0 0 0 0 0 0 0 0 0 0 0 0 0 0 0 0 0 0 0 0 0 0 0 0 0 0 0 0 0 0 0 0 0 0 0 0 0 0 0 0 0 0 0 0 0 0
42 0 1000 0 0 1000 0 1000 0 0 0 0 0 0 27744 102 0 0 0 0 27744 102 0 0 0 0 0 0 27744 102 0 0 0 0 27744 102 0 0 0 0 0 0 27744 102 0 0 0 0 27744 102 0 0 0 0 0 0 27744 102 0 0 0 0 27744 102 0 0 0 0 0 0 27744 102 0 0 0 0 27744 102 0 0 0 0 0 0 27744 102 0 0 0 0 27744 102
43 0 1000 0 0 1000 0 1000 0 0 0 0 0 0 0 0 0 0 0 0 0 0 0 0 0 0 0 0 0 0 0 0 0 0 0 0 0 0 0 0 0 0 0 0 0 0 0 0 0 0 0 0 0 0 0 0 0 0 0 0 0 0 0 0 0 0 0 0 0 0 0 0 0 0 0 0 0 0 0 0 0 0 0 0 0 0 0 0 0 0 0 0
44 0 1000 0 0 1000 0 1000 0 0 0 0 0 0 0 0 0 0 0 0 0 0 0 0 0 0 0 0 0 0 0 0 0 0 0 0 0 0 0 0 0 0 0 0 0 0 0 0 0 0 0 0 0 0 0 0 0 0 0 0 0 0 0 0 0 0 0 0 0 0 0 0 0 0 0 0 0 0 0 0 0 0 0 0 0 0 0 0 0 0 0 0
45 0 1000 0 0 1000 0 1000 0 0 0 0 0 0 0 0 0 0 0 0 0 0 0 0 0 0 0 0 0 0 0 0 0 0 0 0 0 0 0 0 0 0 0 0 0 0 0 0 0 0 0 0 0 0 0 0 0 0 0 0 0 0 0 0 0 0 0 0 0 0 0 0 0 0 0 0 0 0 0 0 0 0 0 0 0 0 0 0 0 0 0 0
46 0 1000 0 0 1000 0 1000 0 0 0 0 0 0 31008 114 0 0 0 0 31008 114 0 0 0 0 0 0 31008 114 0 0 0 0 31008 114 0 0 0 0 0 0 31008 114 0 0 0 0 31008 114 0 0 0 0 0 0 31008 114 0 0 0 0 31008 114 0 0 0 0 0 0 31008 114 0 0 0 0 31008 114 0 0 0 0 0 0 31008 114 0 0 0 0 31008 114
47 0 1000 0 0 1000 0 1000 0 0 0 0 0 0 0 0 0 0 0 0 0 0 0 0 0 0 0 0 0 0 0 0 0 0 0 0 0 0 0 0 0 0 0 0 0 0 0 0 0 0 0 0 0 0 0 0 0 0 0 0 0 0 0 0 0 0 0 0 0 0 0 0 0 0 0 0 0 0 0 0 0 0 0 0 0 0 0 0 0 0 0 0
48 0 1000 0 0 1000 0 1000 0 0 0 0 0 0 0 0 0 0 0 0 0 0 0 0 0 0 0 0 0 0 0 0 0 0 0 0 0 0 0 0 0 0 0 0 0 0 0 0 0 0 0 0 0 0 0 0 0 0 0 0 0 0 0 0 0 0 0 0 0 0 0 0 0 0 0 0 0 0 0 0 0 0 0 0 0 0 0 0 0 0 0 0
49 0 1000 0 0 1000 0 1000 0 0 0 0 0 0 0 0 0 0 0 0 0 0 0 0 0 0 0 0 0 0 0 0 0 0 0 0 0 0 0 0 0 0 0 0 0 0 0 0 0 0 0 0 0 0 0 0 0 0 0 0 0 0 0 0 0 0 0 0 0 0 0 0 0 0 0 0 0 0 0 0 0 0 0 0 0 0 0 0 0 0 0 0
50 0 1000 0 0 1000 0 1000 0 0 0 0 0 0 32640 120 0 0 0 0 32640 120 0 0 0 0 0 0 32640 120 0 0 0 0 32640 120 0 0 0 0 0 0 32640 120 0 0 0 0 32640 120 0 0 0 0 0 0 32640 120 0 0 0 0 32640 120 0 0 0 0 0 0 32640 120 0 0 0 0 32640 120 0 0 0 0 0 0 32640 120 0 0 0 0 32640 120
51 0 1000 0 0 1000 0 1000 0 0 0 0 0 0 0 0 0 0 0 0 0 0 0 0 0 0 0 0 0 0 0 0 0 0 0 0 0 0 0 0 0 0 0 0 0 0 0 0 0 0 0 0 0 0 0 0 0 0 0 0 0 0 0 0 0 0 0 0 0 0 0 0 0 0 0 0 0 0 0 0 0 0 0 0 0 0 0 0 0 0 0 0
52 0 1000 0 0 1000 0 1000 0 0 0 0 0 0 0 0 0 0 0 0 0 0 0 0 0 0 0 0 0 0 0 0 0 0 0 0 0 0 0 0 0 0 0 0 0 0 0 0 0 0 0 0 0 0 0 0 0 0 0 0 0 0 0 0 0 0 0 0 0 0 0 0 0 0 0 0 0 0 0 0 0 0 0 0 0 0 0 0 0 0 0 0
53 0 1000 0 0 1000 0 1000 0 0 0 0 0 0 0 0 0 0 0 0 0 0 0 0 0 0 0 0 0 0 0 0 0 0 0 0 0 0 0 0 0 0 0 0 0 0 0 0 0 0 0 0 0 0 0 0 0 0 0 0 0 0 0 0 0 0 0 0 0 0 0 0 0 0 0 0 0 0 0 0 0 0 0 0 0 0 0 0 0 0 0 0
54 0 1000 0 0 1000 0 1000 0 0 0 0 0 0 30736 113 0 0 0 0 30736 113 0 0 0 0 0 0 30736 113 0 0 0 0 30736 113 0 0 0 0 0 0 30736 113 0 0 0 0 30736 113 0 0 0 0 0 0 30736 113 0 0 0 0 30736 113 0 0 0 0 0 0 30736 113 0 0 0 0 30736 113 0 0 0 0 0 0 30736 113 0 0 0 0 30736 113
55 0 1000 0 0 1000 0 1000 0 0 0 0 0 0 0 0 0 0 0 0 0 0 0 0 0 0 0 0 0 0 0 0 0 0 0 0 0 0 0 0 0 0 0 0 0 0 0 0 0 0 0 0 0 0 0 0 0 0 0 0 0 0 0 0 0 0 0 0 0 0 0 0 0 0 0 0 0 0 0 0 0 0 0 0 0 0 0 0 0 0 0 0
56 0 1000 0 0 1000 0 1000 0 0 0 0 0 0 0 0 0 0 0 0 0 0 0 0 0 0 0 0 0 0 0 0 0 0 0 0 0 0 0 0 0 0 0 0 0 0 0 0 0 0 0 0 0 0 0 0 0 0 0 0 0 0 0 0 0 0 0 0 0 0 0 0 0 0 0 0 0 0 0 0 0 0 0 0 0 0 0 0 0 0 0 0
57 0 1000 0 0 1000 0 1000 0 0 0 0 0 0 0 0 0 0 0 0 0 0 0 0 0 0 0 0 0 0 0 0 0 0 0 0 0 0 0 0 0 0 0 0 0 0 0 0 0 0 0 0 0 0 0 0 0 0 0 0 0 0 0 0 0 0 0 0 0 0 0 0 0 0 0 0 0 0 0 0 0 0 0 0 0 0 0 0 0 0 0 0
58 0 1000 0 0 1000 0 1000 0 0 0 0 0 0 24208 89 0 0 0 0 24208 89 0 0 0 0 0 0 24208 89 0 0 0 0 24208 89 0 0 0 0 0 0 24208 89 0 0 0 0 24208 89 0 0 0 0 0 0 24208 89 0 0 0 0 24208 89 0 0 0 0 0 0 24208 89 0 0 0 0 24208 89 0 0 0 0 0 0 24208 89 0 0 0 0 24208 89
59 0 1000 0 0 1000 0 1000 0 0 0 0 0 0 0 0 0 0 0 0 0 0 0 0 0 0 0 0 0 0 0 0 0 0 0 0 0 0 0 0 0 0 0 0 0 0 0 0 0 0 0 0 0 0 0 0 0 0 0 0 0 0 0 0 0 0 0 0 0 0 0 0 0 0 0 0 0 0 0 0 0 0 0 0 0 0 0 0 0 0 0 0
60 0 1000 0 0 1000 0 1000 0 0 0 0 0 0 0 0 0 0 0 0 0 0 0 0 0 0 0 0 0 0 0 0 0 0 0 0 0 0 0 0 0 0 0 0 0 0 0 0 0 0 0 0 0 0 0 0 0 0 0 0 0 0 0 0 0 0 0 0 0 0 0 0 0 0 0 0 0 0 0 0 0 0 0 0 0 0 0 0 0 0 0 0
61 0 1000 0 0 1000 0 1000 0 0 0 0 0 0 0 0 0 0 0 0 0 0 0 0 0 0 0 0 0 0 0 0 0 0 0 0 0 0 0 0 0 0 0 0 0 0 0 0 0 0 0 0 0 0 0 0 0 0 0 0 0 0 0 0 0 0 0 0 0 0 0 0 0 0 0 0 0 0 0 0 0 0 0 0 0 0 0 0 0 0 0 0
62 0 1000 0 0 1000 0 1000 0 0 0 0 0 0 20400 75 0 0 0 0 20400 75 0 0 0 0 0 0 20400 75 0 0 0 0 20400 75 0 0 0 0 0 0 20400 75 0 0 0 0 20400 75 0 0 0 0 0 0 20400 75 0 0 0 0 20400 75 0 0 0 0 0 0 20400 75 0 0 0 0 20400 75 0 0 0 0 0 0 20400 75 0 0 0 0 20400 75
63 0 1000 0 0 1000 0 1000 0 0 0 0 0 0 0 0 0 0 0 0 0 0 0 0 0 0 0 0 0 0 0 0 0 0 0 0 0 0 0 0 0 0 0 0 0 0 0 0 0 0 0 0 0 0 0 0 0 0 0 0 0 0 0 0 0 0 0 0 0 0 0 0 0 0 0 0 0 0 0 0 0 0 0 0 0 0 0 0 0 0 0 0
64 0 1000 0 0 1000 0 1000 0 0 0 0 0 0 0 0 0 0 0 0 0 0 0 0 0 0 0 0 0 0 0 0 0 0 0 0 0 0 0 0 0 0 0 0 0 0 0 0 0 0 0 0 0 0 0 0 0 0 0 0 0 0 0 0 0 0 0 0 0 0 0 0 0 0 0 0 0 0 0 0 0 0 0 0 0 0 0 0 0 0 0 0
65 0 1000 0 0 1000 0 1000 0 0 0 0 0 0 0 0 0 0 0 0 0 0 0 0 0 0 0 0 0 0 0 0 0 0 0 0 0 0 0 0 0 0 0 0 0 0 0 0 0 0 0 0 0 0 0 0 0 0 0 0 0 0 0 0 0 0 0 0 0 0 0 0 0 0 0 0 0 0 0 0 0 0 0 0 0 0 0 0 0 0 0 0
66 0 1000 0 0 1000 0 1000 0 0 0 0 0 0 26384 97 0 0 0 0 26384 97 0 0 0 0 0 0 26384 97 0 0 0 0 26384 97 0 0 0 0 0 0 26384 97 0 0 0 0 26384 97 0 0 0 0 0 0 26384 97 0 0 0 0 26384 97 0 0 0 0 0 0 26384 97 0 0 0 0 26384 97 0 0 0 0 0 0 26384 97 0 0 0 0 26384 97
67 0 1000 0 0 1000 0 1000 0 0 0 0 0 0 0 0 0 0 0 0 0 0 0 0 0 0 0 0 0 0 0 0 0 0 0 0 0 0 0 0 0 0 0 0 0 0 0 0 0 0 0 0 0 0 0 0 0 0 0 0 0 0 0 0 0 0 0 0 0 0 0 0 0 0 0 0 0 0 0 0 0 0 0 0 0 0 0 0 0 0 0 0
68 0 1000 0 0 1000 0 1000 0 0 0 0 0 0 0 0 0 0 0 0 0 0 0 0 0 0 0 0 0 0 0 0 0 0 0 0 0 0 0 0 0 0 0 0 0 0 0 0 0 0 0 0 0 0 0 0 0 0 0 0 0 0 0 0 0 0 0 0 0 0 0 0 0 0 0 0 0 0 0 0 0 0 0 0 0 0 0 0 0 0 0 0
69 0 1000 0 0 1000 0 1000 0 0 0 0 0 0 0 0 0 0 0 0 0 0 0 0 0 0 0 0 0 0 0 0 0 0 0 0 0 0 0 0 0 0 0 0 0 0 0 0 0 0 0 0 0 0 0 0 0 0 0 0 0 0 0 0 0 0 0 0 0 0 0 0 0 0 0 0 0 0 0 0 0 0 0 0 0 0 0 0 0 0 0 0
70 0 1000 0 0 1000 0 1000 0 0 0 0 0 0 27200 100 0 0 0 0 27200 100 0 0 0 0 0 0 27200 100 0 0 0 0 27200 100 0 0 0 0 0 0 27200 100 0 0 0 0 27200 100 0 0 0 0 0 0 27200 100 0 0 0 0 27200 100 0 0 0 0 0 0 27200 100 0 0 0 0 27200 100 0 0 0 0 0 0 27200 100 0 0 0 0 27200 100
71 0 1000 0 0 1000 0 1000 0 0 0 0 0 0 0 0 0 0 0 0 0 0 0 0 0 0 0 0 0 0 0 0 0 0 0 0 0 0 0 0 0 0 0 0 0 0 0 0 0 0 0 0 0 0 0 0 0 0 0 0 0 0 0 0 0 0 0 0 0 0 0 0 0 0 0 0 0 0 0 0 0 0 0 0 0 0 0 0 0 0 0 0
72 0 1000 0 0 1000 0 1000 0 0 0 0 0 0 0 0 0 0 0 0 0 0 0 0 0 0 0 0 0 0 0 0 0 0 0 0 0 0 0 0 0 0 0 0 0 0 0 0 0 0 0 0 0 0 0 0 0 0 0 0 0 0 0 0 0 0 0 0 0 0 0 0 0 0 0 0 0 0 0 0 0 0 0 0 0 0 0 0 0 0 0 0
73 0 1000 0 0 1000 0 1000 0 0 0 0 0 0 0 0 0 0 0 0 0 0 0 0 0 0 0 0 0 0 0 0 0 0 0 0 0 0 0 0 0 0 0 0 0 0 0 0 0 0 0 0 0 0 0 0 0 0 0 0 0 0 0 0 0 0 0 0 0 0 0 0 0 0 0 0 0 0 0 0 0 0 0 0 0 0 0 0 0 0 0 0
74 0 1000 0 0 1000 0 1000 0 0 0 0 0 0 28288 104 0 0 0 0 28288 104 0 0 0 0 0 0 28288 104 0 0 0 0 28288 104 0 0 0 0 0 0 28288 104 0 0 0 0 28288 104 0 0 0 0 0 0 28288 104 0 0 0 0 28288 104 0 0 0 0 0 0 28288 104 0 0 0 0 28288 104 0 0 0 0 0 0 28288 104 0 0 0 0 28288 104
75 0 1000 0 0 1000 0 1000 0 0 0 0 0 0 0 0 0 0 0 0 0 0 0 0 0 0 0 0 0 0 0 0 0 0 0 0 0 0 0 0 0 0 0 0 0 0 0 0 0 0 0 0 0 0 0 0 0 0 0 0 0 0 0 0 0 0 0 0 0 0 0 0 0 0 0 0 0 0 0 0 0 0 0 0 0 0 0 0 0 0 0 0
76 0 1000 0 0 1000 0 1000 0 0 0 0 0 0 0 0 0 0 0 0 0 0 0 0 0 0 0 0 0 0 0 0 0 0 0 0 0 0 0 0 0 0 0 0 0 0 0 0 0 0 0 0 0 0 0 0 0 0 0 0 0 0 0 0 0 0 0 0 0 0 0 0 0 0 0 0 0 0 0 0 0 0 0 0 0 0 0 0 0 0 0 0
77 0 1000 0 0 1000 0 1000 0 0 0 0 0 0 167534 2 167534 2 0 0 0 0 0 0 0 0 0 0 167534 2 167534 2 0 0 0 0 0 0 0 0 0 0 167534 2 167534 2 0 0 0 0 0 0 0 0 0 0 167534 2 167534 2 0 0 0 0 0 0 0 0 0 0 167534 2 167534 2 0 0 0 0 0 0 0 0 0 0 167534 2 167534 2 0 0 0 0
78 0 1000 0 0 1000 0 1000 1 19 1 19 0 0 106947 99 0 0 80291 1 26656 98 1 19 1 19 0 0 106947 99 0 0 80291 1 26656 98 1 19 1 19 0 0 106947 99 0 0 80291 1 26656 98 1 19 1 19 0 0 106947 99 0 0 80291 1 26656 98 1 19 1 19 0 0 106947 99 0 0 80291 1 26656 98 1 19 1 19 0 0 106947 99 0 0 80291 1 26656 98
79 0 1000 0 0 1000 0 1000 1 19 1 19 0 0 0 0 0 0 0 0 0 0 1 19 1 19 0 0 0 0 0 0 0 0 0 0 1 19 1 19 0 0 0 0 0 0 0 0 0 0 1 19 1 19 0 0 0 0 0 0 0 0 0 0 1 19 1 19 0 0 0 0 0 0 0 0 0 0 1 19 1 19 0 0 0 0 0 0 0 0 0 0
80 0 1000 0 0 1000 0 1000 1 19 1 19 0 0 0 0 0 0 0 0 0 0 1 19 1 19 0 0 0 0 0 0 0 0 0 0 1 19 1 19 0 0 0 0 0 0 0 0 0 0 1 19 1 19 0 0 0 0 0 0 0 0 0 0 1 19 1 19 0 0 0 0 0 0 0 0 0 0 1 19 1 19 0 0 0 0 0 0 0 0 0 0
81 0 1000 0 0 1000 0 1000 1 19 1 19 0 0 0 0 0 0 0 0 0 0 1 19 1 19 0 0 0 0 0 0 0 0 0 0 1 19 1 19 0 0 0 0 0 0 0 0 0 0 1 19 1 19 0 0 0 0 0 0 0 0 0 0 1 19 1 19 0 0 0 0 0 0 0 0 0 0 1 19 1 19 0 0 0 0 0 0 0 0 0 0
82 0 1000 0 0 1000 0 1000 1 19 1 19 0 0 28016 103 0 0 0 0 28016 103 1 19 1 19 0 0 28016 103 0 0 0 0 28016 103 1 19 1 19 0 0 28016 103 0 0 0 0 28016 103 1 19 1 19 0 0 28016 103 0 0 0 0 28016 103 1 19 1 19 0 0 28016 103 0 0 0 0 28016 103 1 19 1 19 0 0 28016 103 0 0 0 0 28016 103
83 0 1000 0 0 1000 0 1000 1 19 1 19 0 0 0 0 0 0 0 0 0 0 1 19 1 19 0 0 0 0 0 0 0 0 0 0 1 19 1 19 0 0 0 0 0 0 0 0 0 0 1 19 1 19 0 0 0 0 0 0 0 0 0 0 1 19 1 19 0 0 0 0 0 0 0 0 0 0 1 19 1 19 0 0 0 0 0 0 0 0 0 0
84 0 1000 0 0 1000 0 1000 1 19 1 19 0 0 0 0 0 0 0 0 0 0 1 19 1 19 0 0 0 0 0 0 0 0 0 0 1 19 1 19 0 0 0 0 0 0 0 0 0 0 1 19 1 19 0 0 0 0 0 0 0 0 0 0 1 19 1 19 0 0 0 0 0 0 0 0 0 0 1 19 1 19 0 0 0 0 0 0 0 0 0 0
85 0 1000 0 0 1000 0 1000 1 19 1 19 0 0 0 0 0 0 0 0 0 0 1 19 1 19 0 0 0 0 0 0 0 0 0 0 1 19 1 19 0 0 0 0 0 0 0 0 0 0 1 19 1 19 0 0 0 0 0 0 0 0 0 0 1 19 1 19 0 0 0 0 0 0 0 0 0 0 1 19 1 19 0 0 0 0 0 0 0 0 0 0
86 0 1000 0 0 1000 0 1000 1 19 1 19 0 0 26656 98 0 0 0 0 26656 98 1 19 1 19 0 0 26656 98 0 0 0 0 26656 98 1 19 1 19 0 0 26656 98 0 0 0 0 26656 98 1 19 1 19 0 0 26656 98 0 0 0 0 26656 98 1 19 1 19 0 0 26656 98 0 0 0 0 26656 98 1 19 1 19 0 0 26656 98 0 0 0 0 26656 98
87 0 1000 0 0 1000 0 1000 1 19 1 19 0 0 0 0 0 0 0 0 0 0 1 19 1 19 0 0 0 0 0 0 0 0 0 0 1 19 1 19 0 0 0 0 0 0 0 0 0 0 1 19 1 19 0 0 0 0 0 0 0 0 0 0 1 19 1 19 0 0 0 0 0 0 0 0 0 0 1 19 1 19 0 0 0 0 0 0 0 0 0 0
88 0 1000 0 0 1000 0 1000 1 19 1 19 0 0 0 0 0 0 0 0 0 0 1 19 1 19 0 0 0 0 0 0 0 0 0 0 1 19 1 19 0 0 0 0 0 0 0 0 0 0 1 19 1 19 0 0 0 0 0 0 0 0 0 0 1 19 1 19 0 0 0 0 0 0 0 0 0 0 1 19 1 19 0 0 0 0 0 0 0 0 0 0
89 0 1000 0 0 1000 0 1000 1 19 1 19 0 0 0 0 0 0 0 0 0 0 1 19 1 19 0 0 0 0 0 0 0 0 0 0 1 19 1 19 0 0 0 0 0 0 0 0 0 0 1 19 1 19 0 0 0 0 0 0 0 0 0 0 1 19 1 19 0 0 0 0 0 0 0 0 0 0 1 19 1 19 0 0 0 0 0 0 0 0 0 0
90 0 1000 0 0 1000 0 1000 1 19 1 19 0 0 27472 101 0 0 0 0 27472 101 1 19 1 19 0 0 27472 101 0 0 0 0 27472 101 1 19 1 19 0 0 27472 101 0 0 0 0 27472 101 1 19 1 19 0 0 27472 101 0 0 0 0 27472 101 1 19 1 19 0 0 27472 101 0 0 0 0 27472 101 1 19 1 19 0 0 27472 101 0 0 0 0 27472 101
91 0 1000 0 0 1000 0 1000 1 19 1 19 0 0 0 0 0 0 0 0 0 0 1 19 1 19 0 0 0 0 0 0 0 0 0 0 1 19 1 19 0 0 0 0 0 0 0 0 0 0 1 19 1 19 0 0 0 0 0 0 0 0 0 0 1 19 1 19 0 0 0 0 0 0 0 0 0 0 1 19 1 19 0 0 0 0 0 0 0 0 0 0
92 0 1000 0 0 1000 0 1000 1 19 1 19 0 0 0 0 0 0 0 0 0 0 1 19 1 19 0 0 0 0 0 0 0 0 0 0 1 19 1 19 0 0 0 0 0 0 0 0 0 0 1 19 1 19 0 0 0 0 0 0 0 0 0 0 1 19 1 19 0 0 0 0 0 0 0 0 0 0 1 19 1 19 0 0 0 0 0 0 0 0 0 0
93 0 1000 0 0 1000 0 1000 1 19 1 19 0 0 0 0 0 0 0 0 0 0 1 19 1 19 0 0 0 0 0 0 0 0 0 0 1 19 1 19 0 0 0 0 0 0 0 0 0 0 1 19 1 19 0 0 0 0 0 0 0 0 0 0 1 19 1 19 0 0 0 0 0 0 0 0 0 0 1 19 1 19 0 0 0 0 0 0 0 0 0 0
94 0 1000 0 0 1000 0 1000 1 19 1 19 0 0 26928 99 0 0 0 0 26928 99 1 19 1 19 0 0 26928 99 0 0 0 0 26928 99 1 19 1 19 0 0 26928 99 0 0 0 0 26928 99 1 19 1 19 0 0 26928 99 0 0 0 0 26928 99 1 19 1 19 0 0 26928 99 0 0 0 0 26928 99 1 19 1 19 0 0 26928 99 0 0 0 0 26928 99
95 0 1000 0 0 1000 0 1000 1 19 1 19 0 0 0 0 0 0 0 0 0 0 1 19 1 19 0 0 0 0 0 0 0 0 0 0 1 19 1 19 0 0 0 0 0 0 0 0 0 0 1 19 1 19 0 0 0 0 0 0 0 0 0 0 1 19 1 19 0 0 0 0 0 0 0 0 0 0 1 19 1 19 0 0 0 0 0 0 0 0 0 0
96 0 1000 0 0 1000 0 1000 1 19 1 19 0 0 0 0 0 0 0 0 0 0 1 19 1 19 0 0 0 0 0 0 0 0 0 0 1 19 1 19 0 0 0 0 0 0 0 0 0 0 1 19 1 19 0 0 0 0 0 0 0 0 0 0 1 19 1 19 0 0 0 0 0 0 0 0 0 0 1 19 1 19 0 0 0 0 0 0 0 0 0 0
97 0 1000 0 0 1000 0 1000 1 19 1 19 0 0 0 0 0 0 0 0 0 0 1 19 1 19 0 0 0 0 0 0 0 0 0 0 1 19 1 19 0 0 0 0 0 0 0 0 0 0 1 19 1 19 0 0 0 0 0 0 0 0 0 0 1 19 1 19 0 0 0 0 0 0 0 0 0 0 1 19 1 19 0 0 0 0 0 0 0 0 0 0
98 0 1000 0 0 1000 0 1000 1 19 1 19 0 0 25840 95 0 0 0 0 25840 95 1 19 1 19 0 0 25840 95 0 0 0 0 25840 95 1 19 1 19 0 0 25840 95 0 0 0 0 25840 95 1 19 1 19 0 0 25840 95 0 0 0 0 25840 95 1 19 1 19 0 0 25840 95 0 0 0 0 25840 95 1 19 1 19 0 0 25840 95 0 0 0 0 25840 95
99 0 1000 0 0 1000 0 1000 1 19 1 19 0 0 0 0 0 0 0 0 0 0 1 19 1 19 0 0 0 0 0 0 0 0 0 0 1 19 1 19 0 0 0 0 0 0 0 0 0 0 1 19 1 19 0 0 0 0 0 0 0 0 0 0 1 19 1 19 0 0 0 0 0 0 0 0 0 0 1 19 1 19 0 0 0 0 0 0 0 0 0 0
100 0 1000 0 0 1000 0 1000 1 19 1 19 0 0 0 0 0 0 0 0 0 0 1 19 1 19 0 0 0 0 0 0 0 0 0 0 1 19 1 19 0 0 0 0 0 0 0 0 0 0 1 19 1 19 0 0 0 0 0 0 0 0 0 0 1 19 1 19 0 0 0 0 0 0 0 0 0 0 1 19 1 19 0 0 0 0 0 0 0 0 0 0
101 0 1000 0 0 1000 0 1000 1 19 1 19 0 0 0 0 0 0 0 0 0 0 1 19 1 19 0 0 0 0 0 0 0 0 0 0 1 19 1 19 0 0 0 0 0 0 0 0 0 0 1 19 1 19 0 0 0 0 0 0 0 0 0 0 1 19 1 19 0 0 0 0 0 0 0 0 0 0 1 19 1 19 0 0 0 0 0 0 0 0 0 0
102 0 1000 0 0 1000 0 1000 1 19 1 19 0 0 26384 97 0 0 0 0 26384 97 1 19 1 19 0 0 26384 97 0 0 0 0 26384 97 1 19 1 19 0 0 26384 97 0 0 0 0 26384 97 1 19 1 19 0 0 26384 97 0 0 0 0 26384 97 1 19 1 19 0 0 26384 97 0 0 0 0 26384 97 1 19 1 19 0 0 26384 97 0 0 0 0 26384 97
103 0 1000 0 0 1000 0 1000 1 19 1 19 0 0 0 0 0 0 0 0 0 0 1 19 1 19 0 0 0 0 0 0 0 0 0 0 1 19 1 19 0 0 0 0 0 0 0 0 0 0 1 19 1 19 0 0 0 0 0 0 0 0 0 0 1 19 1 19 0 0 0 0 0 0 0 0 0 0 1 19 1 19 0 0 0 0 0 0 0 0 0 0
104 0 1000 0 0 1000 0 1000 1 19 1 19 0 0 0 0 0 0 0 0 0 0 1 19 1 19 0 0 0 0 0 0 0 0 0 0 1 19 1 19 0 0 0 0 0 0 0 0 0 0 1 19 1 19 0 0 0 0 0 0 0 0 0 0 1 19 1 19 0 0 0 0 0 0 0 0 0 0 1 19 1 19 0 0 0 0 0 0 0 0 0 0
105 0 1000 0 0 1000 0 1000 1 19 1 19 0 0 0 0 0 0 0 0 0 0 1 19 1 19 0 0 0 0 0 0 0 0 0 0 1 19 1 19 0 0 0 0 0 0 0 0 0 0 1 19 1 19 0 0 0 0 0 0 0 0 0 0 1 19 1 19 0 0 0 0 0 0 0 0 0 0 1 19 1 19 0 0 0 0 0 0 0 0 0 0
106 0 1000 0 0 1000 0 1000 1 19 1 19 0 0 29376 108 0 0 0 0 29376 108 1 19 1 19 0 0 29376 108 0 0 0 0 29376 108 1 19 1 19 0 0 29376 108 0 0 0 0 29376 108 1 19 1 19 0 0 29376 108 0 0 0 0 29376 108 1 19 1 19 0 0 29376 108 0 0 0 0 29376 108 1 19 1 19 0 0 29376 108 0 0 0 0 29376 108
107 0 1000 0 0 1000 0 1000 1 19 1 19 0 0 0 0 0 0 0 0 0 0 1 19 1 19 0 0 0 0 0 0 0 0 0 0 1 19 1 19 0 0 0 0 0 0 0 0 0 0 1 19 1 19 0 0 0 0 0 0 0 0 0 0 1 19 1 19 0 0 0 0 0 0 0 0 0 0 1 19 1 19 0 0 0 0 0 0 0 0 0 0
108 0 1000 0 0 1000 0 1000 1 19 1 19 0 0 0 0 0 0 0 0 0 0 1 19 1 19 0 0 0 0 0 0 0 0 0 0 1 19 1 19 0 0 0 0 0 0 0 0 0 0 1 19 1 19 0 0 0 0 0 0 0 0 0 0 1 19 1 19 0 0 0 0 0 0 0 0 0 0 1 19 1 19 0 0 0 0 0 0 0 0 0 0
109 0 1000 0 0 1000 0 1000 1 19 1 19 0 0 0 0 0 0 0 0 0 0 1 19 1 19 0 0 0 0 0 0 0 0 0 0 1 19 1 19 0 0 0 0 0 0 0 0 0 0 1 19 1 19 0 0 0 0 0 0 0 0 0 0 1 19 1 19 0 0 0 0 0 0 0 0 0 0 1 19 1 19 0 0 0 0 0 0 0 0 0 0
110 0 1000 0 0 1000 0 1000 1 19 1 19 0 0 31008 114 0 0 0 0 31008 114 1 19 1 19 0 0 31008 114 0 0 0 0 31008 114 1 19 1 19 0 0 31008 114 0 0 0 0 31008 114 1 19 1 19 0 0 31008 114 0 0 0 0 31008 114 1 19 1 19 0 0 31008 114 0 0 0 0 31008 114 1 19 1 19 0 0 31008 114 0 0 0 0 31008 114
111 0 1000 0 0 1000 0 1000 1 19 1 19 0 0 0 0 0 0 0 0 0 0 1 19 1 19 0 0 0 0 0 0 0 0 0 0 1 19 1 19 0 0 0 0 0 0 0 0 0 0 1 19 1 19 0 0 0 0 0 0 0 0 0 0 1 19 1 19 0 0 0 0 0 0 0 0 0 0 1 19 1 19 0 0 0 0 0 0 0 0 0 0
112 0 1000 0 0 1000 0 1000 1 19 1 19 0 0 0 0 0 0 0 0 0 0 1 19 1 19 0 0 0 0 0 0 0 0 0 0 1 19 1 19 0 0 0 0 0 0 0 0 0 0 1 19 1 19 0 0 0 0 0 0 0 0 0 0 1 19 1 19 0 0 0 0 0 0 0 0 0 0 1 19 1 19 0 0 0 0 0 0 0 0 0 0
113 0 1000 0 0 1000 0 1000 1 19 1 19 0 0 0 0 0 0 0 0 0 0 1 19 1 19 0 0 0 0 0 0 0 0 0 0 1 19 1 19 0 0 0 0 0 0 0 0 0 0 1 19 1 19 0 0 0 0 0 0 0 0 0 0 1 19 1 19 0 0 0 0 0 0 0 0 0 0 1 19 1 19 0 0 0 0 0 0 0 0 0 0
114 0 1000 0 0 1000 0 1000 1 19 1 19 0 0 27200 100 0 0 0 0 27200 100 1 19 1 19 0 0 27200 100 0 0 0 0 27200 100 1 19 1 19 0 0 27200 100 0 0 0 0 27200 100 1 19 1 19 0 0 27200 100 0 0 0 0 27200 100 1 19 1 19 0 0 27200 100 0 0 0 0 27200 100 1 19 1 19 0 0 27200 100 0 0 0 0 27200 100
115 0 1000 0 0 1000 0 1000 1 19 1 19 0 0 0 0 0 0 0 0 0 0 1 19 1 19 0 0 0 0 0 0 0 0 0 0 1 19 1 19 0 0 0 0 0 0 0 0 0 0 1 19 1 19 0 0 0 0 0 0 0 0 0 0 1 19 1 19 0 0 0 0 0 0 0 0 0 0 1 19 1 19 0 0 0 0 0 0 0 0 0 0
116 0 1000 0 0 1000 0 1000 1 19 1 19 0 0 0 0 0 0 0 0 0 0 1 19 1 19 0 0 0 0 0 0 0 0 0 0 1 19 1 19 0 0 0 0 0 0 0 0 0 0 1 19 1 19 0 0 0 0 0 0 0 0 0 0 1 19 1 19 0 0 0 0 0 0 0 0 0 0 1 19 1 19 0 0 0 0 0 0 0 0 0 0
117 0 1000 0 0 1000 0 1000 1 19 1 19 0 0 0 0 0 0 0 0 0 0 1 19 1 19 0 0 0 0 0 0 0 0 0 0 1 19 1 19 0 0 0 0 0 0 0 0 0 0 1 19 1 19 0 0 0 0 0 0 0 0 0 0 1 19 1 19 0 0 0 0 0 0 0 0 0 0 1 19 1 19 0 0 0 0 0 0 0 0 0 0
118 0 1000 0 0 1000 0 1000 1 19 1 19 0 0 25840 95 0 0 0 0 25840 95 1 19 1 19 0 0 25840 95 0 0 0 0 25840 95 1 19 1 19 0 0 25840 95 0 0 0 0 25840 95 1 19 1 19 0 0 25840 95 0 0 0 0 25840 95 1 19 1 19 0 0 25840 95 0 0 0 0 25840 95 1 19 1 19 0 0 25840 95 0 0 0 0 25840 95
119 0 1000 0 0 1000 0 1000 1 19 1 19 1 19 0 0 0 0 0 0 0 0 1 19 1 19 1 19 0 0 0 0 0 0 0 0 1 19 1 19 1 19 0 0 0 0 0 0 0 0 1 19 1 19 1 19 0 0 0 0 0 0 0 0 1 19 1 19 1 19 0 0 0 0 0 0 0 0 1 19 1 19 1 19 0 0 0 0 0 0 0 0
120 0 1000 0 0 1000 0 1000 1 19 1 19 1 19 0 0 0 0 0 0 0 0 1 19 1 19 1 19 0 0 0 0 0 0 0 0 1 19 1 19 1 19 0 0 0 0 0 0 0 0 1 19 1 19 1 19 0 0 0 0 0 0 0 0 1 19 1 19 1 19 0 0 0 0 0 0 0 0 1 19 1 19 1 19 0 0 0 0 0 0 0 0
121 0 1000 0 0 1000 0 1000 1 19 1 19 1 19 0 0 0 0 0 0 0 0 1 19 1 19 1 19 0 0 0 0 0 0 0 0 1 19 1 19 1 19 0 0 0 0 0 0 0 0 1 19 1 19 1 19 0 0 0 0 0 0 0 0 1 19 1 19 1 19 0 0 0 0 0 0 0 0 1 19 1 19 1 19 0 0 0 0 0 0 0 0
122 0 1000 0 0 1000 0 1000 1 19 1 19 1 19 25840 95 0 0 0 0 25840 95 1 19 1 19 1 19 25840 95 0 0 0 0 25840 95 1 19 1 19 1 19 25840 95 0 0 0 0 25840 95 1 19 1 19 1 19 25840 95 0 0 0 0 25840 95 1 19 1 19 1 19 25840 95 0 0 0 0 25840 95 1 19 1 19 1 19 25840 95 0 0 0 0 25840 95
123 0 1000 0 0 1000 0 1000 1 19 1 19 1 19 0 0 0 0 0 0 0 0 1 19 1 19 1 19 0 0 0 0 0 0 0 0 1 19 1 19 1 19 0 0 0 0 0 0 0 0 1 19 1 19 1 19 0 0 0 0 0 0 0 0 1 19 1 19 1 19 0 0 0 0 0 0 0 0 1 19 1 19 1 19 0 0 0 0 0 0 0 0
124 0 1000 0 0 1000 0 1000 1 19 1 19 1 19 0 0 0 0 0 0 0 0 1 19 1 19 1 19 0 0 0 0 0 0 0 0 1 19 1 19 1 19 0 0 0 0 0 0 0 0 1 19 1 19 1 19 0 0 0 0 0 0 0 0 1 19 1 19 1 19 0 0 0 0 0 0 0 0 1 19 1 19 1 19 0 0 0 0 0 0 0 0
125 0 1000 0 0 1000 0 1000 1 19 1 19 1 19 0 0 0 0 0 0 0 0 1 19 1 19 1 19 0 0 0 0 0 0 0 0 1 19 1 19 1 19 0 0 0 0 0 0 0 0 1 19 1 19 1 19 0 0 0 0 0 0 0 0 1 19 1 19 1 19 0 0 0 0 0 0 0 0 1 19 1 19 1 19 0 0 0 0 0 0 0 0
126 0 1000 0 0 1000 0 1000 1 19 1 19 1 19 25568 94 0 0 0 0 25568 94 1 19 1 19 1 19 25568 94 0 0 0 0 25568 94 1 19 1 19 1 19 25568 94 0 0 0 0 25568 94 1 19 1 19 1 19 25568 94 0 0 0 0 25568 94 1 19 1 19 1 19 25568 94 0 0 0 0 25568 94 1 19 1 19 1 19 25568 94 0 0 0 0 25568 94
127 0 1000 0 0 1000 0 1000 1 19 1 19 1 19 0 0 0 0 0 0 0 0 1 19 1 19 1 19 0 0 0 0 0 0 0 0 1 19 1 19 1 19 0 0 0 0 0 0 0 0 1 19 1 19 1 19 0 0 0 0 0 0 0 0 1 19 1 19 1 19 0 0 0 0 0 0 0 0 1 19 1 19 1 19 0 0 0 0 0 0 0 0
128 0 1000 0 0 1000 0 1000 1 19 1 19 1 19 0 0 0 0 0 0 0 0 1 19 1 19 1 19 0 0 0 0 0 0 0 0 1 19 1 19 1 19 0 0 0 0 0 0 0 0 1 19 1 19 1 19 0 0 0 0 0 0 0 0 1 19 1 19 1 19 0 0 0 0 0 0 0 0 1 19 1 19 1 19 0 0 0 0 0 0 0 0
129 0 1000 0 0 1000 0 1000 1 19 1 19 1 19 0 0 0 0 0 0 0 0 1 19 1 19 1 19 0 0 0 0 0 0 0 0 1 19 1 19 1 19 0 0 0 0 0 0 0 0 1 19 1 19 1 19 0 0 0 0 0 0 0 0 1 19 1 19 1 19 0 0 0 0 0 0 0 0 1 19 1 19 1 19 0 0 0 0 0 0 0 0
130 0 1000 0 0 1000 0 1000 1 19 1 19 1 19 29920 110 0 0 0 0 29920 110 1 19 1 19 1 19 29920 110 0 0 0 0 29920 110 1 19 1 19 1 19 29920 110 0 0 0 0 29920 110 1 19 1 19 1 19 29920 110 0 0 0 0 29920 110 1 19 1 19 1 19 29920 110 0 0 0 0 29920 110 1 19 1 19 1 19 29920 110 0 0 0 0 29920 110
131 0 1000 0 0 1000 0 1000 1 19 1 19 1 19 0 0 0 0 0 0 0 0 1 19 1 19 1 19 0 0 0 0 0 0 0 0 1 19 1 19 1 19 0 0 0 0 0 0 0 0 1 19 1 19 1 19 0 0 0 0 0 0 0 0 1 19 1 19 1 19 0 0 0 0 0 0 0 0 1 19 1 19 1 19 0 0 0 0 0 0 0 0
132 0 1000 0 0 1000 0 1000 1 19 1 19 1 19 0 0 0 0 0 0 0 0 1 19 1 19 1 19 0 0 0 0 0 0 0 0 1 19 1 19 1 19 0 0 0 0 0 0 0 0 1 19 1 19 1 19 0 0 0 0 0 0 0 0 1 19 1 19 1 19 0 0 0 0 0 0 0 0 1 19 1 19 1 19 0 0 0 0 0 0 0 0
133 0 1000 0 0 1000 0 1000 1 19 1 19 1 19 0 0 0 0 0 0 0 0 1 19 1 19 1 19 0 0 0 0 0 0 0 0 1 19 1 19 1 19 0 0 0 0 0 0 0 0 1 19 1 19 1 19 0 0 0 0 0 0 0 0 1 19 1 19 1 19 0 0 0 0 0 0 0 0 1 19 1 19 1 19 0 0 0 0 0 0 0 0
134 0 1000 0 0 1000 0 1000 1 19 1 19 1 19 29648 109 0 0 0 0 29648 109 1 19 1 19 1 19 29648 109 0 0 0 0 29648 109 1 19 1 19 1 19 29648 109 0 0 0 0 29648 109 1 19 1 19 1 19 29648 109 0 0 0 0 29648 109 1 19 1 19 1 19 29648 109 0 0 0 0 29648 109 1 19 1 19 1 19 29648 109 0 0 0 0 29648 109
135 0 1000 0 0 1000 0 1000 1 19 1 19 1 19 0 0 0 0 0 0 0 0 1 19 1 19 1 19 0 0 0 0 0 0 0 0 1 19 1 19 1 19 0 0 0 0 0 0 0 0 1 19 1 19 1 19 0 0 0 0 0 0 0 0 1 19 1 19 1 19 0 0 0 0 0 0 0 0 1 19 1 19 1 19 0 0 0 0 0 0 0 0
136 0 1000 0 0 1000 0 1000 1 19 1 19 1 19 0 0 0 0 0 0 0 0 1 19 1 19 1 19 0 0 0 0 0 0 0 0 1 19 1 19 1 19 0 0 0 0 0 0 0 0 1 19 1 19 1 19 0 0 0 0 0 0 0 0 1 19 1 19 1 19 0 0 0 0 0 0 0 0 1 19 1 19 1 19 0 0 0 0 0 0 0 0
137 0 1000 0 0 1000 0 1000 1 19 1 19 1 19 0 0 0 0 0 0 0 0 1 19 1 19 1 19 0 0 0 0 0 0 0 0 1 19 1 19 1 19 0 0 0 0 0 0 0 0 1 19 1 19 1 19 0 0 0 0 0 0 0 0 1 19 1 19 1 19 0 0 0 0 0 0 0 0 1 19 1 19 1 19 0 0 0 0 0 0 0 0
138 0 1000 0 0 1000 0 1000 1 19 1 19 1 19 26112 96 0 0 0 0 26112 96 1 19 1 19 1 19 26112 96 0 0 0 0 26112 96 1 19 1 19 1 19 26112 96 0 0 0 0 26112 96 1 19 1 19 1 19 26112 96 0 0 0 0 26112 96 1 19 1 19 1 19 26112 96 0 0 0 0 26112 96 1 19 1 19 1 19 26112 96 0 0 0 0 26112 96
139 0 1000 0 0 1000 0 1000 1 19 1 19 1 19 0 0 0 0 0 0 0 0 1 19 1 19 1 19 0 0 0 0 0 0 0 0 1 19 1 19 1 19 0 0 0 0 0 0 0 0 1 19 1 19 1 19 0 0 0 0 0 0 0 0 1 19 1 19 1 19 0 0 0 0 0 0 0 0 1 19 1 19 1 19 0 0 0 0 0 0 0 0
140 0 1000 0 0 1000 0 1000 1 19 1 19 1 19 0 0 0 0 0 0 0 0 1 19 1 19 1 19 0 0 0 0 0 0 0 0 1 19 1 19 1 19 0 0 0 0 0 0 0 0 1 19 1 19 1 19 0 0 0 0 0 0 0 0 1 19 1 19 1 19 0 0 0 0 0 0 0 0 1 19 1 19 1 19 0 0 0 0 0 0 0 0
141 0 1000 0 0 1000 0 1000 1 19 1 19 1 19 0 0 0 0 0 0 0 0 1 19 1 19 1 19 0 0 0 0 0 0 0 0 1 19 1 19 1 19 0 0 0 0 0 0 0 0 1 19 1 19 1 19 0 0 0 0 0 0 0 0 1 19 1 19 1 19 0 0 0 0 0 0 0 0 1 19 1 19 1 19 0 0 0 0 0 0 0 0
142 0 1000 0 0 1000 0 1000 1 19 1 19 1 19 28288 104 0 0 0 0 28288 104 1 19 1 19 1 19 28288 104 0 0 0 0 28288 104 1 19 1 19 1 19 28288 104 0 0 0 0 28288 104 1 19 1 19 1 19 28288 104 0 0 0 0 28288 104 1 19 1 19 1 19 28288 104 0 0 0 0 28288 104 1 19 1 19 1 19 28288 104 0 0 0 0 28288 104
143 0 1000 0 0 1000 0 1000 1 19 1 19 1 19 0 0 0 0 0 0 0 0 1 19 1 19 1 19 0 0 0 0 0 0 0 0 1 19 1 19 1 19 0 0 0 0 0 0 0 0 1 19 1 19 1 19 0 0 0 0 0 0 0 0 1 19 1 19 1 19 0 0 0 0 0 0 0 0 1 19 1 19 1 19 0 0 0 0 0 0 0 0
144 0 1000 0 0 1000 0 1000 1 19 1 19 1 19 0 0 0 0 0 0 0 0 1 19 1 19 1 19 0 0 0 0 0 0 0 0 1 19 1 19 1 19 0 0 0 0 0 0 0 0 1 19 1 19 1 19 0 0 0 0 0 0 0 0 1 19 1 19 1 19 0 0 0 0 0 0 0 0 1 19 1 19 1 19 0 0 0 0 0 0 0 0
145 0 1000 0 0 1000 0 1000 1 19 1 19 1 19 0 0 0 0 0 0 0 0 1 19 1 19 1 19 0 0 0 0 0 0 0 0 1 19 1 19 1 19 0 0 0 0 0 0 0 0 1 19 1 19 1 19 0 0 0 0 0 0 0 0 1 19 1 19 1 19 0 0 0 0 0 0 0 0 1 19 1 19 1 19 0 0 0 0 0 0 0 0
146 0 1000 0 0 1000 0 1000 1 19 1 19 1 19 26656 98 0 0 0 0 26656 98 1 19 1 19 1 19 26656 98 0 0 0 0 26656 98 1 19 1 19 1 19 26656 98 0 0 0 0 26656 98 1 19 1 19 1 19 26656 98 0 0 0 0 26656 98 1 19 1 19 1 19 26656 98 0 0 0 0 26656 98 1 19 1 19 1 19 26656 98 0 0 0 0 26656 98
147 0 1000 0 0 1000 0 1000 1 19 1 19 1 19 0 0 0 0 0 0 0 0 1 19 1 19 1 19 0 0 0 0 0 0 0 0 1 19 1 19 1 19 0 0 0 0 0 0 0 0 1 19 1 19 1 19 0 0 0 0 0 0 0 0 1 19 1 19 1 19 0 0 0 0 0 0 0 0 1 19 1 19 1 19 0 0 0 0 0 0 0 0
148 0 1000 0 0 1000 0 1000 1 19 1 19 1 19 0 0 0 0 0 0 0 0 1 19 1 19 1 19 0 0 0 0 0 0 0 0 1 19 1 19 1 19 0 0 0 0 0 0 0 0 1 19 1 19 1 19 0 0 0 0 0 0 0 0 1 19 1 19 1 19 0 0 0 0 0 0 0 0 1 19 1 19 1 19 0 0 0 0 0 0 0 0
149 0 1000 0 0 1000 0 1000 1 19 1 19 1 19 0 0 0 0 0 0 0 0 1 19 1 19 1 19 0 0 0 0 0 0 0 0 1 19 1 19 1 19 0 0 0 0 0 0 0 0 1 19 1 19 1 19 0 0 0 0 0 0 0 0 1 19 1 19 1 19 0 0 0 0 0 0 0 0 1 19 1 19 1 19 0 0 0 0 0 0 0 0
150 0 1000 0 0 1000 0 1000 1 19 1 19 1 19 25024 92 0 0 0 0 25024 92 1 19 1 19 1 19 25024 92 0 0 0 0 25024 92 1 19 1 19 1 19 25024 92 0 0 0 0 25024 92 1 19 1 19 1 19 25024 92 0 0 0 0 25024 92 1 19 1 19 1 19 25024 92 0 0 0 0 25024 92 1 19 1 19 1 19 25024 92 0 0 0 0 25024 92
151 0 1000 0 0 1000 0 1000 1 19 1 19 1 19 0 0 0 0 0 0 0 0 1 19 1 19 1 19 0 0 0 0 0 0 0 0 1 19 1 19 1 19 0 0 0 0 0 0 0 0 1 19 1 19 1 19 0 0 0 0 0 0 0 0 1 19 1 19 1 19 0 0 0 0 0 0 0 0 1 19 1 19 1 19 0 0 0 0 0 0 0 0
152 0 1000 0 0 1000 0 1000 1 19 1 19 1 19 0 0 0 0 0 0 0 0 1 19 1 19 1 19 0 0 0 0 0 0 0 0 1 19 1 19 1 19 0 0 0 0 0 0 0 0 1 19 1 19 1 19 0 0 0 0 0 0 0 0 1 19 1 19 1 19 0 0 0 0 0 0 0 0 1 19 1 19 1 19 0 0 0 0 0 0 0 0
153 0 1000 0 0 1000 0 1000 1 19 1 19 1 19 83383 1 83383 1 0 0 0 0 1 19 1 19 1 19 83383 1 83383 1 0 0 0 0 1 19 1 19 1 19 83383 1 83383 1 0 0 0 0 1 19 1 19 1 19 83383 1 83383 1 0 0 0 0 1 19 1 19 1 19 83383 1 83383 1 0 0 0 0 1 19 1 19 1 19 83383 1 83383 1 0 0 0 0
154 0 1000 0 0 1000 0 1000 2 38 2 38 1 19 109395 108 0 0 80291 1 29104 107 2 38 2 38 1 19 109395 108 0 0 80291 1 29104 107 2 38 2 38 1 19 109395 108 0 0 80291 1 29104 107 2 38 2 38 1 19 109395 108 0 0 80291 1 29104 107 2 38 2 38 1 19 109395 108 0 0 80291 1 29104 107 2 38 2 38 1 19 109395 108 0 0 80291 1 29104 107
155 0 1000 0 0 1000 0 1000 2 38 2 38 1 19 0 0 0 0 0 0 0 0 2 38 2 38 1 19 0 0 0 0 0 0 0 0 2 38 2 38 1 19 0 0 0 0 0 0 0 0 2 38 2 38 1 19 0 0 0 0 0 0 0 0 2 38 2 38 1 19 0 0 0 0 0 0 0 0 2 38 2 38 1 19 0 0 0 0 0 0 0 0
156 0 1000 0 0 1000 0 1000 2 38 2 38 1 19 0 0 0 0 0 0 0 0 2 38 2 38 1 19 0 0 0 0 0 0 0 0 2 38 2 38 1 19 0 0 0 0 0 0 0 0 2 38 2 38 1 19 0 0 0 0 0 0 0 0 2 38 2 38 1 19 0 0 0 0 0 0 0 0 2 38 2 38 1 19 0 0 0 0 0 0 0 0
157 0 1000 0 0 1000 0 1000 2 38 2 38 1 19 0 0 0 0 0 0 0 0 2 38 2 38 1 19 0 0 0 0 0 0 0 0 2 38 2 38 1 19 0 0 0 0 0 0 0 0 2 38 2 38 1 19 0 0 0 0 0 0 0 0 2 38 2 38 1 19 0 0 0 0 0 0 0 0 2 38 2 38 1 19 0 0 0 0 0 0 0 0
158 0 1000 0 0 1000 0 1000 2 38 2 38 1 19 24480 90 0 0 0 0 24480 90 2 38 2 38 1 19 24480 90 0 0 0 0 24480 90 2 38 2 38 1 19 24480 90 0 0 0 0 24480 90 2 38 2 38 1 19 24480 90 0 0 0 0 24480 90 2 38 2 38 1 19 24480 90 0 0 0 0 24480 90 2 38 2 38 1 19 24480 90 0 0 0 0 24480 90
159 0 1000 0 0 1000 0 1000 2 38 2 38 1 19 0 0 0 0 0 0 0 0 2 38 2 38 1 19 0 0 0 0 0 0 0 0 2 38 2 38 1 19 0 0 0 0 0 0 0 0 2 38 2 38 1 19 0 0 0 0 0 0 0 0 2 38 2 38 1 19 0 0 0 0 0 0 0 0 2 38 2 38 1 19 0 0 0 0 0 0 0 0
160 0 1000 0 0 1000 0 1000 2 38 2 38 1 19 0 0 0 0 0 0 0 0 2 38 2 38 1 19 0 0 0 0 0 0 0 0 2 38 2 38 1 19 0 0 0 0 0 0 0 0 2 38 2 38 1 19 0 0 0 0 0 0 0 0 2 38 2 38 1 19 0 0 0 0 0 0 0 0 2 38 2 38 1 19 0 0 0 0 0 0 0 0
161 0 1000 0 0 1000 0 1000 2 38 2 38 1 19 0 0 0 0 0 0 0 0 2 38 2 38 1 19 0 0 0 0 0 0 0 0 2 38 2 38 1 19 0 0 0 0 0 0 0 0 2 38 2 38 1 19 0 0 0 0 0 0 0 0 2 38 2 38 1 19 0 0 0 0 0 0 0 0 2 38 2 38 1 19 0 0 0 0 0 0 0 0
162 0 1000 0 0 1000 0 1000 2 38 2 38 1 19 29920 110 0 0 0 0 29920 110 2 38 2 38 1 19 29920 110 0 0 0 0 29920 110 2 38 2 38 1 19 29920 110 0 0 0 0 29920 110 2 38 2 38 1 19 29920 110 0 0 0 0 29920 110 2 38 2 38 1 19 29920 110 0 0 0 0 29920 110 2 38 2 38 1 19 29920 110 0 0 0 0 29920 110
163 0 1000 0 0 1000 0 1000 2 38 2 38 1 19 0 0 0 0 0 0 0 0 2 38 2 38 1 19 0 0 0 0 0 0 0 0 2 38 2 38 1 19 0 0 0 0 0 0 0 0 2 38 2 38 1 19 0 0 0 0 0 0 0 0 2 38 2 38 1 19 0 0 0 0 0 0 0 0 2 38 2 38 1 19 0 0 0 0 0 0 0 0
164 0 1000 0 0 1000 0 1000 2 38 2 38 1 19 0 0 0 0 0 0 0 0 2 38 2 38 1 19 0 0 0 0 0 0 0 0 2 38 2 38 1 19 0 0 0 0 0 0 0 0 2 38 2 38 1 19 0 0 0 0 0 0 0 0 2 38 2 38 1 19 0 0 0 0 0 0 0 0 2 38 2 38 1 19 0 0 0 0 0 0 0 0
165 0 1000 0 0 1000 0 1000 2 38 2 38 1 19 251877 3 251877 3 0 0 0 0 2 38 2 38 1 19 251877 3 251877 3 0 0 0 0 2 38 2 38 1 19 251877 3 251877 3 0 0 0 0 2 38 2 38 1 19 251877 3 251877 3 0 0 0 0 2 38 2 38 1 19 251877 3 251877 3 0 0 0 0 2 38 2 38 1 19 251877 3 251877 3 0 0 0 0
166 0 1000 0 0 1000 0 1000 3 41 3 41 1 19 105587 94 0 0 80291 1 25296 93 3 41 3 41 1 19 105587 94 0 0 80291 1 25296 93 3 41 3 41 1 19 105587 94 0 0 80291 1 25296 93 3 41 3 41 1 19 105587 94 0 0 80291 1 25296 93 3 41 3 41 1 19 105587 94 0 0 80291 1 25296 93 3 41 3 41 1 19 105587 94 0 0 80291 1 25296 93
167 0 1000 0 0 1000 0 1000 3 41 3 41 1 19 0 0 0 0 0 0 0 0 3 41 3 41 1 19 0 0 0 0 0 0 0 0 3 41 3 41 1 19 0 0 0 0 0 0 0 0 3 41 3 41 1 19 0 0 0 0 0 0 0 0 3 41 3 41 1 19 0 0 0 0 0 0 0 0 3 41 3 41 1 19 0 0 0 0 0 0 0 0
168 0 1000 0 0 1000 0 1000 3 41 3 41 1 19 0 0 0 0 0 0 0 0 3 41 3 41 1 19 0 0 0 0 0 0 0 0 3 41 3 41 1 19 0 0 0 0 0 0 0 0 3 41 3 41 1 19 0 0 0 0 0 0 0 0 3 41 3 41 1 19 0 0 0 0 0 0 0 0 3 41 3 41 1 19 0 0 0 0 0 0 0 0
169 0 1000 0 0 1000 0 1000 3 41 3 41 1 19 0 0 0 0 0 0 0 0 3 41 3 41 1 19 0 0 0 0 0 0 0 0 3 41 3 41 1 19 0 0 0 0 0 0 0 0 3 41 3 41 1 19 0 0 0 0 0 0 0 0 3 41 3 41 1 19 0 0 0 0 0 0 0 0 3 41 3 41 1 19 0 0 0 0 0 0 0 0
170 0 1000 0 0 1000 0 1000 3 41 3 41 1 19 28016 103 0 0 0 0 28016 103 3 41 3 41 1 19 28016 103 0 0 0 0 28016 103 3 41 3 41 1 19 28016 103 0 0 0 0 28016 103 3 41 3 41 1 19 28016 103 0 0 0 0 28016 103 3 41 3 41 1 19 28016 103 0 0 0 0 28016 103 3 41 3 41 1 19 28016 103 0 0 0 0 28016 103
171 0 1000 0 0 1000 0 1000 3 41 3 41 1 19 0 0 0 0 0 0 0 0 3 41 3 41 1 19 0 0 0 0 0 0 0 0 3 41 3 41 1 19 0 0 0 0 0 0 0 0 3 41 3 41 1 19 0 0 0 0 0 0 0 0 3 41 3 41 1 19 0 0 0 0 0 0 0 0 3 41 3 41 1 19 0 0 0 0 0 0 0 0
172 0 1000 0 0 1000 0 1000 3 41 3 41 1 19 0 0 0 0 0 0 0 0 3 41 3 41 1 19 0 0 0 0 0 0 0 0 3 41 3 41 1 19 0 0 0 0 0 0 0 0 3 41 3 41 1 19 0 0 0 0 0 0 0 0 3 41 3 41 1 19 0 0 0 0 0 0 0 0 3 41 3 41 1 19 0 0 0 0 0 0 0 0
173 0 1000 0 0 1000 0 1000 3 41 3 41 1 19 0 0 0 0 0 0 0 0 3 41 3 41 1 19 0 0 0 0 0 0 0 0 3 41 3 41 1 19 0 0 0 0 0 0 0 0 3 41 3 41 1 19 0 0 0 0 0 0 0 0 3 41 3 41 1 19 0 0 0 0 0 0 0 0 3 41 3 41 1 19 0 0 0 0 0 0 0 0
174 0 1000 0 0 1000 0 1000 3 41 3 41 1 19 29376 108 0 0 0 0 29376 108 3 41 3 41 1 19 29376 108 0 0 0 0 29376 108 3 41 3 41 1 19 29376 108 0 0 0 0 29376 108 3 41 3 41 1 19 29376 108 0 0 0 0 29376 108 3 41 3 41 1 19 29376 108 0 0 0 0 29376 108 3 41 3 41 1 19 29376 108 0 0 0 0 29376 108
175 0 1000 0 0 1000 0 1000 3 41 3 41 1 19 0 0 0 0 0 0 0 0 3 41 3 41 1 19 0 0 0 0 0 0 0 0 3 41 3 41 1 19 0 0 0 0 0 0 0 0 3 41 3 41 1 19 0 0 0 0 0 0 0 0 3 41 3 41 1 19 0 0 0 0 0 0 0 0 3 41 3 41 1 19 0 0 0 0 0 0 0 0
176 0 1000 0 0 1000 0 1000 3 41 3 41 1 19 0 0 0 0 0 0 0 0 3 41 3 41 1 19 0 0 0 0 0 0 0 0 3 41 3 41 1 19 0 0 0 0 0 0 0 0 3 41 3 41 1 19 0 0 0 0 0 0 0 0 3 41 3 41 1 19 0 0 0 0 0 0 0 0 3 41 3 41 1 19 0 0 0 0 0 0 0 0
177 0 1000 0 0 1000 0 1000 3 41 3 41 1 19 0 0 0 0 0 0 0 0 3 41 3 41 1 19 0 0 0 0 0 0 0 0 3 41 3 41 1 19 0 0 0 0 0 0 0 0 3 41 3 41 1 19 0 0 0 0 0 0 0 0 3 41 3 41 1 19 0 0 0 0 0 0 0 0 3 41 3 41 1 19 0 0 0 0 0 0 0 0
178 0 1000 0 0 1000 0 1000 3 41 3 41 1 19 25296 93 0 0 0 0 25296 93 3 41 3 41 1 19 25296 93 0 0 0 0 25296 93 3 41 3 41 1 19 25296 93 0 0 0 0 25296 93 3 41 3 41 1 19 25296 93 0 0 0 0 25296 93 3 41 3 41 1 19 25296 93 0 0 0 0 25296 93 3 41 3 41 1 19 25296 93 0 0 0 0 25296 93
179 0 1000 0 0 1000 0 1000 3 41 3 41 1 19 0 0 0 0 0 0 0 0 3 41 3 41 1 19 0 0 0 0 0 0 0 0 3 41 3 41 1 19 0 0 0 0 0 0 0 0 3 41 3 41 1 19 0 0 0 0 0 0 0 0 3 41 3 41 1 19 0 0 0 0 0 0 0 0 3 41 3 41 1 19 0 0 0 0 0 0 0 0
180 0 1000 0 0 1000 0 1000 3 41 3 41 1 19 0 0 0 0 0 0 0 0 3 41 3 41 1 19 0 0 0 0 0 0 0 0 3 41 3 41 1 19 0 0 0 0 0 0 0 0 3 41 3 41 1 19 0 0 0 0 0 0 0 0 3 41 3 41 1 19 0 0 0 0 0 0 0 0 3 41 3 41 1 19 0 0 0 0 0 0 0 0
181 0 1000 0 0 1000 0 1000 3 41 3 41 1 19 83415 1 83415 1 0 0 0 0 3 41 3 41 1 19 83415 1 83415 1 0 0 0 0 3 41 3 41 1 19 83415 1 83415 1 0 0 0 0 3 41 3 41 1 19 83415 1 83415 1 0 0 0 0 3 41 3 41 1 19 83415 1 83415 1 0 0 0 0 3 41 3 41 1 19 83415 1 83415 1 0 0 0 0
182 0 1000 0 0 1000 0 1000 4 45 4 45 1 19 110211 111 0 0 80291 1 29920 110 4 45 4 45 1 19 110211 111 0 0 80291 1 29920 110 4 45 4 45 1 19 110211 111 0 0 80291 1 29920 110 4 45 4 45 1 19 110211 111 0 0 80291 1 29920 110 4 45 4 45 1 19 110211 111 0 0 80291 1 29920 110 4 45 4 45 1 19 110211 111 0 0 80291 1 29920 110
183 0 1000 0 0 1000 0 1000 4 45 4 45 1 19 0 0 0 0 0 0 0 0 4 45 4 45 1 19 0 0 0 0 0 0 0 0 4 45 4 45 1 19 0 0 0 0 0 0 0 0 4 45 4 45 1 19 0 0 0 0 0 0 0 0 4 45 4 45 1 19 0 0 0 0 0 0 0 0 4 45 4 45 1 19 0 0 0 0 0 0 0 0
184 0 1000 0 0 1000 0 1000 4 45 4 45 1 19 0 0 0 0 0 0 0 0 4 45 4 45 1 19 0 0 0 0 0 0 0 0 4 45 4 45 1 19 0 0 0 0 0 0 0 0 4 45 4 45 1 19 0 0 0 0 0 0 0 0 4 45 4 45 1 19 0 0 0 0 0 0 0 0 4 45 4 45 1 19 0 0 0 0 0 0 0 0
185 0 1000 0 0 1000 0 1000 4 45 4 45 1 19 83959 1 83959 1 0 0 0 0 4 45 4 45 1 19 83959 1 83959 1 0 0 0 0 4 45 4 45 1 19 83959 1 83959 1 0 0 0 0 4 45 4 45 1 19 83959 1 83959 1 0 0 0 0 4 45 4 45 1 19 83959 1 83959 1 0 0 0 0 4 45 4 45 1 19 83959 1 83959 1 0 0 0 0
186 0 1000 0 0 1000 0 1000 5 46 5 46 1 19 106947 99 0 0 80291 1 26656 98 5 46 5 46 1 19 106947 99 0 0 80291 1 26656 98 5 46 5 46 1 19 106947 99 0 0 80291 1 26656 98 5 46 5 46 1 19 106947 99 0 0 80291 1 26656 98 5 46 5 46 1 19 106947 99 0 0 80291 1 26656 98 5 46 5 46 1 19 106947 99 0 0 80291 1 26656 98
187 0 1000 0 0 1000 0 1000 5 46 5 46 1 19 0 0 0 0 0 0 0 0 5 46 5 46 1 19 0 0 0 0 0 0 0 0 5 46 5 46 1 19 0 0 0 0 0 0 0 0 5 46 5 46 1 19 0 0 0 0 0 0 0 0 5 46 5 46 1 19 0 0 0 0 0 0 0 0 5 46 5 46 1 19 0 0 0 0 0 0 0 0
188 0 1000 0 0 1000 0 1000 5 46 5 46 1 19 0 0 0 0 0 0 0 0 5 46 5 46 1 19 0 0 0 0 0 0 0 0 5 46 5 46 1 19 0 0 0 0 0 0 0 0 5 46 5 46 1 19 0 0 0 0 0 0 0 0 5 46 5 46 1 19 0 0 0 0 0 0 0 0 5 46 5 46 1 19 0 0 0 0 0 0 0 0
189 0 1000 0 0 1000 0 1000 5 46 5 46 1 19 0 0 0 0 0 0 0 0 5 46 5 46 1 19 0 0 0 0 0 0 0 0 5 46 5 46 1 19 0 0 0 0 0 0 0 0 5 46 5 46 1 19 0 0 0 0 0 0 0 0 5 46 5 46 1 19 0 0 0 0 0 0 0 0 5 46 5 46 1 19 0 0 0 0 0 0 0 0
190 0 1000 0 0 1000 0 1000 5 46 5 46 1 19 25296 93 0 0 0 0 25296 93 5 46 5 46 1 19 25296 93 0 0 0 0 25296 93 5 46 5 46 1 19 25296 93 0 0 0 0 25296 93 5 46 5 46 1 19 25296 93 0 0 0 0 25296 93 5 46 5 46 1 19 25296 93 0 0 0 0 25296 93 5 46 5 46 1 19 25296 93 0 0 0 0 25296 93
191 0 1000 0 0 1000 0 1000 5 46 5 46 1 19 0 0 0 0 0 0 0 0 5 46 5 46 1 19 0 0 0 0 0 0 0 0 5 46 5 46 1 19 0 0 0 0 0 0 0 0 5 46 5 46 1 19 0 0 0 0 0 0 0 0 5 46 5 46 1 19 0 0 0 0 0 0 0 0 5 46 5 46 1 19 0 0 0 0 0 0 0 0
192 0 1000 0 0 1000 0 1000 5 46 5 46 1 19 0 0 0 0 0 0 0 0 5 46 5 46 1 19 0 0 0 0 0 0 0 0 5 46 5 46 1 19 0 0 0 0 0 0 0 0 5 46 5 46 1 19 0 0 0 0 0 0 0 0 5 46 5 46 1 19 0 0 0 0 0 0 0 0 5 46 5 46 1 19 0 0 0 0 0 0 0 0
193 0 1000 0 0 1000 0 1000 5 46 5 46 1 19 0 0 0 0 0 0 0 0 5 46 5 46 1 19 0 0 0 0 0 0 0 0 5 46 5 46 1 19 0 0 0 0 0 0 0 0 5 46 5 46 1 19 0 0 0 0 0 0 0 0 5 46 5 46 1 19 0 0 0 0 0 0 0 0 5 46 5 46 1 19 0 0 0 0 0 0 0 0
194 0 1000 0 0 1000 0 1000 5 46 5 46 1 19 26928 99 0 0 0 0 26928 99 5 46 5 46 1 19 26928 99 0 0 0 0 26928 99 5 46 5 46 1 19 26928 99 0 0 0 0 26928 99 5 46 5 46 1 19 26928 99 0 0 0 0 26928 99 5 46 5 46 1 19 26928 99 0 0 0 0 26928 99 5 46 5 46 1 19 26928 99 0 0 0 0 26928 99
195 0 1000 0 0 1000 0 1000 5 46 5 46 2 38 0 0 0 0 0 0 0 0 5 46 5 46 2 38 0 0 0 0 0 0 0 0 5 46 5 46 2 38 0 0 0 0 0 0 0 0 5 46 5 46 2 38 0 0 0 0 0 0 0 0 5 46 5 46 2 38 0 0 0 0 0 0 0 0 5 46 5 46 2 38 0 0 0 0 0 0 0 0
196 0 1000 0 0 1000 0 1000 5 46 5 46 2 38 0 0 0 0 0 0 0 0 5 46 5 46 2 38 0 0 0 0 0 0 0 0 5 46 5 46 2 38 0 0 0 0 0 0 0 0 5 46 5 46 2 38 0 0 0 0 0 0 0 0 5 46 5 46 2 38 0 0 0 0 0 0 0 0 5 46 5 46 2 38 0 0 0 0 0 0 0 0
197 0 1000 0 0 1000 0 1000 5 46 5 46 2 38 83607 1 83607 1 0 0 0 0 5 46 5 46 2 38 83607 1 83607 1 0 0 0 0 5 46 5 46 2 38 83607 1 83607 1 0 0 0 0 5 46 5 46 2 38 83607 1 83607 1 0 0 0 0 5 46 5 46 2 38 83607 1 83607 1 0 0 0 0 5 46 5 46 2 38 83607 1 83607 1 0 0 0 0
198 0 1000 0 0 1000 0 1000 6 49 6 49 2 38 104499 90 0 0 80291 1 24208 89 6 49 6 49 2 38 104499 90 0 0 80291 1 24208 89 6 49 6 49 2 38 104499 90 0 0 80291 1 24208 89 6 49 6 49 2 38 104499 90 0 0 80291 1 24208 89 6 49 6 49 2 38 104499 90 0 0 80291 1 24208 89 6 49 6 49 2 38 104499 90 0 0 80291 1 24208 89
199 0 1000 0 0 1000 0 1000 6 49 6 49 2 38 0 0 0 0 0 0 0 0 6 49 6 49 2 38 0 0 0 0 0 0 0 0 6 49 6 49 2 38 0 0 0 0 0 0 0 0 6 49 6 49 2 38 0 0 0 0 0 0 0 0 6 49 6 49 2 38 0 0 0 0 0 0 0 0 6 49 6 49 2 38 0 0 0 0 0 0 0 0
200 0 1000 0 0 1000 0 1000 6 49 6 49 2 38 0 0 0 0 0 0 0 0 6 49 6 49 2 38 0 0 0 0 0 0 0 0 6 49 6 49 2 38 0 0 0 0 0 0 0 0 6 49 6 49 2 38 0 0 0 0 0 0 0 0 6 49 6 49 2 38 0 0 0 0 0 0 0 0 6 49 6 49 2 38 0 0 0 0 0 0 0 0
201 0 1000 0 0 1000 0 1000 6 49 6 49 2 38 83287 1 83287 1 0 0 0 0 6 49 6 49 2 38 83287 1 83287 1 0 0 0 0 6 49 6 49 2 38 83287 1 83287 1 0 0 0 0 6 49 6 49 2 38 83287 1 83287 1 0 0 0 0 6 49 6 49 2 38 83287 1 83287 1 0 0 0 0 6 49 6 49 2 38 83287 1 83287 1 0 0 0 0
202 0 1000 0 0 1000 0 1000 7 50 7 50 2 38 103139 85 0 0 80291 1 22848 84 7 50 7 50 2 38 103139 85 0 0 80291 1 22848 84 7 50 7 50 2 38 103139 85 0 0 80291 1 22848 84 7 50 7 50 2 38 103139 85 0 0 80291 1 22848 84 7 50 7 50 2 38 103139 85 0 0 80291 1 22848 84 7 50 7 50 2 38 103139 85 0 0 80291 1 22848 84
203 0 1000 0 0 1000 0 1000 7 50 7 50 2 38 0 0 0 0 0 0 0 0 7 50 7 50 2 38 0 0 0 0 0 0 0 0 7 50 7 50 2 38 0 0 0 0 0 0 0 0 7 50 7 50 2 38 0 0 0 0 0 0 0 0 7 50 7 50 2 38 0 0 0 0 0 0 0 0 7 50 7 50 2 38 0 0 0 0 0 0 0 0
204 0 1000 0 0 1000 0 1000 7 50 7 50 2 38 0 0 0 0 0 0 0 0 7 50 7 50 2 38 0 0 0 0 0 0 0 0 7 50 7 50 2 38 0 0 0 0 0 0 0 0 7 50 7 50 2 38 0 0 0 0 0 0 0 0 7 50 7 50 2 38 0 0 0 0 0 0 0 0 7 50 7 50 2 38 0 0 0 0 0 0 0 0
205 0 1000 0 0 1000 0 1000 7 50 7 50 2 38 0 0 0 0 0 0 0 0 7 50 7 50 2 38 0 0 0 0 0 0 0 0 7 50 7 50 2 38 0 0 0 0 0 0 0 0 7 50 7 50 2 38 0 0 0 0 0 0 0 0 7 50 7 50 2 38 0 0 0 0 0 0 0 0 7 50 7 50 2 38 0 0 0 0 0 0 0 0
206 0 1000 0 0 1000 0 1000 7 50 7 50 2 38 29376 108 0 0 0 0 29376 108 7 50 7 50 2 38 29376 108 0 0 0 0 29376 108 7 50 7 50 2 38 29376 108 0 0 0 0 29376 108 7 50 7 50 2 38 29376 108 0 0 0 0 29376 108 7 50 7 50 2 38 29376 108 0 0 0 0 29376 108 7 50 7 50 2 38 29376 108 0 0 0 0 29376 108
207 0 1000 0 0 1000 0 1000 7 50 7 50 3 41 0 0 0 0 0 0 0 0 7 50 7 50 3 41 0 0 0 0 0 0 0 0 7 50 7 50 3 41 0 0 0 0 0 0 0 0 7 50 7 50 3 41 0 0 0 0 0 0 0 0 7 50 7 50 3 41 0 0 0 0 0 0 0 0 7 50 7 50 3 41 0 0 0 0 0 0 0 0
208 0 1000 0 0 1000 0 1000 7 50 7 50 3 41 0 0 0 0 0 0 0 0 7 50 7 50 3 41 0 0 0 0 0 0 0 0 7 50 7 50 3 41 0 0 0 0 0 0 0 0 7 50 7 50 3 41 0 0 0 0 0 0 0 0 7 50 7 50 3 41 0 0 0 0 0 0 0 0 7 50 7 50 3 41 0 0 0 0 0 0 0 0
209 0 1000 0 0 1000 0 1000 7 50 7 50 3 41 0 0 0 0 0 0 0 0 7 50 7 50 3 41 0 0 0 0 0 0 0 0 7 50 7 50 3 41 0 0 0 0 0 0 0 0 7 50 7 50 3 41 0 0 0 0 0 0 0 0 7 50 7 50 3 41 0 0 0 0 0 0 0 0 7 50 7 50 3 41 0 0 0 0 0 0 0 0
210 0 1000 0 0 1000 0 1000 7 50 7 50 3 41 24752 91 0 0 0 0 24752 91 7 50 7 50 3 41 24752 91 0 0 0 0 24752 91 7 50 7 50 3 41 24752 91 0 0 0 0 24752 91 7 50 7 50 3 41 24752 91 0 0 0 0 24752 91 7 50 7 50 3 41 24752 91 0 0 0 0 24752 91 7 50 7 50 3 41 24752 91 0 0 0 0 24752 91
211 0 1000 0 0 1000 0 1000 7 50 7 50 3 41 0 0 0 0 0 0 0 0 7 50 7 50 3 41 0 0 0 0 0 0 0 0 7 50 7 50 3 41 0 0 0 0 0 0 0 0 7 50 7 50 3 41 0 0 0 0 0 0 0 0 7 50 7 50 3 41 0 0 0 0 0 0 0 0 7 50 7 50 3 41 0 0 0 0 0 0 0 0
212 0 1000 0 0 1000 0 1000 7 50 7 50 3 41 0 0 0 0 0 0 0 0 7 50 7 50 3 41 0 0 0 0 0 0 0 0 7 50 7 50 3 41 0 0 0 0 0 0 0 0 7 50 7 50 3 41 0 0 0 0 0 0 0 0 7 50 7 50 3 41 0 0 0 0 0 0 0 0 7 50 7 50 3 41 0 0 0 0 0 0 0 0
213 0 1000 0 0 1000 0 1000 7 50 7 50 3 41 83351 1 83351 1 0 0 0 0 7 50 7 50 3 41 83351 1 83351 1 0 0 0 0 7 50 7 50 3 41 83351 1 83351 1 0 0 0 0 7 50 7 50 3 41 83351 1 83351 1 0 0 0 0 7 50 7 50 3 41 83351 1 83351 1 0 0 0 0 7 50 7 50 3 41 83351 1 83351 1 0 0 0 0
214 0 1000 0 0 1000 0 1000 8 53 8 53 3 41 106675 98 0 0 80291 1 26384 97 8 53 8 53 3 41 106675 98 0 0 80291 1 26384 97 8 53 8 53 3 41 106675 98 0 0 80291 1 26384 97 8 53 8 53 3 41 106675 98 0 0 80291 1 26384 97 8 53 8 53 3 41 106675 98 0 0 80291 1 26384 97 8 53 8 53 3 41 106675 98 0 0 80291 1 26384 97
215 0 1000 0 0 1000 0 1000 8 53 8 53 3 41 0 0 0 0 0 0 0 0 8 53 8 53 3 41 0 0 0 0 0 0 0 0 8 53 8 53 3 41 0 0 0 0 0 0 0 0 8 53 8 53 3 41 0 0 0 0 0 0 0 0 8 53 8 53 3 41 0 0 0 0 0 0 0 0 8 53 8 53 3 41 0 0 0 0 0 0 0 0
216 0 1000 0 0 1000 0 1000 8 53 8 53 3 41 0 0 0 0 0 0 0 0 8 53 8 53 3 41 0 0 0 0 0 0 0 0 8 53 8 53 3 41 0 0 0 0 0 0 0 0 8 53 8 53 3 41 0 0 0 0 0 0 0 0 8 53 8 53 3 41 0 0 0 0 0 0 0 0 8 53 8 53 3 41 0 0 0 0 0 0 0 0
217 0 1000 0 0 1000 0 1000 8 53 8 53 3 41 0 0 0 0 0 0 0 0 8 53 8 53 3 41 0 0 0 0 0 0 0 0 8 53 8 53 3 41 0 0 0 0 0 0 0 0 8 53 8 53 3 41 0 0 0 0 0 0 0 0 8 53 8 53 3 41 0 0 0 0 0 0 0 0 8 53 8 53 3 41 0 0 0 0 0 0 0 0
218 0 1000 0 0 1000 0 1000 8 53 8 53 3 41 30736 113 0 0 0 0 30736 113 8 53 8 53 3 41 30736 113 0 0 0 0 30736 113 8 53 8 53 3 41 30736 113 0 0 0 0 30736 113 8 53 8 53 3 41 30736 113 0 0 0 0 30736 113 8 53 8 53 3 41 30736 113 0 0 0 0 30736 113 8 53 8 53 3 41 30736 113 0 0 0 0 30736 113
219 0 1000 0 0 1000 0 1000 8 53 8 53 3 41 0 0 0 0 0 0 0 0 8 53 8 53 3 41 0 0 0 0 0 0 0 0 8 53 8 53 3 41 0 0 0 0 0 0 0 0 8 53 8 53 3 41 0 0 0 0 0 0 0 0 8 53 8 53 3 41 0 0 0 0 0 0 0 0 8 53 8 53 3 41 0 0 0 0 0 0 0 0
220 0 1000 0 0 1000 0 1000 8 53 8 53 3 41 0 0 0 0 0 0 0 0 8 53 8 53 3 41 0 0 0 0 0 0 0 0 8 53 8 53 3 41 0 0 0 0 0 0 0 0 8 53 8 53 3 41 0 0 0 0 0 0 0 0 8 53 8 53 3 41 0 0 0 0 0 0 0 0 8 53 8 53 3 41 0 0 0 0 0 0 0 0
221 0 1000 0 0 1000 0 1000 8 53 8 53 3 41 0 0 0 0 0 0 0 0 8 53 8 53 3 41 0 0 0 0 0 0 0 0 8 53 8 53 3 41 0 0 0 0 0 0 0 0 8 53 8 53 3 41 0 0 0 0 0 0 0 0 8 53 8 53 3 41 0 0 0 0 0 0 0 0 8 53 8 53 3 41 0 0 0 0 0 0 0 0
222 0 1000 0 0 1000 0 1000 8 53 8 53 3 41 25024 92 0 0 0 0 25024 92 8 53 8 53 3 41 25024 92 0 0 0 0 25024 92 8 53 8 53 3 41 25024 92 0 0 0 0 25024 92 8 53 8 53 3 41 25024 92 0 0 0 0 25024 92 8 53 8 53 3 41 25024 92 0 0 0 0 25024 92 8 53 8 53 3 41 25024 92 0 0 0 0 25024 92
223 0 1000 0 0 1000 0 1000 8 53 8 53 4 45 0 0 0 0 0 0 0 0 8 53 8 53 4 45 0 0 0 0 0 0 0 0 8 53 8 53 4 45 0 0 0 0 0 0 0 0 8 53 8 53 4 45 0 0 0 0 0 0 0 0 8 53 8 53 4 45 0 0 0 0 0 0 0 0 8 53 8 53 4 45 0 0 0 0 0 0 0 0
224 0 1000 0 0 1000 0 1000 8 53 8 53 4 45 0 0 0 0 0 0 0 0 8 53 8 53 4 45 0 0 0 0 0 0 0 0 8 53 8 53 4 45 0 0 0 0 0 0 0 0 8 53 8 53 4 45 0 0 0 0 0 0 0 0 8 53 8 53 4 45 0 0 0 0 0 0 0 0 8 53 8 53 4 45 0 0 0 0 0 0 0 0
225 0 1000 0 0 1000 0 1000 8 53 8 53 4 45 0 0 0 0 0 0 0 0 8 53 8 53 4 45 0 0 0 0 0 0 0 0 8 53 8 53 4 45 0 0 0 0 0 0 0 0 8 53 8 53 4 45 0 0 0 0 0 0 0 0 8 53 8 53 4 45 0 0 0 0 0 0 0 0 8 53 8 53 4 45 0 0 0 0 0 0 0 0
226 0 1000 0 0 1000 0 1000 8 53 8 53 4 45 27472 101 0 0 0 0 27472 101 8 53 8 53 4 45 27472 101 0 0 0 0 27472 101 8 53 8 53 4 45 27472 101 0 0 0 0 27472 101 8 53 8 53 4 45 27472 101 0 0 0 0 27472 101 8 53 8 53 4 45 27472 101 0 0 0 0 27472 101 8 53 8 53 4 45 27472 101 0 0 0 0 27472 101
227 0 1000 0 0 1000 0 1000 8 53 8 53 5 46 0 0 0 0 0 0 0 0 8 53 8 53 5 46 0 0 0 0 0 0 0 0 8 53 8 53 5 46 0 0 0 0 0 0 0 0 8 53 8 53 5 46 0 0 0 0 0 0 0 0 8 53 8 53 5 46 0 0 0 0 0 0 0 0 8 53 8 53 5 46 0 0 0 0 0 0 0 0
228 0 1000 0 0 1000 0 1000 8 53 8 53 5 46 0 0 0 0 0 0 0 0 8 53 8 53 5 46 0 0 0 0 0 0 0 0 8 53 8 53 5 46 0 0 0 0 0 0 0 0 8 53 8 53 5 46 0 0 0 0 0 0 0 0 8 53 8 53 5 46 0 0 0 0 0 0 0 0 8 53 8 53 5 46 0 0 0 0 0 0 0 0
229 0 1000 0 0 1000 0 1000 8 53 8 53 5 46 0 0 0 0 0 0 0 0 8 53 8 53 5 46 0 0 0 0 0 0 0 0 8 53 8 53 5 46 0 0 0 0 0 0 0 0 8 53 8 53 5 46 0 0 0 0 0 0 0 0 8 53 8 53 5 46 0 0 0 0 0 0 0 0 8 53 8 53 5 46 0 0 0 0 0 0 0 0
230 0 1000 0 0 1000 0 1000 8 53 8 53 5 46 30736 113 0 0 0 0 30736 113 8 53 8 53 5 46 30736 113 0 0 0 0 30736 113 8 53 8 53 5 46 30736 113 0 0 0 0 30736 113 8 53 8 53 5 46 30736 113 0 0 0 0 30736 113 8 53 8 53 5 46 30736 113 0 0 0 0 30736 113 8 53 8 53 5 46 30736 113 0 0 0 0 30736 113
231 0 1000 0 0 1000 0 1000 8 53 8 53 5 46 0 0 0 0 0 0 0 0 8 53 8 53 5 46 0 0 0 0 0 0 0 0 8 53 8 53 5 46 0 0 0 0 0 0 0 0 8 53 8 53 5 46 0 0 0 0 0 0 0 0 8 53 8 53 5 46 0 0 0 0 0 0 0 0 8 53 8 53 5 46 0 0 0 0 0 0 0 0
232 0 1000 0 0 1000 0 1000 8 53 8 53 5 46 0 0 0 0 0 0 0 0 8 53 8 53 5 46 0 0 0 0 0 0 0 0 8 53 8 53 5 46 0 0 0 0 0 0 0 0 8 53 8 53 5 46 0 0 0 0 0 0 0 0 8 53 8 53 5 46 0 0 0 0 0 0 0 0 8 53 8 53 5 46 0 0 0 0 0 0 0 0
233 0 1000 0 0 1000 0 1000 8 53 8 53 5 46 168109 2 168109 2 0 0 0 0 8 53 8 53 5 46 168109 2 168109 2 0 0 0 0 8 53 8 53 5 46 168109 2 168109 2 0 0 0 0 8 53 8 53 5 46 168109 2 168109 2 0 0 0 0 8 53 8 53 5 46 168109 2 168109 2 0 0 0 0 8 53 8 53 5 46 168109 2 168109 2 0 0 0 0
234 0 1000 0 0 1000 0 1000 9 58 9 58 5 46 104770 91 0 0 80290 1 24480 90 9 58 9 58 5 46 104770 91 0 0 80290 1 24480 90 9 58 9 58 5 46 104770 91 0 0 80290 1 24480 90 9 58 9 58 5 46 104770 91 0 0 80290 1 24480 90 9 58 9 58 5 46 104770 91 0 0 80290 1 24480 90 9 58 9 58 5 46 104770 91 0 0 80290 1 24480 90
235 0 1000 0 0 1000 0 1000 9 58 9 58 5 46 0 0 0 0 0 0 0 0 9 58 9 58 5 46 0 0 0 0 0 0 0 0 9 58 9 58 5 46 0 0 0 0 0 0 0 0 9 58 9 58 5 46 0 0 0 0 0 0 0 0 9 58 9 58 5 46 0 0 0 0 0 0 0 0 9 58 9 58 5 46 0 0 0 0 0 0 0 0
236 0 1000 0 0 1000 0 1000 9 58 9 58 5 46 0 0 0 0 0 0 0 0 9 58 9 58 5 46 0 0 0 0 0 0 0 0 9 58 9 58 5 46 0 0 0 0 0 0 0 0 9 58 9 58 5 46 0 0 0 0 0 0 0 0 9 58 9 58 5 46 0 0 0 0 0 0 0 0 9 58 9 58 5 46 0 0 0 0 0 0 0 0
237 0 1000 0 0 1000 0 1000 9 58 9 58 5 46 0 0 0 0 0 0 0 0 9 58 9 58 5 46 0 0 0 0 0 0 0 0 9 58 9 58 5 46 0 0 0 0 0 0 0 0 9 58 9 58 5 46 0 0 0 0 0 0 0 0 9 58 9 58 5 46 0 0 0 0 0 0 0 0 9 58 9 58 5 46 0 0 0 0 0 0 0 0
238 0 1000 0 0 1000 0 1000 9 58 9 58 5 46 23664 87 0 0 0 0 23664 87 9 58 9 58 5 46 23664 87 0 0 0 0 23664 87 9 58 9 58 5 46 23664 87 0 0 0 0 23664 87 9 58 9 58 5 46 23664 87 0 0 0 0 23664 87 9 58 9 58 5 46 23664 87 0 0 0 0 23664 87 9 58 9 58 5 46 23664 87 0 0 0 0 23664 87
239 0 1000 0 0 1000 0 1000 9 58 9 58 6 49 0 0 0 0 0 0 0 0 9 58 9 58 6 49 0 0 0 0 0 0 0 0 9 58 9 58 6 49 0 0 0 0 0 0 0 0 9 58 9 58 6 49 0 0 0 0 0 0 0 0 9 58 9 58 6 49 0 0 0 0 0 0 0 0 9 58 9 58 6 49 0 0 0 0 0 0 0 0
240 0 1000 0 0 1000 0 1000 9 58 9 58 6 49 0 0 0 0 0 0 0 0 9 58 9 58 6 49 0 0 0 0 0 0 0 0 9 58 9 58 6 49 0 0 0 0 0 0 0 0 9 58 9 58 6 49 0 0 0 0 0 0 0 0 9 58 9 58 6 49 0 0 0 0 0 0 0 0 9 58 9 58 6 49 0 0 0 0 0 0 0 0
241 0 1000 0 0 1000 0 1000 9 58 9 58 6 49 0 0 0 0 0 0 0 0 9 58 9 58 6 49 0 0 0 0 0 0 0 0 9 58 9 58 6 49 0 0 0 0 0 0 0 0 9 58 9 58 6 49 0 0 0 0 0 0 0 0 9 58 9 58 6 49 0 0 0 0 0 0 0 0 9 58 9 58 6 49 0 0 0 0 0 0 0 0
242 0 1000 0 0 1000 0 1000 9 58 9 58 6 49 26928 99 0 0 0 0 26928 99 9 58 9 58 6 49 26928 99 0 0 0 0 26928 99 9 58 9 58 6 49 26928 99 0 0 0 0 26928 99 9 58 9 58 6 49 26928 99 0 0 0 0 26928 99 9 58 9 58 6 49 26928 99 0 0 0 0 26928 99 9 58 9 58 6 49 26928 99 0 0 0 0 26928 99
243 0 1000 0 0 1000 0 1000 9 58 9 58 7 50 0 0 0 0 0 0 0 0 9 58 9 58 7 50 0 0 0 0 0 0 0 0 9 58 9 58 7 50 0 0 0 0 0 0 0 0 9 58 9 58 7 50 0 0 0 0 0 0 0 0 9 58 9 58 7 50 0 0 0 0 0 0 0 0 9 58 9 58 7 50 0 0 0 0 0 0 0 0
244 0 1000 0 0 1000 0 1000 9 58 9 58 7 50 0 0 0 0 0 0 0 0 9 58 9 58 7 50 0 0 0 0 0 0 0 0 9 58 9 58 7 50 0 0 0 0 0 0 0 0 9 58 9 58 7 50 0 0 0 0 0 0 0 0 9 58 9 58 7 50 0 0 0 0 0 0 0 0 9 58 9 58 7 50 0 0 0 0 0 0 0 0
245 0 1000 0 0 1000 0 1000 9 58 9 58 7 50 0 0 0 0 0 0 0 0 9 58 9 58 7 50 0 0 0 0 0 0 0 0 9 58 9 58 7 50 0 0 0 0 0 0 0 0 9 58 9 58 7 50 0 0 0 0 0 0 0 0 9 58 9 58 7 50 0 0 0 0 0 0 0 0 9 58 9 58 7 50 0 0 0 0 0 0 0 0
246 0 1000 0 0 1000 0 1000 9 58 9 58 7 50 26928 99 0 0 0 0 26928 99 9 58 9 58 7 50 26928 99 0 0 0 0 26928 99 9 58 9 58 7 50 26928 99 0 0 0 0 26928 99 9 58 9 58 7 50 26928 99 0 0 0 0 26928 99 9 58 9 58 7 50 26928 99 0 0 0 0 26928 99 9 58 9 58 7 50 26928 99 0 0 0 0 26928 99
247 0 1000 0 0 1000 0 1000 9 58 9 58 7 50 0 0 0 0 0 0 0 0 9 58 9 58 7 50 0 0 0 0 0 0 0 0 9 58 9 58 7 50 0 0 0 0 0 0 0 0 9 58 9 58 7 50 0 0 0 0 0 0 0 0 9 58 9 58 7 50 0 0 0 0 0 0 0 0 9 58 9 58 7 50 0 0 0 0 0 0 0 0
248 0 1000 0 0 1000 0 1000 9 58 9 58 7 50 0 0 0 0 0 0 0 0 9 58 9 58 7 50 0 0 0 0 0 0 0 0 9 58 9 58 7 50 0 0 0 0 0 0 0 0 9 58 9 58 7 50 0 0 0 0 0 0 0 0 9 58 9 58 7 50 0 0 0 0 0 0 0 0 9 58 9 58 7 50 0 0 0 0 0 0 0 0
249 0 1000 0 0 1000 0 1000 9 58 9 58 7 50 0 0 0 0 0 0 0 0 9 58 9 58 7 50 0 0 0 0 0 0 0 0 9 58 9 58 7 50 0 0 0 0 0 0 0 0 9 58 9 58 7 50 0 0 0 0 0 0 0 0 9 58 9 58 7 50 0 0 0 0 0 0 0 0 9 58 9 58 7 50 0 0 0 0 0 0 0 0
250 0 1000 0 0 1000 0 1000 9 58 9 58 7 50 20944 77 0 0 0 0 20944 77 9 58 9 58 7 50 20944 77 0 0 0 0 20944 77 9 58 9 58 7 50 20944 77 0 0 0 0 20944 77 9 58 9 58 7 50 20944 77 0 0 0 0 20944 77 9 58 9 58 7 50 20944 77 0 0 0 0 20944 77 9 58 9 58 7 50 20944 77 0 0 0 0 20944 77
251 0 1000 0 0 1000 0 1000 9 58 9 58 7 50 0 0 0 0 0 0 0 0 9 58 9 58 7 50 0 0 0 0 0 0 0 0 9 58 9 58 7 50 0 0 0 0 0 0 0 0 9 58 9 58 7 50 0 0 0 0 0 0 0 0 9 58 9 58 7 50 0 0 0 0 0 0 0 0 9 58 9 58 7 50 0 0 0 0 0 0 0 0
252 0 1000 0 0 1000 0 1000 9 58 9 58 7 50 0 0 0 0 0 0 0 0 9 58 9 58 7 50 0 0 0 0 0 0 0 0 9 58 9 58 7 50 0 0 0 0 0 0 0 0 9 58 9 58 7 50 0 0 0 0 0 0 0 0 9 58 9 58 7 50 0 0 0 0 0 0 0 0 9 58 9 58 7 50 0 0 0 0 0 0 0 0
253 0 1000 0 0 1000 0 1000 9 58 9 58 7 50 0 0 0 0 0 0 0 0 9 58 9 58 7 50 0 0 0 0 0 0 0 0 9 58 9 58 7 50 0 0 0 0 0 0 0 0 9 58 9 58 7 50 0 0 0 0 0 0 0 0 9 58 9 58 7 50 0 0 0 0 0 0 0 0 9 58 9 58 7 50 0 0 0 0 0 0 0 0
254 0 1000 0 0 1000 0 1000 9 58 9 58 7 50 28560 105 0 0 0 0 28560 105 9 58 9 58 7 50 28560 105 0 0 0 0 28560 105 9 58 9 58 7 50 28560 105 0 0 0 0 28560 105 9 58 9 58 7 50 28560 105 0 0 0 0 28560 105 9 58 9 58 7 50 28560 105 0 0 0 0 28560 105 9 58 9 58 7 50 28560 105 0 0 0 0 28560 105
255 0 1000 0 0 1000 0 1000 9 58 9 58 8 53 0 0 0 0 0 0 0 0 9 58 9 58 8 53 0 0 0 0 0 0 0 0 9 58 9 58 8 53 0 0 0 0 0 0 0 0 9 58 9 58 8 53 0 0 0 0 0 0 0 0 9 58 9 58 8 53 0 0 0 0 0 0 0 0 9 58 9 58 8 53 0 0 0 0 0 0 0 0
256 0 1000 0 0 1000 0 1000 9 58 9 58 8 53 0 0 0 0 0 0 0 0 9 58 9 58 8 53 0 0 0 0 0 0 0 0 9 58 9 58 8 53 0 0 0 0 0 0 0 0 9 58 9 58 8 53 0 0 0 0 0 0 0 0 9 58 9 58 8 53 0 0 0 0 0 0 0 0 9 58 9 58 8 53 0 0 0 0 0 0 0 0
257 0 1000 0 0 1000 0 1000 9 58 9 58 8 53 0 0 0 0 0 0 0 0 9 58 9 58 8 53 0 0 0 0 0 0 0 0 9 58 9 58 8 53 0 0 0 0 0 0 0 0 9 58 9 58 8 53 0 0 0 0 0 0 0 0 9 58 9 58 8 53 0 0 0 0 0 0 0 0 9 58 9 58 8 53 0 0 0 0 0 0 0 0
258 0 1000 0 0 1000 0 1000 9 58 9 58 8 53 23664 87 0 0 0 0 23664 87 9 58 9 58 8 53 23664 87 0 0 0 0 23664 87 9 58 9 58 8 53 23664 87 0 0 0 0 23664 87 9 58 9 58 8 53 23664 87 0 0 0 0 23664 87 9 58 9 58 8 53 23664 87 0 0 0 0 23664 87 9 58 9 58 8 53 23664 87 0 0 0 0 23664 87
259 0 1000 0 0 1000 0 1000 9 58 9 58 8 53 0 0 0 0 0 0 0 0 9 58 9 58 8 53 0 0 0 0 0 0 0 0 9 58 9 58 8 53 0 0 0 0 0 0 0 0 9 58 9 58 8 53 0 0 0 0 0 0 0 0 9 58 9 58 8 53 0 0 0 0 0 0 0 0 9 58 9 58 8 53 0 0 0 0 0 0 0 0
260 0 1000 0 0 1000 0 1000 9 58 9 58 8 53 0 0 0 0 0 0 0 0 9 58 9 58 8 53 0 0 0 0 0 0 0 0 9 58 9 58 8 53 0 0 0 0 0 0 0 0 9 58 9 58 8 53 0 0 0 0 0 0 0 0 9 58 9 58 8 53 0 0 0 0 0 0 0 0 9 58 9 58 8 53 0 0 0 0 0 0 0 0
261 0 1000 0 0 1000 0 1000 9 58 9 58 8 53 0 0 0 0 0 0 0 0 9 58 9 58 8 53 0 0 0 0 0 0 0 0 9 58 9 58 8 53 0 0 0 0 0 0 0 0 9 58 9 58 8 53 0 0 0 0 0 0 0 0 9 58 9 58 8 53 0 0 0 0 0 0 0 0 9 58 9 58 8 53 0 0 0 0 0 0 0 0
262 0 1000 0 0 1000 0 1000 9 58 9 58 8 53 27744 102 0 0 0 0 27744 102 9 58 9 58 8 53 27744 102 0 0 0 0 27744 102 9 58 9 58 8 53 27744 102 0 0 0 0 27744 102 9 58 9 58 8 53 27744 102 0 0 0 0 27744 102 9 58 9 58 8 53 27744 102 0 0 0 0 27744 102 9 58 9 58 8 53 27744 102 0 0 0 0 27744 102
263 0 1000 0 0 1000 0 1000 9 58 9 58 8 53 0 0 0 0 0 0 0 0 9 58 9 58 8 53 0 0 0 0 0 0 0 0 9 58 9 58 8 53 0 0 0 0 0 0 0 0 9 58 9 58 8 53 0 0 0 0 0 0 0 0 9 58 9 58 8 53 0 0 0 0 0 0 0 0 9 58 9 58 8 53 0 0 0 0 0 0 0 0
264 0 1000 0 0 1000 0 1000 9 58 9 58 8 53 0 0 0 0 0 0 0 0 9 58 9 58 8 53 0 0 0 0 0 0 0 0 9 58 9 58 8 53 0 0 0 0 0 0 0 0 9 58 9 58 8 53 0 0 0 0 0 0 0 0 9 58 9 58 8 53 0 0 0 0 0 0 0 0 9 58 9 58 8 53 0 0 0 0 0 0 0 0
265 0 1000 0 0 1000 0 1000 9 58 9 58 8 53 83703 1 83703 1 0 0 0 0 9 58 9 58 8 53 83703 1 83703 1 0 0 0 0 9 58 9 58 8 53 83703 1 83703 1 0 0 0 0 9 58 9 58 8 53 83703 1 83703 1 0 0 0 0 9 58 9 58 8 53 83703 1 83703 1 0 0 0 0 9 58 9 58 8 53 83703 1 83703 1 0 0 0 0
266 0 1000 0 0 1000 0 1000 10 66 10 66 8 53 105043 92 0 0 80291 1 24752 91 10 66 10 66 8 53 105043 92 0 0 80291 1 24752 91 10 66 10 66 8 53 105043 92 0 0 80291 1 24752 91 10 66 10 66 8 53 105043 92 0 0 80291 1 24752 91 10 66 10 66 8 53 105043 92 0 0 80291 1 24752 91 10 66 10 66 8 53 105043 92 0 0 80291 1 24752 91
267 0 1000 0 0 1000 0 1000 10 66 10 66 8 53 0 0 0 0 0 0 0 0 10 66 10 66 8 53 0 0 0 0 0 0 0 0 10 66 10 66 8 53 0 0 0 0 0 0 0 0 10 66 10 66 8 53 0 0 0 0 0 0 0 0 10 66 10 66 8 53 0 0 0 0 0 0 0 0 10 66 10 66 8 53 0 0 0 0 0 0 0 0
268 0 1000 0 0 1000 0 1000 10 66 10 66 8 53 0 0 0 0 0 0 0 0 10 66 10 66 8 53 0 0 0 0 0 0 0 0 10 66 10 66 8 53 0 0 0 0 0 0 0 0 10 66 10 66 8 53 0 0 0 0 0 0 0 0 10 66 10 66 8 53 0 0 0 0 0 0 0 0 10 66 10 66 8 53 0 0 0 0 0 0 0 0
269 0 1000 0 0 1000 0 1000 10 66 10 66 8 53 0 0 0 0 0 0 0 0 10 66 10 66 8 53 0 0 0 0 0 0 0 0 10 66 10 66 8 53 0 0 0 0 0 0 0 0 10 66 10 66 8 53 0 0 0 0 0 0 0 0 10 66 10 66 8 53 0 0 0 0 0 0 0 0 10 66 10 66 8 53 0 0 0 0 0 0 0 0
270 0 1000 0 0 1000 0 1000 10 66 10 66 8 53 27472 101 0 0 0 0 27472 101 10 66 10 66 8 53 27472 101 0 0 0 0 27472 101 10 66 10 66 8 53 27472 101 0 0 0 0 27472 101 10 66 10 66 8 53 27472 101 0 0 0 0 27472 101 10 66 10 66 8 53 27472 101 0 0 0 0 27472 101 10 66 10 66 8 53 27472 101 0 0 0 0 27472 101
271 0 1000 0 0 1000 0 1000 10 66 10 66 8 53 0 0 0 0 0 0 0 0 10 66 10 66 8 53 0 0 0 0 0 0 0 0 10 66 10 66 8 53 0 0 0 0 0 0 0 0 10 66 10 66 8 53 0 0 0 0 0 0 0 0 10 66 10 66 8 53 0 0 0 0 0 0 0 0 10 66 10 66 8 53 0 0 0 0 0 0 0 0
272 0 1000 0 0 1000 0 1000 10 66 10 66 8 53 0 0 0 0 0 0 0 0 10 66 10 66 8 53 0 0 0 0 0 0 0 0 10 66 10 66 8 53 0 0 0 0 0 0 0 0 10 66 10 66 8 53 0 0 0 0 0 0 0 0 10 66 10 66 8 53 0 0 0 0 0 0 0 0 10 66 10 66 8 53 0 0 0 0 0 0 0 0
273 0 1000 0 0 1000 0 1000 10 66 10 66 8 53 83671 1 83671 1 0 0 0 0 10 66 10 66 8 53 83671 1 83671 1 0 0 0 0 10 66 10 66 8 53 83671 1 83671 1 0 0 0 0 10 66 10 66 8 53 83671 1 83671 1 0 0 0 0 10 66 10 66 8 53 83671 1 83671 1 0 0 0 0 10 66 10 66 8 53 83671 1 83671 1 0 0 0 0
274 0 1000 0 0 1000 0 1000 11 68 11 68 8 53 109667 109 0 0 80291 1 29376 108 11 68 11 68 8 53 109667 109 0 0 80291 1 29376 108 11 68 11 68 8 53 109667 109 0 0 80291 1 29376 108 11 68 11 68 8 53 109667 109 0 0 80291 1 29376 108 11 68 11 68 8 53 109667 109 0 0 80291 1 29376 108 11 68 11 68 8 53 109667 109 0 0 80291 1 29376 108
275 0 1000 0 0 1000 0 1000 11 68 11 68 9 58 0 0 0 0 0 0 0 0 11 68 11 68 9 58 0 0 0 0 0 0 0 0 11 68 11 68 9 58 0 0 0 0 0 0 0 0 11 68 11 68 9 58 0 0 0 0 0 0 0 0 11 68 11 68 9 58 0 0 0 0 0 0 0 0 11 68 11 68 9 58 0 0 0 0 0 0 0 0
276 0 1000 0 0 1000 0 1000 11 68 11 68 9 58 0 0 0 0 0 0 0 0 11 68 11 68 9 58 0 0 0 0 0 0 0 0 11 68 11 68 9 58 0 0 0 0 0 0 0 0 11 68 11 68 9 58 0 0 0 0 0 0 0 0 11 68 11 68 9 58 0 0 0 0 0 0 0 0 11 68 11 68 9 58 0 0 0 0 0 0 0 0
277 0 1000 0 0 1000 0 1000 11 68 11 68 9 58 0 0 0 0 0 0 0 0 11 68 11 68 9 58 0 0 0 0 0 0 0 0 11 68 11 68 9 58 0 0 0 0 0 0 0 0 11 68 11 68 9 58 0 0 0 0 0 0 0 0 11 68 11 68 9 58 0 0 0 0 0 0 0 0 11 68 11 68 9 58 0 0 0 0 0 0 0 0
278 0 1000 0 0 1000 0 1000 11 68 11 68 9 58 28016 103 0 0 0 0 28016 103 11 68 11 68 9 58 28016 103 0 0 0 0 28016 103 11 68 11 68 9 58 28016 103 0 0 0 0 28016 103 11 68 11 68 9 58 28016 103 0 0 0 0 28016 103 11 68 11 68 9 58 28016 103 0 0 0 0 28016 103 11 68 11 68 9 58 28016 103 0 0 0 0 28016 103
279 0 1000 0 0 1000 0 1000 11 68 11 68 9 58 0 0 0 0 0 0 0 0 11 68 11 68 9 58 0 0 0 0 0 0 0 0 11 68 11 68 9 58 0 0 0 0 0 0 0 0 11 68 11 68 9 58 0 0 0 0 0 0 0 0 11 68 11 68 9 58 0 0 0 0 0 0 0 0 11 68 11 68 9 58 0 0 0 0 0 0 0 0
280 0 1000 0 0 1000 0 1000 11 68 11 68 9 58 0 0 0 0 0 0 0 0 11 68 11 68 9 58 0 0 0 0 0 0 0 0 11 68 11 68 9 58 0 0 0 0 0 0 0 0 11 68 11 68 9 58 0 0 0 0 0 0 0 0 11 68 11 68 9 58 0 0 0 0 0 0 0 0 11 68 11 68 9 58 0 0 0 0 0 0 0 0
281 0 1000 0 0 1000 0 1000 11 68 11 68 9 58 0 0 0 0 0 0 0 0 11 68 11 68 9 58 0 0 0 0 0 0 0 0 11 68 11 68 9 58 0 0 0 0 0 0 0 0 11 68 11 68 9 58 0 0 0 0 0 0 0 0 11 68 11 68 9 58 0 0 0 0 0 0 0 0 11 68 11 68 9 58 0 0 0 0 0 0 0 0
282 0 1000 0 0 1000 0 1000 11 68 11 68 9 58 28560 105 0 0 0 0 28560 105 11 68 11 68 9 58 28560 105 0 0 0 0 28560 105 11 68 11 68 9 58 28560 105 0 0 0 0 28560 105 11 68 11 68 9 58 28560 105 0 0 0 0 28560 105 11 68 11 68 9 58 28560 105 0 0 0 0 28560 105 11 68 11 68 9 58 28560 105 0 0 0 0 28560 105
283 0 1000 0 0 1000 0 1000 11 68 11 68 9 58 0 0 0 0 0 0 0 0 11 68 11 68 9 58 0 0 0 0 0 0 0 0 11 68 11 68 9 58 0 0 0 0 0 0 0 0 11 68 11 68 9 58 0 0 0 0 0 0 0 0 11 68 11 68 9 58 0 0 0 0 0 0 0 0 11 68 11 68 9 58 0 0 0 0 0 0 0 0
284 0 1000 0 0 1000 0 1000 11 68 11 68 9 58 0 0 0 0 0 0 0 0 11 68 11 68 9 58 0 0 0 0 0 0 0 0 11 68 11 68 9 58 0 0 0 0 0 0 0 0 11 68 11 68 9 58 0 0 0 0 0 0 0 0 11 68 11 68 9 58 0 0 0 0 0 0 0 0 11 68 11 68 9 58 0 0 0 0 0 0 0 0
285 0 1000 0 0 1000 0 1000 11 68 11 68 9 58 0 0 0 0 0 0 0 0 11 68 11 68 9 58 0 0 0 0 0 0 0 0 11 68 11 68 9 58 0 0 0 0 0 0 0 0 11 68 11 68 9 58 0 0 0 0 0 0 0 0 11 68 11 68 9 58 0 0 0 0 0 0 0 0 11 68 11 68 9 58 0 0 0 0 0 0 0 0
286 0 1000 0 0 1000 0 1000 11 68 11 68 9 58 28288 104 0 0 0 0 28288 104 11 68 11 68 9 58 28288 104 0 0 0 0 28288 104 11 68 11 68 9 58 28288 104 0 0 0 0 28288 104 11 68 11 68 9 58 28288 104 0 0 0 0 28288 104 11 68 11 68 9 58 28288 104 0 0 0 0 28288 104 11 68 11 68 9 58 28288 104 0 0 0 0 28288 104
287 0 1000 0 0 1000 0 1000 11 68 11 68 9 58 0 0 0 0 0 0 0 0 11 68 11 68 9 58 0 0 0 0 0 0 0 0 11 68 11 68 9 58 0 0 0 0 0 0 0 0 11 68 11 68 9 58 0 0 0 0 0 0 0 0 11 68 11 68 9 58 0 0 0 0 0 0 0 0 11 68 11 68 9 58 0 0 0 0 0 0 0 0
288 0 1000 0 0 1000 0 1000 11 68 11 68 9 58 0 0 0 0 0 0 0 0 11 68 11 68 9 58 0 0 0 0 0 0 0 0 11 68 11 68 9 58 0 0 0 0 0 0 0 0 11 68 11 68 9 58 0 0 0 0 0 0 0 0 11 68 11 68 9 58 0 0 0 0 0 0 0 0 11 68 11 68 9 58 0 0 0 0 0 0 0 0
289 0 1000 0 0 1000 0 1000 11 68 11 68 9 58 0 0 0 0 0 0 0 0 11 68 11 68 9 58 0 0 0 0 0 0 0 0 11 68 11 68 9 58 0 0 0 0 0 0 0 0 11 68 11 68 9 58 0 0 0 0 0 0 0 0 11 68 11 68 9 58 0 0 0 0 0 0 0 0 11 68 11 68 9 58 0 0 0 0 0 0 0 0
290 0 1000 0 0 1000 0 1000 11 68 11 68 9 58 26656 98 0 0 0 0 26656 98 11 68 11 68 9 58 26656 98 0 0 0 0 26656 98 11 68 11 68 9 58 26656 98 0 0 0 0 26656 98 11 68 11 68 9 58 26656 98 0 0 0 0 26656 98 11 68 11 68 9 58 26656 98 0 0 0 0 26656 98 11 68 11 68 9 58 26656 98 0 0 0 0 26656 98
291 0 1000 0 0 1000 0 1000 11 68 11 68 9 58 0 0 0 0 0 0 0 0 11 68 11 68 9 58 0 0 0 0 0 0 0 0 11 68 11 68 9 58 0 0 0 0 0 0 0 0 11 68 11 68 9 58 0 0 0 0 0 0 0 0 11 68 11 68 9 58 0 0 0 0 0 0 0 0 11 68 11 68 9 58 0 0 0 0 0 0 0 0
292 0 1000 0 0 1000 0 1000 11 68 11 68 9 58 0 0 0 0 0 0 0 0 11 68 11 68 9 58 0 0 0 0 0 0 0 0 11 68 11 68 9 58 0 0 0 0 0 0 0 0 11 68 11 68 9 58 0 0 0 0 0 0 0 0 11 68 11 68 9 58 0 0 0 0 0 0 0 0 11 68 11 68 9 58 0 0 0 0 0 0 0 0
293 0 1000 0 0 1000 0 1000 11 68 11 68 9 58 0 0 0 0 0 0 0 0 11 68 11 68 9 58 0 0 0 0 0 0 0 0 11 68 11 68 9 58 0 0 0 0 0 0 0 0 11 68 11 68 9 58 0 0 0 0 0 0 0 0 11 68 11 68 9 58 0 0 0 0 0 0 0 0 11 68 11 68 9 58 0 0 0 0 0 0 0 0
294 0 1000 0 0 1000 0 1000 11 68 11 68 9 58 26928 99 0 0 0 0 26928 99 11 68 11 68 9 58 26928 99 0 0 0 0 26928 99 11 68 11 68 9 58 26928 99 0 0 0 0 26928 99 11 68 11 68 9 58 26928 99 0 0 0 0 26928 99 11 68 11 68 9 58 26928 99 0 0 0 0 26928 99 11 68 11 68 9 58 26928 99 0 0 0 0 26928 99
295 0 1000 0 0 1000 0 1000 11 68 11 68 9 58 0 0 0 0 0 0 0 0 11 68 11 68 9 58 0 0 0 0 0 0 0 0 11 68 11 68 9 58 0 0 0 0 0 0 0 0 11 68 11 68 9 58 0 0 0 0 0 0 0 0 11 68 11 68 9 58 0 0 0 0 0 0 0 0 11 68 11 68 9 58 0 0 0 0 0 0 0 0
296 0 1000 0 0 1000 0 1000 11 68 11 68 9 58 0 0 0 0 0 0 0 0 11 68 11 68 9 58 0 0 0 0 0 0 0 0 11 68 11 68 9 58 0 0 0 0 0 0 0 0 11 68 11 68 9 58 0 0 0 0 0 0 0 0 11 68 11 68 9 58 0 0 0 0 0 0 0 0 11 68 11 68 9 58 0 0 0 0 0 0 0 0
297 0 1000 0 0 1000 0 1000 11 68 11 68 9 58 0 0 0 0 0 0 0 0 11 68 11 68 9 58 0 0 0 0 0 0 0 0 11 68 11 68 9 58 0 0 0 0 0 0 0 0 11 68 11 68 9 58 0 0 0 0 0 0 0 0 11 68 11 68 9 58 0 0 0 0 0 0 0 0 11 68 11 68 9 58 0 0 0 0 0 0 0 0
298 0 1000 0 0 1000 0 1000 11 68 11 68 9 58 32640 120 0 0 0 0 32640 120 11 68 11 68 9 58 32640 120 0 0 0 0 32640 120 11 68 11 68 9 58 32640 120 0 0 0 0 32640 120 11 68 11 68 9 58 32640 120 0 0 0 0 32640 120 11 68 11 68 9 58 32640 120 0 0 0 0 32640 120 11 68 11 68 9 58 32640 120 0 0 0 0 32640 120
299 0 1000 0 0 1000 0 1000 11 68 11 68 9 58 0 0 0 0 0 0 0 0 11 68 11 68 9 58 0 0 0 0 0 0 0 0 11 68 11 68 9 58 0 0 0 0 0 0 0 0 11 68 11 68 9 58 0 0 0 0 0 0 0 0 11 68 11 68 9 58 0 0 0 0 0 0 0 0 11 68 11 68 9 58 0 0 0 0 0 0 0 0
300 0 1000 0 0 1000 0 1000 11 68 11 68 9 58 0 0 0 0 0 0 0 0 11 68 11 68 9 58 0 0 0 0 0 0 0 0 11 68 11 68 9 58 0 0 0 0 0 0 0 0 11 68 11 68 9 58 0 0 0 0 0 0 0 0 11 68 11 68 9 58 0 0 0 0 0 0 0 0 11 68 11 68 9 58 0 0 0 0 0 0 0 0
301 0 1000 0 0 1000 0 1000 11 68 11 68 9 58 84279 1 84279 1 0 0 0 0 11 68 11 68 9 58 84279 1 84279 1 0 0 0 0 11 68 11 68 9 58 84279 1 84279 1 0 0 0 0 11 68 11 68 9 58 84279 1 84279 1 0 0 0 0 11 68 11 68 9 58 84279 1 84279 1 0 0 0 0 11 68 11 68 9 58 84279 1 84279 1 0 0 0 0
302 0 1000 0 0 1000 0 1000 12 75 12 75 9 58 109123 107 0 0 80291 1 28832 106 12 75 12 75 9 58 109123 107 0 0 80291 1 28832 106 12 75 12 75 9 58 109123 107 0 0 80291 1 28832 106 12 75 12 75 9 58 109123 107 0 0 80291 1 28832 106 12 75 12 75 9 58 109123 107 0 0 80291 1 28832 106 12 75 12 75 9 58 109123 107 0 0 80291 1 28832 106
303 0 1000 0 0 1000 0 1000 12 75 12 75 9 58 0 0 0 0 0 0 0 0 12 75 12 75 9 58 0 0 0 0 0 0 0 0 12 75 12 75 9 58 0 0 0 0 0 0 0 0 12 75 12 75 9 58 0 0 0 0 0 0 0 0 12 75 12 75 9 58 0 0 0 0 0 0 0 0 12 75 12 75 9 58 0 0 0 0 0 0 0 0
