r n_asleep n_awake n_honest_asleep n_honest_dreamy n_honest_awake n_adversary n_all party0_ledger_best_length party0_ledger_best_age party0_ledger_fast_length party0_ledger_fast_age party0_ledger_slow_length party0_ledger_slow_age party0_comms_all_size party0_comms_all_count party0_comms_proposal_size party0_comms_proposal_count party0_comms_piece_block_size party0_comms_piece_block_count party0_comms_piece_vote_size party0_comms_piece_vote_count party1_ledger_best_length party1_ledger_best_age party1_ledger_fast_length party1_ledger_fast_age party1_ledger_slow_length party1_ledger_slow_age party1_comms_all_size party1_comms_all_count party1_comms_proposal_size party1_comms_proposal_count party1_comms_piece_block_size party1_comms_piece_block_count party1_comms_piece_vote_size party1_comms_piece_vote_count party2_ledger_best_length party2_ledger_best_age party2_ledger_fast_length party2_ledger_fast_age party2_ledger_slow_length party2_ledger_slow_age party2_comms_all_size party2_comms_all_count party2_comms_proposal_size party2_comms_proposal_count party2_comms_piece_block_size party2_comms_piece_block_count party2_comms_piece_vote_size party2_comms_piece_vote_count party3_ledger_best_length party3_ledger_best_age party3_ledger_fast_length party3_ledger_fast_age party3_ledger_slow_length party3_ledger_slow_age party3_comms_all_size party3_comms_all_count party3_comms_proposal_size party3_comms_proposal_count party3_comms_piece_block_size party3_comms_piece_block_count party3_comms_piece_vote_size party3_comms_piece_vote_count party4_ledger_best_length party4_ledger_best_age party4_ledger_fast_length party4_ledger_fast_age party4_ledger_slow_length party4_ledger_slow_age party4_comms_all_size party4_comms_all_count party4_comms_proposal_size party4_comms_proposal_count party4_comms_piece_block_size party4_comms_piece_block_count party4_comms_piece_vote_size party4_comms_piece_vote_count partyALWAYSAWAKE_ledger_best_length partyALWAYSAWAKE_ledger_best_age partyALWAYSAWAKE_ledger_fast_length partyALWAYSAWAKE_ledger_fast_age partyALWAYSAWAKE_ledger_slow_length partyALWAYSAWAKE_ledger_slow_age partyALWAYSAWAKE_comms_all_size partyALWAYSAWAKE_comms_all_count partyALWAYSAWAKE_comms_proposal_size partyALWAYSAWAKE_comms_proposal_count partyALWAYSAWAKE_comms_piece_block_size partyALWAYSAWAKE_comms_piece_block_count partyALWAYSAWAKE_comms_piece_vote_size partyALWAYSAWAKE_comms_piece_vote_count
4 0 1000 0 0 1000 0 1000 0 0 0 0 0 0 0 0 0 0 0 0 0 0 0 0 0 0 0 0 0 0 0 0 0 0 0 0 0 0 0 0 0 0 0 0 0 0 0 0 0 0 0 0 0 0 0 0 0 0 0 0 0 0 0 0 0 0 0 0 0 0 0 0 0 0 0 0 0 0 0 0 0 0 0 0 0 0 0 0 0 0 0 0
5 0 1000 0 0 1000 0 1000 0 0 0 0 0 0 2628 6 2628 6 0 0 0 0 0 0 0 0 0 0 2628 6 2628 6 0 0 0 0 0 0 0 0 0 0 2628 6 2628 6 0 0 0 0 0 0 0 0 0 0 2628 6 2628 6 0 0 0 0 0 0 0 0 0 0 2628 6 2628 6 0 0 0 0 0 0 0 0 0 0 2628 6 2628 6 0 0 0 0
6 0 1000 0 0 1000 0 1000 1 1 1 1 0 0 30210 111 0 0 290 1 29920 110 1 1 1 1 0 0 30210 111 0 0 290 1 29920 110 1 1 1 1 0 0 30210 111 0 0 290 1 29920 110 1 1 1 1 0 0 30210 111 0 0 290 1 29920 110 1 1 1 1 0 0 30210 111 0 0 290 1 29920 110 1 1 1 1 0 0 30210 111 0 0 290 1 29920 110
7 0 1000 0 0 1000 0 1000 1 1 1 1 0 0 0 0 0 0 0 0 0 0 1 1 1 1 0 0 0 0 0 0 0 0 0 0 1 1 1 1 0 0 0 0 0 0 0 0 0 0 1 1 1 1 0 0 0 0 0 0 0 0 0 0 1 1 1 1 0 0 0 0 0 0 0 0 0 0 1 1 1 1 0 0 0 0 0 0 0 0 0 0
8 0 1000 0 0 1000 0 1000 1 1 1 1 0 0 0 0 0 0 0 0 0 0 1 1 1 1 0 0 0 0 0 0 0 0 0 0 1 1 1 1 0 0 0 0 0 0 0 0 0 0 1 1 1 1 0 0 0 0 0 0 0 0 0 0 1 1 1 1 0 0 0 0 0 0 0 0 0 0 1 1 1 1 0 0 0 0 0 0 0 0 0 0
9 0 1000 0 0 1000 0 1000 1 1 1 1 0 0 11872 3 11872 3 0 0 0 0 1 1 1 1 0 0 11872 3 11872 3 0 0 0 0 1 1 1 1 0 0 11872 3 11872 3 0 0 0 0 1 1 1 1 0 0 11872 3 11872 3 0 0 0 0 1 1 1 1 0 0 11872 3 11872 3 0 0 0 0 1 1 1 1 0 0 11872 3 11872 3 0 0 0 0
10 0 1000 0 0 1000 0 1000 2 2 2 2 0 0 29393 108 0 0 289 1 29104 107 2 2 2 2 0 0 29393 108 0 0 289 1 29104 107 2 2 2 2 0 0 29393 108 0 0 289 1 29104 107 2 2 2 2 0 0 29393 108 0 0 289 1 29104 107 2 2 2 2 0 0 29393 108 0 0 289 1 29104 107 2 2 2 2 0 0 29393 108 0 0 289 1 29104 107
11 0 1000 0 0 1000 0 1000 2 2 2 2 0 0 0 0 0 0 0 0 0 0 2 2 2 2 0 0 0 0 0 0 0 0 0 0 2 2 2 2 0 0 0 0 0 0 0 0 0 0 2 2 2 2 0 0 0 0 0 0 0 0 0 0 2 2 2 2 0 0 0 0 0 0 0 0 0 0 2 2 2 2 0 0 0 0 0 0 0 0 0 0
12 0 1000 0 0 1000 0 1000 2 2 2 2 0 0 0 0 0 0 0 0 0 0 2 2 2 2 0 0 0 0 0 0 0 0 0 0 2 2 2 2 0 0 0 0 0 0 0 0 0 0 2 2 2 2 0 0 0 0 0 0 0 0 0 0 2 2 2 2 0 0 0 0 0 0 0 0 0 0 2 2 2 2 0 0 0 0 0 0 0 0 0 0
13 0 1000 0 0 1000 0 1000 2 2 2 2 0 0 23172 6 23172 6 0 0 0 0 2 2 2 2 0 0 23172 6 23172 6 0 0 0 0 2 2 2 2 0 0 23172 6 23172 6 0 0 0 0 2 2 2 2 0 0 23172 6 23172 6 0 0 0 0 2 2 2 2 0 0 23172 6 23172 6 0 0 0 0 2 2 2 2 0 0 23172 6 23172 6 0 0 0 0
14 0 1000 0 0 1000 0 1000 3 3 3 3 0 0 26674 98 0 0 290 1 26384 97 3 3 3 3 0 0 26674 98 0 0 290 1 26384 97 3 3 3 3 0 0 26674 98 0 0 290 1 26384 97 3 3 3 3 0 0 26674 98 0 0 290 1 26384 97 3 3 3 3 0 0 26674 98 0 0 290 1 26384 97 3 3 3 3 0 0 26674 98 0 0 290 1 26384 97
15 0 1000 0 0 1000 0 1000 3 3 3 3 0 0 0 0 0 0 0 0 0 0 3 3 3 3 0 0 0 0 0 0 0 0 0 0 3 3 3 3 0 0 0 0 0 0 0 0 0 0 3 3 3 3 0 0 0 0 0 0 0 0 0 0 3 3 3 3 0 0 0 0 0 0 0 0 0 0 3 3 3 3 0 0 0 0 0 0 0 0 0 0
16 0 1000 0 0 1000 0 1000 3 3 3 3 0 0 0 0 0 0 0 0 0 0 3 3 3 3 0 0 0 0 0 0 0 0 0 0 3 3 3 3 0 0 0 0 0 0 0 0 0 0 3 3 3 3 0 0 0 0 0 0 0 0 0 0 3 3 3 3 0 0 0 0 0 0 0 0 0 0 3 3 3 3 0 0 0 0 0 0 0 0 0 0
17 0 1000 0 0 1000 0 1000 3 3 3 3 0 0 17710 5 17710 5 0 0 0 0 3 3 3 3 0 0 17710 5 17710 5 0 0 0 0 3 3 3 3 0 0 17710 5 17710 5 0 0 0 0 3 3 3 3 0 0 17710 5 17710 5 0 0 0 0 3 3 3 3 0 0 17710 5 17710 5 0 0 0 0 3 3 3 3 0 0 17710 5 17710 5 0 0 0 0
18 0 1000 0 0 1000 0 1000 4 4 4 4 0 0 26130 96 0 0 290 1 25840 95 4 4 4 4 0 0 26130 96 0 0 290 1 25840 95 4 4 4 4 0 0 26130 96 0 0 290 1 25840 95 4 4 4 4 0 0 26130 96 0 0 290 1 25840 95 4 4 4 4 0 0 26130 96 0 0 290 1 25840 95 4 4 4 4 0 0 26130 96 0 0 290 1 25840 95
19 0 1000 0 0 1000 0 1000 4 4 4 4 0 0 0 0 0 0 0 0 0 0 4 4 4 4 0 0 0 0 0 0 0 0 0 0 4 4 4 4 0 0 0 0 0 0 0 0 0 0 4 4 4 4 0 0 0 0 0 0 0 0 0 0 4 4 4 4 0 0 0 0 0 0 0 0 0 0 4 4 4 4 0 0 0 0 0 0 0 0 0 0
20 0 1000 0 0 1000 0 1000 4 4 4 4 0 0 0 0 0 0 0 0 0 0 4 4 4 4 0 0 0 0 0 0 0 0 0 0 4 4 4 4 0 0 0 0 0 0 0 0 0 0 4 4 4 4 0 0 0 0 0 0 0 0 0 0 4 4 4 4 0 0 0 0 0 0 0 0 0 0 4 4 4 4 0 0 0 0 0 0 0 0 0 0
21 0 1000 0 0 1000 0 1000 4 4 4 4 0 0 31302 9 31302 9 0 0 0 0 4 4 4 4 0 0 31302 9 31302 9 0 0 0 0 4 4 4 4 0 0 31302 9 31302 9 0 0 0 0 4 4 4 4 0 0 31302 9 31302 9 0 0 0 0 4 4 4 4 0 0 31302 9 31302 9 0 0 0 0 4 4 4 4 0 0 31302 9 31302 9 0 0 0 0
22 0 1000 0 0 1000 0 1000 5 5 5 5 0 0 31298 115 0 0 290 1 31008 114 5 5 5 5 0 0 31298 115 0 0 290 1 31008 114 5 5 5 5 0 0 31298 115 0 0 290 1 31008 114 5 5 5 5 0 0 31298 115 0 0 290 1 31008 114 5 5 5 5 0 0 31298 115 0 0 290 1 31008 114 5 5 5 5 0 0 31298 115 0 0 290 1 31008 114
23 0 1000 0 0 1000 0 1000 5 5 5 5 0 0 0 0 0 0 0 0 0 0 5 5 5 5 0 0 0 0 0 0 0 0 0 0 5 5 5 5 0 0 0 0 0 0 0 0 0 0 5 5 5 5 0 0 0 0 0 0 0 0 0 0 5 5 5 5 0 0 0 0 0 0 0 0 0 0 5 5 5 5 0 0 0 0 0 0 0 0 0 0
24 0 1000 0 0 1000 0 1000 5 5 5 5 0 0 0 0 0 0 0 0 0 0 5 5 5 5 0 0 0 0 0 0 0 0 0 0 5 5 5 5 0 0 0 0 0 0 0 0 0 0 5 5 5 5 0 0 0 0 0 0 0 0 0 0 5 5 5 5 0 0 0 0 0 0 0 0 0 0 5 5 5 5 0 0 0 0 0 0 0 0 0 0
25 0 1000 0 0 1000 0 1000 5 5 5 5 0 0 12258 3 12258 3 0 0 0 0 5 5 5 5 0 0 12258 3 12258 3 0 0 0 0 5 5 5 5 0 0 12258 3 12258 3 0 0 0 0 5 5 5 5 0 0 12258 3 12258 3 0 0 0 0 5 5 5 5 0 0 12258 3 12258 3 0 0 0 0 5 5 5 5 0 0 12258 3 12258 3 0 0 0 0
26 0 1000 0 0 1000 0 1000 6 6 6 6 0 0 27762 102 0 0 290 1 27472 101 6 6 6 6 0 0 27762 102 0 0 290 1 27472 101 6 6 6 6 0 0 27762 102 0 0 290 1 27472 101 6 6 6 6 0 0 27762 102 0 0 290 1 27472 101 6 6 6 6 0 0 27762 102 0 0 290 1 27472 101 6 6 6 6 0 0 27762 102 0 0 290 1 27472 101
27 0 1000 0 0 1000 0 1000 6 6 6 6 0 0 0 0 0 0 0 0 0 0 6 6 6 6 0 0 0 0 0 0 0 0 0 0 6 6 6 6 0 0 0 0 0 0 0 0 0 0 6 6 6 6 0 0 0 0 0 0 0 0 0 0 6 6 6 6 0 0 0 0 0 0 0 0 0 0 6 6 6 6 0 0 0 0 0 0 0 0 0 0
28 0 1000 0 0 1000 0 1000 6 6 6 6 0 0 0 0 0 0 0 0 0 0 6 6 6 6 0 0 0 0 0 0 0 0 0 0 6 6 6 6 0 0 0 0 0 0 0 0 0 0 6 6 6 6 0 0 0 0 0 0 0 0 0 0 6 6 6 6 0 0 0 0 0 0 0 0 0 0 6 6 6 6 0 0 0 0 0 0 0 0 0 0
29 0 1000 0 0 1000 0 1000 6 6 6 6 0 0 14679 4 14679 4 0 0 0 0 6 6 6 6 0 0 14679 4 14679 4 0 0 0 0 6 6 6 6 0 0 14679 4 14679 4 0 0 0 0 6 6 6 6 0 0 14679 4 14679 4 0 0 0 0 6 6 6 6 0 0 14679 4 14679 4 0 0 0 0 6 6 6 6 0 0 14679 4 14679 4 0 0 0 0
30 0 1000 0 0 1000 0 1000 7 7 7 7 0 0 30482 112 0 0 290 1 30192 111 7 7 7 7 0 0 30482 112 0 0 290 1 30192 111 7 7 7 7 0 0 30482 112 0 0 290 1 30192 111 7 7 7 7 0 0 30482 112 0 0 290 1 30192 111 7 7 7 7 0 0 30482 112 0 0 290 1 30192 111 7 7 7 7 0 0 30482 112 0 0 290 1 30192 111
31 0 1000 0 0 1000 0 1000 7 7 7 7 0 0 0 0 0 0 0 0 0 0 7 7 7 7 0 0 0 0 0 0 0 0 0 0 7 7 7 7 0 0 0 0 0 0 0 0 0 0 7 7 7 7 0 0 0 0 0 0 0 0 0 0 7 7 7 7 0 0 0 0 0 0 0 0 0 0 7 7 7 7 0 0 0 0 0 0 0 0 0 0
32 0 1000 0 0 1000 0 1000 7 7 7 7 0 0 0 0 0 0 0 0 0 0 7 7 7 7 0 0 0 0 0 0 0 0 0 0 7 7 7 7 0 0 0 0 0 0 0 0 0 0 7 7 7 7 0 0 0 0 0 0 0 0 0 0 7 7 7 7 0 0 0 0 0 0 0 0 0 0 7 7 7 7 0 0 0 0 0 0 0 0 0 0
33 0 1000 0 0 1000 0 1000 7 7 7 7 0 0 19949 5 19949 5 0 0 0 0 7 7 7 7 0 0 19949 5 19949 5 0 0 0 0 7 7 7 7 0 0 19949 5 19949 5 0 0 0 0 7 7 7 7 0 0 19949 5 19949 5 0 0 0 0 7 7 7 7 0 0 19949 5 19949 5 0 0 0 0 7 7 7 7 0 0 19949 5 19949 5 0 0 0 0
34 0 1000 0 0 1000 0 1000 8 8 8 8 0 0 25314 93 0 0 290 1 25024 92 8 8 8 8 0 0 25314 93 0 0 290 1 25024 92 8 8 8 8 0 0 25314 93 0 0 290 1 25024 92 8 8 8 8 0 0 25314 93 0 0 290 1 25024 92 8 8 8 8 0 0 25314 93 0 0 290 1 25024 92 8 8 8 8 0 0 25314 93 0 0 290 1 25024 92
35 0 1000 0 0 1000 0 1000 8 8 8 8 0 0 0 0 0 0 0 0 0 0 8 8 8 8 0 0 0 0 0 0 0 0 0 0 8 8 8 8 0 0 0 0 0 0 0 0 0 0 8 8 8 8 0 0 0 0 0 0 0 0 0 0 8 8 8 8 0 0 0 0 0 0 0 0 0 0 8 8 8 8 0 0 0 0 0 0 0 0 0 0
36 0 1000 0 0 1000 0 1000 8 8 8 8 0 0 0 0 0 0 0 0 0 0 8 8 8 8 0 0 0 0 0 0 0 0 0 0 8 8 8 8 0 0 0 0 0 0 0 0 0 0 8 8 8 8 0 0 0 0 0 0 0 0 0 0 8 8 8 8 0 0 0 0 0 0 0 0 0 0 8 8 8 8 0 0 0 0 0 0 0 0 0 0
37 0 1000 0 0 1000 0 1000 8 8 8 8 0 0 16910 5 16910 5 0 0 0 0 8 8 8 8 0 0 16910 5 16910 5 0 0 0 0 8 8 8 8 0 0 16910 5 16910 5 0 0 0 0 8 8 8 8 0 0 16910 5 16910 5 0 0 0 0 8 8 8 8 0 0 16910 5 16910 5 0 0 0 0 8 8 8 8 0 0 16910 5 16910 5 0 0 0 0
38 0 1000 0 0 1000 0 1000 9 9 9 9 0 0 23954 88 0 0 290 1 23664 87 9 9 9 9 0 0 23954 88 0 0 290 1 23664 87 9 9 9 9 0 0 23954 88 0 0 290 1 23664 87 9 9 9 9 0 0 23954 88 0 0 290 1 23664 87 9 9 9 9 0 0 23954 88 0 0 290 1 23664 87 9 9 9 9 0 0 23954 88 0 0 290 1 23664 87
39 0 1000 0 0 1000 0 1000 9 9 9 9 0 0 0 0 0 0 0 0 0 0 9 9 9 9 0 0 0 0 0 0 0 0 0 0 9 9 9 9 0 0 0 0 0 0 0 0 0 0 9 9 9 9 0 0 0 0 0 0 0 0 0 0 9 9 9 9 0 0 0 0 0 0 0 0 0 0 9 9 9 9 0 0 0 0 0 0 0 0 0 0
40 0 1000 0 0 1000 0 1000 9 9 9 9 0 0 0 0 0 0 0 0 0 0 9 9 9 9 0 0 0 0 0 0 0 0 0 0 9 9 9 9 0 0 0 0 0 0 0 0 0 0 9 9 9 9 0 0 0 0 0 0 0 0 0 0 9 9 9 9 0 0 0 0 0 0 0 0 0 0 9 9 9 9 0 0 0 0 0 0 0 0 0 0
41 0 1000 0 0 1000 0 1000 9 9 9 9 0 0 9669 3 9669 3 0 0 0 0 9 9 9 9 0 0 9669 3 9669 3 0 0 0 0 9 9 9 9 0 0 9669 3 9669 3 0 0 0 0 9 9 9 9 0 0 9669 3 9669 3 0 0 0 0 9 9 9 9 0 0 9669 3 9669 3 0 0 0 0 9 9 9 9 0 0 9669 3 9669 3 0 0 0 0
42 0 1000 0 0 1000 0 1000 10 10 10 10 0 0 23411 86 0 0 291 1 23120 85 10 10 10 10 0 0 23411 86 0 0 291 1 23120 85 10 10 10 10 0 0 23411 86 0 0 291 1 23120 85 10 10 10 10 0 0 23411 86 0 0 291 1 23120 85 10 10 10 10 0 0 23411 86 0 0 291 1 23120 85 10 10 10 10 0 0 23411 86 0 0 291 1 23120 85
43 0 1000 0 0 1000 0 1000 10 10 10 10 0 0 0 0 0 0 0 0 0 0 10 10 10 10 0 0 0 0 0 0 0 0 0 0 10 10 10 10 0 0 0 0 0 0 0 0 0 0 10 10 10 10 0 0 0 0 0 0 0 0 0 0 10 10 10 10 0 0 0 0 0 0 0 0 0 0 10 10 10 10 0 0 0 0 0 0 0 0 0 0
44 0 1000 0 0 1000 0 1000 10 10 10 10 0 0 0 0 0 0 0 0 0 0 10 10 10 10 0 0 0 0 0 0 0 0 0 0 10 10 10 10 0 0 0 0 0 0 0 0 0 0 10 10 10 10 0 0 0 0 0 0 0 0 0 0 10 10 10 10 0 0 0 0 0 0 0 0 0 0 10 10 10 10 0 0 0 0 0 0 0 0 0 0
45 0 1000 0 0 1000 0 1000 10 10 10 10 0 0 6318 2 6318 2 0 0 0 0 10 10 10 10 0 0 6318 2 6318 2 0 0 0 0 10 10 10 10 0 0 6318 2 6318 2 0 0 0 0 10 10 10 10 0 0 6318 2 6318 2 0 0 0 0 10 10 10 10 0 0 6318 2 6318 2 0 0 0 0 10 10 10 10 0 0 6318 2 6318 2 0 0 0 0
46 0 1000 0 0 1000 0 1000 11 11 11 11 0 0 27219 100 0 0 291 1 26928 99 11 11 11 11 0 0 27219 100 0 0 291 1 26928 99 11 11 11 11 0 0 27219 100 0 0 291 1 26928 99 11 11 11 11 0 0 27219 100 0 0 291 1 26928 99 11 11 11 11 0 0 27219 100 0 0 291 1 26928 99 11 11 11 11 0 0 27219 100 0 0 291 1 26928 99
47 0 1000 0 0 1000 0 1000 11 11 11 11 1 1 0 0 0 0 0 0 0 0 11 11 11 11 1 1 0 0 0 0 0 0 0 0 11 11 11 11 1 1 0 0 0 0 0 0 0 0 11 11 11 11 1 1 0 0 0 0 0 0 0 0 11 11 11 11 1 1 0 0 0 0 0 0 0 0 11 11 11 11 1 1 0 0 0 0 0 0 0 0
48 0 1000 0 0 1000 0 1000 11 11 11 11 1 1 0 0 0 0 0 0 0 0 11 11 11 11 1 1 0 0 0 0 0 0 0 0 11 11 11 11 1 1 0 0 0 0 0 0 0 0 11 11 11 11 1 1 0 0 0 0 0 0 0 0 11 11 11 11 1 1 0 0 0 0 0 0 0 0 11 11 11 11 1 1 0 0 0 0 0 0 0 0
49 0 1000 0 0 1000 0 1000 11 11 11 11 1 1 25249 7 25249 7 0 0 0 0 11 11 11 11 1 1 25249 7 25249 7 0 0 0 0 11 11 11 11 1 1 25249 7 25249 7 0 0 0 0 11 11 11 11 1 1 25249 7 25249 7 0 0 0 0 11 11 11 11 1 1 25249 7 25249 7 0 0 0 0 11 11 11 11 1 1 25249 7 25249 7 0 0 0 0
50 0 1000 0 0 1000 0 1000 12 12 12 12 1 1 23139 85 0 0 291 1 22848 84 12 12 12 12 1 1 23139 85 0 0 291 1 22848 84 12 12 12 12 1 1 23139 85 0 0 291 1 22848 84 12 12 12 12 1 1 23139 85 0 0 291 1 22848 84 12 12 12 12 1 1 23139 85 0 0 291 1 22848 84 12 12 12 12 1 1 23139 85 0 0 291 1 22848 84
51 0 1000 0 0 1000 0 1000 12 12 12 12 2 2 0 0 0 0 0 0 0 0 12 12 12 12 2 2 0 0 0 0 0 0 0 0 12 12 12 12 2 2 0 0 0 0 0 0 0 0 12 12 12 12 2 2 0 0 0 0 0 0 0 0 12 12 12 12 2 2 0 0 0 0 0 0 0 0 12 12 12 12 2 2 0 0 0 0 0 0 0 0
52 0 1000 0 0 1000 0 1000 12 12 12 12 2 2 0 0 0 0 0 0 0 0 12 12 12 12 2 2 0 0 0 0 0 0 0 0 12 12 12 12 2 2 0 0 0 0 0 0 0 0 12 12 12 12 2 2 0 0 0 0 0 0 0 0 12 12 12 12 2 2 0 0 0 0 0 0 0 0 12 12 12 12 2 2 0 0 0 0 0 0 0 0
53 0 1000 0 0 1000 0 1000 12 12 12 12 2 2 12508 4 12508 4 0 0 0 0 12 12 12 12 2 2 12508 4 12508 4 0 0 0 0 12 12 12 12 2 2 12508 4 12508 4 0 0 0 0 12 12 12 12 2 2 12508 4 12508 4 0 0 0 0 12 12 12 12 2 2 12508 4 12508 4 0 0 0 0 12 12 12 12 2 2 12508 4 12508 4 0 0 0 0
54 0 1000 0 0 1000 0 1000 13 13 13 13 2 2 27219 100 0 0 291 1 26928 99 13 13 13 13 2 2 27219 100 0 0 291 1 26928 99 13 13 13 13 2 2 27219 100 0 0 291 1 26928 99 13 13 13 13 2 2 27219 100 0 0 291 1 26928 99 13 13 13 13 2 2 27219 100 0 0 291 1 26928 99 13 13 13 13 2 2 27219 100 0 0 291 1 26928 99
55 0 1000 0 0 1000 0 1000 13 13 13 13 3 3 0 0 0 0 0 0 0 0 13 13 13 13 3 3 0 0 0 0 0 0 0 0 13 13 13 13 3 3 0 0 0 0 0 0 0 0 13 13 13 13 3 3 0 0 0 0 0 0 0 0 13 13 13 13 3 3 0 0 0 0 0 0 0 0 13 13 13 13 3 3 0 0 0 0 0 0 0 0
56 0 1000 0 0 1000 0 1000 13 13 13 13 3 3 0 0 0 0 0 0 0 0 13 13 13 13 3 3 0 0 0 0 0 0 0 0 13 13 13 13 3 3 0 0 0 0 0 0 0 0 13 13 13 13 3 3 0 0 0 0 0 0 0 0 13 13 13 13 3 3 0 0 0 0 0 0 0 0 13 13 13 13 3 3 0 0 0 0 0 0 0 0
57 0 1000 0 0 1000 0 1000 13 13 13 13 3 3 14428 4 14428 4 0 0 0 0 13 13 13 13 3 3 14428 4 14428 4 0 0 0 0 13 13 13 13 3 3 14428 4 14428 4 0 0 0 0 13 13 13 13 3 3 14428 4 14428 4 0 0 0 0 13 13 13 13 3 3 14428 4 14428 4 0 0 0 0 13 13 13 13 3 3 14428 4 14428 4 0 0 0 0
58 0 1000 0 0 1000 0 1000 14 14 14 14 3 3 28035 103 0 0 291 1 27744 102 14 14 14 14 3 3 28035 103 0 0 291 1 27744 102 14 14 14 14 3 3 28035 103 0 0 291 1 27744 102 14 14 14 14 3 3 28035 103 0 0 291 1 27744 102 14 14 14 14 3 3 28035 103 0 0 291 1 27744 102 14 14 14 14 3 3 28035 103 0 0 291 1 27744 102
59 0 1000 0 0 1000 0 1000 14 14 14 14 4 4 0 0 0 0 0 0 0 0 14 14 14 14 4 4 0 0 0 0 0 0 0 0 14 14 14 14 4 4 0 0 0 0 0 0 0 0 14 14 14 14 4 4 0 0 0 0 0 0 0 0 14 14 14 14 4 4 0 0 0 0 0 0 0 0 14 14 14 14 4 4 0 0 0 0 0 0 0 0
60 0 1000 0 0 1000 0 1000 14 14 14 14 4 4 0 0 0 0 0 0 0 0 14 14 14 14 4 4 0 0 0 0 0 0 0 0 14 14 14 14 4 4 0 0 0 0 0 0 0 0 14 14 14 14 4 4 0 0 0 0 0 0 0 0 14 14 14 14 4 4 0 0 0 0 0 0 0 0 14 14 14 14 4 4 0 0 0 0 0 0 0 0
61 0 1000 0 0 1000 0 1000 14 14 14 14 4 4 18515 5 18515 5 0 0 0 0 14 14 14 14 4 4 18515 5 18515 5 0 0 0 0 14 14 14 14 4 4 18515 5 18515 5 0 0 0 0 14 14 14 14 4 4 18515 5 18515 5 0 0 0 0 14 14 14 14 4 4 18515 5 18515 5 0 0 0 0 14 14 14 14 4 4 18515 5 18515 5 0 0 0 0
62 0 1000 0 0 1000 0 1000 15 15 15 15 4 4 25043 92 0 0 291 1 24752 91 15 15 15 15 4 4 25043 92 0 0 291 1 24752 91 15 15 15 15 4 4 25043 92 0 0 291 1 24752 91 15 15 15 15 4 4 25043 92 0 0 291 1 24752 91 15 15 15 15 4 4 25043 92 0 0 291 1 24752 91 15 15 15 15 4 4 25043 92 0 0 291 1 24752 91
63 0 1000 0 0 1000 0 1000 15 15 15 15 5 5 0 0 0 0 0 0 0 0 15 15 15 15 5 5 0 0 0 0 0 0 0 0 15 15 15 15 5 5 0 0 0 0 0 0 0 0 15 15 15 15 5 5 0 0 0 0 0 0 0 0 15 15 15 15 5 5 0 0 0 0 0 0 0 0 15 15 15 15 5 5 0 0 0 0 0 0 0 0
64 0 1000 0 0 1000 0 1000 15 15 15 15 5 5 0 0 0 0 0 0 0 0 15 15 15 15 5 5 0 0 0 0 0 0 0 0 15 15 15 15 5 5 0 0 0 0 0 0 0 0 15 15 15 15 5 5 0 0 0 0 0 0 0 0 15 15 15 15 5 5 0 0 0 0 0 0 0 0 15 15 15 15 5 5 0 0 0 0 0 0 0 0
65 900 100 900 0 100 0 1000 15 15 15 15 5 5 26807 8 26807 8 0 0 0 0 15 15 15 15 5 5 26807 8 26807 8 0 0 0 0 15 15 15 15 5 5 26807 8 26807 8 0 0 0 0 15 15 15 15 5 5 26807 8 26807 8 0 0 0 0 15 15 15 15 5 5 26807 8 26807 8 0 0 0 0 15 15 15 15 5 5 26807 8 26807 8 0 0 0 0
66 900 100 900 0 100 0 1000 15 15 15 15 5 5 3283 12 0 0 291 1 2992 11 15 15 15 15 5 5 3283 12 0 0 291 1 2992 11 15 15 15 15 5 5 3283 12 0 0 291 1 2992 11 15 15 15 15 5 5 3283 12 0 0 291 1 2992 11 15 15 15 15 5 5 3283 12 0 0 291 1 2992 11 15 15 15 15 5 5 3283 12 0 0 291 1 2992 11
67 900 100 900 0 100 0 1000 15 15 15 15 5 5 0 0 0 0 0 0 0 0 15 15 15 15 6 6 0 0 0 0 0 0 0 0 15 15 15 15 5 5 0 0 0 0 0 0 0 0 15 15 15 15 5 5 0 0 0 0 0 0 0 0 15 15 15 15 6 6 0 0 0 0 0 0 0 0 15 15 15 15 6 6 0 0 0 0 0 0 0 0
68 900 100 900 0 100 0 1000 15 15 15 15 5 5 0 0 0 0 0 0 0 0 15 15 15 15 6 6 0 0 0 0 0 0 0 0 15 15 15 15 5 5 0 0 0 0 0 0 0 0 15 15 15 15 5 5 0 0 0 0 0 0 0 0 15 15 15 15 6 6 0 0 0 0 0 0 0 0 15 15 15 15 6 6 0 0 0 0 0 0 0 0
69 900 100 900 0 100 0 1000 15 15 15 15 5 5 0 0 0 0 0 0 0 0 15 15 15 15 6 6 0 0 0 0 0 0 0 0 15 15 15 15 5 5 0 0 0 0 0 0 0 0 15 15 15 15 5 5 0 0 0 0 0 0 0 0 15 15 15 15 6 6 0 0 0 0 0 0 0 0 15 15 15 15 6 6 0 0 0 0 0 0 0 0
70 900 100 900 0 100 0 1000 15 15 15 15 5 5 2448 9 0 0 0 0 2448 9 15 15 15 15 6 6 2448 9 0 0 0 0 2448 9 15 15 15 15 5 5 2448 9 0 0 0 0 2448 9 15 15 15 15 5 5 2448 9 0 0 0 0 2448 9 15 15 15 15 6 6 2448 9 0 0 0 0 2448 9 15 15 15 15 6 6 2448 9 0 0 0 0 2448 9
71 900 100 900 0 100 0 1000 15 15 15 15 5 5 0 0 0 0 0 0 0 0 15 15 15 15 7 7 0 0 0 0 0 0 0 0 15 15 15 15 5 5 0 0 0 0 0 0 0 0 15 15 15 15 5 5 0 0 0 0 0 0 0 0 15 15 15 15 7 7 0 0 0 0 0 0 0 0 15 15 15 15 7 7 0 0 0 0 0 0 0 0
72 900 100 900 0 100 0 1000 15 15 15 15 5 5 0 0 0 0 0 0 0 0 15 15 15 15 7 7 0 0 0 0 0 0 0 0 15 15 15 15 5 5 0 0 0 0 0 0 0 0 15 15 15 15 5 5 0 0 0 0 0 0 0 0 15 15 15 15 7 7 0 0 0 0 0 0 0 0 15 15 15 15 7 7 0 0 0 0 0 0 0 0
73 900 100 900 0 100 0 1000 15 15 15 15 5 5 727 1 727 1 0 0 0 0 15 15 15 15 7 7 727 1 727 1 0 0 0 0 15 15 15 15 5 5 727 1 727 1 0 0 0 0 15 15 15 15 5 5 727 1 727 1 0 0 0 0 15 15 15 15 7 7 727 1 727 1 0 0 0 0 15 15 15 15 7 7 727 1 727 1 0 0 0 0
74 900 100 900 0 100 0 1000 15 15 15 15 5 5 3011 11 0 0 291 1 2720 10 15 15 15 15 7 7 3011 11 0 0 291 1 2720 10 15 15 15 15 5 5 3011 11 0 0 291 1 2720 10 15 15 15 15 5 5 3011 11 0 0 291 1 2720 10 15 15 15 15 7 7 3011 11 0 0 291 1 2720 10 15 15 15 15 7 7 3011 11 0 0 291 1 2720 10
75 900 100 900 0 100 0 1000 15 15 15 15 5 5 0 0 0 0 0 0 0 0 15 15 15 15 8 8 0 0 0 0 0 0 0 0 15 15 15 15 5 5 0 0 0 0 0 0 0 0 15 15 15 15 5 5 0 0 0 0 0 0 0 0 15 15 15 15 8 8 0 0 0 0 0 0 0 0 15 15 15 15 8 8 0 0 0 0 0 0 0 0
76 900 100 900 0 100 0 1000 15 15 15 15 5 5 0 0 0 0 0 0 0 0 15 15 15 15 8 8 0 0 0 0 0 0 0 0 15 15 15 15 5 5 0 0 0 0 0 0 0 0 15 15 15 15 5 5 0 0 0 0 0 0 0 0 15 15 15 15 8 8 0 0 0 0 0 0 0 0 15 15 15 15 8 8 0 0 0 0 0 0 0 0
77 900 100 900 0 100 0 1000 15 15 15 15 5 5 0 0 0 0 0 0 0 0 15 15 15 15 8 8 0 0 0 0 0 0 0 0 15 15 15 15 5 5 0 0 0 0 0 0 0 0 15 15 15 15 5 5 0 0 0 0 0 0 0 0 15 15 15 15 8 8 0 0 0 0 0 0 0 0 15 15 15 15 8 8 0 0 0 0 0 0 0 0
78 900 100 900 0 100 0 1000 15 15 15 15 5 5 1632 6 0 0 0 0 1632 6 15 15 15 15 8 8 1632 6 0 0 0 0 1632 6 15 15 15 15 5 5 1632 6 0 0 0 0 1632 6 15 15 15 15 5 5 1632 6 0 0 0 0 1632 6 15 15 15 15 8 8 1632 6 0 0 0 0 1632 6 15 15 15 15 8 8 1632 6 0 0 0 0 1632 6
79 900 100 900 0 100 0 1000 15 15 15 15 5 5 0 0 0 0 0 0 0 0 15 15 15 15 9 9 0 0 0 0 0 0 0 0 15 15 15 15 5 5 0 0 0 0 0 0 0 0 15 15 15 15 5 5 0 0 0 0 0 0 0 0 15 15 15 15 9 9 0 0 0 0 0 0 0 0 15 15 15 15 9 9 0 0 0 0 0 0 0 0
80 900 100 900 0 100 0 1000 15 15 15 15 5 5 0 0 0 0 0 0 0 0 15 15 15 15 9 9 0 0 0 0 0 0 0 0 15 15 15 15 5 5 0 0 0 0 0 0 0 0 15 15 15 15 5 5 0 0 0 0 0 0 0 0 15 15 15 15 9 9 0 0 0 0 0 0 0 0 15 15 15 15 9 9 0 0 0 0 0 0 0 0
81 900 100 900 0 100 0 1000 15 15 15 15 5 5 0 0 0 0 0 0 0 0 15 15 15 15 9 9 0 0 0 0 0 0 0 0 15 15 15 15 5 5 0 0 0 0 0 0 0 0 15 15 15 15 5 5 0 0 0 0 0 0 0 0 15 15 15 15 9 9 0 0 0 0 0 0 0 0 15 15 15 15 9 9 0 0 0 0 0 0 0 0
82 900 100 900 0 100 0 1000 15 15 15 15 5 5 2992 11 0 0 0 0 2992 11 15 15 15 15 9 9 2992 11 0 0 0 0 2992 11 15 15 15 15 5 5 2992 11 0 0 0 0 2992 11 15 15 15 15 5 5 2992 11 0 0 0 0 2992 11 15 15 15 15 9 9 2992 11 0 0 0 0 2992 11 15 15 15 15 9 9 2992 11 0 0 0 0 2992 11
83 900 100 900 0 100 0 1000 15 15 15 15 5 5 0 0 0 0 0 0 0 0 15 15 15 15 10 10 0 0 0 0 0 0 0 0 15 15 15 15 5 5 0 0 0 0 0 0 0 0 15 15 15 15 5 5 0 0 0 0 0 0 0 0 15 15 15 15 10 10 0 0 0 0 0 0 0 0 15 15 15 15 10 10 0 0 0 0 0 0 0 0
84 900 100 900 0 100 0 1000 15 15 15 15 5 5 0 0 0 0 0 0 0 0 15 15 15 15 10 10 0 0 0 0 0 0 0 0 15 15 15 15 5 5 0 0 0 0 0 0 0 0 15 15 15 15 5 5 0 0 0 0 0 0 0 0 15 15 15 15 10 10 0 0 0 0 0 0 0 0 15 15 15 15 10 10 0 0 0 0 0 0 0 0
85 900 100 900 0 100 0 1000 15 15 15 15 5 5 0 0 0 0 0 0 0 0 15 15 15 15 10 10 0 0 0 0 0 0 0 0 15 15 15 15 5 5 0 0 0 0 0 0 0 0 15 15 15 15 5 5 0 0 0 0 0 0 0 0 15 15 15 15 10 10 0 0 0 0 0 0 0 0 15 15 15 15 10 10 0 0 0 0 0 0 0 0
86 900 100 900 0 100 0 1000 15 15 15 15 5 5 2448 9 0 0 0 0 2448 9 15 15 15 15 10 10 2448 9 0 0 0 0 2448 9 15 15 15 15 5 5 2448 9 0 0 0 0 2448 9 15 15 15 15 5 5 2448 9 0 0 0 0 2448 9 15 15 15 15 10 10 2448 9 0 0 0 0 2448 9 15 15 15 15 10 10 2448 9 0 0 0 0 2448 9
87 900 100 900 0 100 0 1000 15 15 15 15 5 5 0 0 0 0 0 0 0 0 15 15 15 15 11 11 0 0 0 0 0 0 0 0 15 15 15 15 5 5 0 0 0 0 0 0 0 0 15 15 15 15 5 5 0 0 0 0 0 0 0 0 15 15 15 15 11 11 0 0 0 0 0 0 0 0 15 15 15 15 11 11 0 0 0 0 0 0 0 0
88 900 100 900 0 100 0 1000 15 15 15 15 5 5 0 0 0 0 0 0 0 0 15 15 15 15 11 11 0 0 0 0 0 0 0 0 15 15 15 15 5 5 0 0 0 0 0 0 0 0 15 15 15 15 5 5 0 0 0 0 0 0 0 0 15 15 15 15 11 11 0 0 0 0 0 0 0 0 15 15 15 15 11 11 0 0 0 0 0 0 0 0
89 900 100 900 0 100 0 1000 15 15 15 15 5 5 727 1 727 1 0 0 0 0 15 15 15 15 11 11 727 1 727 1 0 0 0 0 15 15 15 15 5 5 727 1 727 1 0 0 0 0 15 15 15 15 5 5 727 1 727 1 0 0 0 0 15 15 15 15 11 11 727 1 727 1 0 0 0 0 15 15 15 15 11 11 727 1 727 1 0 0 0 0
90 900 100 900 0 100 0 1000 15 15 15 15 5 5 3555 13 0 0 291 1 3264 12 15 15 15 15 11 11 3555 13 0 0 291 1 3264 12 15 15 15 15 5 5 3555 13 0 0 291 1 3264 12 15 15 15 15 5 5 3555 13 0 0 291 1 3264 12 15 15 15 15 11 11 3555 13 0 0 291 1 3264 12 15 15 15 15 11 11 3555 13 0 0 291 1 3264 12
91 900 100 900 0 100 0 1000 15 15 15 15 5 5 0 0 0 0 0 0 0 0 15 15 15 15 12 12 0 0 0 0 0 0 0 0 15 15 15 15 5 5 0 0 0 0 0 0 0 0 15 15 15 15 5 5 0 0 0 0 0 0 0 0 15 15 15 15 12 12 0 0 0 0 0 0 0 0 15 15 15 15 12 12 0 0 0 0 0 0 0 0
92 900 100 900 0 100 0 1000 15 15 15 15 5 5 0 0 0 0 0 0 0 0 15 15 15 15 12 12 0 0 0 0 0 0 0 0 15 15 15 15 5 5 0 0 0 0 0 0 0 0 15 15 15 15 5 5 0 0 0 0 0 0 0 0 15 15 15 15 12 12 0 0 0 0 0 0 0 0 15 15 15 15 12 12 0 0 0 0 0 0 0 0
93 900 100 900 0 100 0 1000 15 15 15 15 5 5 0 0 0 0 0 0 0 0 15 15 15 15 12 12 0 0 0 0 0 0 0 0 15 15 15 15 5 5 0 0 0 0 0 0 0 0 15 15 15 15 5 5 0 0 0 0 0 0 0 0 15 15 15 15 12 12 0 0 0 0 0 0 0 0 15 15 15 15 12 12 0 0 0 0 0 0 0 0
94 900 100 900 0 100 0 1000 15 15 15 15 5 5 3536 13 0 0 0 0 3536 13 15 15 15 15 12 12 3536 13 0 0 0 0 3536 13 15 15 15 15 5 5 3536 13 0 0 0 0 3536 13 15 15 15 15 5 5 3536 13 0 0 0 0 3536 13 15 15 15 15 12 12 3536 13 0 0 0 0 3536 13 15 15 15 15 12 12 3536 13 0 0 0 0 3536 13
95 900 100 900 0 100 0 1000 15 15 15 15 5 5 0 0 0 0 0 0 0 0 15 15 15 15 13 13 0 0 0 0 0 0 0 0 15 15 15 15 5 5 0 0 0 0 0 0 0 0 15 15 15 15 5 5 0 0 0 0 0 0 0 0 15 15 15 15 13 13 0 0 0 0 0 0 0 0 15 15 15 15 13 13 0 0 0 0 0 0 0 0
96 900 100 900 0 100 0 1000 15 15 15 15 5 5 0 0 0 0 0 0 0 0 15 15 15 15 13 13 0 0 0 0 0 0 0 0 15 15 15 15 5 5 0 0 0 0 0 0 0 0 15 15 15 15 5 5 0 0 0 0 0 0 0 0 15 15 15 15 13 13 0 0 0 0 0 0 0 0 15 15 15 15 13 13 0 0 0 0 0 0 0 0
97 900 100 900 0 100 0 1000 15 15 15 15 5 5 0 0 0 0 0 0 0 0 15 15 15 15 13 13 0 0 0 0 0 0 0 0 15 15 15 15 5 5 0 0 0 0 0 0 0 0 15 15 15 15 5 5 0 0 0 0 0 0 0 0 15 15 15 15 13 13 0 0 0 0 0 0 0 0 15 15 15 15 13 13 0 0 0 0 0 0 0 0
98 900 100 900 0 100 0 1000 15 15 15 15 5 5 2992 11 0 0 0 0 2992 11 15 15 15 15 13 13 2992 11 0 0 0 0 2992 11 15 15 15 15 5 5 2992 11 0 0 0 0 2992 11 15 15 15 15 5 5 2992 11 0 0 0 0 2992 11 15 15 15 15 13 13 2992 11 0 0 0 0 2992 11 15 15 15 15 13 13 2992 11 0 0 0 0 2992 11
99 900 100 900 0 100 0 1000 15 15 15 15 5 5 0 0 0 0 0 0 0 0 15 15 15 15 14 14 0 0 0 0 0 0 0 0 15 15 15 15 5 5 0 0 0 0 0 0 0 0 15 15 15 15 5 5 0 0 0 0 0 0 0 0 15 15 15 15 14 14 0 0 0 0 0 0 0 0 15 15 15 15 14 14 0 0 0 0 0 0 0 0
100 900 100 900 0 100 0 1000 15 15 15 15 5 5 0 0 0 0 0 0 0 0 15 15 15 15 14 14 0 0 0 0 0 0 0 0 15 15 15 15 5 5 0 0 0 0 0 0 0 0 15 15 15 15 5 5 0 0 0 0 0 0 0 0 15 15 15 15 14 14 0 0 0 0 0 0 0 0 15 15 15 15 14 14 0 0 0 0 0 0 0 0
101 900 100 900 0 100 0 1000 15 15 15 15 5 5 791 1 791 1 0 0 0 0 15 15 15 15 14 14 791 1 791 1 0 0 0 0 15 15 15 15 5 5 791 1 791 1 0 0 0 0 15 15 15 15 5 5 791 1 791 1 0 0 0 0 15 15 15 15 14 14 791 1 791 1 0 0 0 0 15 15 15 15 14 14 791 1 791 1 0 0 0 0
102 900 100 900 0 100 0 1000 15 15 15 15 5 5 2739 10 0 0 291 1 2448 9 15 15 15 15 14 14 2739 10 0 0 291 1 2448 9 15 15 15 15 5 5 2739 10 0 0 291 1 2448 9 15 15 15 15 5 5 2739 10 0 0 291 1 2448 9 15 15 15 15 14 14 2739 10 0 0 291 1 2448 9 15 15 15 15 14 14 2739 10 0 0 291 1 2448 9
103 900 100 900 0 100 0 1000 15 15 15 15 5 5 0 0 0 0 0 0 0 0 15 15 15 15 15 15 0 0 0 0 0 0 0 0 15 15 15 15 5 5 0 0 0 0 0 0 0 0 15 15 15 15 5 5 0 0 0 0 0 0 0 0 15 15 15 15 15 15 0 0 0 0 0 0 0 0 15 15 15 15 15 15 0 0 0 0 0 0 0 0
104 900 100 900 0 100 0 1000 15 15 15 15 5 5 0 0 0 0 0 0 0 0 15 15 15 15 15 15 0 0 0 0 0 0 0 0 15 15 15 15 5 5 0 0 0 0 0 0 0 0 15 15 15 15 5 5 0 0 0 0 0 0 0 0 15 15 15 15 15 15 0 0 0 0 0 0 0 0 15 15 15 15 15 15 0 0 0 0 0 0 0 0
105 900 100 900 0 100 0 1000 15 15 15 15 5 5 0 0 0 0 0 0 0 0 15 15 15 15 15 15 0 0 0 0 0 0 0 0 15 15 15 15 5 5 0 0 0 0 0 0 0 0 15 15 15 15 5 5 0 0 0 0 0 0 0 0 15 15 15 15 15 15 0 0 0 0 0 0 0 0 15 15 15 15 15 15 0 0 0 0 0 0 0 0
106 900 100 900 0 100 0 1000 15 15 15 15 5 5 1904 7 0 0 0 0 1904 7 15 15 15 15 15 15 1904 7 0 0 0 0 1904 7 15 15 15 15 5 5 1904 7 0 0 0 0 1904 7 15 15 15 15 5 5 1904 7 0 0 0 0 1904 7 15 15 15 15 15 15 1904 7 0 0 0 0 1904 7 15 15 15 15 15 15 1904 7 0 0 0 0 1904 7
107 900 100 900 0 100 0 1000 15 15 15 15 5 5 0 0 0 0 0 0 0 0 16 16 15 15 16 16 0 0 0 0 0 0 0 0 15 15 15 15 5 5 0 0 0 0 0 0 0 0 15 15 15 15 5 5 0 0 0 0 0 0 0 0 16 16 15 15 16 16 0 0 0 0 0 0 0 0 16 16 15 15 16 16 0 0 0 0 0 0 0 0
108 900 100 900 0 100 0 1000 15 15 15 15 5 5 0 0 0 0 0 0 0 0 16 16 15 15 16 16 0 0 0 0 0 0 0 0 15 15 15 15 5 5 0 0 0 0 0 0 0 0 15 15 15 15 5 5 0 0 0 0 0 0 0 0 16 16 15 15 16 16 0 0 0 0 0 0 0 0 16 16 15 15 16 16 0 0 0 0 0 0 0 0
109 900 100 900 0 100 0 1000 15 15 15 15 5 5 0 0 0 0 0 0 0 0 16 16 15 15 16 16 0 0 0 0 0 0 0 0 15 15 15 15 5 5 0 0 0 0 0 0 0 0 15 15 15 15 5 5 0 0 0 0 0 0 0 0 16 16 15 15 16 16 0 0 0 0 0 0 0 0 16 16 15 15 16 16 0 0 0 0 0 0 0 0
110 900 100 900 0 100 0 1000 15 15 15 15 5 5 3808 14 0 0 0 0 3808 14 16 16 15 15 16 16 3808 14 0 0 0 0 3808 14 15 15 15 15 5 5 3808 14 0 0 0 0 3808 14 15 15 15 15 5 5 3808 14 0 0 0 0 3808 14 16 16 15 15 16 16 3808 14 0 0 0 0 3808 14 16 16 15 15 16 16 3808 14 0 0 0 0 3808 14
111 900 100 900 0 100 0 1000 15 15 15 15 5 5 0 0 0 0 0 0 0 0 16 16 15 15 16 16 0 0 0 0 0 0 0 0 15 15 15 15 5 5 0 0 0 0 0 0 0 0 15 15 15 15 5 5 0 0 0 0 0 0 0 0 16 16 15 15 16 16 0 0 0 0 0 0 0 0 16 16 15 15 16 16 0 0 0 0 0 0 0 0
112 900 100 900 0 100 0 1000 15 15 15 15 5 5 0 0 0 0 0 0 0 0 16 16 15 15 16 16 0 0 0 0 0 0 0 0 15 15 15 15 5 5 0 0 0 0 0 0 0 0 15 15 15 15 5 5 0 0 0 0 0 0 0 0 16 16 15 15 16 16 0 0 0 0 0 0 0 0 16 16 15 15 16 16 0 0 0 0 0 0 0 0
113 900 100 900 0 100 0 1000 15 15 15 15 5 5 2660 3 2660 3 0 0 0 0 16 16 15 15 16 16 2660 3 2660 3 0 0 0 0 15 15 15 15 5 5 2660 3 2660 3 0 0 0 0 15 15 15 15 5 5 2660 3 2660 3 0 0 0 0 16 16 15 15 16 16 2660 3 2660 3 0 0 0 0 16 16 15 15 16 16 2660 3 2660 3 0 0 0 0
114 900 100 900 0 100 0 1000 15 15 15 15 5 5 2738 10 0 0 290 1 2448 9 16 16 15 15 16 16 2738 10 0 0 290 1 2448 9 15 15 15 15 5 5 2738 10 0 0 290 1 2448 9 15 15 15 15 5 5 2738 10 0 0 290 1 2448 9 16 16 15 15 16 16 2738 10 0 0 290 1 2448 9 16 16 15 15 16 16 2738 10 0 0 290 1 2448 9
115 900 100 900 0 100 0 1000 15 15 15 15 5 5 0 0 0 0 0 0 0 0 17 18 15 15 17 18 0 0 0 0 0 0 0 0 15 15 15 15 5 5 0 0 0 0 0 0 0 0 15 15 15 15 5 5 0 0 0 0 0 0 0 0 17 18 15 15 17 18 0 0 0 0 0 0 0 0 17 18 15 15 17 18 0 0 0 0 0 0 0 0
116 900 100 900 0 100 0 1000 15 15 15 15 5 5 0 0 0 0 0 0 0 0 17 18 15 15 17 18 0 0 0 0 0 0 0 0 15 15 15 15 5 5 0 0 0 0 0 0 0 0 15 15 15 15 5 5 0 0 0 0 0 0 0 0 17 18 15 15 17 18 0 0 0 0 0 0 0 0 17 18 15 15 17 18 0 0 0 0 0 0 0 0
117 900 100 900 0 100 0 1000 15 15 15 15 5 5 726 1 726 1 0 0 0 0 17 18 15 15 17 18 726 1 726 1 0 0 0 0 15 15 15 15 5 5 726 1 726 1 0 0 0 0 15 15 15 15 5 5 726 1 726 1 0 0 0 0 17 18 15 15 17 18 726 1 726 1 0 0 0 0 17 18 15 15 17 18 726 1 726 1 0 0 0 0
118 900 100 900 0 100 0 1000 15 15 15 15 5 5 2194 8 0 0 290 1 1904 7 17 18 15 15 17 18 2194 8 0 0 290 1 1904 7 15 15 15 15 5 5 2194 8 0 0 290 1 1904 7 15 15 15 15 5 5 2194 8 0 0 290 1 1904 7 17 18 15 15 17 18 2194 8 0 0 290 1 1904 7 17 18 15 15 17 18 2194 8 0 0 290 1 1904 7
119 900 100 900 0 100 0 1000 15 15 15 15 5 5 0 0 0 0 0 0 0 0 17 18 15 15 17 18 0 0 0 0 0 0 0 0 15 15 15 15 5 5 0 0 0 0 0 0 0 0 15 15 15 15 5 5 0 0 0 0 0 0 0 0 17 18 15 15 17 18 0 0 0 0 0 0 0 0 17 18 15 15 17 18 0 0 0 0 0 0 0 0
120 900 100 900 0 100 0 1000 15 15 15 15 5 5 0 0 0 0 0 0 0 0 17 18 15 15 17 18 0 0 0 0 0 0 0 0 15 15 15 15 5 5 0 0 0 0 0 0 0 0 15 15 15 15 5 5 0 0 0 0 0 0 0 0 17 18 15 15 17 18 0 0 0 0 0 0 0 0 17 18 15 15 17 18 0 0 0 0 0 0 0 0
121 900 100 900 0 100 0 1000 15 15 15 15 5 5 0 0 0 0 0 0 0 0 17 18 15 15 17 18 0 0 0 0 0 0 0 0 15 15 15 15 5 5 0 0 0 0 0 0 0 0 15 15 15 15 5 5 0 0 0 0 0 0 0 0 17 18 15 15 17 18 0 0 0 0 0 0 0 0 17 18 15 15 17 18 0 0 0 0 0 0 0 0
122 900 100 900 0 100 0 1000 15 15 15 15 5 5 2720 10 0 0 0 0 2720 10 17 18 15 15 17 18 2720 10 0 0 0 0 2720 10 15 15 15 15 5 5 2720 10 0 0 0 0 2720 10 15 15 15 15 5 5 2720 10 0 0 0 0 2720 10 17 18 15 15 17 18 2720 10 0 0 0 0 2720 10 17 18 15 15 17 18 2720 10 0 0 0 0 2720 10
123 900 100 900 0 100 0 1000 15 15 15 15 5 5 0 0 0 0 0 0 0 0 17 18 15 15 17 18 0 0 0 0 0 0 0 0 15 15 15 15 5 5 0 0 0 0 0 0 0 0 15 15 15 15 5 5 0 0 0 0 0 0 0 0 17 18 15 15 17 18 0 0 0 0 0 0 0 0 17 18 15 15 17 18 0 0 0 0 0 0 0 0
124 900 100 900 0 100 0 1000 15 15 15 15 5 5 0 0 0 0 0 0 0 0 17 18 15 15 17 18 0 0 0 0 0 0 0 0 15 15 15 15 5 5 0 0 0 0 0 0 0 0 15 15 15 15 5 5 0 0 0 0 0 0 0 0 17 18 15 15 17 18 0 0 0 0 0 0 0 0 17 18 15 15 17 18 0 0 0 0 0 0 0 0
125 900 100 900 0 100 0 1000 15 15 15 15 5 5 0 0 0 0 0 0 0 0 17 18 15 15 17 18 0 0 0 0 0 0 0 0 15 15 15 15 5 5 0 0 0 0 0 0 0 0 15 15 15 15 5 5 0 0 0 0 0 0 0 0 17 18 15 15 17 18 0 0 0 0 0 0 0 0 17 18 15 15 17 18 0 0 0 0 0 0 0 0
126 0 1000 0 900 100 0 1000 15 15 15 15 5 5 2176 8 0 0 0 0 2176 8 17 18 15 15 17 18 2176 8 0 0 0 0 2176 8 15 15 15 15 5 5 2176 8 0 0 0 0 2176 8 15 15 15 15 5 5 2176 8 0 0 0 0 2176 8 17 18 15 15 17 18 2176 8 0 0 0 0 2176 8 17 18 15 15 17 18 2176 8 0 0 0 0 2176 8
127 0 1000 0 0 1000 0 1000 17 18 15 15 17 18 0 0 0 0 0 0 0 0 17 18 15 15 17 18 0 0 0 0 0 0 0 0 17 18 15 15 17 18 0 0 0 0 0 0 0 0 17 18 15 15 17 18 0 0 0 0 0 0 0 0 17 18 15 15 17 18 0 0 0 0 0 0 0 0 17 18 15 15 17 18 0 0 0 0 0 0 0 0
128 0 1000 0 0 1000 0 1000 17 18 15 15 17 18 0 0 0 0 0 0 0 0 17 18 15 15 17 18 0 0 0 0 0 0 0 0 17 18 15 15 17 18 0 0 0 0 0 0 0 0 17 18 15 15 17 18 0 0 0 0 0 0 0 0 17 18 15 15 17 18 0 0 0 0 0 0 0 0 17 18 15 15 17 18 0 0 0 0 0 0 0 0
129 0 1000 0 0 1000 0 1000 17 18 15 15 17 18 4168 6 4168 6 0 0 0 0 17 18 15 15 17 18 4168 6 4168 6 0 0 0 0 17 18 15 15 17 18 4168 6 4168 6 0 0 0 0 17 18 15 15 17 18 4168 6 4168 6 0 0 0 0 17 18 15 15 17 18 4168 6 4168 6 0 0 0 0 17 18 15 15 17 18 4168 6 4168 6 0 0 0 0
130 0 1000 0 0 1000 0 1000 22 32 22 32 17 18 29939 110 0 0 291 1 29648 109 22 32 22 32 17 18 29939 110 0 0 291 1 29648 109 22 32 22 32 17 18 29939 110 0 0 291 1 29648 109 22 32 22 32 17 18 29939 110 0 0 291 1 29648 109 22 32 22 32 17 18 29939 110 0 0 291 1 29648 109 22 32 22 32 17 18 29939 110 0 0 291 1 29648 109
131 0 1000 0 0 1000 0 1000 22 32 22 32 18 22 0 0 0 0 0 0 0 0 22 32 22 32 18 22 0 0 0 0 0 0 0 0 22 32 22 32 18 22 0 0 0 0 0 0 0 0 22 32 22 32 18 22 0 0 0 0 0 0 0 0 22 32 22 32 18 22 0 0 0 0 0 0 0 0 22 32 22 32 18 22 0 0 0 0 0 0 0 0
132 0 1000 0 0 1000 0 1000 22 32 22 32 18 22 0 0 0 0 0 0 0 0 22 32 22 32 18 22 0 0 0 0 0 0 0 0 22 32 22 32 18 22 0 0 0 0 0 0 0 0 22 32 22 32 18 22 0 0 0 0 0 0 0 0 22 32 22 32 18 22 0 0 0 0 0 0 0 0 22 32 22 32 18 22 0 0 0 0 0 0 0 0
133 0 1000 0 0 1000 0 1000 22 32 22 32 18 22 23562 6 23562 6 0 0 0 0 22 32 22 32 18 22 23562 6 23562 6 0 0 0 0 22 32 22 32 18 22 23562 6 23562 6 0 0 0 0 22 32 22 32 18 22 23562 6 23562 6 0 0 0 0 22 32 22 32 18 22 23562 6 23562 6 0 0 0 0 22 32 22 32 18 22 23562 6 23562 6 0 0 0 0
134 0 1000 0 0 1000 0 1000 23 33 23 33 18 22 31027 114 0 0 291 1 30736 113 23 33 23 33 18 22 31027 114 0 0 291 1 30736 113 23 33 23 33 18 22 31027 114 0 0 291 1 30736 113 23 33 23 33 18 22 31027 114 0 0 291 1 30736 113 23 33 23 33 18 22 31027 114 0 0 291 1 30736 113 23 33 23 33 18 22 31027 114 0 0 291 1 30736 113
135 0 1000 0 0 1000 0 1000 23 33 23 33 18 22 0 0 0 0 0 0 0 0 23 33 23 33 18 22 0 0 0 0 0 0 0 0 23 33 23 33 18 22 0 0 0 0 0 0 0 0 23 33 23 33 18 22 0 0 0 0 0 0 0 0 23 33 23 33 18 22 0 0 0 0 0 0 0 0 23 33 23 33 18 22 0 0 0 0 0 0 0 0
136 0 1000 0 0 1000 0 1000 23 33 23 33 18 22 0 0 0 0 0 0 0 0 23 33 23 33 18 22 0 0 0 0 0 0 0 0 23 33 23 33 18 22 0 0 0 0 0 0 0 0 23 33 23 33 18 22 0 0 0 0 0 0 0 0 23 33 23 33 18 22 0 0 0 0 0 0 0 0 23 33 23 33 18 22 0 0 0 0 0 0 0 0
137 0 1000 0 0 1000 0 1000 23 33 23 33 18 22 12164 3 12164 3 0 0 0 0 23 33 23 33 18 22 12164 3 12164 3 0 0 0 0 23 33 23 33 18 22 12164 3 12164 3 0 0 0 0 23 33 23 33 18 22 12164 3 12164 3 0 0 0 0 23 33 23 33 18 22 12164 3 12164 3 0 0 0 0 23 33 23 33 18 22 12164 3 12164 3 0 0 0 0
138 0 1000 0 0 1000 0 1000 24 34 24 34 18 22 26674 98 0 0 290 1 26384 97 24 34 24 34 18 22 26674 98 0 0 290 1 26384 97 24 34 24 34 18 22 26674 98 0 0 290 1 26384 97 24 34 24 34 18 22 26674 98 0 0 290 1 26384 97 24 34 24 34 18 22 26674 98 0 0 290 1 26384 97 24 34 24 34 18 22 26674 98 0 0 290 1 26384 97
139 0 1000 0 0 1000 0 1000 24 34 24 34 18 22 0 0 0 0 0 0 0 0 24 34 24 34 18 22 0 0 0 0 0 0 0 0 24 34 24 34 18 22 0 0 0 0 0 0 0 0 24 34 24 34 18 22 0 0 0 0 0 0 0 0 24 34 24 34 18 22 0 0 0 0 0 0 0 0 24 34 24 34 18 22 0 0 0 0 0 0 0 0
140 0 1000 0 0 1000 0 1000 24 34 24 34 18 22 0 0 0 0 0 0 0 0 24 34 24 34 18 22 0 0 0 0 0 0 0 0 24 34 24 34 18 22 0 0 0 0 0 0 0 0 24 34 24 34 18 22 0 0 0 0 0 0 0 0 24 34 24 34 18 22 0 0 0 0 0 0 0 0 24 34 24 34 18 22 0 0 0 0 0 0 0 0
141 0 1000 0 0 1000 0 1000 24 34 24 34 18 22 10629 3 10629 3 0 0 0 0 24 34 24 34 18 22 10629 3 10629 3 0 0 0 0 24 34 24 34 18 22 10629 3 10629 3 0 0 0 0 24 34 24 34 18 22 10629 3 10629 3 0 0 0 0 24 34 24 34 18 22 10629 3 10629 3 0 0 0 0 24 34 24 34 18 22 10629 3 10629 3 0 0 0 0
142 0 1000 0 0 1000 0 1000 25 35 25 35 18 22 26675 98 0 0 291 1 26384 97 25 35 25 35 18 22 26675 98 0 0 291 1 26384 97 25 35 25 35 18 22 26675 98 0 0 291 1 26384 97 25 35 25 35 18 22 26675 98 0 0 291 1 26384 97 25 35 25 35 18 22 26675 98 0 0 291 1 26384 97 25 35 25 35 18 22 26675 98 0 0 291 1 26384 97
143 0 1000 0 0 1000 0 1000 25 35 25 35 19 25 0 0 0 0 0 0 0 0 25 35 25 35 19 25 0 0 0 0 0 0 0 0 25 35 25 35 19 25 0 0 0 0 0 0 0 0 25 35 25 35 19 25 0 0 0 0 0 0 0 0 25 35 25 35 19 25 0 0 0 0 0 0 0 0 25 35 25 35 19 25 0 0 0 0 0 0 0 0
144 0 1000 0 0 1000 0 1000 25 35 25 35 19 25 0 0 0 0 0 0 0 0 25 35 25 35 19 25 0 0 0 0 0 0 0 0 25 35 25 35 19 25 0 0 0 0 0 0 0 0 25 35 25 35 19 25 0 0 0 0 0 0 0 0 25 35 25 35 19 25 0 0 0 0 0 0 0 0 25 35 25 35 19 25 0 0 0 0 0 0 0 0
145 0 1000 0 0 1000 0 1000 25 35 25 35 19 25 7086 2 7086 2 0 0 0 0 25 35 25 35 19 25 7086 2 7086 2 0 0 0 0 25 35 25 35 19 25 7086 2 7086 2 0 0 0 0 25 35 25 35 19 25 7086 2 7086 2 0 0 0 0 25 35 25 35 19 25 7086 2 7086 2 0 0 0 0 25 35 25 35 19 25 7086 2 7086 2 0 0 0 0
146 0 1000 0 0 1000 0 1000 26 36 26 36 19 25 26675 98 0 0 291 1 26384 97 26 36 26 36 19 25 26675 98 0 0 291 1 26384 97 26 36 26 36 19 25 26675 98 0 0 291 1 26384 97 26 36 26 36 19 25 26675 98 0 0 291 1 26384 97 26 36 26 36 19 25 26675 98 0 0 291 1 26384 97 26 36 26 36 19 25 26675 98 0 0 291 1 26384 97
147 0 1000 0 0 1000 0 1000 26 36 26 36 19 25 0 0 0 0 0 0 0 0 26 36 26 36 19 25 0 0 0 0 0 0 0 0 26 36 26 36 19 25 0 0 0 0 0 0 0 0 26 36 26 36 19 25 0 0 0 0 0 0 0 0 26 36 26 36 19 25 0 0 0 0 0 0 0 0 26 36 26 36 19 25 0 0 0 0 0 0 0 0
148 0 1000 0 0 1000 0 1000 26 36 26 36 19 25 0 0 0 0 0 0 0 0 26 36 26 36 19 25 0 0 0 0 0 0 0 0 26 36 26 36 19 25 0 0 0 0 0 0 0 0 26 36 26 36 19 25 0 0 0 0 0 0 0 0 26 36 26 36 19 25 0 0 0 0 0 0 0 0 26 36 26 36 19 25 0 0 0 0 0 0 0 0
149 0 1000 0 0 1000 0 1000 26 36 26 36 19 25 17714 5 17714 5 0 0 0 0 26 36 26 36 19 25 17714 5 17714 5 0 0 0 0 26 36 26 36 19 25 17714 5 17714 5 0 0 0 0 26 36 26 36 19 25 17714 5 17714 5 0 0 0 0 26 36 26 36 19 25 17714 5 17714 5 0 0 0 0 26 36 26 36 19 25 17714 5 17714 5 0 0 0 0
150 0 1000 0 0 1000 0 1000 27 37 27 37 19 25 26675 98 0 0 291 1 26384 97 27 37 27 37 19 25 26675 98 0 0 291 1 26384 97 27 37 27 37 19 25 26675 98 0 0 291 1 26384 97 27 37 27 37 19 25 26675 98 0 0 291 1 26384 97 27 37 27 37 19 25 26675 98 0 0 291 1 26384 97 27 37 27 37 19 25 26675 98 0 0 291 1 26384 97
151 0 1000 0 0 1000 0 1000 27 37 27 37 19 25 0 0 0 0 0 0 0 0 27 37 27 37 19 25 0 0 0 0 0 0 0 0 27 37 27 37 19 25 0 0 0 0 0 0 0 0 27 37 27 37 19 25 0 0 0 0 0 0 0 0 27 37 27 37 19 25 0 0 0 0 0 0 0 0 27 37 27 37 19 25 0 0 0 0 0 0 0 0
152 0 1000 0 0 1000 0 1000 27 37 27 37 19 25 0 0 0 0 0 0 0 0 27 37 27 37 19 25 0 0 0 0 0 0 0 0 27 37 27 37 19 25 0 0 0 0 0 0 0 0 27 37 27 37 19 25 0 0 0 0 0 0 0 0 27 37 27 37 19 25 0 0 0 0 0 0 0 0 27 37 27 37 19 25 0 0 0 0 0 0 0 0
153 0 1000 0 0 1000 0 1000 27 37 27 37 19 25 7086 2 7086 2 0 0 0 0 27 37 27 37 19 25 7086 2 7086 2 0 0 0 0 27 37 27 37 19 25 7086 2 7086 2 0 0 0 0 27 37 27 37 19 25 7086 2 7086 2 0 0 0 0 27 37 27 37 19 25 7086 2 7086 2 0 0 0 0 27 37 27 37 19 25 7086 2 7086 2 0 0 0 0
154 0 1000 0 0 1000 0 1000 28 38 28 38 19 25 25859 95 0 0 291 1 25568 94 28 38 28 38 19 25 25859 95 0 0 291 1 25568 94 28 38 28 38 19 25 25859 95 0 0 291 1 25568 94 28 38 28 38 19 25 25859 95 0 0 291 1 25568 94 28 38 28 38 19 25 25859 95 0 0 291 1 25568 94 28 38 28 38 19 25 25859 95 0 0 291 1 25568 94
155 0 1000 0 0 1000 0 1000 28 38 28 38 20 28 0 0 0 0 0 0 0 0 28 38 28 38 20 28 0 0 0 0 0 0 0 0 28 38 28 38 20 28 0 0 0 0 0 0 0 0 28 38 28 38 20 28 0 0 0 0 0 0 0 0 28 38 28 38 20 28 0 0 0 0 0 0 0 0 28 38 28 38 20 28 0 0 0 0 0 0 0 0
156 0 1000 0 0 1000 0 1000 28 38 28 38 20 28 0 0 0 0 0 0 0 0 28 38 28 38 20 28 0 0 0 0 0 0 0 0 28 38 28 38 20 28 0 0 0 0 0 0 0 0 28 38 28 38 20 28 0 0 0 0 0 0 0 0 28 38 28 38 20 28 0 0 0 0 0 0 0 0 28 38 28 38 20 28 0 0 0 0 0 0 0 0
157 0 1000 0 0 1000 0 1000 28 38 28 38 20 28 20680 6 20680 6 0 0 0 0 28 38 28 38 20 28 20680 6 20680 6 0 0 0 0 28 38 28 38 20 28 20680 6 20680 6 0 0 0 0 28 38 28 38 20 28 20680 6 20680 6 0 0 0 0 28 38 28 38 20 28 20680 6 20680 6 0 0 0 0 28 38 28 38 20 28 20680 6 20680 6 0 0 0 0
158 0 1000 0 0 1000 0 1000 29 39 29 39 20 28 25315 93 0 0 291 1 25024 92 29 39 29 39 20 28 25315 93 0 0 291 1 25024 92 29 39 29 39 20 28 25315 93 0 0 291 1 25024 92 29 39 29 39 20 28 25315 93 0 0 291 1 25024 92 29 39 29 39 20 28 25315 93 0 0 291 1 25024 92 29 39 29 39 20 28 25315 93 0 0 291 1 25024 92
159 0 1000 0 0 1000 0 1000 29 39 29 39 21 29 0 0 0 0 0 0 0 0 29 39 29 39 21 29 0 0 0 0 0 0 0 0 29 39 29 39 21 29 0 0 0 0 0 0 0 0 29 39 29 39 21 29 0 0 0 0 0 0 0 0 29 39 29 39 21 29 0 0 0 0 0 0 0 0 29 39 29 39 21 29 0 0 0 0 0 0 0 0
160 0 1000 0 0 1000 0 1000 29 39 29 39 21 29 0 0 0 0 0 0 0 0 29 39 29 39 21 29 0 0 0 0 0 0 0 0 29 39 29 39 21 29 0 0 0 0 0 0 0 0 29 39 29 39 21 29 0 0 0 0 0 0 0 0 29 39 29 39 21 29 0 0 0 0 0 0 0 0 29 39 29 39 21 29 0 0 0 0 0 0 0 0
161 0 1000 0 0 1000 0 1000 29 39 29 39 21 29 40593 12 40593 12 0 0 0 0 29 39 29 39 21 29 40593 12 40593 12 0 0 0 0 29 39 29 39 21 29 40593 12 40593 12 0 0 0 0 29 39 29 39 21 29 40593 12 40593 12 0 0 0 0 29 39 29 39 21 29 40593 12 40593 12 0 0 0 0 29 39 29 39 21 29 40593 12 40593 12 0 0 0 0
162 0 1000 0 0 1000 0 1000 30 40 30 40 21 29 24499 90 0 0 291 1 24208 89 30 40 30 40 21 29 24499 90 0 0 291 1 24208 89 30 40 30 40 21 29 24499 90 0 0 291 1 24208 89 30 40 30 40 21 29 24499 90 0 0 291 1 24208 89 30 40 30 40 21 29 24499 90 0 0 291 1 24208 89 30 40 30 40 21 29 24499 90 0 0 291 1 24208 89
163 0 1000 0 0 1000 0 1000 30 40 30 40 21 29 0 0 0 0 0 0 0 0 30 40 30 40 21 29 0 0 0 0 0 0 0 0 30 40 30 40 21 29 0 0 0 0 0 0 0 0 30 40 30 40 21 29 0 0 0 0 0 0 0 0 30 40 30 40 21 29 0 0 0 0 0 0 0 0 30 40 30 40 21 29 0 0 0 0 0 0 0 0
164 0 1000 0 0 1000 0 1000 30 40 30 40 21 29 0 0 0 0 0 0 0 0 30 40 30 40 21 29 0 0 0 0 0 0 0 0 30 40 30 40 21 29 0 0 0 0 0 0 0 0 30 40 30 40 21 29 0 0 0 0 0 0 0 0 30 40 30 40 21 29 0 0 0 0 0 0 0 0 30 40 30 40 21 29 0 0 0 0 0 0 0 0
165 0 1000 0 0 1000 0 1000 30 40 30 40 21 29 9860 3 9860 3 0 0 0 0 30 40 30 40 21 29 9860 3 9860 3 0 0 0 0 30 40 30 40 21 29 9860 3 9860 3 0 0 0 0 30 40 30 40 21 29 9860 3 9860 3 0 0 0 0 30 40 30 40 21 29 9860 3 9860 3 0 0 0 0 30 40 30 40 21 29 9860 3 9860 3 0 0 0 0
166 0 1000 0 0 1000 0 1000 31 41 31 41 21 29 25586 94 0 0 290 1 25296 93 31 41 31 41 21 29 25586 94 0 0 290 1 25296 93 31 41 31 41 21 29 25586 94 0 0 290 1 25296 93 31 41 31 41 21 29 25586 94 0 0 290 1 25296 93 31 41 31 41 21 29 25586 94 0 0 290 1 25296 93 31 41 31 41 21 29 25586 94 0 0 290 1 25296 93
167 0 1000 0 0 1000 0 1000 31 41 31 41 21 29 0 0 0 0 0 0 0 0 31 41 31 41 21 29 0 0 0 0 0 0 0 0 31 41 31 41 21 29 0 0 0 0 0 0 0 0 31 41 31 41 21 29 0 0 0 0 0 0 0 0 31 41 31 41 21 29 0 0 0 0 0 0 0 0 31 41 31 41 21 29 0 0 0 0 0 0 0 0
168 0 1000 0 0 1000 0 1000 31 41 31 41 21 29 0 0 0 0 0 0 0 0 31 41 31 41 21 29 0 0 0 0 0 0 0 0 31 41 31 41 21 29 0 0 0 0 0 0 0 0 31 41 31 41 21 29 0 0 0 0 0 0 0 0 31 41 31 41 21 29 0 0 0 0 0 0 0 0 31 41 31 41 21 29 0 0 0 0 0 0 0 0
169 0 1000 0 0 1000 0 1000 31 41 31 41 21 29 20490 6 20490 6 0 0 0 0 31 41 31 41 21 29 20490 6 20490 6 0 0 0 0 31 41 31 41 21 29 20490 6 20490 6 0 0 0 0 31 41 31 41 21 29 20490 6 20490 6 0 0 0 0 31 41 31 41 21 29 20490 6 20490 6 0 0 0 0 31 41 31 41 21 29 20490 6 20490 6 0 0 0 0
170 0 1000 0 0 1000 0 1000 32 42 32 42 21 29 28307 104 0 0 291 1 28016 103 32 42 32 42 21 29 28307 104 0 0 291 1 28016 103 32 42 32 42 21 29 28307 104 0 0 291 1 28016 103 32 42 32 42 21 29 28307 104 0 0 291 1 28016 103 32 42 32 42 21 29 28307 104 0 0 291 1 28016 103 32 42 32 42 21 29 28307 104 0 0 291 1 28016 103
171 0 1000 0 0 1000 0 1000 32 42 32 42 22 32 0 0 0 0 0 0 0 0 32 42 32 42 22 32 0 0 0 0 0 0 0 0 32 42 32 42 22 32 0 0 0 0 0 0 0 0 32 42 32 42 22 32 0 0 0 0 0 0 0 0 32 42 32 42 22 32 0 0 0 0 0 0 0 0 32 42 32 42 22 32 0 0 0 0 0 0 0 0
172 0 1000 0 0 1000 0 1000 32 42 32 42 22 32 0 0 0 0 0 0 0 0 32 42 32 42 22 32 0 0 0 0 0 0 0 0 32 42 32 42 22 32 0 0 0 0 0 0 0 0 32 42 32 42 22 32 0 0 0 0 0 0 0 0 32 42 32 42 22 32 0 0 0 0 0 0 0 0 32 42 32 42 22 32 0 0 0 0 0 0 0 0
173 0 1000 0 0 1000 0 1000 32 42 32 42 22 32 26144 7 26144 7 0 0 0 0 32 42 32 42 22 32 26144 7 26144 7 0 0 0 0 32 42 32 42 22 32 26144 7 26144 7 0 0 0 0 32 42 32 42 22 32 26144 7 26144 7 0 0 0 0 32 42 32 42 22 32 26144 7 26144 7 0 0 0 0 32 42 32 42 22 32 26144 7 26144 7 0 0 0 0
174 0 1000 0 0 1000 0 1000 33 43 33 43 22 32 28307 104 0 0 291 1 28016 103 33 43 33 43 22 32 28307 104 0 0 291 1 28016 103 33 43 33 43 22 32 28307 104 0 0 291 1 28016 103 33 43 33 43 22 32 28307 104 0 0 291 1 28016 103 33 43 33 43 22 32 28307 104 0 0 291 1 28016 103 33 43 33 43 22 32 28307 104 0 0 291 1 28016 103
175 0 1000 0 0 1000 0 1000 33 43 33 43 23 33 0 0 0 0 0 0 0 0 33 43 33 43 23 33 0 0 0 0 0 0 0 0 33 43 33 43 23 33 0 0 0 0 0 0 0 0 33 43 33 43 23 33 0 0 0 0 0 0 0 0 33 43 33 43 23 33 0 0 0 0 0 0 0 0 33 43 33 43 23 33 0 0 0 0 0 0 0 0
176 0 1000 0 0 1000 0 1000 33 43 33 43 23 33 0 0 0 0 0 0 0 0 33 43 33 43 23 33 0 0 0 0 0 0 0 0 33 43 33 43 23 33 0 0 0 0 0 0 0 0 33 43 33 43 23 33 0 0 0 0 0 0 0 0 33 43 33 43 23 33 0 0 0 0 0 0 0 0 33 43 33 43 23 33 0 0 0 0 0 0 0 0
177 0 1000 0 0 1000 0 1000 33 43 33 43 23 33 11205 3 11205 3 0 0 0 0 33 43 33 43 23 33 11205 3 11205 3 0 0 0 0 33 43 33 43 23 33 11205 3 11205 3 0 0 0 0 33 43 33 43 23 33 11205 3 11205 3 0 0 0 0 33 43 33 43 23 33 11205 3 11205 3 0 0 0 0 33 43 33 43 23 33 11205 3 11205 3 0 0 0 0
178 0 1000 0 0 1000 0 1000 34 44 34 44 23 33 29939 110 0 0 291 1 29648 109 34 44 34 44 23 33 29939 110 0 0 291 1 29648 109 34 44 34 44 23 33 29939 110 0 0 291 1 29648 109 34 44 34 44 23 33 29939 110 0 0 291 1 29648 109 34 44 34 44 23 33 29939 110 0 0 291 1 29648 109 34 44 34 44 23 33 29939 110 0 0 291 1 29648 109
179 0 1000 0 0 1000 0 1000 34 44 34 44 24 34 0 0 0 0 0 0 0 0 34 44 34 44 24 34 0 0 0 0 0 0 0 0 34 44 34 44 24 34 0 0 0 0 0 0 0 0 34 44 34 44 24 34 0 0 0 0 0 0 0 0 34 44 34 44 24 34 0 0 0 0 0 0 0 0 34 44 34 44 24 34 0 0 0 0 0 0 0 0
180 0 1000 0 0 1000 0 1000 34 44 34 44 24 34 0 0 0 0 0 0 0 0 34 44 34 44 24 34 0 0 0 0 0 0 0 0 34 44 34 44 24 34 0 0 0 0 0 0 0 0 34 44 34 44 24 34 0 0 0 0 0 0 0 0 34 44 34 44 24 34 0 0 0 0 0 0 0 0 34 44 34 44 24 34 0 0 0 0 0 0 0 0
181 0 1000 0 0 1000 0 1000 34 44 34 44 24 34 15707 4 15707 4 0 0 0 0 34 44 34 44 24 34 15707 4 15707 4 0 0 0 0 34 44 34 44 24 34 15707 4 15707 4 0 0 0 0 34 44 34 44 24 34 15707 4 15707 4 0 0 0 0 34 44 34 44 24 34 15707 4 15707 4 0 0 0 0 34 44 34 44 24 34 15707 4 15707 4 0 0 0 0
182 0 1000 0 0 1000 0 1000 35 45 35 45 24 34 32659 120 0 0 291 1 32368 119 35 45 35 45 24 34 32659 120 0 0 291 1 32368 119 35 45 35 45 24 34 32659 120 0 0 291 1 32368 119 35 45 35 45 24 34 32659 120 0 0 291 1 32368 119 35 45 35 45 24 34 32659 120 0 0 291 1 32368 119 35 45 35 45 24 34 32659 120 0 0 291 1 32368 119
183 0 1000 0 0 1000 0 1000 35 45 35 45 25 35 0 0 0 0 0 0 0 0 35 45 35 45 25 35 0 0 0 0 0 0 0 0 35 45 35 45 25 35 0 0 0 0 0 0 0 0 35 45 35 45 25 35 0 0 0 0 0 0 0 0 35 45 35 45 25 35 0 0 0 0 0 0 0 0 35 45 35 45 25 35 0 0 0 0 0 0 0 0
184 0 1000 0 0 1000 0 1000 35 45 35 45 25 35 0 0 0 0 0 0 0 0 35 45 35 45 25 35 0 0 0 0 0 0 0 0 35 45 35 45 25 35 0 0 0 0 0 0 0 0 35 45 35 45 25 35 0 0 0 0 0 0 0 0 35 45 35 45 25 35 0 0 0 0 0 0 0 0 35 45 35 45 25 35 0 0 0 0 0 0 0 0
185 0 1000 0 0 1000 0 1000 35 45 35 45 25 35 16988 4 16988 4 0 0 0 0 35 45 35 45 25 35 16988 4 16988 4 0 0 0 0 35 45 35 45 25 35 16988 4 16988 4 0 0 0 0 35 45 35 45 25 35 16988 4 16988 4 0 0 0 0 35 45 35 45 25 35 16988 4 16988 4 0 0 0 0 35 45 35 45 25 35 16988 4 16988 4 0 0 0 0
186 0 1000 0 0 1000 0 1000 36 46 36 46 25 35 31299 115 0 0 291 1 31008 114 36 46 36 46 25 35 31299 115 0 0 291 1 31008 114 36 46 36 46 25 35 31299 115 0 0 291 1 31008 114 36 46 36 46 25 35 31299 115 0 0 291 1 31008 114 36 46 36 46 25 35 31299 115 0 0 291 1 31008 114 36 46 36 46 25 35 31299 115 0 0 291 1 31008 114
187 900 100 900 0 100 0 1000 36 46 36 46 25 35 0 0 0 0 0 0 0 0 36 46 36 46 26 36 0 0 0 0 0 0 0 0 36 46 36 46 25 35 0 0 0 0 0 0 0 0 36 46 36 46 25 35 0 0 0 0 0 0 0 0 36 46 36 46 26 36 0 0 0 0 0 0 0 0 36 46 36 46 26 36 0 0 0 0 0 0 0 0
188 900 100 900 0 100 0 1000 36 46 36 46 25 35 0 0 0 0 0 0 0 0 36 46 36 46 26 36 0 0 0 0 0 0 0 0 36 46 36 46 25 35 0 0 0 0 0 0 0 0 36 46 36 46 25 35 0 0 0 0 0 0 0 0 36 46 36 46 26 36 0 0 0 0 0 0 0 0 36 46 36 46 26 36 0 0 0 0 0 0 0 0
189 900 100 900 0 100 0 1000 36 46 36 46 25 35 4085 1 4085 1 0 0 0 0 36 46 36 46 26 36 4085 1 4085 1 0 0 0 0 36 46 36 46 25 35 4085 1 4085 1 0 0 0 0 36 46 36 46 25 35 4085 1 4085 1 0 0 0 0 36 46 36 46 26 36 4085 1 4085 1 0 0 0 0 36 46 36 46 26 36 4085 1 4085 1 0 0 0 0
190 900 100 900 0 100 0 1000 36 46 36 46 25 35 3825 14 0 0 289 1 3536 13 36 46 36 46 26 36 3825 14 0 0 289 1 3536 13 36 46 36 46 25 35 3825 14 0 0 289 1 3536 13 36 46 36 46 25 35 3825 14 0 0 289 1 3536 13 36 46 36 46 26 36 3825 14 0 0 289 1 3536 13 36 46 36 46 26 36 3825 14 0 0 289 1 3536 13
191 900 100 900 0 100 0 1000 36 46 36 46 25 35 0 0 0 0 0 0 0 0 36 46 36 46 27 37 0 0 0 0 0 0 0 0 36 46 36 46 25 35 0 0 0 0 0 0 0 0 36 46 36 46 25 35 0 0 0 0 0 0 0 0 36 46 36 46 27 37 0 0 0 0 0 0 0 0 36 46 36 46 27 37 0 0 0 0 0 0 0 0
192 900 100 900 0 100 0 1000 36 46 36 46 25 35 0 0 0 0 0 0 0 0 36 46 36 46 27 37 0 0 0 0 0 0 0 0 36 46 36 46 25 35 0 0 0 0 0 0 0 0 36 46 36 46 25 35 0 0 0 0 0 0 0 0 36 46 36 46 27 37 0 0 0 0 0 0 0 0 36 46 36 46 27 37 0 0 0 0 0 0 0 0
193 900 100 900 0 100 0 1000 36 46 36 46 25 35 855 1 855 1 0 0 0 0 36 46 36 46 27 37 855 1 855 1 0 0 0 0 36 46 36 46 25 35 855 1 855 1 0 0 0 0 36 46 36 46 25 35 855 1 855 1 0 0 0 0 36 46 36 46 27 37 855 1 855 1 0 0 0 0 36 46 36 46 27 37 855 1 855 1 0 0 0 0
194 900 100 900 0 100 0 1000 36 46 36 46 25 35 3827 14 0 0 291 1 3536 13 36 46 36 46 27 37 3827 14 0 0 291 1 3536 13 36 46 36 46 25 35 3827 14 0 0 291 1 3536 13 36 46 36 46 25 35 3827 14 0 0 291 1 3536 13 36 46 36 46 27 37 3827 14 0 0 291 1 3536 13 36 46 36 46 27 37 3827 14 0 0 291 1 3536 13
195 900 100 900 0 100 0 1000 36 46 36 46 25 35 0 0 0 0 0 0 0 0 36 46 36 46 28 38 0 0 0 0 0 0 0 0 36 46 36 46 25 35 0 0 0 0 0 0 0 0 36 46 36 46 25 35 0 0 0 0 0 0 0 0 36 46 36 46 28 38 0 0 0 0 0 0 0 0 36 46 36 46 28 38 0 0 0 0 0 0 0 0
196 900 100 900 0 100 0 1000 36 46 36 46 25 35 0 0 0 0 0 0 0 0 36 46 36 46 28 38 0 0 0 0 0 0 0 0 36 46 36 46 25 35 0 0 0 0 0 0 0 0 36 46 36 46 25 35 0 0 0 0 0 0 0 0 36 46 36 46 28 38 0 0 0 0 0 0 0 0 36 46 36 46 28 38 0 0 0 0 0 0 0 0
197 900 100 900 0 100 0 1000 36 46 36 46 25 35 0 0 0 0 0 0 0 0 36 46 36 46 28 38 0 0 0 0 0 0 0 0 36 46 36 46 25 35 0 0 0 0 0 0 0 0 36 46 36 46 25 35 0 0 0 0 0 0 0 0 36 46 36 46 28 38 0 0 0 0 0 0 0 0 36 46 36 46 28 38 0 0 0 0 0 0 0 0
198 900 100 900 0 100 0 1000 36 46 36 46 25 35 3536 13 0 0 0 0 3536 13 36 46 36 46 28 38 3536 13 0 0 0 0 3536 13 36 46 36 46 25 35 3536 13 0 0 0 0 3536 13 36 46 36 46 25 35 3536 13 0 0 0 0 3536 13 36 46 36 46 28 38 3536 13 0 0 0 0 3536 13 36 46 36 46 28 38 3536 13 0 0 0 0 3536 13
199 900 100 900 0 100 0 1000 36 46 36 46 25 35 0 0 0 0 0 0 0 0 36 46 36 46 29 39 0 0 0 0 0 0 0 0 36 46 36 46 25 35 0 0 0 0 0 0 0 0 36 46 36 46 25 35 0 0 0 0 0 0 0 0 36 46 36 46 29 39 0 0 0 0 0 0 0 0 36 46 36 46 29 39 0 0 0 0 0 0 0 0
200 900 100 900 0 100 0 1000 36 46 36 46 25 35 0 0 0 0 0 0 0 0 36 46 36 46 29 39 0 0 0 0 0 0 0 0 36 46 36 46 25 35 0 0 0 0 0 0 0 0 36 46 36 46 25 35 0 0 0 0 0 0 0 0 36 46 36 46 29 39 0 0 0 0 0 0 0 0 36 46 36 46 29 39 0 0 0 0 0 0 0 0
201 900 100 900 0 100 0 1000 36 46 36 46 25 35 0 0 0 0 0 0 0 0 36 46 36 46 29 39 0 0 0 0 0 0 0 0 36 46 36 46 25 35 0 0 0 0 0 0 0 0 36 46 36 46 25 35 0 0 0 0 0 0 0 0 36 46 36 46 29 39 0 0 0 0 0 0 0 0 36 46 36 46 29 39 0 0 0 0 0 0 0 0
202 900 100 900 0 100 0 1000 36 46 36 46 25 35 2720 10 0 0 0 0 2720 10 36 46 36 46 29 39 2720 10 0 0 0 0 2720 10 36 46 36 46 25 35 2720 10 0 0 0 0 2720 10 36 46 36 46 25 35 2720 10 0 0 0 0 2720 10 36 46 36 46 29 39 2720 10 0 0 0 0 2720 10 36 46 36 46 29 39 2720 10 0 0 0 0 2720 10
203 900 100 900 0 100 0 1000 36 46 36 46 25 35 0 0 0 0 0 0 0 0 36 46 36 46 30 40 0 0 0 0 0 0 0 0 36 46 36 46 25 35 0 0 0 0 0 0 0 0 36 46 36 46 25 35 0 0 0 0 0 0 0 0 36 46 36 46 30 40 0 0 0 0 0 0 0 0 36 46 36 46 30 40 0 0 0 0 0 0 0 0
204 900 100 900 0 100 0 1000 36 46 36 46 25 35 0 0 0 0 0 0 0 0 36 46 36 46 30 40 0 0 0 0 0 0 0 0 36 46 36 46 25 35 0 0 0 0 0 0 0 0 36 46 36 46 25 35 0 0 0 0 0 0 0 0 36 46 36 46 30 40 0 0 0 0 0 0 0 0 36 46 36 46 30 40 0 0 0 0 0 0 0 0
205 900 100 900 0 100 0 1000 36 46 36 46 25 35 0 0 0 0 0 0 0 0 36 46 36 46 30 40 0 0 0 0 0 0 0 0 36 46 36 46 25 35 0 0 0 0 0 0 0 0 36 46 36 46 25 35 0 0 0 0 0 0 0 0 36 46 36 46 30 40 0 0 0 0 0 0 0 0 36 46 36 46 30 40 0 0 0 0 0 0 0 0
206 900 100 900 0 100 0 1000 36 46 36 46 25 35 2720 10 0 0 0 0 2720 10 36 46 36 46 30 40 2720 10 0 0 0 0 2720 10 36 46 36 46 25 35 2720 10 0 0 0 0 2720 10 36 46 36 46 25 35 2720 10 0 0 0 0 2720 10 36 46 36 46 30 40 2720 10 0 0 0 0 2720 10 36 46 36 46 30 40 2720 10 0 0 0 0 2720 10
207 900 100 900 0 100 0 1000 36 46 36 46 25 35 0 0 0 0 0 0 0 0 36 46 36 46 31 41 0 0 0 0 0 0 0 0 36 46 36 46 25 35 0 0 0 0 0 0 0 0 36 46 36 46 25 35 0 0 0 0 0 0 0 0 36 46 36 46 31 41 0 0 0 0 0 0 0 0 36 46 36 46 31 41 0 0 0 0 0 0 0 0
208 900 100 900 0 100 0 1000 36 46 36 46 25 35 0 0 0 0 0 0 0 0 36 46 36 46 31 41 0 0 0 0 0 0 0 0 36 46 36 46 25 35 0 0 0 0 0 0 0 0 36 46 36 46 25 35 0 0 0 0 0 0 0 0 36 46 36 46 31 41 0 0 0 0 0 0 0 0 36 46 36 46 31 41 0 0 0 0 0 0 0 0
209 900 100 900 0 100 0 1000 36 46 36 46 25 35 1517 2 1517 2 0 0 0 0 36 46 36 46 31 41 1517 2 1517 2 0 0 0 0 36 46 36 46 25 35 1517 2 1517 2 0 0 0 0 36 46 36 46 25 35 1517 2 1517 2 0 0 0 0 36 46 36 46 31 41 1517 2 1517 2 0 0 0 0 36 46 36 46 31 41 1517 2 1517 2 0 0 0 0
210 900 100 900 0 100 0 1000 36 46 36 46 25 35 2739 10 0 0 291 1 2448 9 36 46 36 46 31 41 2739 10 0 0 291 1 2448 9 36 46 36 46 25 35 2739 10 0 0 291 1 2448 9 36 46 36 46 25 35 2739 10 0 0 291 1 2448 9 36 46 36 46 31 41 2739 10 0 0 291 1 2448 9 36 46 36 46 31 41 2739 10 0 0 291 1 2448 9
211 900 100 900 0 100 0 1000 36 46 36 46 25 35 0 0 0 0 0 0 0 0 36 46 36 46 32 42 0 0 0 0 0 0 0 0 36 46 36 46 25 35 0 0 0 0 0 0 0 0 36 46 36 46 25 35 0 0 0 0 0 0 0 0 36 46 36 46 32 42 0 0 0 0 0 0 0 0 36 46 36 46 32 42 0 0 0 0 0 0 0 0
212 900 100 900 0 100 0 1000 36 46 36 46 25 35 0 0 0 0 0 0 0 0 36 46 36 46 32 42 0 0 0 0 0 0 0 0 36 46 36 46 25 35 0 0 0 0 0 0 0 0 36 46 36 46 25 35 0 0 0 0 0 0 0 0 36 46 36 46 32 42 0 0 0 0 0 0 0 0 36 46 36 46 32 42 0 0 0 0 0 0 0 0
213 900 100 900 0 100 0 1000 36 46 36 46 25 35 0 0 0 0 0 0 0 0 36 46 36 46 32 42 0 0 0 0 0 0 0 0 36 46 36 46 25 35 0 0 0 0 0 0 0 0 36 46 36 46 25 35 0 0 0 0 0 0 0 0 36 46 36 46 32 42 0 0 0 0 0 0 0 0 36 46 36 46 32 42 0 0 0 0 0 0 0 0
214 900 100 900 0 100 0 1000 36 46 36 46 25 35 2720 10 0 0 0 0 2720 10 36 46 36 46 32 42 2720 10 0 0 0 0 2720 10 36 46 36 46 25 35 2720 10 0 0 0 0 2720 10 36 46 36 46 25 35 2720 10 0 0 0 0 2720 10 36 46 36 46 32 42 2720 10 0 0 0 0 2720 10 36 46 36 46 32 42 2720 10 0 0 0 0 2720 10
215 900 100 900 0 100 0 1000 36 46 36 46 25 35 0 0 0 0 0 0 0 0 36 46 36 46 33 43 0 0 0 0 0 0 0 0 36 46 36 46 25 35 0 0 0 0 0 0 0 0 36 46 36 46 25 35 0 0 0 0 0 0 0 0 36 46 36 46 33 43 0 0 0 0 0 0 0 0 36 46 36 46 33 43 0 0 0 0 0 0 0 0
216 900 100 900 0 100 0 1000 36 46 36 46 25 35 0 0 0 0 0 0 0 0 36 46 36 46 33 43 0 0 0 0 0 0 0 0 36 46 36 46 25 35 0 0 0 0 0 0 0 0 36 46 36 46 25 35 0 0 0 0 0 0 0 0 36 46 36 46 33 43 0 0 0 0 0 0 0 0 36 46 36 46 33 43 0 0 0 0 0 0 0 0
217 900 100 900 0 100 0 1000 36 46 36 46 25 35 759 1 759 1 0 0 0 0 36 46 36 46 33 43 759 1 759 1 0 0 0 0 36 46 36 46 25 35 759 1 759 1 0 0 0 0 36 46 36 46 25 35 759 1 759 1 0 0 0 0 36 46 36 46 33 43 759 1 759 1 0 0 0 0 36 46 36 46 33 43 759 1 759 1 0 0 0 0
218 900 100 900 0 100 0 1000 36 46 36 46 25 35 1651 6 0 0 291 1 1360 5 36 46 36 46 33 43 1651 6 0 0 291 1 1360 5 36 46 36 46 25 35 1651 6 0 0 291 1 1360 5 36 46 36 46 25 35 1651 6 0 0 291 1 1360 5 36 46 36 46 33 43 1651 6 0 0 291 1 1360 5 36 46 36 46 33 43 1651 6 0 0 291 1 1360 5
219 900 100 900 0 100 0 1000 36 46 36 46 25 35 0 0 0 0 0 0 0 0 36 46 36 46 34 44 0 0 0 0 0 0 0 0 36 46 36 46 25 35 0 0 0 0 0 0 0 0 36 46 36 46 25 35 0 0 0 0 0 0 0 0 36 46 36 46 34 44 0 0 0 0 0 0 0 0 36 46 36 46 34 44 0 0 0 0 0 0 0 0
220 900 100 900 0 100 0 1000 36 46 36 46 25 35 0 0 0 0 0 0 0 0 36 46 36 46 34 44 0 0 0 0 0 0 0 0 36 46 36 46 25 35 0 0 0 0 0 0 0 0 36 46 36 46 25 35 0 0 0 0 0 0 0 0 36 46 36 46 34 44 0 0 0 0 0 0 0 0 36 46 36 46 34 44 0 0 0 0 0 0 0 0
221 900 100 900 0 100 0 1000 36 46 36 46 25 35 0 0 0 0 0 0 0 0 36 46 36 46 34 44 0 0 0 0 0 0 0 0 36 46 36 46 25 35 0 0 0 0 0 0 0 0 36 46 36 46 25 35 0 0 0 0 0 0 0 0 36 46 36 46 34 44 0 0 0 0 0 0 0 0 36 46 36 46 34 44 0 0 0 0 0 0 0 0
222 900 100 900 0 100 0 1000 36 46 36 46 25 35 1632 6 0 0 0 0 1632 6 36 46 36 46 34 44 1632 6 0 0 0 0 1632 6 36 46 36 46 25 35 1632 6 0 0 0 0 1632 6 36 46 36 46 25 35 1632 6 0 0 0 0 1632 6 36 46 36 46 34 44 1632 6 0 0 0 0 1632 6 36 46 36 46 34 44 1632 6 0 0 0 0 1632 6
223 900 100 900 0 100 0 1000 36 46 36 46 25 35 0 0 0 0 0 0 0 0 36 46 36 46 35 45 0 0 0 0 0 0 0 0 36 46 36 46 25 35 0 0 0 0 0 0 0 0 36 46 36 46 25 35 0 0 0 0 0 0 0 0 36 46 36 46 35 45 0 0 0 0 0 0 0 0 36 46 36 46 35 45 0 0 0 0 0 0 0 0
224 900 100 900 0 100 0 1000 36 46 36 46 25 35 0 0 0 0 0 0 0 0 36 46 36 46 35 45 0 0 0 0 0 0 0 0 36 46 36 46 25 35 0 0 0 0 0 0 0 0 36 46 36 46 25 35 0 0 0 0 0 0 0 0 36 46 36 46 35 45 0 0 0 0 0 0 0 0 36 46 36 46 35 45 0 0 0 0 0 0 0 0
225 900 100 900 0 100 0 1000 36 46 36 46 25 35 0 0 0 0 0 0 0 0 36 46 36 46 35 45 0 0 0 0 0 0 0 0 36 46 36 46 25 35 0 0 0 0 0 0 0 0 36 46 36 46 25 35 0 0 0 0 0 0 0 0 36 46 36 46 35 45 0 0 0 0 0 0 0 0 36 46 36 46 35 45 0 0 0 0 0 0 0 0
226 900 100 900 0 100 0 1000 36 46 36 46 25 35 2448 9 0 0 0 0 2448 9 36 46 36 46 35 45 2448 9 0 0 0 0 2448 9 36 46 36 46 25 35 2448 9 0 0 0 0 2448 9 36 46 36 46 25 35 2448 9 0 0 0 0 2448 9 36 46 36 46 35 45 2448 9 0 0 0 0 2448 9 36 46 36 46 35 45 2448 9 0 0 0 0 2448 9
227 900 100 900 0 100 0 1000 36 46 36 46 25 35 0 0 0 0 0 0 0 0 36 46 36 46 36 46 0 0 0 0 0 0 0 0 36 46 36 46 25 35 0 0 0 0 0 0 0 0 36 46 36 46 25 35 0 0 0 0 0 0 0 0 36 46 36 46 36 46 0 0 0 0 0 0 0 0 36 46 36 46 36 46 0 0 0 0 0 0 0 0
228 900 100 900 0 100 0 1000 36 46 36 46 25 35 0 0 0 0 0 0 0 0 36 46 36 46 36 46 0 0 0 0 0 0 0 0 36 46 36 46 25 35 0 0 0 0 0 0 0 0 36 46 36 46 25 35 0 0 0 0 0 0 0 0 36 46 36 46 36 46 0 0 0 0 0 0 0 0 36 46 36 46 36 46 0 0 0 0 0 0 0 0
229 900 100 900 0 100 0 1000 36 46 36 46 25 35 0 0 0 0 0 0 0 0 36 46 36 46 36 46 0 0 0 0 0 0 0 0 36 46 36 46 25 35 0 0 0 0 0 0 0 0 36 46 36 46 25 35 0 0 0 0 0 0 0 0 36 46 36 46 36 46 0 0 0 0 0 0 0 0 36 46 36 46 36 46 0 0 0 0 0 0 0 0
230 900 100 900 0 100 0 1000 36 46 36 46 25 35 3808 14 0 0 0 0 3808 14 36 46 36 46 36 46 3808 14 0 0 0 0 3808 14 36 46 36 46 25 35 3808 14 0 0 0 0 3808 14 36 46 36 46 25 35 3808 14 0 0 0 0 3808 14 36 46 36 46 36 46 3808 14 0 0 0 0 3808 14 36 46 36 46 36 46 3808 14 0 0 0 0 3808 14
231 900 100 900 0 100 0 1000 36 46 36 46 25 35 0 0 0 0 0 0 0 0 37 47 36 46 37 47 0 0 0 0 0 0 0 0 36 46 36 46 25 35 0 0 0 0 0 0 0 0 36 46 36 46 25 35 0 0 0 0 0 0 0 0 37 47 36 46 37 47 0 0 0 0 0 0 0 0 37 47 36 46 37 47 0 0 0 0 0 0 0 0
232 900 100 900 0 100 0 1000 36 46 36 46 25 35 0 0 0 0 0 0 0 0 37 47 36 46 37 47 0 0 0 0 0 0 0 0 36 46 36 46 25 35 0 0 0 0 0 0 0 0 36 46 36 46 25 35 0 0 0 0 0 0 0 0 37 47 36 46 37 47 0 0 0 0 0 0 0 0 37 47 36 46 37 47 0 0 0 0 0 0 0 0
233 900 100 900 0 100 0 1000 36 46 36 46 25 35 1774 2 1774 2 0 0 0 0 37 47 36 46 37 47 1774 2 1774 2 0 0 0 0 36 46 36 46 25 35 1774 2 1774 2 0 0 0 0 36 46 36 46 25 35 1774 2 1774 2 0 0 0 0 37 47 36 46 37 47 1774 2 1774 2 0 0 0 0 37 47 36 46 37 47 1774 2 1774 2 0 0 0 0
234 900 100 900 0 100 0 1000 36 46 36 46 25 35 3555 13 0 0 291 1 3264 12 37 47 36 46 37 47 3555 13 0 0 291 1 3264 12 36 46 36 46 25 35 3555 13 0 0 291 1 3264 12 36 46 36 46 25 35 3555 13 0 0 291 1 3264 12 37 47 36 46 37 47 3555 13 0 0 291 1 3264 12 37 47 36 46 37 47 3555 13 0 0 291 1 3264 12
235 900 100 900 0 100 0 1000 36 46 36 46 25 35 0 0 0 0 0 0 0 0 38 48 36 46 38 48 0 0 0 0 0 0 0 0 36 46 36 46 25 35 0 0 0 0 0 0 0 0 36 46 36 46 25 35 0 0 0 0 0 0 0 0 38 48 36 46 38 48 0 0 0 0 0 0 0 0 38 48 36 46 38 48 0 0 0 0 0 0 0 0
236 900 100 900 0 100 0 1000 36 46 36 46 25 35 0 0 0 0 0 0 0 0 38 48 36 46 38 48 0 0 0 0 0 0 0 0 36 46 36 46 25 35 0 0 0 0 0 0 0 0 36 46 36 46 25 35 0 0 0 0 0 0 0 0 38 48 36 46 38 48 0 0 0 0 0 0 0 0 38 48 36 46 38 48 0 0 0 0 0 0 0 0
237 900 100 900 0 100 0 1000 36 46 36 46 25 35 0 0 0 0 0 0 0 0 38 48 36 46 38 48 0 0 0 0 0 0 0 0 36 46 36 46 25 35 0 0 0 0 0 0 0 0 36 46 36 46 25 35 0 0 0 0 0 0 0 0 38 48 36 46 38 48 0 0 0 0 0 0 0 0 38 48 36 46 38 48 0 0 0 0 0 0 0 0
238 900 100 900 0 100 0 1000 36 46 36 46 25 35 3536 13 0 0 0 0 3536 13 38 48 36 46 38 48 3536 13 0 0 0 0 3536 13 36 46 36 46 25 35 3536 13 0 0 0 0 3536 13 36 46 36 46 25 35 3536 13 0 0 0 0 3536 13 38 48 36 46 38 48 3536 13 0 0 0 0 3536 13 38 48 36 46 38 48 3536 13 0 0 0 0 3536 13
239 900 100 900 0 100 0 1000 36 46 36 46 25 35 0 0 0 0 0 0 0 0 38 48 36 46 38 48 0 0 0 0 0 0 0 0 36 46 36 46 25 35 0 0 0 0 0 0 0 0 36 46 36 46 25 35 0 0 0 0 0 0 0 0 38 48 36 46 38 48 0 0 0 0 0 0 0 0 38 48 36 46 38 48 0 0 0 0 0 0 0 0
240 900 100 900 0 100 0 1000 36 46 36 46 25 35 0 0 0 0 0 0 0 0 38 48 36 46 38 48 0 0 0 0 0 0 0 0 36 46 36 46 25 35 0 0 0 0 0 0 0 0 36 46 36 46 25 35 0 0 0 0 0 0 0 0 38 48 36 46 38 48 0 0 0 0 0 0 0 0 38 48 36 46 38 48 0 0 0 0 0 0 0 0
241 900 100 900 0 100 0 1000 36 46 36 46 25 35 0 0 0 0 0 0 0 0 38 48 36 46 38 48 0 0 0 0 0 0 0 0 36 46 36 46 25 35 0 0 0 0 0 0 0 0 36 46 36 46 25 35 0 0 0 0 0 0 0 0 38 48 36 46 38 48 0 0 0 0 0 0 0 0 38 48 36 46 38 48 0 0 0 0 0 0 0 0
242 900 100 900 0 100 0 1000 36 46 36 46 25 35 2720 10 0 0 0 0 2720 10 38 48 36 46 38 48 2720 10 0 0 0 0 2720 10 36 46 36 46 25 35 2720 10 0 0 0 0 2720 10 36 46 36 46 25 35 2720 10 0 0 0 0 2720 10 38 48 36 46 38 48 2720 10 0 0 0 0 2720 10 38 48 36 46 38 48 2720 10 0 0 0 0 2720 10
243 900 100 900 0 100 0 1000 36 46 36 46 25 35 0 0 0 0 0 0 0 0 38 48 36 46 38 48 0 0 0 0 0 0 0 0 36 46 36 46 25 35 0 0 0 0 0 0 0 0 36 46 36 46 25 35 0 0 0 0 0 0 0 0 38 48 36 46 38 48 0 0 0 0 0 0 0 0 38 48 36 46 38 48 0 0 0 0 0 0 0 0
244 900 100 900 0 100 0 1000 36 46 36 46 25 35 0 0 0 0 0 0 0 0 38 48 36 46 38 48 0 0 0 0 0 0 0 0 36 46 36 46 25 35 0 0 0 0 0 0 0 0 36 46 36 46 25 35 0 0 0 0 0 0 0 0 38 48 36 46 38 48 0 0 0 0 0 0 0 0 38 48 36 46 38 48 0 0 0 0 0 0 0 0
245 900 100 900 0 100 0 1000 36 46 36 46 25 35 759 1 759 1 0 0 0 0 38 48 36 46 38 48 759 1 759 1 0 0 0 0 36 46 36 46 25 35 759 1 759 1 0 0 0 0 36 46 36 46 25 35 759 1 759 1 0 0 0 0 38 48 36 46 38 48 759 1 759 1 0 0 0 0 38 48 36 46 38 48 759 1 759 1 0 0 0 0
246 900 100 900 0 100 0 1000 36 46 36 46 25 35 1923 7 0 0 291 1 1632 6 38 48 36 46 38 48 1923 7 0 0 291 1 1632 6 36 46 36 46 25 35 1923 7 0 0 291 1 1632 6 36 46 36 46 25 35 1923 7 0 0 291 1 1632 6 38 48 36 46 38 48 1923 7 0 0 291 1 1632 6 38 48 36 46 38 48 1923 7 0 0 291 1 1632 6
247 900 100 900 0 100 0 1000 36 46 36 46 25 35 0 0 0 0 0 0 0 0 38 48 36 46 38 48 0 0 0 0 0 0 0 0 36 46 36 46 25 35 0 0 0 0 0 0 0 0 36 46 36 46 25 35 0 0 0 0 0 0 0 0 38 48 36 46 38 48 0 0 0 0 0 0 0 0 38 48 36 46 38 48 0 0 0 0 0 0 0 0
248 0 1000 0 900 100 0 1000 36 46 36 46 25 35 0 0 0 0 0 0 0 0 38 48 36 46 38 48 0 0 0 0 0 0 0 0 36 46 36 46 25 35 0 0 0 0 0 0 0 0 36 46 36 46 25 35 0 0 0 0 0 0 0 0 38 48 36 46 38 48 0 0 0 0 0 0 0 0 38 48 36 46 38 48 0 0 0 0 0 0 0 0
249 0 1000 0 900 100 0 1000 36 46 36 46 25 35 0 0 0 0 0 0 0 0 38 48 36 46 38 48 0 0 0 0 0 0 0 0 36 46 36 46 25 35 0 0 0 0 0 0 0 0 36 46 36 46 25 35 0 0 0 0 0 0 0 0 38 48 36 46 38 48 0 0 0 0 0 0 0 0 38 48 36 46 38 48 0 0 0 0 0 0 0 0
250 0 1000 0 900 100 0 1000 36 46 36 46 25 35 4352 16 0 0 0 0 4352 16 38 48 36 46 38 48 4352 16 0 0 0 0 4352 16 36 46 36 46 25 35 4352 16 0 0 0 0 4352 16 36 46 36 46 25 35 4352 16 0 0 0 0 4352 16 38 48 36 46 38 48 4352 16 0 0 0 0 4352 16 38 48 36 46 38 48 4352 16 0 0 0 0 4352 16
251 0 1000 0 0 1000 0 1000 39 52 36 46 39 52 0 0 0 0 0 0 0 0 39 52 36 46 39 52 0 0 0 0 0 0 0 0 39 52 36 46 39 52 0 0 0 0 0 0 0 0 39 52 36 46 39 52 0 0 0 0 0 0 0 0 39 52 36 46 39 52 0 0 0 0 0 0 0 0 39 52 36 46 39 52 0 0 0 0 0 0 0 0
252 0 1000 0 0 1000 0 1000 39 52 36 46 39 52 0 0 0 0 0 0 0 0 39 52 36 46 39 52 0 0 0 0 0 0 0 0 39 52 36 46 39 52 0 0 0 0 0 0 0 0 39 52 36 46 39 52 0 0 0 0 0 0 0 0 39 52 36 46 39 52 0 0 0 0 0 0 0 0 39 52 36 46 39 52 0 0 0 0 0 0 0 0
253 0 1000 0 0 1000 0 1000 39 52 36 46 39 52 5706 6 5706 6 0 0 0 0 39 52 36 46 39 52 5706 6 5706 6 0 0 0 0 39 52 36 46 39 52 5706 6 5706 6 0 0 0 0 39 52 36 46 39 52 5706 6 5706 6 0 0 0 0 39 52 36 46 39 52 5706 6 5706 6 0 0 0 0 39 52 36 46 39 52 5706 6 5706 6 0 0 0 0
254 0 1000 0 0 1000 0 1000 43 63 43 63 39 52 26675 98 0 0 291 1 26384 97 43 63 43 63 39 52 26675 98 0 0 291 1 26384 97 43 63 43 63 39 52 26675 98 0 0 291 1 26384 97 43 63 43 63 39 52 26675 98 0 0 291 1 26384 97 43 63 43 63 39 52 26675 98 0 0 291 1 26384 97 43 63 43 63 39 52 26675 98 0 0 291 1 26384 97
255 0 1000 0 0 1000 0 1000 43 63 43 63 39 52 0 0 0 0 0 0 0 0 43 63 43 63 39 52 0 0 0 0 0 0 0 0 43 63 43 63 39 52 0 0 0 0 0 0 0 0 43 63 43 63 39 52 0 0 0 0 0 0 0 0 43 63 43 63 39 52 0 0 0 0 0 0 0 0 43 63 43 63 39 52 0 0 0 0 0 0 0 0
256 0 1000 0 0 1000 0 1000 43 63 43 63 39 52 0 0 0 0 0 0 0 0 43 63 43 63 39 52 0 0 0 0 0 0 0 0 43 63 43 63 39 52 0 0 0 0 0 0 0 0 43 63 43 63 39 52 0 0 0 0 0 0 0 0 43 63 43 63 39 52 0 0 0 0 0 0 0 0 43 63 43 63 39 52 0 0 0 0 0 0 0 0
257 0 1000 0 0 1000 0 1000 43 63 43 63 39 52 17715 5 17715 5 0 0 0 0 43 63 43 63 39 52 17715 5 17715 5 0 0 0 0 43 63 43 63 39 52 17715 5 17715 5 0 0 0 0 43 63 43 63 39 52 17715 5 17715 5 0 0 0 0 43 63 43 63 39 52 17715 5 17715 5 0 0 0 0 43 63 43 63 39 52 17715 5 17715 5 0 0 0 0
258 0 1000 0 0 1000 0 1000 44 64 44 64 39 52 27491 101 0 0 291 1 27200 100 44 64 44 64 39 52 27491 101 0 0 291 1 27200 100 44 64 44 64 39 52 27491 101 0 0 291 1 27200 100 44 64 44 64 39 52 27491 101 0 0 291 1 27200 100 44 64 44 64 39 52 27491 101 0 0 291 1 27200 100 44 64 44 64 39 52 27491 101 0 0 291 1 27200 100
259 0 1000 0 0 1000 0 1000 44 64 44 64 40 54 0 0 0 0 0 0 0 0 44 64 44 64 40 54 0 0 0 0 0 0 0 0 44 64 44 64 40 54 0 0 0 0 0 0 0 0 44 64 44 64 40 54 0 0 0 0 0 0 0 0 44 64 44 64 40 54 0 0 0 0 0 0 0 0 44 64 44 64 40 54 0 0 0 0 0 0 0 0
260 0 1000 0 0 1000 0 1000 44 64 44 64 40 54 0 0 0 0 0 0 0 0 44 64 44 64 40 54 0 0 0 0 0 0 0 0 44 64 44 64 40 54 0 0 0 0 0 0 0 0 44 64 44 64 40 54 0 0 0 0 0 0 0 0 44 64 44 64 40 54 0 0 0 0 0 0 0 0 44 64 44 64 40 54 0 0 0 0 0 0 0 0
261 0 1000 0 0 1000 0 1000 44 64 44 64 40 54 18193 5 18193 5 0 0 0 0 44 64 44 64 40 54 18193 5 18193 5 0 0 0 0 44 64 44 64 40 54 18193 5 18193 5 0 0 0 0 44 64 44 64 40 54 18193 5 18193 5 0 0 0 0 44 64 44 64 40 54 18193 5 18193 5 0 0 0 0 44 64 44 64 40 54 18193 5 18193 5 0 0 0 0
262 0 1000 0 0 1000 0 1000 45 65 45 65 40 54 29939 110 0 0 291 1 29648 109 45 65 45 65 40 54 29939 110 0 0 291 1 29648 109 45 65 45 65 40 54 29939 110 0 0 291 1 29648 109 45 65 45 65 40 54 29939 110 0 0 291 1 29648 109 45 65 45 65 40 54 29939 110 0 0 291 1 29648 109 45 65 45 65 40 54 29939 110 0 0 291 1 29648 109
263 0 1000 0 0 1000 0 1000 45 65 45 65 40 54 0 0 0 0 0 0 0 0 45 65 45 65 40 54 0 0 0 0 0 0 0 0 45 65 45 65 40 54 0 0 0 0 0 0 0 0 45 65 45 65 40 54 0 0 0 0 0 0 0 0 45 65 45 65 40 54 0 0 0 0 0 0 0 0 45 65 45 65 40 54 0 0 0 0 0 0 0 0
264 0 1000 0 0 1000 0 1000 45 65 45 65 40 54 0 0 0 0 0 0 0 0 45 65 45 65 40 54 0 0 0 0 0 0 0 0 45 65 45 65 40 54 0 0 0 0 0 0 0 0 45 65 45 65 40 54 0 0 0 0 0 0 0 0 45 65 45 65 40 54 0 0 0 0 0 0 0 0 45 65 45 65 40 54 0 0 0 0 0 0 0 0
265 0 1000 0 0 1000 0 1000 45 65 45 65 40 54 23562 6 23562 6 0 0 0 0 45 65 45 65 40 54 23562 6 23562 6 0 0 0 0 45 65 45 65 40 54 23562 6 23562 6 0 0 0 0 45 65 45 65 40 54 23562 6 23562 6 0 0 0 0 45 65 45 65 40 54 23562 6 23562 6 0 0 0 0 45 65 45 65 40 54 23562 6 23562 6 0 0 0 0
266 0 1000 0 0 1000 0 1000 46 66 46 66 40 54 26131 96 0 0 291 1 25840 95 46 66 46 66 40 54 26131 96 0 0 291 1 25840 95 46 66 46 66 40 54 26131 96 0 0 291 1 25840 95 46 66 46 66 40 54 26131 96 0 0 291 1 25840 95 46 66 46 66 40 54 26131 96 0 0 291 1 25840 95 46 66 46 66 40 54 26131 96 0 0 291 1 25840 95
267 0 1000 0 0 1000 0 1000 46 66 46 66 40 54 0 0 0 0 0 0 0 0 46 66 46 66 40 54 0 0 0 0 0 0 0 0 46 66 46 66 40 54 0 0 0 0 0 0 0 0 46 66 46 66 40 54 0 0 0 0 0 0 0 0 46 66 46 66 40 54 0 0 0 0 0 0 0 0 46 66 46 66 40 54 0 0 0 0 0 0 0 0
268 0 1000 0 0 1000 0 1000 46 66 46 66 40 54 0 0 0 0 0 0 0 0 46 66 46 66 40 54 0 0 0 0 0 0 0 0 46 66 46 66 40 54 0 0 0 0 0 0 0 0 46 66 46 66 40 54 0 0 0 0 0 0 0 0 46 66 46 66 40 54 0 0 0 0 0 0 0 0 46 66 46 66 40 54 0 0 0 0 0 0 0 0
269 0 1000 0 0 1000 0 1000 46 66 46 66 40 54 20873 6 20873 6 0 0 0 0 46 66 46 66 40 54 20873 6 20873 6 0 0 0 0 46 66 46 66 40 54 20873 6 20873 6 0 0 0 0 46 66 46 66 40 54 20873 6 20873 6 0 0 0 0 46 66 46 66 40 54 20873 6 20873 6 0 0 0 0 46 66 46 66 40 54 20873 6 20873 6 0 0 0 0
270 0 1000 0 0 1000 0 1000 47 67 47 67 40 54 26947 99 0 0 291 1 26656 98 47 67 47 67 40 54 26947 99 0 0 291 1 26656 98 47 67 47 67 40 54 26947 99 0 0 291 1 26656 98 47 67 47 67 40 54 26947 99 0 0 291 1 26656 98 47 67 47 67 40 54 26947 99 0 0 291 1 26656 98 47 67 47 67 40 54 26947 99 0 0 291 1 26656 98
271 0 1000 0 0 1000 0 1000 47 67 47 67 40 54 0 0 0 0 0 0 0 0 47 67 47 67 40 54 0 0 0 0 0 0 0 0 47 67 47 67 40 54 0 0 0 0 0 0 0 0 47 67 47 67 40 54 0 0 0 0 0 0 0 0 47 67 47 67 40 54 0 0 0 0 0 0 0 0 47 67 47 67 40 54 0 0 0 0 0 0 0 0
272 0 1000 0 0 1000 0 1000 47 67 47 67 40 54 0 0 0 0 0 0 0 0 47 67 47 67 40 54 0 0 0 0 0 0 0 0 47 67 47 67 40 54 0 0 0 0 0 0 0 0 47 67 47 67 40 54 0 0 0 0 0 0 0 0 47 67 47 67 40 54 0 0 0 0 0 0 0 0 47 67 47 67 40 54 0 0 0 0 0 0 0 0
273 0 1000 0 0 1000 0 1000 47 67 47 67 40 54 25023 7 25023 7 0 0 0 0 47 67 47 67 40 54 25023 7 25023 7 0 0 0 0 47 67 47 67 40 54 25023 7 25023 7 0 0 0 0 47 67 47 67 40 54 25023 7 25023 7 0 0 0 0 47 67 47 67 40 54 25023 7 25023 7 0 0 0 0 47 67 47 67 40 54 25023 7 25023 7 0 0 0 0
274 0 1000 0 0 1000 0 1000 48 68 48 68 40 54 25043 92 0 0 291 1 24752 91 48 68 48 68 40 54 25043 92 0 0 291 1 24752 91 48 68 48 68 40 54 25043 92 0 0 291 1 24752 91 48 68 48 68 40 54 25043 92 0 0 291 1 24752 91 48 68 48 68 40 54 25043 92 0 0 291 1 24752 91 48 68 48 68 40 54 25043 92 0 0 291 1 24752 91
275 0 1000 0 0 1000 0 1000 48 68 48 68 41 58 0 0 0 0 0 0 0 0 48 68 48 68 41 58 0 0 0 0 0 0 0 0 48 68 48 68 41 58 0 0 0 0 0 0 0 0 48 68 48 68 41 58 0 0 0 0 0 0 0 0 48 68 48 68 41 58 0 0 0 0 0 0 0 0 48 68 48 68 41 58 0 0 0 0 0 0 0 0
276 0 1000 0 0 1000 0 1000 48 68 48 68 41 58 0 0 0 0 0 0 0 0 48 68 48 68 41 58 0 0 0 0 0 0 0 0 48 68 48 68 41 58 0 0 0 0 0 0 0 0 48 68 48 68 41 58 0 0 0 0 0 0 0 0 48 68 48 68 41 58 0 0 0 0 0 0 0 0 48 68 48 68 41 58 0 0 0 0 0 0 0 0
277 0 1000 0 0 1000 0 1000 48 68 48 68 41 58 23457 7 23457 7 0 0 0 0 48 68 48 68 41 58 23457 7 23457 7 0 0 0 0 48 68 48 68 41 58 23457 7 23457 7 0 0 0 0 48 68 48 68 41 58 23457 7 23457 7 0 0 0 0 48 68 48 68 41 58 23457 7 23457 7 0 0 0 0 48 68 48 68 41 58 23457 7 23457 7 0 0 0 0
278 0 1000 0 0 1000 0 1000 49 69 49 69 41 58 26403 97 0 0 291 1 26112 96 49 69 49 69 41 58 26403 97 0 0 291 1 26112 96 49 69 49 69 41 58 26403 97 0 0 291 1 26112 96 49 69 49 69 41 58 26403 97 0 0 291 1 26112 96 49 69 49 69 41 58 26403 97 0 0 291 1 26112 96 49 69 49 69 41 58 26403 97 0 0 291 1 26112 96
279 0 1000 0 0 1000 0 1000 49 69 49 69 41 58 0 0 0 0 0 0 0 0 49 69 49 69 41 58 0 0 0 0 0 0 0 0 49 69 49 69 41 58 0 0 0 0 0 0 0 0 49 69 49 69 41 58 0 0 0 0 0 0 0 0 49 69 49 69 41 58 0 0 0 0 0 0 0 0 49 69 49 69 41 58 0 0 0 0 0 0 0 0
280 0 1000 0 0 1000 0 1000 49 69 49 69 41 58 0 0 0 0 0 0 0 0 49 69 49 69 41 58 0 0 0 0 0 0 0 0 49 69 49 69 41 58 0 0 0 0 0 0 0 0 49 69 49 69 41 58 0 0 0 0 0 0 0 0 49 69 49 69 41 58 0 0 0 0 0 0 0 0 49 69 49 69 41 58 0 0 0 0 0 0 0 0
281 0 1000 0 0 1000 0 1000 49 69 49 69 41 58 10533 3 10533 3 0 0 0 0 49 69 49 69 41 58 10533 3 10533 3 0 0 0 0 49 69 49 69 41 58 10533 3 10533 3 0 0 0 0 49 69 49 69 41 58 10533 3 10533 3 0 0 0 0 49 69 49 69 41 58 10533 3 10533 3 0 0 0 0 49 69 49 69 41 58 10533 3 10533 3 0 0 0 0
282 0 1000 0 0 1000 0 1000 50 70 50 70 41 58 25587 94 0 0 291 1 25296 93 50 70 50 70 41 58 25587 94 0 0 291 1 25296 93 50 70 50 70 41 58 25587 94 0 0 291 1 25296 93 50 70 50 70 41 58 25587 94 0 0 291 1 25296 93 50 70 50 70 41 58 25587 94 0 0 291 1 25296 93 50 70 50 70 41 58 25587 94 0 0 291 1 25296 93
283 0 1000 0 0 1000 0 1000 50 70 50 70 41 58 0 0 0 0 0 0 0 0 50 70 50 70 41 58 0 0 0 0 0 0 0 0 50 70 50 70 41 58 0 0 0 0 0 0 0 0 50 70 50 70 41 58 0 0 0 0 0 0 0 0 50 70 50 70 41 58 0 0 0 0 0 0 0 0 50 70 50 70 41 58 0 0 0 0 0 0 0 0
284 0 1000 0 0 1000 0 1000 50 70 50 70 41 58 0 0 0 0 0 0 0 0 50 70 50 70 41 58 0 0 0 0 0 0 0 0 50 70 50 70 41 58 0 0 0 0 0 0 0 0 50 70 50 70 41 58 0 0 0 0 0 0 0 0 50 70 50 70 41 58 0 0 0 0 0 0 0 0 50 70 50 70 41 58 0 0 0 0 0 0 0 0
285 0 1000 0 0 1000 0 1000 50 70 50 70 41 58 17075 5 17075 5 0 0 0 0 50 70 50 70 41 58 17075 5 17075 5 0 0 0 0 50 70 50 70 41 58 17075 5 17075 5 0 0 0 0 50 70 50 70 41 58 17075 5 17075 5 0 0 0 0 50 70 50 70 41 58 17075 5 17075 5 0 0 0 0 50 70 50 70 41 58 17075 5 17075 5 0 0 0 0
286 0 1000 0 0 1000 0 1000 51 71 51 71 41 58 31027 114 0 0 291 1 30736 113 51 71 51 71 41 58 31027 114 0 0 291 1 30736 113 51 71 51 71 41 58 31027 114 0 0 291 1 30736 113 51 71 51 71 41 58 31027 114 0 0 291 1 30736 113 51 71 51 71 41 58 31027 114 0 0 291 1 30736 113 51 71 51 71 41 58 31027 114 0 0 291 1 30736 113
287 0 1000 0 0 1000 0 1000 51 71 51 71 42 61 0 0 0 0 0 0 0 0 51 71 51 71 42 61 0 0 0 0 0 0 0 0 51 71 51 71 42 61 0 0 0 0 0 0 0 0 51 71 51 71 42 61 0 0 0 0 0 0 0 0 51 71 51 71 42 61 0 0 0 0 0 0 0 0 51 71 51 71 42 61 0 0 0 0 0 0 0 0
288 0 1000 0 0 1000 0 1000 51 71 51 71 42 61 0 0 0 0 0 0 0 0 51 71 51 71 42 61 0 0 0 0 0 0 0 0 51 71 51 71 42 61 0 0 0 0 0 0 0 0 51 71 51 71 42 61 0 0 0 0 0 0 0 0 51 71 51 71 42 61 0 0 0 0 0 0 0 0 51 71 51 71 42 61 0 0 0 0 0 0 0 0
289 0 1000 0 0 1000 0 1000 51 71 51 71 42 61 16220 4 16220 4 0 0 0 0 51 71 51 71 42 61 16220 4 16220 4 0 0 0 0 51 71 51 71 42 61 16220 4 16220 4 0 0 0 0 51 71 51 71 42 61 16220 4 16220 4 0 0 0 0 51 71 51 71 42 61 16220 4 16220 4 0 0 0 0 51 71 51 71 42 61 16220 4 16220 4 0 0 0 0
290 0 1000 0 0 1000 0 1000 52 72 52 72 42 61 28035 103 0 0 291 1 27744 102 52 72 52 72 42 61 28035 103 0 0 291 1 27744 102 52 72 52 72 42 61 28035 103 0 0 291 1 27744 102 52 72 52 72 42 61 28035 103 0 0 291 1 27744 102 52 72 52 72 42 61 28035 103 0 0 291 1 27744 102 52 72 52 72 42 61 28035 103 0 0 291 1 27744 102
291 0 1000 0 0 1000 0 1000 52 72 52 72 42 61 0 0 0 0 0 0 0 0 52 72 52 72 42 61 0 0 0 0 0 0 0 0 52 72 52 72 42 61 0 0 0 0 0 0 0 0 52 72 52 72 42 61 0 0 0 0 0 0 0 0 52 72 52 72 42 61 0 0 0 0 0 0 0 0 52 72 52 72 42 61 0 0 0 0 0 0 0 0
292 0 1000 0 0 1000 0 1000 52 72 52 72 42 61 0 0 0 0 0 0 0 0 52 72 52 72 42 61 0 0 0 0 0 0 0 0 52 72 52 72 42 61 0 0 0 0 0 0 0 0 52 72 52 72 42 61 0 0 0 0 0 0 0 0 52 72 52 72 42 61 0 0 0 0 0 0 0 0 52 72 52 72 42 61 0 0 0 0 0 0 0 0
293 0 1000 0 0 1000 0 1000 52 72 52 72 42 61 25921 7 25921 7 0 0 0 0 52 72 52 72 42 61 25921 7 25921 7 0 0 0 0 52 72 52 72 42 61 25921 7 25921 7 0 0 0 0 52 72 52 72 42 61 25921 7 25921 7 0 0 0 0 52 72 52 72 42 61 25921 7 25921 7 0 0 0 0 52 72 52 72 42 61 25921 7 25921 7 0 0 0 0
294 0 1000 0 0 1000 0 1000 53 73 53 73 42 61 31843 117 0 0 291 1 31552 116 53 73 53 73 42 61 31843 117 0 0 291 1 31552 116 53 73 53 73 42 61 31843 117 0 0 291 1 31552 116 53 73 53 73 42 61 31843 117 0 0 291 1 31552 116 53 73 53 73 42 61 31843 117 0 0 291 1 31552 116 53 73 53 73 42 61 31843 117 0 0 291 1 31552 116
295 0 1000 0 0 1000 0 1000 53 73 53 73 43 63 0 0 0 0 0 0 0 0 53 73 53 73 43 63 0 0 0 0 0 0 0 0 53 73 53 73 43 63 0 0 0 0 0 0 0 0 53 73 53 73 43 63 0 0 0 0 0 0 0 0 53 73 53 73 43 63 0 0 0 0 0 0 0 0 53 73 53 73 43 63 0 0 0 0 0 0 0 0
296 0 1000 0 0 1000 0 1000 53 73 53 73 43 63 0 0 0 0 0 0 0 0 53 73 53 73 43 63 0 0 0 0 0 0 0 0 53 73 53 73 43 63 0 0 0 0 0 0 0 0 53 73 53 73 43 63 0 0 0 0 0 0 0 0 53 73 53 73 43 63 0 0 0 0 0 0 0 0 53 73 53 73 43 63 0 0 0 0 0 0 0 0
297 0 1000 0 0 1000 0 1000 53 73 53 73 43 63 37359 9 37359 9 0 0 0 0 53 73 53 73 43 63 37359 9 37359 9 0 0 0 0 53 73 53 73 43 63 37359 9 37359 9 0 0 0 0 53 73 53 73 43 63 37359 9 37359 9 0 0 0 0 53 73 53 73 43 63 37359 9 37359 9 0 0 0 0 53 73 53 73 43 63 37359 9 37359 9 0 0 0 0
298 0 1000 0 0 1000 0 1000 54 74 54 74 43 63 29939 110 0 0 291 1 29648 109 54 74 54 74 43 63 29939 110 0 0 291 1 29648 109 54 74 54 74 43 63 29939 110 0 0 291 1 29648 109 54 74 54 74 43 63 29939 110 0 0 291 1 29648 109 54 74 54 74 43 63 29939 110 0 0 291 1 29648 109 54 74 54 74 43 63 29939 110 0 0 291 1 29648 109
299 0 1000 0 0 1000 0 1000 54 74 54 74 44 64 0 0 0 0 0 0 0 0 54 74 54 74 44 64 0 0 0 0 0 0 0 0 54 74 54 74 44 64 0 0 0 0 0 0 0 0 54 74 54 74 44 64 0 0 0 0 0 0 0 0 54 74 54 74 44 64 0 0 0 0 0 0 0 0 54 74 54 74 44 64 0 0 0 0 0 0 0 0
300 0 1000 0 0 1000 0 1000 54 74 54 74 44 64 0 0 0 0 0 0 0 0 54 74 54 74 44 64 0 0 0 0 0 0 0 0 54 74 54 74 44 64 0 0 0 0 0 0 0 0 54 74 54 74 44 64 0 0 0 0 0 0 0 0 54 74 54 74 44 64 0 0 0 0 0 0 0 0 54 74 54 74 44 64 0 0 0 0 0 0 0 0
301 0 1000 0 0 1000 0 1000 54 74 54 74 44 64 15708 4 15708 4 0 0 0 0 54 74 54 74 44 64 15708 4 15708 4 0 0 0 0 54 74 54 74 44 64 15708 4 15708 4 0 0 0 0 54 74 54 74 44 64 15708 4 15708 4 0 0 0 0 54 74 54 74 44 64 15708 4 15708 4 0 0 0 0 54 74 54 74 44 64 15708 4 15708 4 0 0 0 0
302 0 1000 0 0 1000 0 1000 55 75 55 75 44 64 27491 101 0 0 291 1 27200 100 55 75 55 75 44 64 27491 101 0 0 291 1 27200 100 55 75 55 75 44 64 27491 101 0 0 291 1 27200 100 55 75 55 75 44 64 27491 101 0 0 291 1 27200 100 55 75 55 75 44 64 27491 101 0 0 291 1 27200 100 55 75 55 75 44 64 27491 101 0 0 291 1 27200 100
303 0 1000 0 0 1000 0 1000 55 75 55 75 45 65 0 0 0 0 0 0 0 0 55 75 55 75 45 65 0 0 0 0 0 0 0 0 55 75 55 75 45 65 0 0 0 0 0 0 0 0 55 75 55 75 45 65 0 0 0 0 0 0 0 0 55 75 55 75 45 65 0 0 0 0 0 0 0 0 55 75 55 75 45 65 0 0 0 0 0 0 0 0
